#31.1829     36.3596     49.3398     199.264     839         
    0.000    3.442    0.836    0.000    285.283  1.2404e-03  1.0156e+03
    0.200    3.470    0.964    0.000    284.140  1.2159e-03  9.9154e+02
    0.400    3.585    1.107    0.000    283.049  1.1917e-03  9.6805e+02
    0.600    4.010    1.101    0.000    282.005  1.1676e-03  9.4503e+02
    0.800    4.905    0.621    0.000    280.933  1.1441e-03  9.2247e+02
    1.000    6.187   -0.257    0.000    280.098  1.1200e-03  9.0039e+02
    1.200    7.243   -1.338    0.000    279.539  1.0953e-03  8.7876e+02
    1.400    7.528   -2.170    0.000    278.867  1.0715e-03  8.5761e+02
    1.600    7.506   -2.794    0.000    278.023  1.0488e-03  8.3689e+02
    1.800    7.487   -3.210    0.000    277.134  1.0267e-03  8.1660e+02
    2.000    7.486   -3.313    0.000    276.265  1.0049e-03  7.9675e+02
    2.200    7.602   -3.150    0.000    275.352  9.8362e-04  7.7731e+02
    2.400    7.796   -2.852    0.000    274.229  9.6346e-04  7.5828e+02
    2.600    8.070   -2.466    0.000    272.964  9.4412e-04  7.3963e+02
    2.800    8.366   -2.038    0.000    271.696  9.2510e-04  7.2136e+02
    3.000    8.626   -1.644    0.000    270.477  9.0620e-04  7.0346e+02
    3.200    8.947   -1.343    0.000    269.218  8.8774e-04  6.8592e+02
    3.400    9.379   -1.139    0.000    267.933  8.6966e-04  6.6874e+02
    3.600    9.946   -1.007    0.000    266.626  8.5193e-04  6.5191e+02
    3.800   10.656   -0.908    0.000    265.233  8.3474e-04  6.3542e+02
    4.000   11.445   -0.818    0.000    263.772  8.1803e-04  6.1927e+02
    4.200   12.232   -0.698    0.000    262.278  8.0165e-04  6.0343e+02
    4.400   12.939   -0.486    0.000    260.770  7.8555e-04  5.8792e+02
    4.600   13.498   -0.164    0.000    259.253  7.6972e-04  5.7271e+02
    4.800   13.854    0.268    0.000    257.716  7.5417e-04  5.5782e+02
    5.000   13.981    0.827    0.000    256.130  7.3899e-04  5.4322e+02
    5.200   13.902    1.486    0.000    254.496  7.2415e-04  5.2892e+02
    5.400   13.696    2.170    0.000    252.850  7.0956e-04  5.1491e+02
    5.600   13.525    2.836    0.000    251.214  6.9514e-04  5.0118e+02
    5.800   13.574    3.448    0.000    249.605  6.8085e-04  4.8774e+02
    6.000   13.900    3.920    0.000    248.043  6.6664e-04  4.7457e+02
    6.200   14.517    4.179    0.000    246.547  6.5246e-04  4.6168e+02
    6.400   15.438    4.253    0.000    245.119  6.3833e-04  4.4906e+02
    6.600   16.649    4.191    0.000    243.744  6.2430e-04  4.3672e+02
    6.800   18.060    4.041    0.000    242.368  6.1050e-04  4.2466e+02
    7.000   19.566    3.842    0.000    240.941  5.9706e-04  4.1287e+02
    7.200   21.078    3.592    0.000    239.444  5.8400e-04  4.0133e+02
    7.400   22.512    3.282    0.000    237.871  5.7133e-04  3.9004e+02
    7.600   23.813    2.931    0.000    236.247  5.5897e-04  3.7900e+02
    7.800   24.939    2.565    0.000    234.603  5.4685e-04  3.6820e+02
    8.000   25.895    2.203    0.000    232.965  5.3490e-04  3.5764e+02
    8.200   26.720    1.857    0.000    231.351  5.2306e-04  3.4730e+02
    8.400   27.469    1.540    0.000    229.790  5.1129e-04  3.3720e+02
    8.600   28.230    1.267    0.000    228.332  4.9949e-04  3.2732e+02
    8.800   29.090    1.061    0.000    227.022  4.8758e-04  3.1769e+02
    9.000   30.094    0.991    0.000    225.874  4.7556e-04  3.0829e+02
    9.200   31.264    1.156    0.000    224.886  4.6345e-04  2.9912e+02
    9.400   32.615    1.595    0.000    224.053  4.5127e-04  2.9018e+02
    9.600   34.138    2.183    0.000    223.376  4.3907e-04  2.8148e+02
    9.800   35.819    2.759    0.000    222.854  4.2688e-04  2.7303e+02
   10.000   37.603    3.210    0.000    222.468  4.1474e-04  2.6481e+02
   10.200   39.345    3.512    0.000    222.161  4.0280e-04  2.5683e+02
   10.400   40.890    3.650    0.000    221.873  3.9115e-04  2.4908e+02
   10.600   42.121    3.640    0.000    221.563  3.7987e-04  2.4155e+02
   10.800   43.030    3.575    0.000    221.253  3.6890e-04  2.3425e+02
   11.000   43.628    3.565    0.000    220.976  3.5818e-04  2.2716e+02
   11.200   43.935    3.713    0.000    220.760  3.4765e-04  2.2027e+02
   11.400   44.071    4.060    0.000    220.622  3.3731e-04  2.1358e+02
   11.600   44.223    4.612    0.000    220.564  3.2716e-04  2.0710e+02
   11.800   44.574    5.376    0.000    220.591  3.1719e-04  2.0081e+02
   12.000   45.284    6.336    0.000    220.697  3.0742e-04  1.9472e+02
   12.200   46.349    7.363    0.000    220.815  2.9794e-04  1.8881e+02
   12.400   47.706    8.281    0.000    220.855  2.8885e-04  1.8309e+02
   12.600   49.295    8.917    0.000    220.728  2.8024e-04  1.7753e+02
   12.800   51.050    9.103    0.000    220.348  2.7219e-04  1.7213e+02
   13.000   52.883    8.813    0.000    219.703  2.6468e-04  1.6689e+02
   13.200   54.678    8.146    0.000    218.850  2.5759e-04  1.6179e+02
   13.400   56.322    7.205    0.000    217.845  2.5085e-04  1.5684e+02
   13.600   57.699    6.095    0.000    216.749  2.4436e-04  1.5201e+02
   13.800   58.699    4.917    0.000    215.619  2.3806e-04  1.4731e+02
   14.000   59.277    3.749    0.000    214.498  2.3187e-04  1.4274e+02
   14.200   59.441    2.645    0.000    213.417  2.2577e-04  1.3829e+02
   14.400   59.204    1.660    0.000    212.410  2.1973e-04  1.3395e+02
   14.600   58.575    0.846    0.000    211.506  2.1370e-04  1.2972e+02
   14.800   57.567    0.259    0.000    210.739  2.0767e-04  1.2560e+02
   15.000   56.196   -0.058    0.000    210.132  2.0162e-04  1.2159e+02
   15.200   54.523   -0.130    0.000    209.672  1.9558e-04  1.1769e+02
   15.400   52.622   -0.011    0.000    209.330  1.8960e-04  1.1391e+02
   15.600   50.569    0.248    0.000    209.077  1.8373e-04  1.1025e+02
   15.800   48.440    0.595    0.000    208.882  1.7800e-04  1.0671e+02
   16.000   46.311    0.977    0.000    208.716  1.7246e-04  1.0330e+02
   16.200   44.257    1.343    0.000    208.551  1.6712e-04  1.0003e+02
   16.400   42.339    1.649    0.000    208.362  1.6202e-04  9.6885e+01
   16.600   40.558    1.890    0.000    208.150  1.5712e-04  9.3862e+01
   16.800   38.900    2.074    0.000    207.923  1.5241e-04  9.0950e+01
   17.000   37.349    2.206    0.000    207.687  1.4787e-04  8.8137e+01
   17.200   35.892    2.290    0.000    207.450  1.4346e-04  8.5415e+01
   17.400   34.515    2.334    0.000    207.219  1.3918e-04  8.2775e+01
   17.600   33.202    2.343    0.000    207.001  1.3501e-04  8.0210e+01
   17.800   31.938    2.321    0.000    206.802  1.3094e-04  7.7713e+01
   18.000   30.711    2.277    0.000    206.630  1.2694e-04  7.5277e+01
   18.200   29.505    2.214    0.000    206.492  1.2300e-04  7.2896e+01
   18.400   28.305    2.138    0.000    206.395  1.1913e-04  7.0567e+01
   18.600   27.099    2.056    0.000    206.345  1.1530e-04  6.8284e+01
   18.800   25.889    1.968    0.000    206.343  1.1153e-04  6.6051e+01
   19.000   24.685    1.873    0.000    206.386  1.0783e-04  6.3871e+01
   19.200   23.495    1.772    0.000    206.470  1.0421e-04  6.1750e+01
   19.400   22.331    1.663    0.000    206.594  1.0067e-04  5.9691e+01
   19.600   21.200    1.545    0.000    206.753  9.7233e-05  5.7696e+01
   19.800   20.114    1.419    0.000    206.944  9.3897e-05  5.5768e+01
   20.000   19.081    1.282    0.000    207.166  9.0670e-05  5.3909e+01
   20.200   18.111    1.136    0.000    207.415  8.7556e-05  5.2121e+01
   20.400   17.214    0.978    0.000    207.688  8.4559e-05  5.0403e+01
   20.600   16.398    0.809    0.000    207.982  8.1682e-05  4.8756e+01
   20.800   15.662    0.631    0.000    208.296  7.8919e-05  4.7178e+01
   21.000   14.998    0.446    0.000    208.628  7.6264e-05  4.5664e+01
   21.200   14.400    0.258    0.000    208.977  7.3712e-05  4.4210e+01
   21.400   13.861    0.069    0.000    209.344  7.1256e-05  4.2812e+01
   21.600   13.373   -0.117    0.000    209.725  6.8891e-05  4.1466e+01
   21.800   12.931   -0.298    0.000    210.121  6.6613e-05  4.0171e+01
   22.000   12.527   -0.470    0.000    210.530  6.4416e-05  3.8921e+01
   22.200   12.155   -0.631    0.000    210.952  6.2296e-05  3.7716e+01
   22.400   11.806   -0.777    0.000    211.385  6.0249e-05  3.6552e+01
   22.600   11.476   -0.905    0.000    211.829  5.8272e-05  3.5426e+01
   22.800   11.156   -1.013    0.000    212.281  5.6360e-05  3.4337e+01
   23.000   10.840   -1.098    0.000    212.742  5.4511e-05  3.3283e+01
   23.200   10.522   -1.156    0.000    213.210  5.2721e-05  3.2261e+01
   23.400   10.193   -1.184    0.000    213.684  5.0988e-05  3.1270e+01
   23.600    9.847   -1.179    0.000    214.163  4.9308e-05  3.0307e+01
   23.800    9.479   -1.140    0.000    214.646  4.7680e-05  2.9373e+01
   24.000    9.088   -1.065    0.000    215.132  4.6102e-05  2.8465e+01
   24.200    8.679   -0.959    0.000    215.619  4.4574e-05  2.7584e+01
   24.400    8.256   -0.824    0.000    216.104  4.3096e-05  2.6729e+01
   24.600    7.826   -0.664    0.000    216.588  4.1666e-05  2.5900e+01
   24.800    7.391   -0.480    0.000    217.067  4.0285e-05  2.5097e+01
   25.000    6.957   -0.276    0.000    217.541  3.8951e-05  2.4318e+01
   25.200    6.528   -0.055    0.000    218.007  3.7663e-05  2.3565e+01
   25.400    6.110    0.181    0.000    218.464  3.6421e-05  2.2836e+01
   25.600    5.707    0.428    0.000    218.909  3.5225e-05  2.2131e+01
   25.800    5.323    0.683    0.000    219.343  3.4072e-05  2.1449e+01
   26.000    4.964    0.944    0.000    219.762  3.2962e-05  2.0790e+01
   26.200    4.634    1.207    0.000    220.165  3.1894e-05  2.0153e+01
   26.400    4.337    1.471    0.000    220.551  3.0867e-05  1.9539e+01
   26.600    4.075    1.734    0.000    220.920  2.9880e-05  1.8945e+01
   26.800    3.848    1.996    0.000    221.273  2.8929e-05  1.8371e+01
   27.000    3.654    2.257    0.000    221.611  2.8013e-05  1.7817e+01
   27.200    3.495    2.517    0.000    221.936  2.7131e-05  1.7281e+01
   27.400    3.369    2.777    0.000    222.249  2.6281e-05  1.6763e+01
   27.600    3.277    3.036    0.000    222.551  2.5461e-05  1.6262e+01
   27.800    3.217    3.295    0.000    222.844  2.4669e-05  1.5778e+01
   28.000    3.190    3.553    0.000    223.128  2.3905e-05  1.5309e+01
   28.200    3.196    3.811    0.000    223.405  2.3168e-05  1.4854e+01
   28.400    3.234    4.069    0.000    223.677  2.2455e-05  1.4415e+01
   28.600    3.304    4.327    0.000    223.943  2.1765e-05  1.3989e+01
   28.800    3.406    4.584    0.000    224.207  2.1099e-05  1.3576e+01
   29.000    3.539    4.842    0.000    224.468  2.0453e-05  1.3177e+01
   29.200    3.703    5.099    0.000    224.728  1.9829e-05  1.2789e+01
   29.400    3.898    5.356    0.000    224.989  1.9224e-05  1.2413e+01
   29.600    4.124    5.614    0.000    225.251  1.8638e-05  1.2049e+01
   29.800    4.380    5.872    0.000    225.517  1.8070e-05  1.1696e+01
   30.000    4.666    6.130    0.000    225.786  1.7519e-05  1.1353e+01
   30.200    4.981    6.388    0.000    226.061  1.6985e-05  1.1020e+01
   30.400    5.326    6.647    0.000    226.343  1.6467e-05  1.0697e+01
   30.600    5.701    6.906    0.000    226.632  1.5964e-05  1.0383e+01
   30.800    6.104    7.166    0.000    226.930  1.5475e-05  1.0079e+01
   31.000    6.536    7.426    0.000    227.239  1.5001e-05  9.7833e+00
   31.200    6.995    7.682    0.000    227.559  1.4540e-05  9.4962e+00
   31.400    7.479    7.927    0.000    227.890  1.4093e-05  9.2176e+00
   31.600    7.987    8.155    0.000    228.233  1.3659e-05  8.9472e+00
   31.800    8.516    8.359    0.000    228.589  1.3238e-05  8.6851e+00
   32.000    9.065    8.533    0.000    228.956  1.2830e-05  8.4309e+00
   32.200    9.632    8.670    0.000    229.337  1.2435e-05  8.1847e+00
   32.400   10.216    8.764    0.000    229.731  1.2052e-05  7.9462e+00
   32.600   10.813    8.808    0.000    230.139  1.1681e-05  7.7152e+00
   32.800   11.423    8.796    0.000    230.561  1.1322e-05  7.4916e+00
   33.000   12.043    8.720    0.000    230.997  1.0974e-05  7.2753e+00
   33.200   12.672    8.576    0.000    231.448  1.0638e-05  7.0661e+00
   33.400   13.307    8.356    0.000    231.915  1.0312e-05  6.8637e+00
   33.600   13.946    8.071    0.000    232.399  9.9973e-06  6.6681e+00
   33.800   14.585    7.736    0.000    232.904  9.6925e-06  6.4788e+00
   34.000   15.218    7.370    0.000    233.432  9.3972e-06  6.2956e+00
   34.200   15.844    6.989    0.000    233.987  9.1109e-06  6.1184e+00
   34.400   16.457    6.612    0.000    234.571  8.8333e-06  5.9468e+00
   34.600   17.053    6.254    0.000    235.188  8.5640e-06  5.7806e+00
   34.800   17.629    5.934    0.000    235.841  8.3024e-06  5.6196e+00
   35.000   18.181    5.669    0.000    236.533  8.0484e-06  5.4637e+00
   35.200   18.704    5.476    0.000    237.266  7.8016e-06  5.3125e+00
   35.400   19.194    5.372    0.000    238.044  7.5616e-06  5.1660e+00
   35.600   19.648    5.375    0.000    238.870  7.3282e-06  5.0239e+00
   35.800   20.063    5.499    0.000    239.745  7.1012e-06  4.8861e+00
   36.000   20.439    5.738    0.000    240.667  6.8805e-06  4.7524e+00
   36.200   20.781    6.077    0.000    241.626  6.6662e-06  4.6228e+00
   36.400   21.093    6.503    0.000    242.618  6.4583e-06  4.4970e+00
   36.600   21.378    7.001    0.000    243.634  6.2568e-06  4.3749e+00
   36.800   21.640    7.556    0.000    244.668  6.0617e-06  4.2565e+00
   37.000   21.882    8.155    0.000    245.713  5.8730e-06  4.1416e+00
   37.200   22.109    8.782    0.000    246.762  5.6906e-06  4.0301e+00
   37.400   22.324    9.424    0.000    247.807  5.5145e-06  3.9219e+00
   37.600   22.531   10.065    0.000    248.843  5.3445e-06  3.8169e+00
   37.800   22.734   10.693    0.000    249.861  5.1806e-06  3.7150e+00
   38.000   22.937   11.291    0.000    250.855  5.0226e-06  3.6161e+00
   38.200   23.142   11.846    0.000    251.819  4.8705e-06  3.5200e+00
   38.400   23.355   12.344    0.000    252.744  4.7242e-06  3.4268e+00
   38.600   23.578   12.770    0.000    253.625  4.5834e-06  3.3363e+00
   38.800   23.816   13.110    0.000    254.453  4.4482e-06  3.2484e+00
   39.000   24.072   13.349    0.000    255.223  4.3183e-06  3.1631e+00
   39.200   24.350   13.473    0.000    255.927  4.1936e-06  3.0802e+00
   39.400   24.654   13.467    0.000    256.559  4.0740e-06  2.9998e+00
   39.600   24.986   13.323    0.000    257.112  3.9593e-06  2.9216e+00
   39.800   25.344   13.052    0.000    257.591  3.8492e-06  2.8457e+00
   40.000   25.726   12.670    0.000    257.999  3.7435e-06  2.7719e+00
   40.200   26.129   12.194    0.000    258.343  3.6418e-06  2.7002e+00
   40.400   26.548   11.639    0.000    258.626  3.5440e-06  2.6305e+00
   40.600   26.983   11.024    0.000    258.853  3.4496e-06  2.5628e+00
   40.800   27.429   10.363    0.000    259.030  3.3587e-06  2.4969e+00
   41.000   27.883    9.674    0.000    259.160  3.2708e-06  2.4328e+00
   41.200   28.342    8.973    0.000    259.249  3.1858e-06  2.3704e+00
   41.400   28.805    8.277    0.000    259.302  3.1036e-06  2.3097e+00
   41.600   29.266    7.601    0.000    259.324  3.0240e-06  2.2506e+00
   41.800   29.724    6.963    0.000    259.318  2.9468e-06  2.1931e+00
   42.000   30.176    6.379    0.000    259.291  2.8718e-06  2.1371e+00
   42.200   30.618    5.865    0.000    259.246  2.7990e-06  2.0826e+00
   42.400   31.047    5.438    0.000    259.189  2.7282e-06  2.0294e+00
   42.600   31.462    5.114    0.000    259.125  2.6593e-06  1.9777e+00
   42.800   31.859    4.899    0.000    259.055  2.5922e-06  1.9272e+00
   43.000   32.239    4.787    0.000    258.978  2.5268e-06  1.8781e+00
   43.200   32.604    4.771    0.000    258.892  2.4632e-06  1.8302e+00
   43.400   32.953    4.845    0.000    258.797  2.4012e-06  1.7835e+00
   43.600   33.288    5.003    0.000    258.691  2.3408e-06  1.7379e+00
   43.800   33.607    5.237    0.000    258.572  2.2821e-06  1.6935e+00
   44.000   33.913    5.541    0.000    258.438  2.2249e-06  1.6503e+00
   44.200   34.206    5.909    0.000    258.290  2.1692e-06  1.6080e+00
   44.400   34.485    6.333    0.000    258.124  2.1150e-06  1.5669e+00
   44.600   34.753    6.807    0.000    257.939  2.0623e-06  1.5267e+00
   44.800   35.008    7.325    0.000    257.735  2.0110e-06  1.4875e+00
   45.000   35.252    7.880    0.000    257.509  1.9610e-06  1.4493e+00
   45.200   35.485    8.465    0.000    257.261  1.9124e-06  1.4120e+00
   45.400   35.708    9.074    0.000    256.988  1.8650e-06  1.3756e+00
   45.600   35.921    9.700    0.000    256.690  1.8190e-06  1.3401e+00
   45.800   36.125   10.336    0.000    256.364  1.7742e-06  1.3054e+00
   46.000   36.320   10.976    0.000    256.009  1.7306e-06  1.2716e+00
   46.200   36.506   11.613    0.000    255.625  1.6882e-06  1.2385e+00
   46.400   36.685   12.241    0.000    255.209  1.6469e-06  1.2063e+00
   46.600   36.856   12.853    0.000    254.760  1.6068e-06  1.1748e+00
   46.800   37.021   13.442    0.000    254.276  1.5677e-06  1.1441e+00
   47.000   37.180   14.002    0.000    253.757  1.5298e-06  1.1141e+00
   47.200   37.333   14.526    0.000    253.201  1.4928e-06  1.0848e+00
   47.400   37.480   15.008    0.000    252.605  1.4569e-06  1.0562e+00
   47.600   37.623   15.440    0.000    251.969  1.4220e-06  1.0283e+00
   47.800   37.762   15.817    0.000    251.292  1.3880e-06  1.0010e+00
   48.000   37.897   16.133    0.000    250.573  1.3550e-06  9.7441e-01
   48.200   38.029   16.394    0.000    249.821  1.3228e-06  9.4842e-01
   48.400   38.159   16.607    0.000    249.045  1.2914e-06  9.2306e-01
   48.600   38.287   16.781    0.000    248.256  1.2608e-06  8.9832e-01
   48.800   38.415   16.922    0.000    247.464  1.2309e-06  8.7419e-01
   49.000   38.543   17.039    0.000    246.679  1.2015e-06  8.5066e-01
   49.200   38.671   17.139    0.000    245.911  1.1728e-06  8.2772e-01
   49.400   38.801   17.230    0.000    245.169  1.1446e-06  8.0537e-01
   49.600   38.933   17.319    0.000    244.465  1.1169e-06  7.8360e-01
   49.800   39.067   17.415    0.000    243.809  1.0896e-06  7.6240e-01
   50.000   39.206   17.524    0.000    243.209  1.0627e-06  7.4175e-01
   50.200   39.349   17.655    0.000    242.678  1.0361e-06  7.2165e-01
   50.400   39.496   17.815    0.000    242.224  1.0099e-06  7.0210e-01
   50.600   39.650   18.012    0.000    241.857  9.8406e-07  6.8307e-01
   50.800   39.811   18.251    0.000    241.585  9.5847e-07  6.6455e-01
   51.000   39.982   18.532    0.000    241.405  9.3319e-07  6.4655e-01
   51.200   40.169   18.853    0.000    241.311  9.0827e-07  6.2903e-01
   51.400   40.373   19.210    0.000    241.296  8.8373e-07  6.1200e-01
   51.600   40.601   19.602    0.000    241.357  8.5959e-07  5.9543e-01
   51.800   40.856   20.025    0.000    241.486  8.3588e-07  5.7932e-01
   52.000   41.141   20.479    0.000    241.678  8.1263e-07  5.6365e-01
   52.200   41.461   20.959    0.000    241.928  7.8984e-07  5.4841e-01
   52.400   41.821   21.464    0.000    242.229  7.6754e-07  5.3360e-01
   52.600   42.223   21.992    0.000    242.577  7.4575e-07  5.1919e-01
   52.800   42.672   22.539    0.000    242.966  7.2447e-07  5.0518e-01
   53.000   43.172   23.104    0.000    243.389  7.0371e-07  4.9156e-01
   53.200   43.727   23.684    0.000    243.841  6.8347e-07  4.7831e-01
   53.400   44.341   24.277    0.000    244.317  6.6378e-07  4.6543e-01
   53.600   45.016   24.880    0.000    244.811  6.4462e-07  4.5291e-01
   53.800   45.749   25.488    0.000    245.319  6.2600e-07  4.4074e-01
   54.000   46.537   26.098    0.000    245.834  6.0791e-07  4.2891e-01
   54.200   47.376   26.705    0.000    246.353  5.9036e-07  4.1740e-01
   54.400   48.264   27.306    0.000    246.871  5.7333e-07  4.0621e-01
   54.600   49.196   27.896    0.000    247.382  5.5682e-07  3.9533e-01
   54.800   50.169   28.471    0.000    247.883  5.4083e-07  3.8476e-01
   55.000   51.179   29.026    0.000    248.367  5.2534e-07  3.7447e-01
   55.200   52.224   29.559    0.000    248.830  5.1036e-07  3.6447e-01
   55.400   53.299   30.063    0.000    249.267  4.9587e-07  3.5474e-01
   55.600   54.402   30.537    0.000    249.674  4.8187e-07  3.4528e-01
   55.800   55.528   30.974    0.000    250.045  4.6833e-07  3.3609e-01
   56.000   56.675   31.371    0.000    250.375  4.5527e-07  3.2714e-01
   56.200   57.839   31.725    0.000    250.661  4.4266e-07  3.1844e-01
   56.400   59.016   32.031    0.000    250.897  4.3050e-07  3.0999e-01
   56.600   60.202   32.291    0.000    251.084  4.1876e-07  3.0176e-01
   56.800   61.393   32.506    0.000    251.221  4.0743e-07  2.9375e-01
   57.000   62.584   32.678    0.000    251.309  3.9649e-07  2.8597e-01
   57.200   63.772   32.807    0.000    251.346  3.8593e-07  2.7839e-01
   57.400   64.953   32.895    0.000    251.333  3.7573e-07  2.7102e-01
   57.600   66.121   32.943    0.000    251.270  3.6587e-07  2.6384e-01
   57.800   67.273   32.952    0.000    251.157  3.5635e-07  2.5686e-01
   58.000   68.405   32.923    0.000    250.993  3.4715e-07  2.5006e-01
   58.200   69.512   32.858    0.000    250.779  3.3825e-07  2.4344e-01
   58.400   70.591   32.758    0.000    250.514  3.2964e-07  2.3699e-01
   58.600   71.636   32.624    0.000    250.198  3.2132e-07  2.3072e-01
   58.800   72.644   32.458    0.000    249.831  3.1327e-07  2.2461e-01
   59.000   73.611   32.260    0.000    249.413  3.0548e-07  2.1866e-01
   59.200   74.533   32.033    0.000    248.944  2.9794e-07  2.1286e-01
   59.400   75.407   31.783    0.000    248.429  2.9064e-07  2.0721e-01
   59.600   76.234   31.518    0.000    247.871  2.8356e-07  2.0171e-01
   59.800   77.012   31.245    0.000    247.277  2.7669e-07  1.9635e-01
   60.000   77.740   30.971    0.000    246.649  2.7001e-07  1.9112e-01
   60.200   78.416   30.703    0.000    245.994  2.6351e-07  1.8602e-01
   60.400   79.041   30.449    0.000    245.314  2.5719e-07  1.8106e-01
   60.600   79.611   30.215    0.000    244.616  2.5102e-07  1.7621e-01
   60.800   80.127   30.010    0.000    243.904  2.4501e-07  1.7149e-01
   61.000   80.588   29.841    0.000    243.181  2.3914e-07  1.6688e-01
   61.200   80.991   29.714    0.000    242.454  2.3340e-07  1.6239e-01
   61.400   81.337   29.638    0.000    241.726  2.2778e-07  1.5800e-01
   61.600   81.624   29.619    0.000    241.002  2.2229e-07  1.5373e-01
   61.800   81.850   29.664    0.000    240.287  2.1690e-07  1.4955e-01
   62.000   82.016   29.778    0.000    239.584  2.1161e-07  1.4548e-01
   62.200   82.127   29.952    0.000    238.894  2.0643e-07  1.4150e-01
   62.400   82.187   30.175    0.000    238.214  2.0135e-07  1.3763e-01
   62.600   82.203   30.436    0.000    237.543  1.9637e-07  1.3384e-01
   62.800   82.180   30.723    0.000    236.882  1.9149e-07  1.3015e-01
   63.000   82.123   31.025    0.000    236.227  1.8671e-07  1.2655e-01
   63.200   82.038   31.332    0.000    235.579  1.8203e-07  1.2304e-01
   63.400   81.931   31.630    0.000    234.935  1.7746e-07  1.1961e-01
   63.600   81.807   31.910    0.000    234.295  1.7297e-07  1.1627e-01
   63.800   81.671   32.160    0.000    233.657  1.6859e-07  1.1301e-01
   64.000   81.529   32.368    0.000    233.021  1.6430e-07  1.0983e-01
   64.200   81.387   32.523    0.000    232.385  1.6011e-07  1.0673e-01
   64.400   81.249   32.614    0.000    231.747  1.5601e-07  1.0371e-01
   64.600   81.122   32.630    0.000    231.108  1.5201e-07  1.0077e-01
   64.800   81.006   32.567    0.000    230.466  1.4809e-07  9.7896e-02
   65.000   80.899   32.428    0.000    229.822  1.4427e-07  9.5098e-02
   65.200   80.799   32.214    0.000    229.176  1.4054e-07  9.2371e-02
   65.400   80.703   31.928    0.000    228.527  1.3689e-07  8.9716e-02
   65.600   80.608   31.572    0.000    227.878  1.3334e-07  8.7129e-02
   65.800   80.512   31.150    0.000    227.226  1.2986e-07  8.4611e-02
   66.000   80.412   30.664    0.000    226.574  1.2647e-07  8.2160e-02
   66.200   80.307   30.115    0.000    225.921  1.2317e-07  7.9774e-02
   66.400   80.192   29.507    0.000    225.267  1.1994e-07  7.7452e-02
   66.600   80.067   28.842    0.000    224.614  1.1679e-07  7.5193e-02
   66.800   79.927   28.122    0.000    223.960  1.1372e-07  7.2996e-02
   67.000   79.771   27.351    0.000    223.308  1.1073e-07  7.0860e-02
   67.200   79.596   26.529    0.000    222.657  1.0782e-07  6.8783e-02
   67.400   79.399   25.661    0.000    222.009  1.0497e-07  6.6764e-02
   67.600   79.180   24.748    0.000    221.365  1.0220e-07  6.4803e-02
   67.800   78.937   23.795    0.000    220.727  9.9499e-08  6.2897e-02
   68.000   78.668   22.803    0.000    220.096  9.6865e-08  6.1046e-02
   68.200   78.372   21.776    0.000    219.475  9.4297e-08  5.9248e-02
   68.400   78.046   20.717    0.000    218.865  9.1794e-08  5.7502e-02
   68.600   77.690   19.629    0.000    218.267  8.9355e-08  5.5808e-02
   68.800   77.301   18.515    0.000    217.685  8.6977e-08  5.4164e-02
   69.000   76.878   17.379    0.000    217.120  8.4659e-08  5.2569e-02
   69.200   76.419   16.223    0.000    216.573  8.2400e-08  5.1023e-02
   69.400   75.923   15.051    0.000    216.048  8.0199e-08  4.9523e-02
   69.600   75.386   13.868    0.000    215.546  7.8054e-08  4.8069e-02
   69.800   74.809   12.675    0.000    215.070  7.5965e-08  4.6661e-02
   70.000   74.192   11.477    0.000    214.621  7.3929e-08  4.5297e-02
   70.200   73.536   10.276    0.000    214.203  7.1947e-08  4.3977e-02
   70.400   72.842    9.076    0.000    213.817  7.0017e-08  4.2699e-02
   70.600   72.110    7.880    0.000    213.466  6.8138e-08  4.1464e-02
   70.800   71.341    6.692    0.000    213.153  6.6310e-08  4.0269e-02
   71.000   70.537    5.516    0.000    212.880  6.4531e-08  3.9115e-02
   71.200   69.698    4.355    0.000    212.648  6.2801e-08  3.8000e-02
   71.400   68.825    3.215    0.000    212.461  6.1118e-08  3.6924e-02
   71.600   67.919    2.099    0.000    212.319  5.9482e-08  3.5885e-02
   71.800   66.981    1.012    0.000    212.226  5.7891e-08  3.4883e-02
   72.000   66.013   -0.040    0.000    212.181  5.6345e-08  3.3917e-02
   72.200   65.014   -1.052    0.000    212.185  5.4842e-08  3.2985e-02
   72.400   63.988   -2.020    0.000    212.240  5.3382e-08  3.2087e-02
   72.600   62.935   -2.937    0.000    212.341  5.2051e-08  3.1253e-02
   72.800   61.857   -3.797    0.000    212.485  5.0679e-08  3.0421e-02
   73.000   60.756   -4.594    0.000    212.667  4.9350e-08  2.9619e-02
   73.200   59.635   -5.324    0.000    212.884  4.8061e-08  2.8847e-02
   73.400   58.496   -5.981    0.000    213.132  4.6812e-08  2.8103e-02
   73.600   57.341   -6.560    0.000    213.408  4.5601e-08  2.7385e-02
   73.800   56.173   -7.058    0.000    213.706  4.4426e-08  2.6693e-02
   74.000   54.996   -7.471    0.000    214.022  4.3286e-08  2.6024e-02
   74.200   53.812   -7.795    0.000    214.351  4.2179e-08  2.5378e-02
   74.400   52.625   -8.029    0.000    214.686  4.1103e-08  2.4752e-02
   74.600   51.438   -8.172    0.000    215.023  4.0056e-08  2.4146e-02
   74.800   50.255   -8.224    0.000    215.356  3.9037e-08  2.3557e-02
   75.000   49.079   -8.187    0.000    215.679  3.8043e-08  2.2985e-02
   75.200   47.913   -8.063    0.000    215.985  3.7075e-08  2.2428e-02
   75.400   46.760   -7.857    0.000    216.269  3.6129e-08  2.1884e-02
   75.600   45.623   -7.572    0.000    216.528  3.5205e-08  2.1353e-02
   75.800   44.507   -7.212    0.000    216.755  3.4303e-08  2.0832e-02
   76.000   43.414   -6.783    0.000    216.947  3.3421e-08  2.0323e-02
   76.200   42.349   -6.290    0.000    217.102  3.2558e-08  1.9822e-02
   76.400   41.314   -5.739    0.000    217.217  3.1713e-08  1.9331e-02
   76.600   40.313   -5.135    0.000    217.289  3.0888e-08  1.8848e-02
   76.800   39.349   -4.483    0.000    217.317  3.0080e-08  1.8373e-02
   77.000   38.425   -3.791    0.000    217.301  2.9289e-08  1.7906e-02
   77.200   37.545   -3.063    0.000    217.240  2.8516e-08  1.7446e-02
   77.400   36.710   -2.305    0.000    217.135  2.7761e-08  1.6994e-02
   77.600   35.923   -1.524    0.000    216.988  2.7022e-08  1.6548e-02
   77.800   35.186   -0.724    0.000    216.799  2.6300e-08  1.6110e-02
   78.000   34.501    0.089    0.000    216.569  2.5594e-08  1.5679e-02
   78.200   33.870    0.911    0.000    216.301  2.4905e-08  1.5254e-02
   78.400   33.295    1.737    0.000    215.997  2.4232e-08  1.4837e-02
   78.600   32.776    2.563    0.000    215.658  2.3575e-08  1.4427e-02
   78.800   32.316    3.387    0.000    215.285  2.2935e-08  1.4025e-02
   79.000   31.915    4.203    0.000    214.882  2.2309e-08  1.3630e-02
   79.200   31.575    5.011    0.000    214.449  2.1699e-08  1.3243e-02
   79.400   31.296    5.806    0.000    213.989  2.1104e-08  1.2863e-02
   79.600   31.080    6.585    0.000    213.504  2.0524e-08  1.2492e-02
   79.800   30.927    7.348    0.000    212.994  1.9959e-08  1.2128e-02
   80.000   30.838    8.091    0.000    212.463  1.9407e-08  1.1772e-02
   80.200   30.814    8.813    0.000    211.910  1.8870e-08  1.1423e-02
   80.400   30.851    9.513    0.000    211.339  1.8346e-08  1.1083e-02
   80.600   30.948   10.190    0.000    210.750  1.7836e-08  1.0751e-02
   80.800   31.100   10.845    0.000    210.145  1.7339e-08  1.0426e-02
   81.000   31.304   11.476    0.000    209.524  1.6854e-08  1.0110e-02
   81.200   31.557   12.083    0.000    208.890  1.6382e-08  9.8006e-03
   81.400   31.855   12.667    0.000    208.242  1.5922e-08  9.4995e-03
   81.600   32.196   13.227    0.000    207.583  1.5474e-08  9.2060e-03
   81.800   32.575   13.763    0.000    206.913  1.5037e-08  8.9200e-03
   82.000   32.991   14.276    0.000    206.233  1.4611e-08  8.6415e-03
   82.200   33.438   14.764    0.000    205.544  1.4197e-08  8.3704e-03
   82.400   33.915   15.228    0.000    204.847  1.3793e-08  8.1065e-03
   82.600   34.417   15.668    0.000    204.142  1.3399e-08  7.8497e-03
   82.800   34.942   16.084    0.000    203.430  1.3016e-08  7.5999e-03
   83.000   35.486   16.475    0.000    202.712  1.2643e-08  7.3570e-03
   83.200   36.047   16.843    0.000    201.987  1.2279e-08  7.1208e-03
   83.400   36.621   17.185    0.000    201.258  1.1924e-08  6.8911e-03
   83.600   37.206   17.504    0.000    200.524  1.1579e-08  6.6680e-03
   83.800   37.798   17.798    0.000    199.785  1.1243e-08  6.4512e-03
   84.000   38.394   18.067    0.000    199.043  1.0915e-08  6.2405e-03
   84.200   38.992   18.311    0.000    198.297  1.0596e-08  6.0359e-03
   84.400   39.589   18.530    0.000    197.548  1.0285e-08  5.8372e-03
   84.600   40.181   18.725    0.000    196.797  9.9826e-09  5.6443e-03
   84.800   40.766   18.894    0.000    196.043  9.6878e-09  5.4570e-03
   85.000   41.341   19.037    0.000    195.287  9.4008e-09  5.2753e-03
   85.200   41.904   19.155    0.000    194.530  9.1212e-09  5.0989e-03
   85.400   42.452   19.245    0.000    193.771  8.8490e-09  4.9277e-03
   85.600   42.985   19.306    0.000    193.010  8.5840e-09  4.7616e-03
   85.800   43.501   19.336    0.000    192.249  8.3259e-09  4.6006e-03
   86.000   43.998   19.332    0.000    191.488  8.0747e-09  4.4443e-03
   86.200   44.476   19.293    0.000    190.726  7.8302e-09  4.2928e-03
   86.400   44.933   19.217    0.000    189.964  7.5921e-09  4.1460e-03
   86.600   45.367   19.102    0.000    189.202  7.3605e-09  4.0036e-03
   86.800   45.777   18.945    0.000    188.440  7.1350e-09  3.8655e-03
   87.000   46.162   18.745    0.000    187.678  6.9155e-09  3.7318e-03
   87.200   46.521   18.500    0.000    186.918  6.7020e-09  3.6022e-03
   87.400   46.852   18.208    0.000    186.158  6.4943e-09  3.4766e-03
   87.600   47.154   17.866    0.000    185.399  6.2922e-09  3.3549e-03
   87.800   47.425   17.474    0.000    184.641  6.0956e-09  3.2371e-03
   88.000   47.665   17.028    0.000    183.884  5.9044e-09  3.1230e-03
   88.200   47.872   16.527    0.000    183.129  5.7184e-09  3.0125e-03
   88.400   48.045   15.969    0.000    182.376  5.5375e-09  2.9055e-03
   88.600   48.182   15.352    0.000    181.625  5.3616e-09  2.8019e-03
   88.800   48.282   14.673    0.000    180.875  5.1907e-09  2.7017e-03
   89.000   48.344   13.931    0.000    180.127  5.0244e-09  2.6047e-03
   89.200   48.366   13.124    0.000    179.382  4.8629e-09  2.5108e-03
   89.400   48.348   12.250    0.000    178.638  4.7059e-09  2.4200e-03
   89.600   48.288   11.307    0.000    177.898  4.5533e-09  2.3322e-03
   89.800   48.184   10.292    0.000    177.159  4.4050e-09  2.2472e-03
   90.000   48.036    9.204    0.000    176.423  4.2609e-09  2.1650e-03
   90.200   47.843    8.043    0.000    175.691  4.1210e-09  2.0856e-03
   90.400   47.604    6.814    0.000    174.962  3.9851e-09  2.0088e-03
   90.600   47.320    5.525    0.000    174.238  3.8530e-09  1.9345e-03
   90.800   46.992    4.185    0.000    173.520  3.7247e-09  1.8628e-03
   91.000   46.619    2.802    0.000    172.809  3.6001e-09  1.7934e-03
   91.200   46.203    1.383    0.000    172.107  3.4790e-09  1.7264e-03
   91.400   45.743   -0.064    0.000    171.413  3.3614e-09  1.6617e-03
   91.600   45.241   -1.531    0.000    170.730  3.2471e-09  1.5992e-03
   91.800   44.696   -3.010    0.000    170.058  3.1362e-09  1.5389e-03
   92.000   44.109   -4.492    0.000    169.398  3.0284e-09  1.4806e-03
   92.200   43.481   -5.971    0.000    168.750  2.9238e-09  1.4244e-03
   92.400   42.811   -7.438    0.000    168.117  2.8222e-09  1.3701e-03
   92.600   42.101   -8.885    0.000    167.497  2.7235e-09  1.3177e-03
   92.800   41.350  -10.305    0.000    166.893  2.6278e-09  1.2672e-03
   93.000   40.559  -11.689    0.000    166.305  2.5349e-09  1.2185e-03
   93.200   39.729  -13.029    0.000    165.734  2.4448e-09  1.1715e-03
   93.400   38.859  -14.319    0.000    165.180  2.3573e-09  1.1262e-03
   93.600   37.951  -15.548    0.000    164.645  2.2725e-09  1.0825e-03
   93.800   37.005  -16.711    0.000    164.128  2.1902e-09  1.0404e-03
   94.000   36.020  -17.798    0.000    163.631  2.1105e-09  9.9988e-04
   94.200   34.999  -18.802    0.000    163.154  2.0332e-09  9.6081e-04
   94.400   33.940  -19.716    0.000    162.698  1.9583e-09  9.2319e-04
   94.600   32.844  -20.530    0.000    162.264  1.8858e-09  8.8696e-04
   94.800   31.713  -21.237    0.000    161.852  1.8155e-09  8.5209e-04
   95.000   30.545  -21.830    0.000    161.463  1.7474e-09  8.1852e-04
   95.200   29.343  -22.302    0.000    161.097  1.6816e-09  7.8622e-04
   95.400   28.109  -22.655    0.000    160.756  1.6178e-09  7.5514e-04
   95.600   26.849  -22.891    0.000    160.440  1.5561e-09  7.2524e-04
   95.800   25.564  -23.015    0.000    160.149  1.4964e-09  6.9649e-04
   96.000   24.261  -23.029    0.000    159.885  1.4388e-09  6.6885e-04
   96.200   22.943  -22.937    0.000    159.648  1.3830e-09  6.4228e-04
   96.400   21.613  -22.742    0.000    159.438  1.3291e-09  6.1674e-04
   96.600   20.277  -22.447    0.000    159.257  1.2770e-09  5.9220e-04
   96.800   18.938  -22.056    0.000    159.105  1.2267e-09  5.6862e-04
   97.000   17.599  -21.571    0.000    158.984  1.1781e-09  5.4598e-04
   97.200   16.266  -20.997    0.000    158.893  1.1313e-09  5.2423e-04
   97.400   14.942  -20.336    0.000    158.833  1.0860e-09  5.0335e-04
   97.600   13.631  -19.593    0.000    158.807  1.0424e-09  4.8331e-04
   97.800   12.338  -18.769    0.000    158.813  1.0003e-09  4.6407e-04
   98.000   11.066  -17.868    0.000    158.854  9.5969e-10  4.4562e-04
   98.200    9.819  -16.894    0.000    158.931  9.2057e-10  4.2791e-04
   98.400    8.602  -15.850    0.000    159.044  8.8288e-10  4.1092e-04
   98.600    7.418  -14.739    0.000    159.195  8.4657e-10  3.9463e-04
   98.800    6.272  -13.564    0.000    159.384  8.1160e-10  3.7901e-04
   99.000    5.168  -12.329    0.000    159.613  7.7793e-10  3.6404e-04
   99.200    4.109  -11.037    0.000    159.884  7.4552e-10  3.4968e-04
   99.400    3.100   -9.691    0.000    160.197  7.1434e-10  3.3593e-04
   99.600    2.144   -8.295    0.000    160.555  6.8434e-10  3.2275e-04
   99.800    1.247   -6.852    0.000    160.958  6.5549e-10  3.1012e-04
  100.000    0.411   -5.365    0.000    161.408  6.2776e-10  2.9803e-04
  100.200   -0.359   -3.838    0.000    161.907  6.0110e-10  2.8645e-04
  100.400   -1.063   -2.280    0.000    162.455  5.7548e-10  2.7536e-04
  100.600   -1.699   -0.697    0.000    163.050  5.5089e-10  2.6474e-04
  100.800   -2.267    0.900    0.000    163.694  5.2729e-10  2.5458e-04
  101.000   -2.766    2.503    0.000    164.385  5.0465e-10  2.4485e-04
  101.200   -3.196    4.104    0.000    165.123  4.8294e-10  2.3554e-04
  101.400   -3.555    5.693    0.000    165.907  4.6213e-10  2.2663e-04
  101.600   -3.842    7.264    0.000    166.739  4.4220e-10  2.1810e-04
  101.800   -4.058    8.806    0.000    167.617  4.2311e-10  2.0994e-04
  102.000   -4.202   10.311    0.000    168.541  4.0484e-10  2.0213e-04
  102.200   -4.272   11.771    0.000    169.511  3.8735e-10  1.9466e-04
  102.400   -4.268   13.177    0.000    170.527  3.7062e-10  1.8751e-04
  102.600   -4.189   14.521    0.000    171.589  3.5461e-10  1.8067e-04
  102.800   -4.034   15.793    0.000    172.697  3.3931e-10  1.7412e-04
  103.000   -3.803   16.986    0.000    173.851  3.2467e-10  1.6786e-04
  103.200   -3.495   18.090    0.000    175.050  3.1069e-10  1.6187e-04
  103.400   -3.109   19.097    0.000    176.296  2.9732e-10  1.5613e-04
  103.600   -2.644   19.999    0.000    177.587  2.8456e-10  1.5064e-04
  103.800   -2.100   20.787    0.000    178.923  2.7236e-10  1.4539e-04
  104.000   -1.476   21.452    0.000    180.305  2.6071e-10  1.4036e-04
  104.200   -0.772   21.986    0.000    181.732  2.4958e-10  1.3555e-04
  104.400    0.015   22.380    0.000    183.205  2.3896e-10  1.3094e-04
  104.600    0.884   22.625    0.000    184.723  2.2881e-10  1.2653e-04
  104.800    1.835   22.714    0.000    186.286  2.1913e-10  1.2230e-04
  105.000    2.871   22.636    0.000    187.894  2.0989e-10  1.1825e-04
  105.200    3.990   22.388    0.000    189.547  2.0106e-10  1.1438e-04
  105.400    5.186   21.972    0.000    191.243  1.9264e-10  1.1066e-04
  105.600    6.452   21.399    0.000    192.984  1.8461e-10  1.0710e-04
  105.800    7.780   20.674    0.000    194.769  1.7694e-10  1.0369e-04
  106.000    9.164   19.807    0.000    196.596  1.6962e-10  1.0043e-04
  106.200   10.596   18.805    0.000    198.466  1.6263e-10  9.7291e-05
  106.400   12.069   17.676    0.000    200.378  1.5597e-10  9.4286e-05
  106.600   13.575   16.427    0.000    202.331  1.4961e-10  9.1404e-05
  106.800   15.108   15.067    0.000    204.325  1.4354e-10  8.8639e-05
  107.000   16.659   13.604    0.000    206.357  1.3775e-10  8.5986e-05
  107.200   18.221   12.045    0.000    208.428  1.3222e-10  8.3440e-05
  107.400   19.788   10.398    0.000    210.537  1.2695e-10  8.0996e-05
  107.600   21.352    8.671    0.000    212.680  1.2192e-10  7.8649e-05
  107.800   22.906    6.872    0.000    214.858  1.1711e-10  7.6394e-05
  108.000   24.442    5.009    0.000    217.069  1.1253e-10  7.4228e-05
  108.200   25.952    3.089    0.000    219.310  1.0816e-10  7.2147e-05
  108.400   27.431    1.121    0.000    221.579  1.0399e-10  7.0146e-05
  108.600   28.870   -0.888    0.000    223.875  1.0001e-10  6.8223e-05
  108.800   30.262   -2.930    0.000    226.194  9.6212e-11  6.6372e-05
  109.000   31.600   -4.997    0.000    228.535  9.2587e-11  6.4592e-05
  109.200   32.877   -7.080    0.000    230.893  8.9129e-11  6.2878e-05
  109.400   34.084   -9.174    0.000    233.267  8.5828e-11  6.1228e-05
  109.600   35.216  -11.268    0.000    235.651  8.2679e-11  5.9639e-05
  109.800   36.264  -13.356    0.000    238.044  7.9674e-11  5.8107e-05
  110.000   37.221  -15.430    0.000    240.439  7.6806e-11  5.6632e-05
  110.200   38.082  -17.482    0.000    242.835  7.4070e-11  5.5208e-05
  110.400   38.848  -19.512    0.000    245.230  7.1457e-11  5.3836e-05
  110.600   39.519  -21.520    0.000    247.622  6.8963e-11  5.2511e-05
  110.800   40.100  -23.504    0.000    250.011  6.6580e-11  5.1233e-05
  111.000   40.591  -25.464    0.000    252.397  6.4302e-11  4.9998e-05
  111.200   40.995  -27.401    0.000    254.779  6.2125e-11  4.8805e-05
  111.400   41.315  -29.313    0.000    257.157  6.0042e-11  4.7652e-05
  111.600   41.552  -31.201    0.000    259.529  5.8049e-11  4.6538e-05
  111.800   41.709  -33.064    0.000    261.896  5.6142e-11  4.5460e-05
  112.000   41.787  -34.901    0.000    264.256  5.4315e-11  4.4418e-05
  112.200   41.790  -36.713    0.000    266.609  5.2565e-11  4.3409e-05
  112.400   41.720  -38.498    0.000    268.954  5.0888e-11  4.2432e-05
  112.600   41.578  -40.258    0.000    271.292  4.9281e-11  4.1486e-05
  112.800   41.366  -41.990    0.000    273.621  4.7739e-11  4.0570e-05
  113.000   41.088  -43.696    0.000    275.941  4.6261e-11  3.9683e-05
  113.200   40.745  -45.374    0.000    278.252  4.4841e-11  3.8822e-05
  113.400   40.340  -47.025    0.000    280.553  4.3479e-11  3.7988e-05
  113.600   39.874  -48.647    0.000    282.844  4.2170e-11  3.7179e-05
  113.800   39.350  -50.241    0.000    285.125  4.0913e-11  3.6394e-05
  114.000   38.770  -51.806    0.000    287.395  3.9705e-11  3.5632e-05
  114.200   38.137  -53.341    0.000    289.654  3.8543e-11  3.4892e-05
  114.400   37.452  -54.848    0.000    291.902  3.7426e-11  3.4174e-05
  114.600   36.718  -56.324    0.000    294.138  3.6351e-11  3.3476e-05
  114.800   35.937  -57.771    0.000    296.363  3.5317e-11  3.2798e-05
  115.000   35.111  -59.186    0.000    298.576  3.4321e-11  3.2140e-05
  115.200   34.242  -60.571    0.000    300.778  3.3361e-11  3.1500e-05
  115.400   33.333  -61.925    0.000    302.968  3.2437e-11  3.0877e-05
  115.600   32.386  -63.247    0.000    305.147  3.1547e-11  3.0271e-05
  115.800   31.403  -64.537    0.000    307.314  3.0688e-11  2.9682e-05
  116.000   30.386  -65.795    0.000    309.470  2.9860e-11  2.9109e-05
  116.200   29.338  -67.020    0.000    311.614  2.9061e-11  2.8551e-05
  116.400   28.261  -68.212    0.000    313.748  2.8289e-11  2.8008e-05
  116.600   27.156  -69.371    0.000    315.871  2.7545e-11  2.7479e-05
  116.800   26.027  -70.496    0.000    317.984  2.6826e-11  2.6964e-05
  117.000   24.875  -71.587    0.000    320.087  2.6131e-11  2.6462e-05
  117.200   23.703  -72.644    0.000    322.180  2.5460e-11  2.5974e-05
  117.400   22.512  -73.666    0.000    324.265  2.4811e-11  2.5497e-05
  117.600   21.306  -74.653    0.000    326.341  2.4184e-11  2.5032e-05
  117.800   20.085  -75.604    0.000    328.410  2.3576e-11  2.4580e-05
  118.000   18.851  -76.520    0.000    330.471  2.2989e-11  2.4138e-05
  118.200   17.606  -77.399    0.000    332.526  2.2420e-11  2.3707e-05
  118.400   16.350  -78.243    0.000    334.576  2.1870e-11  2.3287e-05
  118.600   15.085  -79.049    0.000    336.621  2.1336e-11  2.2877e-05
  118.800   13.812  -79.819    0.000    338.662  2.0819e-11  2.2477e-05
  119.000   12.532  -80.551    0.000    340.700  2.0318e-11  2.2086e-05
  119.200   11.247  -81.246    0.000    342.737  1.9832e-11  2.1705e-05
  119.400    9.958  -81.902    0.000    344.772  1.9361e-11  2.1333e-05
  119.600    8.665  -82.521    0.000    346.809  1.8904e-11  2.0970e-05
  119.800    7.371  -83.101    0.000    348.847  1.8460e-11  2.0615e-05
  120.000    6.077  -83.641    0.000    350.888  1.8029e-11  2.0268e-05
  120.200    4.783  -84.143    0.000    352.934  1.7611e-11  1.9929e-05
  120.400    3.492  -84.605    0.000    354.986  1.7204e-11  1.9599e-05
  120.600    2.204  -85.027    0.000    357.044  1.6809e-11  1.9275e-05
  120.800    0.920  -85.409    0.000    359.112  1.6425e-11  1.8959e-05
  121.000   -0.357  -85.750    0.000    361.191  1.6052e-11  1.8650e-05
  121.200   -1.627  -86.051    0.000    363.281  1.5688e-11  1.8349e-05
  121.400   -2.889  -86.310    0.000    365.386  1.5335e-11  1.8054e-05
  121.600   -4.142  -86.528    0.000    367.507  1.4991e-11  1.7765e-05
  121.800   -5.383  -86.704    0.000    369.646  1.4656e-11  1.7483e-05
  122.000   -6.612  -86.838    0.000    371.805  1.4329e-11  1.7207e-05
  122.200   -7.827  -86.930    0.000    373.986  1.4011e-11  1.6938e-05
  122.400   -9.028  -86.979    0.000    376.191  1.3702e-11  1.6674e-05
  122.600  -10.213  -86.985    0.000    378.424  1.3399e-11  1.6416e-05
  122.800  -11.380  -86.947    0.000    380.685  1.3105e-11  1.6164e-05
  123.000  -12.529  -86.866    0.000    382.978  1.2817e-11  1.5917e-05
  123.200  -13.657  -86.741    0.000    385.306  1.2537e-11  1.5675e-05
  123.400  -14.765  -86.571    0.000    387.671  1.2263e-11  1.5439e-05
  123.600  -15.850  -86.357    0.000    388.403  1.2043e-11  1.5202e-05
  123.800  -16.911  -86.098    0.000    390.600  1.1787e-11  1.4975e-05
  124.000  -17.947  -85.794    0.000    392.780  1.1539e-11  1.4753e-05
  124.200  -18.957  -85.444    0.000    394.942  1.1298e-11  1.4535e-05
  124.400  -19.939  -85.048    0.000    397.087  1.1064e-11  1.4322e-05
  124.600  -20.893  -84.606    0.000    399.215  1.0836e-11  1.4113e-05
  124.800  -21.816  -84.118    0.000    401.325  1.0615e-11  1.3909e-05
  125.000  -22.708  -83.582    0.000    403.418  1.0400e-11  1.3709e-05
  125.200  -23.567  -83.000    0.000    405.495  1.0191e-11  1.3513e-05
  125.400  -24.394  -82.372    0.000    407.555  9.9876e-12  1.3320e-05
  125.600  -25.189  -81.700    0.000    409.598  9.7899e-12  1.3132e-05
  125.800  -25.954  -80.984    0.000    411.624  9.5974e-12  1.2947e-05
  126.000  -26.688  -80.226    0.000    413.635  9.4101e-12  1.2766e-05
  126.200  -27.391  -79.428    0.000    415.629  9.2278e-12  1.2588e-05
  126.400  -28.066  -78.590    0.000    417.607  9.0502e-12  1.2414e-05
  126.600  -28.712  -77.715    0.000    419.569  8.8774e-12  1.2243e-05
  126.800  -29.329  -76.803    0.000    421.515  8.7089e-12  1.2075e-05
  127.000  -29.919  -75.855    0.000    423.446  8.5449e-12  1.1910e-05
  127.200  -30.482  -74.874    0.000    425.361  8.3850e-12  1.1749e-05
  127.400  -31.018  -73.860    0.000    427.261  8.2292e-12  1.1590e-05
  127.600  -31.528  -72.814    0.000    429.145  8.0773e-12  1.1435e-05
  127.800  -32.013  -71.738    0.000    431.014  7.9292e-12  1.1282e-05
  128.000  -32.472  -70.634    0.000    432.868  7.7847e-12  1.1132e-05
  128.200  -32.908  -69.502    0.000    434.707  7.6438e-12  1.0985e-05
  128.400  -33.320  -68.344    0.000    436.532  7.5064e-12  1.0841e-05
  128.600  -33.709  -67.161    0.000    438.341  7.3723e-12  1.0699e-05
  128.800  -34.075  -65.955    0.000    440.136  7.2414e-12  1.0559e-05
  129.000  -34.419  -64.727    0.000    441.917  7.1137e-12  1.0422e-05
  129.200  -34.742  -63.477    0.000    443.683  6.9890e-12  1.0288e-05
  129.400  -35.044  -62.208    0.000    445.435  6.8672e-12  1.0156e-05
  129.600  -35.326  -60.921    0.000    447.173  6.7483e-12  1.0026e-05
  129.800  -35.588  -59.617    0.000    448.897  6.6322e-12  9.8980e-06
  130.000  -35.831  -58.297    0.000    450.607  6.5187e-12  9.7725e-06
  130.200  -36.056  -56.962    0.000    452.304  6.4079e-12  9.6492e-06
  130.400  -36.262  -55.615    0.000    453.986  6.2996e-12  9.5280e-06
  130.600  -36.452  -54.256    0.000    455.656  6.1937e-12  9.4088e-06
  130.800  -36.624  -52.887    0.000    457.311  6.0902e-12  9.2916e-06
  131.000  -36.781  -51.508    0.000    458.954  5.9891e-12  9.1763e-06
  131.200  -36.922  -50.122    0.000    460.583  5.8902e-12  9.0630e-06
  131.400  -37.048  -48.729    0.000    462.199  5.7934e-12  8.9516e-06
  131.600  -37.160  -47.331    0.000    463.802  5.6988e-12  8.8419e-06
  131.800  -37.258  -45.929    0.000    465.392  5.6063e-12  8.7341e-06
  132.000  -37.343  -44.525    0.000    466.969  5.5157e-12  8.6280e-06
  132.200  -37.415  -43.119    0.000    468.534  5.4272e-12  8.5236e-06
  132.400  -37.475  -41.713    0.000    470.086  5.3405e-12  8.4209e-06
  132.600  -37.524  -40.309    0.000    471.626  5.2556e-12  8.3198e-06
  132.800  -37.562  -38.907    0.000    473.153  5.1726e-12  8.2204e-06
  133.000  -37.590  -37.510    0.000    474.668  5.0913e-12  8.1225e-06
  133.200  -37.608  -36.118    0.000    476.171  5.0116e-12  8.0262e-06
  133.400  -37.618  -34.732    0.000    477.661  4.9337e-12  7.9313e-06
  133.600  -37.619  -33.354    0.000    479.140  4.8573e-12  7.8379e-06
  133.800  -37.612  -31.985    0.000    480.607  4.7826e-12  7.7460e-06
  134.000  -37.598  -30.627    0.000    482.062  4.7093e-12  7.6555e-06
  134.200  -37.578  -29.281    0.000    483.505  4.6375e-12  7.5664e-06
  134.400  -37.552  -27.948    0.000    484.937  4.5672e-12  7.4787e-06
  134.600  -37.520  -26.629    0.000    486.357  4.4983e-12  7.3922e-06
  134.800  -37.484  -25.326    0.000    487.766  4.4308e-12  7.3071e-06
  135.000  -37.443  -24.040    0.000    489.163  4.3646e-12  7.2233e-06
  135.200  -37.399  -22.772    0.000    490.549  4.2997e-12  7.1407e-06
  135.400  -37.351  -21.523    0.000    491.924  4.2360e-12  7.0594e-06
  135.600  -37.300  -20.291    0.000    493.288  4.1737e-12  6.9792e-06
  135.800  -37.246  -19.077    0.000    494.641  4.1125e-12  6.9003e-06
  136.000  -37.188  -17.881    0.000    495.983  4.0525e-12  6.8225e-06
  136.200  -37.127  -16.703    0.000    497.315  3.9937e-12  6.7458e-06
  136.400  -37.063  -15.542    0.000    498.636  3.9359e-12  6.6703e-06
  136.600  -36.996  -14.397    0.000    499.946  3.8793e-12  6.5958e-06
  136.800  -36.925  -13.270    0.000    501.245  3.8238e-12  6.5225e-06
  137.000  -36.852  -12.160    0.000    502.534  3.7692e-12  6.4502e-06
  137.200  -36.775  -11.066    0.000    503.813  3.7157e-12  6.3789e-06
  137.400  -36.696   -9.989    0.000    505.082  3.6632e-12  6.3086e-06
  137.600  -36.613   -8.928    0.000    506.340  3.6117e-12  6.2393e-06
  137.800  -36.528   -7.883    0.000    507.588  3.5611e-12  6.1710e-06
  138.000  -36.441   -6.854    0.000    508.826  3.5115e-12  6.1037e-06
  138.200  -36.350   -5.841    0.000    510.055  3.4627e-12  6.0373e-06
  138.400  -36.257   -4.844    0.000    511.273  3.4148e-12  5.9719e-06
  138.600  -36.161   -3.862    0.000    512.482  3.3678e-12  5.9073e-06
  138.800  -36.062   -2.895    0.000    513.680  3.3216e-12  5.8437e-06
  139.000  -35.962   -1.943    0.000    514.870  3.2763e-12  5.7809e-06
  139.200  -35.858   -1.006    0.000    516.049  3.2318e-12  5.7190e-06
  139.400  -35.752   -0.084    0.000    517.220  3.1880e-12  5.6579e-06
  139.600  -35.644    0.824    0.000    518.381  3.1450e-12  5.5977e-06
  139.800  -35.534    1.717    0.000    519.532  3.1028e-12  5.5382e-06
  140.000  -35.421    2.596    0.000    520.674  3.0613e-12  5.4796e-06
  140.200  -35.307    3.461    0.000    521.807  3.0205e-12  5.4218e-06
  140.400  -35.190    4.312    0.000    522.931  2.9804e-12  5.3647e-06
  140.600  -35.071    5.149    0.000    524.047  2.9410e-12  5.3084e-06
  140.800  -34.950    5.973    0.000    525.153  2.9023e-12  5.2529e-06
  141.000  -34.827    6.783    0.000    526.250  2.8643e-12  5.1981e-06
  141.200  -34.702    7.580    0.000    527.338  2.8268e-12  5.1440e-06
  141.400  -34.575    8.365    0.000    528.418  2.7901e-12  5.0906e-06
  141.600  -34.446    9.136    0.000    529.489  2.7539e-12  5.0379e-06
  141.800  -34.316    9.895    0.000    530.551  2.7183e-12  4.9859e-06
  142.000  -34.184   10.641    0.000    531.605  2.6834e-12  4.9346e-06
  142.200  -34.050   11.375    0.000    532.651  2.6490e-12  4.8840e-06
  142.400  -33.915   12.097    0.000    533.688  2.6151e-12  4.8340e-06
  142.600  -33.778   12.806    0.000    534.716  2.5818e-12  4.7846e-06
  142.800  -33.639   13.504    0.000    535.737  2.5491e-12  4.7359e-06
  143.000  -33.499   14.191    0.000    536.749  2.5169e-12  4.6878e-06
  143.200  -33.358   14.866    0.000    537.753  2.4852e-12  4.6404e-06
  143.400  -33.215   15.529    0.000    538.750  2.4541e-12  4.5935e-06
  143.600  -33.071   16.182    0.000    539.738  2.4234e-12  4.5472e-06
  143.800  -32.925   16.823    0.000    540.718  2.3932e-12  4.5015e-06
  144.000  -32.779   17.454    0.000    541.690  2.3635e-12  4.4564e-06
  144.200  -32.631   18.074    0.000    542.655  2.3343e-12  4.4118e-06
  144.400  -32.482   18.683    0.000    543.612  2.3055e-12  4.3678e-06
  144.600  -32.332   19.283    0.000    544.561  2.2772e-12  4.3243e-06
  144.800  -32.181   19.872    0.000    545.503  2.2493e-12  4.2814e-06
  145.000  -32.029   20.452    0.000    546.437  2.2219e-12  4.2390e-06
  145.200  -31.876   21.021    0.000    547.363  2.1948e-12  4.1971e-06
  145.400  -31.722   21.581    0.000    548.282  2.1682e-12  4.1558e-06
  145.600  -31.567   22.132    0.000    549.194  2.1421e-12  4.1149e-06
  145.800  -31.412   22.673    0.000    550.098  2.1163e-12  4.0746e-06
  146.000  -31.256   23.206    0.000    550.996  2.0909e-12  4.0347e-06
  146.200  -31.099   23.729    0.000    551.886  2.0659e-12  3.9953e-06
  146.400  -30.941   24.244    0.000    552.768  2.0412e-12  3.9564e-06
  146.600  -30.783   24.750    0.000    553.644  2.0170e-12  3.9180e-06
  146.800  -30.624   25.248    0.000    554.513  1.9931e-12  3.8800e-06
  147.000  -30.465   25.737    0.000    555.375  1.9695e-12  3.8425e-06
  147.200  -30.305   26.219    0.000    556.230  1.9463e-12  3.8054e-06
  147.400  -30.145   26.693    0.000    557.078  1.9235e-12  3.7688e-06
  147.600  -29.984   27.159    0.000    557.919  1.9010e-12  3.7326e-06
  147.800  -29.823   27.617    0.000    558.754  1.8788e-12  3.6968e-06
  148.000  -29.662   28.068    0.000    559.582  1.8569e-12  3.6614e-06
  148.200  -29.500   28.512    0.000    560.403  1.8354e-12  3.6265e-06
  148.400  -29.339   28.949    0.000    561.218  1.8142e-12  3.5920e-06
  148.600  -29.177   29.379    0.000    562.026  1.7933e-12  3.5579e-06
  148.800  -29.015   29.803    0.000    562.828  1.7727e-12  3.5241e-06
  149.000  -28.853   30.220    0.000    563.623  1.7524e-12  3.4908e-06
  149.200  -28.691   30.630    0.000    564.412  1.7323e-12  3.4578e-06
  149.400  -28.529   31.035    0.000    565.194  1.7126e-12  3.4253e-06
  149.600  -28.367   31.433    0.000    565.971  1.6931e-12  3.3931e-06
  149.800  -28.206   31.826    0.000    566.741  1.6740e-12  3.3613e-06
  150.000  -28.044   32.213    0.000    567.505  1.6551e-12  3.3298e-06
  150.200  -27.883   32.595    0.000    568.263  1.6364e-12  3.2987e-06
  150.400  -27.721   32.971    0.000    569.015  1.6180e-12  3.2680e-06
  150.600  -27.560   33.342    0.000    569.760  1.5999e-12  3.2376e-06
  150.800  -27.400   33.707    0.000    570.500  1.5820e-12  3.2075e-06
  151.000  -27.239   34.067    0.000    571.234  1.5644e-12  3.1778e-06
  151.200  -27.079   34.422    0.000    571.962  1.5470e-12  3.1484e-06
  151.400  -26.919   34.771    0.000    572.684  1.5299e-12  3.1194e-06
  151.600  -26.759   35.115    0.000    573.401  1.5130e-12  3.0906e-06
  151.800  -26.600   35.454    0.000    574.111  1.4963e-12  3.0622e-06
  152.000  -26.441   35.788    0.000    574.816  1.4799e-12  3.0342e-06
  152.200  -26.282   36.116    0.000    575.516  1.4637e-12  3.0064e-06
  152.400  -26.123   36.440    0.000    576.210  1.4477e-12  2.9789e-06
  152.600  -25.965   36.758    0.000    576.898  1.4319e-12  2.9518e-06
  152.800  -25.807   37.071    0.000    577.581  1.4163e-12  2.9249e-06
  153.000  -25.649   37.379    0.000    578.258  1.4010e-12  2.8983e-06
  153.200  -25.492   37.682    0.000    578.930  1.3858e-12  2.8720e-06
  153.400  -25.335   37.980    0.000    579.596  1.3708e-12  2.8461e-06
  153.600  -25.178   38.273    0.000    580.257  1.3561e-12  2.8204e-06
  153.800  -25.022   38.562    0.000    580.913  1.3415e-12  2.7949e-06
  154.000  -24.865   38.845    0.000    581.564  1.3272e-12  2.7698e-06
  154.200  -24.710   39.123    0.000    582.209  1.3130e-12  2.7449e-06
  154.400  -24.554   39.397    0.000    582.850  1.2990e-12  2.7203e-06
  154.600  -24.399   39.665    0.000    583.485  1.2852e-12  2.6960e-06
  154.800  -24.244   39.929    0.000    584.115  1.2716e-12  2.6719e-06
  155.000  -24.090   40.188    0.000    584.740  1.2581e-12  2.6481e-06
  155.200  -23.936   40.442    0.000    585.360  1.2448e-12  2.6245e-06
  155.400  -23.782   40.692    0.000    585.975  1.2317e-12  2.6012e-06
  155.600  -23.629   40.937    0.000    586.585  1.2188e-12  2.5781e-06
  155.800  -23.476   41.177    0.000    587.191  1.2060e-12  2.5553e-06
  156.000  -23.324   41.413    0.000    587.791  1.1934e-12  2.5327e-06
  156.200  -23.172   41.644    0.000    588.387  1.1810e-12  2.5104e-06
  156.400  -23.020   41.870    0.000    588.978  1.1687e-12  2.4883e-06
  156.600  -22.869   42.092    0.000    589.564  1.1565e-12  2.4664e-06
  156.800  -22.718   42.309    0.000    590.146  1.1446e-12  2.4447e-06
  157.000  -22.568   42.522    0.000    590.723  1.1327e-12  2.4233e-06
  157.200  -22.418   42.730    0.000    591.295  1.1211e-12  2.4021e-06
  157.400  -22.268   42.934    0.000    591.863  1.1095e-12  2.3812e-06
  157.600  -22.119   43.134    0.000    592.426  1.0981e-12  2.3604e-06
  157.800  -21.970   43.329    0.000    592.985  1.0869e-12  2.3399e-06
  158.000  -21.822   43.520    0.000    593.539  1.0758e-12  2.3195e-06
  158.200  -21.674   43.706    0.000    594.089  1.0648e-12  2.2994e-06
  158.400  -21.527   43.889    0.000    594.634  1.0540e-12  2.2795e-06
  158.600  -21.380   44.067    0.000    595.175  1.0433e-12  2.2598e-06
  158.800  -21.234   44.240    0.000    595.712  1.0327e-12  2.2403e-06
  159.000  -21.088   44.410    0.000    596.244  1.0223e-12  2.2210e-06
  159.200  -20.942   44.575    0.000    596.773  1.0120e-12  2.2019e-06
  159.400  -20.797   44.736    0.000    597.297  1.0018e-12  2.1830e-06
  159.600  -20.653   44.894    0.000    597.816  9.9174e-13  2.1643e-06
  159.800  -20.509   45.047    0.000    598.332  9.8180e-13  2.1458e-06
  160.000  -20.365   45.196    0.000    598.844  9.7198e-13  2.1274e-06
  160.200  -20.222   45.340    0.000    599.351  9.6205e-13  2.1089e-06
  160.400  -20.080   45.481    0.000    599.855  9.5248e-13  2.0909e-06
  160.600  -19.938   45.618    0.000    600.354  9.4301e-13  2.0732e-06
  160.800  -19.796   45.751    0.000    600.849  9.3366e-13  2.0556e-06
  161.000  -19.656   45.880    0.000    601.341  9.2443e-13  2.0381e-06
  161.200  -19.515   46.006    0.000    601.829  9.1530e-13  2.0209e-06
  161.400  -19.375   46.127    0.000    602.312  9.0628e-13  2.0038e-06
  161.600  -19.236   46.244    0.000    602.792  8.9737e-13  1.9869e-06
  161.800  -19.097   46.358    0.000    603.268  8.8856e-13  1.9702e-06
  162.000  -18.959   46.468    0.000    603.740  8.7985e-13  1.9536e-06
  162.200  -18.822   46.574    0.000    604.209  8.7125e-13  1.9372e-06
  162.400  -18.685   46.677    0.000    604.673  8.6275e-13  1.9209e-06
  162.600  -18.548   46.775    0.000    605.135  8.5435e-13  1.9049e-06
  162.800  -18.412   46.870    0.000    605.592  8.4605e-13  1.8889e-06
  163.000  -18.277   46.962    0.000    606.046  8.3784e-13  1.8732e-06
  163.200  -18.142   47.050    0.000    606.496  8.2973e-13  1.8576e-06
  163.400  -18.008   47.134    0.000    606.942  8.2171e-13  1.8421e-06
  163.600  -17.874   47.215    0.000    607.385  8.1379e-13  1.8268e-06
  163.800  -17.742   47.292    0.000    607.824  8.0595e-13  1.8116e-06
  164.000  -17.609   47.366    0.000    608.260  7.9821e-13  1.7966e-06
  164.200  -17.477   47.436    0.000    608.693  7.9055e-13  1.7818e-06
  164.400  -17.346   47.503    0.000    609.122  7.8299e-13  1.7670e-06
  164.600  -17.216   47.566    0.000    609.547  7.7551e-13  1.7525e-06
  164.800  -17.086   47.626    0.000    609.970  7.6811e-13  1.7380e-06
  165.000  -16.957   47.683    0.000    610.388  7.6080e-13  1.7237e-06
  165.200  -16.828   47.736    0.000    610.804  7.5357e-13  1.7096e-06
  165.400  -16.700   47.787    0.000    611.216  7.4642e-13  1.6955e-06
  165.600  -16.573   47.833    0.000    611.625  7.3935e-13  1.6816e-06
  165.800  -16.446   47.877    0.000    612.031  7.3237e-13  1.6679e-06
  166.000  -16.320   47.918    0.000    612.433  7.2546e-13  1.6543e-06
  166.200  -16.195   47.955    0.000    612.832  7.1862e-13  1.6408e-06
  166.400  -16.070   47.989    0.000    613.228  7.1187e-13  1.6274e-06
  166.600  -15.946   48.020    0.000    613.621  7.0519e-13  1.6142e-06
  166.800  -15.823   48.048    0.000    614.011  6.9858e-13  1.6010e-06
  167.000  -15.701   48.073    0.000    614.397  6.9205e-13  1.5881e-06
  167.200  -15.579   48.094    0.000    614.781  6.8559e-13  1.5752e-06
  167.400  -15.457   48.113    0.000    615.161  6.7920e-13  1.5624e-06
  167.600  -15.337   48.129    0.000    615.539  6.7288e-13  1.5498e-06
  167.800  -15.217   48.142    0.000    615.913  6.6663e-13  1.5373e-06
  168.000  -15.098   48.152    0.000    616.285  6.6045e-13  1.5249e-06
  168.200  -14.980   48.159    0.000    616.654  6.5434e-13  1.5127e-06
  168.400  -14.862   48.163    0.000    617.019  6.4829e-13  1.5005e-06
  168.600  -14.745   48.165    0.000    617.382  6.4231e-13  1.4885e-06
  168.800  -14.629   48.163    0.000    617.742  6.3640e-13  1.4765e-06
  169.000  -14.513   48.159    0.000    618.099  6.3055e-13  1.4647e-06
  169.200  -14.399   48.152    0.000    618.453  6.2476e-13  1.4530e-06
  169.400  -14.285   48.142    0.000    618.804  6.1903e-13  1.4414e-06
  169.600  -14.172   48.130    0.000    619.153  6.1337e-13  1.4299e-06
  169.800  -14.059   48.115    0.000    619.498  6.0777e-13  1.4185e-06
  170.000  -13.947   48.097    0.000    619.841  6.0223e-13  1.4072e-06
  170.200  -13.836   48.077    0.000    620.181  5.9674e-13  1.3960e-06
  170.400  -13.726   48.054    0.000    620.519  5.9132e-13  1.3850e-06
  170.600  -13.617   48.029    0.000    620.854  5.8595e-13  1.3740e-06
  170.800  -13.508   48.001    0.000    621.186  5.8064e-13  1.3631e-06
  171.000  -13.401   47.971    0.000    621.516  5.7539e-13  1.3524e-06
  171.200  -13.294   47.938    0.000    621.843  5.7020e-13  1.3417e-06
  171.400  -13.187   47.903    0.000    622.167  5.6505e-13  1.3311e-06
  171.600  -13.082   47.865    0.000    622.489  5.5997e-13  1.3206e-06
  171.800  -12.977   47.825    0.000    622.808  5.5493e-13  1.3102e-06
  172.000  -12.874   47.782    0.000    623.125  5.4995e-13  1.2999e-06
  172.200  -12.771   47.738    0.000    623.439  5.4502e-13  1.2898e-06
  172.400  -12.668   47.691    0.000    623.750  5.4015e-13  1.2796e-06
  172.600  -12.567   47.642    0.000    624.060  5.3532e-13  1.2696e-06
  172.800  -12.467   47.590    0.000    624.366  5.3054e-13  1.2597e-06
  173.000  -12.367   47.536    0.000    624.671  5.2582e-13  1.2499e-06
  173.200  -12.268   47.481    0.000    624.972  5.2114e-13  1.2401e-06
  173.400  -12.170   47.423    0.000    625.272  5.1651e-13  1.2305e-06
  173.600  -12.073   47.362    0.000    625.569  5.1193e-13  1.2209e-06
  173.800  -11.977   47.300    0.000    625.864  5.0740e-13  1.2114e-06
  174.000  -11.882   47.236    0.000    626.156  5.0292e-13  1.2020e-06
  174.200  -11.787   47.170    0.000    626.446  4.9848e-13  1.1927e-06
  174.400  -11.694   47.101    0.000    626.734  4.9408e-13  1.1835e-06
  174.600  -11.601   47.031    0.000    627.020  4.8973e-13  1.1743e-06
  174.800  -11.509   46.959    0.000    627.303  4.8543e-13  1.1653e-06
  175.000  -11.418   46.885    0.000    627.584  4.8117e-13  1.1563e-06
  175.200  -11.328   46.809    0.000    627.862  4.7695e-13  1.1474e-06
  175.400  -11.239   46.731    0.000    628.139  4.7278e-13  1.1385e-06
  175.600  -11.151   46.651    0.000    628.413  4.6865e-13  1.1298e-06
  175.800  -11.063   46.569    0.000    628.685  4.6456e-13  1.1211e-06
  176.000  -10.977   46.486    0.000    628.955  4.6051e-13  1.1125e-06
  176.200  -10.891   46.401    0.000    629.223  4.5650e-13  1.1040e-06
  176.400  -10.807   46.314    0.000    629.489  4.5254e-13  1.0955e-06
  176.600  -10.723   46.226    0.000    629.753  4.4861e-13  1.0872e-06
  176.800  -10.641   46.136    0.000    630.014  4.4472e-13  1.0789e-06
  177.000  -10.559   46.044    0.000    630.274  4.4087e-13  1.0706e-06
  177.200  -10.478   45.951    0.000    630.531  4.3707e-13  1.0625e-06
  177.400  -10.398   45.856    0.000    630.786  4.3329e-13  1.0544e-06
  177.600  -10.319   45.759    0.000    631.040  4.2956e-13  1.0464e-06
  177.800  -10.241   45.661    0.000    631.291  4.2586e-13  1.0385e-06
  178.000  -10.164   45.562    0.000    631.540  4.2220e-13  1.0306e-06
  178.200  -10.089   45.461    0.000    631.788  4.1858e-13  1.0228e-06
  178.400  -10.014   45.358    0.000    632.033  4.1499e-13  1.0150e-06
  178.600   -9.940   45.255    0.000    632.276  4.1144e-13  1.0074e-06
  178.800   -9.867   45.149    0.000    632.518  4.0793e-13  9.9976e-07
  179.000   -9.794   45.043    0.000    632.757  4.0444e-13  9.9222e-07
  179.200   -9.723   44.935    0.000    632.995  4.0100e-13  9.8475e-07
  179.400   -9.653   44.826    0.000    633.231  3.9758e-13  9.7734e-07
  179.600   -9.584   44.716    0.000    633.465  3.9420e-13  9.6999e-07
  179.800   -9.516   44.604    0.000    633.697  3.9086e-13  9.6271e-07
  180.000   -9.449   44.491    0.000    633.927  3.8754e-13  9.5549e-07
