#30.0072     34.7915     48.5462     0           549         
    0.000    1.157    1.178    0.000    286.120  1.2378e-03  1.0164e+03
    0.200    1.180    1.224    0.000    284.803  1.2142e-03  9.9245e+02
    0.400    1.336    1.230    0.000    283.693  1.1901e-03  9.6899e+02
    0.600    1.893    1.051    0.000    282.942  1.1650e-03  9.4600e+02
    0.800    2.763    0.535    0.000    282.035  1.1409e-03  9.2350e+02
    1.000    3.778   -0.341    0.000    281.070  1.1175e-03  9.0145e+02
    1.200    4.889   -1.424    0.000    280.171  1.0942e-03  8.7986e+02
    1.400    5.676   -2.433    0.000    279.248  1.0715e-03  8.5871e+02
    1.600    6.162   -3.170    0.000    278.413  1.0487e-03  8.3799e+02
    1.800    6.509   -3.611    0.000    277.645  1.0262e-03  8.1771e+02
    2.000    6.786   -3.828    0.000    276.788  1.0044e-03  7.9787e+02
    2.200    7.070   -3.876    0.000    275.777  9.8353e-04  7.7845e+02
    2.400    7.364   -3.750    0.000    274.525  9.6385e-04  7.5940e+02
    2.600    7.629   -3.534    0.000    273.180  9.4480e-04  7.4075e+02
    2.800    7.884   -3.319    0.000    271.860  9.2596e-04  7.2247e+02
    3.000    8.188   -3.157    0.000    270.551  9.0735e-04  7.0454e+02
    3.200    8.539   -3.068    0.000    269.262  8.8897e-04  6.8698e+02
    3.400    8.933   -3.010    0.000    267.973  8.7089e-04  6.6979e+02
    3.600    9.365   -2.924    0.000    266.641  8.5322e-04  6.5294e+02
    3.800    9.816   -2.780    0.000    265.219  8.3610e-04  6.3642e+02
    4.000   10.283   -2.577    0.000    263.728  8.1945e-04  6.2024e+02
    4.200   10.772   -2.318    0.000    262.196  8.0317e-04  6.0439e+02
    4.400   11.302   -1.993    0.000    260.623  7.8724e-04  5.8884e+02
    4.600   11.905   -1.641    0.000    259.032  7.7157e-04  5.7360e+02
    4.800   12.622   -1.309    0.000    257.463  7.5607e-04  5.5867e+02
    5.000   13.488   -0.998    0.000    255.942  7.4065e-04  5.4405e+02
    5.200   14.551   -0.717    0.000    254.491  7.2526e-04  5.2972e+02
    5.400   15.857   -0.490    0.000    253.130  7.0986e-04  5.1570e+02
    5.600   17.349   -0.316    0.000    251.876  6.9441e-04  5.0198e+02
    5.800   18.910   -0.171    0.000    250.737  6.7891e-04  4.8855e+02
    6.000   20.468   -0.024    0.000    249.674  6.6349e-04  4.7543e+02
    6.200   21.956    0.148    0.000    248.625  6.4833e-04  4.6262e+02
    6.400   23.241    0.314    0.000    247.497  6.3365e-04  4.5009e+02
    6.600   24.226    0.433    0.000    246.209  6.1964e-04  4.3785e+02
    6.800   25.027    0.497    0.000    244.763  6.0625e-04  4.2587e+02
    7.000   25.790    0.516    0.000    243.185  5.9339e-04  4.1415e+02
    7.200   26.542    0.545    0.000    241.522  5.8093e-04  4.0268e+02
    7.400   27.273    0.649    0.000    239.825  5.6873e-04  3.9145e+02
    7.600   28.012    0.882    0.000    238.130  5.5670e-04  3.8046e+02
    7.800   28.798    1.286    0.000    236.470  5.4475e-04  3.6971e+02
    8.000   29.596    1.833    0.000    234.853  5.3288e-04  3.5918e+02
    8.200   30.291    2.420    0.000    233.271  5.2111e-04  3.4888e+02
    8.400   30.832    2.954    0.000    231.722  5.0946e-04  3.3881e+02
    8.600   31.361    3.375    0.000    230.235  4.9787e-04  3.2898e+02
    8.800   32.051    3.636    0.000    228.845  4.8626e-04  3.1937e+02
    9.000   33.051    3.773    0.000    227.594  4.7458e-04  3.0999e+02
    9.200   34.494    3.892    0.000    226.527  4.6274e-04  3.0084e+02
    9.400   36.461    4.087    0.000    225.680  4.5071e-04  2.9192e+02
    9.600   38.779    4.367    0.000    225.010  4.3860e-04  2.8324e+02
    9.800   41.194    4.718    0.000    224.454  4.2657e-04  2.7479e+02
   10.000   43.470    5.111    0.000    223.956  4.1475e-04  2.6658e+02
   10.200   45.444    5.470    0.000    223.500  4.0315e-04  2.5860e+02
   10.400   46.974    5.710    0.000    223.080  3.9179e-04  2.5084e+02
   10.600   47.943    5.767    0.000    222.692  3.8068e-04  2.4330e+02
   10.800   48.384    5.681    0.000    222.345  3.6979e-04  2.3598e+02
   11.000   48.384    5.535    0.000    222.054  3.5912e-04  2.2886e+02
   11.200   48.036    5.410    0.000    221.831  3.4863e-04  2.2195e+02
   11.400   47.575    5.416    0.000    221.681  3.3833e-04  2.1525e+02
   11.600   47.410    5.695    0.000    221.599  3.2823e-04  2.0875e+02
   11.800   47.955    6.390    0.000    221.576  3.1835e-04  2.0244e+02
   12.000   49.595    7.625    0.000    221.603  3.0870e-04  1.9633e+02
   12.200   52.262    9.250    0.000    221.629  2.9934e-04  1.9040e+02
   12.400   55.546   10.898    0.000    221.570  2.9038e-04  1.8465e+02
   12.600   59.026   12.203    0.000    221.341  2.8188e-04  1.7906e+02
   12.800   62.281   12.795    0.000    220.860  2.7392e-04  1.7363e+02
   13.000   65.024   12.476    0.000    220.097  2.6650e-04  1.6834e+02
   13.200   67.219   11.370    0.000    219.127  2.5950e-04  1.6320e+02
   13.400   68.855    9.639    0.000    218.036  2.5281e-04  1.5820e+02
   13.600   69.926    7.442    0.000    216.910  2.4631e-04  1.5334e+02
   13.800   70.421    4.940    0.000    215.836  2.3991e-04  1.4861e+02
   14.000   70.357    2.301    0.000    214.862  2.3355e-04  1.4402e+02
   14.200   69.789   -0.302    0.000    213.972  2.2724e-04  1.3955e+02
   14.400   68.777   -2.693    0.000    213.143  2.2101e-04  1.3519e+02
   14.600   67.381   -4.696    0.000    212.352  2.1487e-04  1.3095e+02
   14.800   65.661   -6.136    0.000    211.578  2.0883e-04  1.2681e+02
   15.000   63.676   -6.846    0.000    210.798  2.0292e-04  1.2277e+02
   15.200   61.484   -6.832    0.000    210.010  1.9714e-04  1.1882e+02
   15.400   59.139   -6.246    0.000    209.228  1.9150e-04  1.1499e+02
   15.600   56.697   -5.246    0.000    208.466  1.8598e-04  1.1127e+02
   15.800   54.213   -3.990    0.000    207.738  1.8060e-04  1.0768e+02
   16.000   51.741   -2.635    0.000    207.059  1.7536e-04  1.0421e+02
   16.200   49.336   -1.340    0.000    206.442  1.7025e-04  1.0087e+02
   16.400   47.050   -0.249    0.000    205.901  1.6527e-04  9.7665e+01
   16.600   44.893    0.601    0.000    205.439  1.6042e-04  9.4585e+01
   16.800   42.855    1.238    0.000    205.053  1.5568e-04  9.1619e+01
   17.000   40.925    1.686    0.000    204.739  1.5105e-04  8.8757e+01
   17.200   39.094    1.973    0.000    204.496  1.4651e-04  8.5989e+01
   17.400   37.349    2.125    0.000    204.320  1.4206e-04  8.3306e+01
   17.600   35.681    2.167    0.000    204.208  1.3770e-04  8.0701e+01
   17.800   34.079    2.125    0.000    204.158  1.3341e-04  7.8167e+01
   18.000   32.533    2.026    0.000    204.166  1.2918e-04  7.5696e+01
   18.200   31.031    1.896    0.000    204.230  1.2503e-04  7.3285e+01
   18.400   29.565    1.761    0.000    204.347  1.2094e-04  7.0926e+01
   18.600   28.122    1.647    0.000    204.513  1.1690e-04  6.8616e+01
   18.800   26.704    1.559    0.000    204.724  1.1294e-04  6.6357e+01
   19.000   25.318    1.493    0.000    204.976  1.0905e-04  6.4153e+01
   19.200   23.969    1.441    0.000    205.261  1.0526e-04  6.2008e+01
   19.400   22.667    1.398    0.000    205.576  1.0157e-04  5.9927e+01
   19.600   21.417    1.356    0.000    205.913  9.7994e-05  5.7912e+01
   19.800   20.227    1.310    0.000    206.269  9.4537e-05  5.5965e+01
   20.000   19.104    1.252    0.000    206.636  9.1205e-05  5.4089e+01
   20.200   18.055    1.177    0.000    207.010  8.8003e-05  5.2284e+01
   20.400   17.088    1.078    0.000    207.386  8.4934e-05  5.0552e+01
   20.600   16.209    0.949    0.000    207.757  8.2000e-05  4.8894e+01
   20.800   15.416    0.790    0.000    208.123  7.9197e-05  4.7305e+01
   21.000   14.703    0.607    0.000    208.485  7.6514e-05  4.5782e+01
   21.200   14.063    0.403    0.000    208.844  7.3944e-05  4.4321e+01
   21.400   13.488    0.184    0.000    209.203  7.1479e-05  4.2917e+01
   21.600   12.972   -0.046    0.000    209.562  6.9111e-05  4.1567e+01
   21.800   12.509   -0.282    0.000    209.923  6.6835e-05  4.0267e+01
   22.000   12.090   -0.519    0.000    210.287  6.4643e-05  3.9014e+01
   22.200   11.710   -0.753    0.000    210.656  6.2531e-05  3.7805e+01
   22.400   11.362   -0.979    0.000    211.031  6.0493e-05  3.6638e+01
   22.600   11.038   -1.191    0.000    211.414  5.8525e-05  3.5510e+01
   22.800   10.732   -1.387    0.000    211.806  5.6621e-05  3.4419e+01
   23.000   10.436   -1.560    0.000    212.208  5.4779e-05  3.3362e+01
   23.200   10.145   -1.706    0.000    212.622  5.2993e-05  3.2338e+01
   23.400    9.851   -1.820    0.000    213.049  5.1262e-05  3.1344e+01
   23.600    9.547   -1.898    0.000    213.491  4.9581e-05  3.0379e+01
   23.800    9.227   -1.935    0.000    213.949  4.7948e-05  2.9442e+01
   24.000    8.890   -1.930    0.000    214.422  4.6362e-05  2.8531e+01
   24.200    8.540   -1.887    0.000    214.907  4.4824e-05  2.7647e+01
   24.400    8.181   -1.807    0.000    215.402  4.3332e-05  2.6788e+01
   24.600    7.816   -1.693    0.000    215.902  4.1888e-05  2.5956e+01
   24.800    7.449   -1.547    0.000    216.406  4.0491e-05  2.5149e+01
   25.000    7.085   -1.373    0.000    216.910  3.9141e-05  2.4367e+01
   25.200    6.727   -1.171    0.000    217.411  3.7838e-05  2.3610e+01
   25.400    6.379   -0.946    0.000    217.907  3.6580e-05  2.2877e+01
   25.600    6.044   -0.699    0.000    218.394  3.5368e-05  2.2168e+01
   25.800    5.728   -0.432    0.000    218.870  3.4201e-05  2.1483e+01
   26.000    5.432   -0.149    0.000    219.331  3.3077e-05  2.0821e+01
   26.200    5.163    0.148    0.000    219.776  3.1996e-05  2.0182e+01
   26.400    4.922    0.457    0.000    220.200  3.0957e-05  1.9564e+01
   26.600    4.711    0.776    0.000    220.604  2.9959e-05  1.8968e+01
   26.800    4.532    1.103    0.000    220.990  2.8999e-05  1.8392e+01
   27.000    4.384    1.438    0.000    221.359  2.8075e-05  1.7836e+01
   27.200    4.268    1.779    0.000    221.712  2.7185e-05  1.7298e+01
   27.400    4.184    2.123    0.000    222.052  2.6328e-05  1.6779e+01
   27.600    4.133    2.471    0.000    222.380  2.5502e-05  1.6276e+01
   27.800    4.115    2.820    0.000    222.697  2.4705e-05  1.5790e+01
   28.000    4.130    3.169    0.000    223.005  2.3936e-05  1.5320e+01
   28.200    4.179    3.517    0.000    223.306  2.3194e-05  1.4864e+01
   28.400    4.262    3.862    0.000    223.600  2.2476e-05  1.4424e+01
   28.600    4.380    4.203    0.000    223.890  2.1783e-05  1.3997e+01
   28.800    4.532    4.538    0.000    224.178  2.1113e-05  1.3584e+01
   29.000    4.720    4.866    0.000    224.464  2.0465e-05  1.3184e+01
   29.200    4.944    5.186    0.000    224.750  1.9837e-05  1.2796e+01
   29.400    5.204    5.496    0.000    225.039  1.9230e-05  1.2420e+01
   29.600    5.501    5.795    0.000    225.331  1.8641e-05  1.2055e+01
   29.800    5.834    6.081    0.000    225.627  1.8071e-05  1.1702e+01
   30.000    6.205    6.352    0.000    225.931  1.7518e-05  1.1359e+01
   30.200    6.614    6.609    0.000    226.242  1.6982e-05  1.1026e+01
   30.400    7.061    6.848    0.000    226.563  1.6461e-05  1.0704e+01
   30.600    7.546    7.069    0.000    226.895  1.5956e-05  1.0390e+01
   30.800    8.071    7.270    0.000    227.241  1.5465e-05  1.0086e+01
   31.000    8.634    7.449    0.000    227.600  1.4989e-05  9.7910e+00
   31.200    9.231    7.606    0.000    227.973  1.4526e-05  9.5044e+00
   31.400    9.856    7.736    0.000    228.360  1.4077e-05  9.2262e+00
   31.600   10.499    7.839    0.000    228.760  1.3642e-05  8.9564e+00
   31.800   11.155    7.910    0.000    229.171  1.3220e-05  8.6948e+00
   32.000   11.814    7.949    0.000    229.594  1.2810e-05  8.4412e+00
   32.200   12.472    7.952    0.000    230.026  1.2414e-05  8.1954e+00
   32.400   13.118    7.917    0.000    230.468  1.2030e-05  7.9573e+00
   32.600   13.747    7.841    0.000    230.918  1.1659e-05  7.7268e+00
   32.800   14.351    7.723    0.000    231.376  1.1300e-05  7.5036e+00
   33.000   14.922    7.559    0.000    231.840  1.0953e-05  7.2876e+00
   33.200   15.454    7.348    0.000    232.311  1.0617e-05  7.0786e+00
   33.400   15.938    7.087    0.000    232.788  1.0293e-05  6.8765e+00
   33.600   16.374    6.784    0.000    233.271  9.9792e-06  6.6809e+00
   33.800   16.764    6.453    0.000    233.766  9.6760e-06  6.4917e+00
   34.000   17.113    6.110    0.000    234.276  9.3827e-06  6.3086e+00
   34.200   17.422    5.767    0.000    234.805  9.0985e-06  6.1314e+00
   34.400   17.695    5.441    0.000    235.356  8.8231e-06  5.9597e+00
   34.600   17.935    5.146    0.000    235.935  8.5559e-06  5.7935e+00
   34.800   18.145    4.895    0.000    236.544  8.2967e-06  5.6325e+00
   35.000   18.329    4.704    0.000    237.188  8.0449e-06  5.4764e+00
   35.200   18.488    4.587    0.000    237.871  7.8003e-06  5.3251e+00
   35.400   18.627    4.559    0.000    238.595  7.5624e-06  5.1785e+00
   35.600   18.748    4.634    0.000    239.366  7.3310e-06  5.0363e+00
   35.800   18.855    4.825    0.000    240.187  7.1059e-06  4.8983e+00
   36.000   18.949    5.126    0.000    241.054  6.8869e-06  4.7645e+00
   36.200   19.032    5.523    0.000    241.960  6.6742e-06  4.6347e+00
   36.400   19.107    6.002    0.000    242.899  6.4677e-06  4.5088e+00
   36.600   19.174    6.548    0.000    243.864  6.2675e-06  4.3866e+00
   36.800   19.236    7.146    0.000    244.848  6.0736e-06  4.2680e+00
   37.000   19.295    7.782    0.000    245.845  5.8858e-06  4.1529e+00
   37.200   19.352    8.441    0.000    246.847  5.7043e-06  4.0412e+00
   37.400   19.409    9.108    0.000    247.849  5.5288e-06  3.9328e+00
   37.600   19.468    9.768    0.000    248.842  5.3594e-06  3.8276e+00
   37.800   19.531   10.408    0.000    249.822  5.1959e-06  3.7254e+00
   38.000   19.599   11.013    0.000    250.780  5.0383e-06  3.6263e+00
   38.200   19.675   11.567    0.000    251.710  4.8864e-06  3.5300e+00
   38.400   19.759   12.056    0.000    252.605  4.7402e-06  3.4365e+00
   38.600   19.855   12.466    0.000    253.459  4.5994e-06  3.3458e+00
   38.800   19.963   12.782    0.000    254.265  4.4641e-06  3.2576e+00
   39.000   20.085   12.989    0.000    255.016  4.3340e-06  3.1720e+00
   39.200   20.224   13.073    0.000    255.705  4.2090e-06  3.0889e+00
   39.400   20.381   13.020    0.000    256.326  4.0891e-06  3.0082e+00
   39.600   20.557   12.817    0.000    256.874  3.9740e-06  2.9297e+00
   39.800   20.752   12.477    0.000    257.349  3.8635e-06  2.8535e+00
   40.000   20.964   12.018    0.000    257.758  3.7572e-06  2.7795e+00
   40.200   21.192   11.457    0.000    258.104  3.6550e-06  2.7075e+00
   40.400   21.434   10.813    0.000    258.393  3.5566e-06  2.6375e+00
   40.600   21.688   10.105    0.000    258.629  3.4617e-06  2.5695e+00
   40.800   21.953    9.350    0.000    258.818  3.3702e-06  2.5034e+00
   41.000   22.228    8.567    0.000    258.962  3.2817e-06  2.4390e+00
   41.200   22.511    7.774    0.000    259.068  3.1962e-06  2.3764e+00
   41.400   22.800    6.990    0.000    259.140  3.1134e-06  2.3155e+00
   41.600   23.094    6.231    0.000    259.183  3.0332e-06  2.2562e+00
   41.800   23.391    5.518    0.000    259.202  2.9554e-06  2.1985e+00
   42.000   23.690    4.867    0.000    259.200  2.8799e-06  2.1424e+00
   42.200   23.990    4.298    0.000    259.183  2.8065e-06  2.0877e+00
   42.400   24.288    3.828    0.000    259.156  2.7352e-06  2.0344e+00
   42.600   24.583    3.475    0.000    259.123  2.6658e-06  1.9825e+00
   42.800   24.875    3.248    0.000    259.087  2.5982e-06  1.9319e+00
   43.000   25.163    3.141    0.000    259.045  2.5323e-06  1.8827e+00
   43.200   25.448    3.144    0.000    258.997  2.4683e-06  1.8347e+00
   43.400   25.729    3.251    0.000    258.941  2.4059e-06  1.7879e+00
   43.600   26.006    3.452    0.000    258.874  2.3451e-06  1.7423e+00
   43.800   26.281    3.742    0.000    258.796  2.2860e-06  1.6979e+00
   44.000   26.552    4.110    0.000    258.704  2.2284e-06  1.6546e+00
   44.200   26.820    4.550    0.000    258.597  2.1724e-06  1.6123e+00
   44.400   27.085    5.053    0.000    258.473  2.1179e-06  1.5711e+00
   44.600   27.348    5.612    0.000    258.331  2.0649e-06  1.5309e+00
   44.800   27.607    6.218    0.000    258.168  2.0133e-06  1.4917e+00
   45.000   27.864    6.864    0.000    257.983  1.9630e-06  1.4535e+00
   45.200   28.118    7.542    0.000    257.775  1.9142e-06  1.4161e+00
   45.400   28.370    8.244    0.000    257.541  1.8667e-06  1.3797e+00
   45.600   28.619    8.961    0.000    257.280  1.8204e-06  1.3442e+00
   45.800   28.866    9.686    0.000    256.990  1.7755e-06  1.3095e+00
   46.000   29.111   10.412    0.000    256.669  1.7318e-06  1.2757e+00
   46.200   29.353   11.129    0.000    256.316  1.6892e-06  1.2426e+00
   46.400   29.594   11.830    0.000    255.929  1.6479e-06  1.2104e+00
   46.600   29.833   12.507    0.000    255.507  1.6077e-06  1.1789e+00
   46.800   30.069   13.153    0.000    255.047  1.5686e-06  1.1482e+00
   47.000   30.305   13.759    0.000    254.547  1.5306e-06  1.1182e+00
   47.200   30.538   14.317    0.000    254.007  1.4936e-06  1.0888e+00
   47.400   30.770   14.819    0.000    253.425  1.4577e-06  1.0602e+00
   47.600   31.000   15.258    0.000    252.798  1.4228e-06  1.0323e+00
   47.800   31.229   15.625    0.000    252.125  1.3889e-06  1.0050e+00
   48.000   31.457   15.915    0.000    251.406  1.3559e-06  9.7833e-01
   48.200   31.684   16.131    0.000    250.648  1.3238e-06  9.5231e-01
   48.400   31.911   16.285    0.000    249.860  1.2926e-06  9.2690e-01
   48.600   32.138   16.386    0.000    249.056  1.2621e-06  9.0212e-01
   48.800   32.367   16.443    0.000    248.244  1.2323e-06  8.7794e-01
   49.000   32.597   16.467    0.000    247.435  1.2031e-06  8.5436e-01
   49.200   32.829   16.468    0.000    246.641  1.1745e-06  8.3138e-01
   49.400   33.064   16.455    0.000    245.872  1.1464e-06  8.0899e-01
   49.600   33.302   16.439    0.000    245.139  1.1188e-06  7.8716e-01
   49.800   33.544   16.429    0.000    244.452  1.0917e-06  7.6591e-01
   50.000   33.791   16.436    0.000    243.823  1.0649e-06  7.4522e-01
   50.200   34.043   16.468    0.000    243.261  1.0385e-06  7.2507e-01
   50.400   34.301   16.537    0.000    242.778  1.0125e-06  7.0546e-01
   50.600   34.565   16.652    0.000    242.385  9.8669e-07  6.8638e-01
   50.800   34.836   16.821    0.000    242.090  9.6118e-07  6.6782e-01
   51.000   35.118   17.045    0.000    241.891  9.3597e-07  6.4977e-01
   51.200   35.415   17.320    0.000    241.782  9.1108e-07  6.3221e-01
   51.400   35.731   17.645    0.000    241.758  8.8656e-07  6.1513e-01
   51.600   36.070   18.016    0.000    241.812  8.6243e-07  5.9852e-01
   51.800   36.435   18.430    0.000    241.938  8.3871e-07  5.8237e-01
   52.000   36.832   18.885    0.000    242.131  8.1544e-07  5.6666e-01
   52.200   37.265   19.377    0.000    242.384  7.9262e-07  5.5138e-01
   52.400   37.737   19.904    0.000    242.691  7.7029e-07  5.3652e-01
   52.600   38.253   20.463    0.000    243.047  7.4845e-07  5.2207e-01
   52.800   38.816   21.051    0.000    243.445  7.2711e-07  5.0802e-01
   53.000   39.432   21.665    0.000    243.879  7.0630e-07  4.9436e-01
   53.200   40.104   22.303    0.000    244.343  6.8601e-07  4.8108e-01
   53.400   40.836   22.961    0.000    244.832  6.6626e-07  4.6816e-01
   53.600   41.631   23.636    0.000    245.339  6.4704e-07  4.5560e-01
   53.800   42.486   24.324    0.000    245.860  6.2837e-07  4.4339e-01
   54.000   43.398   25.020    0.000    246.389  6.1022e-07  4.3151e-01
   54.200   44.362   25.720    0.000    246.921  5.9261e-07  4.1996e-01
   54.400   45.373   26.418    0.000    247.453  5.7553e-07  4.0873e-01
   54.600   46.428   27.111    0.000    247.979  5.5897e-07  3.9782e-01
   54.800   47.522   27.793    0.000    248.494  5.4292e-07  3.8720e-01
   55.000   48.651   28.459    0.000    248.993  5.2739e-07  3.7687e-01
   55.200   49.811   29.105    0.000    249.471  5.1235e-07  3.6683e-01
   55.400   50.997   29.726    0.000    249.925  4.9781e-07  3.5707e-01
   55.600   52.205   30.318    0.000    250.348  4.8376e-07  3.4758e-01
   55.800   53.432   30.875    0.000    250.736  4.7018e-07  3.3834e-01
   56.000   54.672   31.393    0.000    251.085  4.5707e-07  3.2936e-01
   56.200   55.921   31.867    0.000    251.388  4.4441e-07  3.2063e-01
   56.400   57.176   32.293    0.000    251.643  4.3220e-07  3.1214e-01
   56.600   58.432   32.671    0.000    251.848  4.2042e-07  3.0388e-01
   56.800   59.684   33.001    0.000    252.002  4.0905e-07  2.9584e-01
   57.000   60.929   33.283    0.000    252.106  3.9808e-07  2.8802e-01
   57.200   62.162   33.519    0.000    252.160  3.8748e-07  2.8041e-01
   57.400   63.379   33.710    0.000    252.163  3.7725e-07  2.7301e-01
   57.600   64.575   33.855    0.000    252.115  3.6736e-07  2.6581e-01
   57.800   65.747   33.956    0.000    252.016  3.5781e-07  2.5879e-01
   58.000   66.891   34.013    0.000    251.867  3.4858e-07  2.5197e-01
   58.200   68.001   34.027    0.000    251.666  3.3966e-07  2.4532e-01
   58.400   69.073   33.998    0.000    251.414  3.3103e-07  2.3885e-01
   58.600   70.105   33.927    0.000    251.110  3.2268e-07  2.3254e-01
   58.800   71.090   33.816    0.000    250.755  3.1461e-07  2.2641e-01
   59.000   72.025   33.663    0.000    250.349  3.0680e-07  2.2043e-01
   59.200   72.906   33.472    0.000    249.891  2.9925e-07  2.1460e-01
   59.400   73.731   33.245    0.000    249.384  2.9193e-07  2.0893e-01
   59.600   74.501   32.991    0.000    248.833  2.8484e-07  2.0340e-01
   59.800   75.215   32.716    0.000    248.242  2.7795e-07  1.9801e-01
   60.000   75.874   32.427    0.000    247.616  2.7127e-07  1.9276e-01
   60.200   76.477   32.131    0.000    246.959  2.6477e-07  1.8764e-01
   60.400   77.025   31.836    0.000    246.275  2.5844e-07  1.8265e-01
   60.600   77.517   31.547    0.000    245.569  2.5228e-07  1.7778e-01
   60.800   77.953   31.273    0.000    244.846  2.4627e-07  1.7303e-01
   61.000   78.335   31.019    0.000    244.109  2.4040e-07  1.6840e-01
   61.200   78.661   30.794    0.000    243.364  2.3467e-07  1.6388e-01
   61.400   78.931   30.603    0.000    242.614  2.2906e-07  1.5947e-01
   61.600   79.146   30.454    0.000    241.865  2.2358e-07  1.5517e-01
   61.800   79.306   30.354    0.000    241.119  2.1820e-07  1.5097e-01
   62.000   79.411   30.308    0.000    240.383  2.1293e-07  1.4687e-01
   62.200   79.464   30.315    0.000    239.656  2.0776e-07  1.4287e-01
   62.400   79.470   30.364    0.000    238.939  2.0270e-07  1.3897e-01
   62.600   79.435   30.448    0.000    238.230  1.9773e-07  1.3516e-01
   62.800   79.364   30.556    0.000    237.528  1.9286e-07  1.3144e-01
   63.000   79.263   30.681    0.000    236.833  1.8810e-07  1.2781e-01
   63.200   79.135   30.812    0.000    236.144  1.8343e-07  1.2428e-01
   63.400   78.987   30.942    0.000    235.459  1.7885e-07  1.2082e-01
   63.600   78.824   31.061    0.000    234.780  1.7438e-07  1.1746e-01
   63.800   78.651   31.160    0.000    234.103  1.7000e-07  1.1417e-01
   64.000   78.474   31.230    0.000    233.430  1.6571e-07  1.1097e-01
   64.200   78.296   31.262    0.000    232.758  1.6151e-07  1.0784e-01
   64.400   78.125   31.247    0.000    232.088  1.5741e-07  1.0480e-01
   64.600   77.964   31.176    0.000    231.418  1.5340e-07  1.0183e-01
   64.800   77.816   31.044    0.000    230.748  1.4948e-07  9.8931e-02
   65.000   77.682   30.849    0.000    230.078  1.4564e-07  9.6109e-02
   65.200   77.557   30.595    0.000    229.408  1.4189e-07  9.3358e-02
   65.400   77.439   30.281    0.000    228.739  1.3823e-07  9.0679e-02
   65.600   77.327   29.910    0.000    228.071  1.3466e-07  8.8069e-02
   65.800   77.218   29.483    0.000    227.403  1.3116e-07  8.5527e-02
   66.000   77.110   29.000    0.000    226.736  1.2775e-07  8.3052e-02
   66.200   77.000   28.465    0.000    226.071  1.2442e-07  8.0643e-02
   66.400   76.886   27.877    0.000    225.407  1.2117e-07  7.8299e-02
   66.600   76.765   27.238    0.000    224.745  1.1800e-07  7.6018e-02
   66.800   76.635   26.549    0.000    224.085  1.1491e-07  7.3799e-02
   67.000   76.494   25.813    0.000    223.429  1.1189e-07  7.1641e-02
   67.200   76.340   25.029    0.000    222.775  1.0895e-07  6.9543e-02
   67.400   76.169   24.201    0.000    222.125  1.0607e-07  6.7503e-02
   67.600   75.981   23.330    0.000    221.481  1.0328e-07  6.5521e-02
   67.800   75.773   22.420    0.000    220.843  1.0055e-07  6.3595e-02
   68.000   75.543   21.474    0.000    220.213  9.7885e-08  6.1724e-02
   68.200   75.290   20.494    0.000    219.593  9.5291e-08  5.9907e-02
   68.400   75.012   19.484    0.000    218.985  9.2761e-08  5.8143e-02
   68.600   74.707   18.447    0.000    218.389  9.0296e-08  5.6430e-02
   68.800   74.373   17.385    0.000    217.808  8.7893e-08  5.4768e-02
   69.000   74.008   16.302    0.000    217.244  8.5551e-08  5.3156e-02
   69.200   73.610   15.202    0.000    216.698  8.3269e-08  5.1592e-02
   69.400   73.177   14.087    0.000    216.172  8.1045e-08  5.0076e-02
   69.600   72.707   12.961    0.000    215.668  7.8878e-08  4.8606e-02
   69.800   72.198   11.827    0.000    215.189  7.6768e-08  4.7182e-02
   70.000   71.650   10.689    0.000    214.737  7.4713e-08  4.5803e-02
   70.200   71.064    9.550    0.000    214.313  7.2712e-08  4.4468e-02
   70.400   70.440    8.413    0.000    213.921  7.0764e-08  4.3176e-02
   70.600   69.780    7.283    0.000    213.563  6.8868e-08  4.1927e-02
   70.800   69.084    6.162    0.000    213.241  6.7023e-08  4.0719e-02
   71.000   68.353    5.055    0.000    212.958  6.5229e-08  3.9553e-02
   71.200   67.587    3.965    0.000    212.715  6.3484e-08  3.8426e-02
   71.400   66.788    2.897    0.000    212.516  6.1788e-08  3.7338e-02
   71.600   65.955    1.856    0.000    212.362  6.0138e-08  3.6288e-02
   71.800   65.092    0.845    0.000    212.254  5.8535e-08  3.5276e-02
   72.000   64.197   -0.131    0.000    212.195  5.6977e-08  3.4299e-02
   72.200   63.273   -1.066    0.000    212.185  5.5463e-08  3.3358e-02
   72.400   62.321   -1.958    0.000    212.225  5.3993e-08  3.2451e-02
   72.600   61.343   -2.802    0.000    212.313  5.2654e-08  3.1609e-02
   72.800   60.341   -3.594    0.000    212.445  5.1272e-08  3.0769e-02
   73.000   59.319   -4.331    0.000    212.616  4.9932e-08  2.9960e-02
   73.200   58.278   -5.009    0.000    212.825  4.8633e-08  2.9181e-02
   73.400   57.222   -5.624    0.000    213.068  4.7374e-08  2.8430e-02
   73.600   56.153   -6.172    0.000    213.342  4.6153e-08  2.7707e-02
   73.800   55.074   -6.651    0.000    213.640  4.4968e-08  2.7009e-02
   74.000   53.988   -7.057    0.000    213.960  4.3818e-08  2.6336e-02
   74.200   52.898   -7.388    0.000    214.295  4.2701e-08  2.5685e-02
   74.400   51.809   -7.642    0.000    214.641  4.1615e-08  2.5055e-02
   74.600   50.723   -7.816    0.000    214.993  4.0558e-08  2.4445e-02
   74.800   49.643   -7.910    0.000    215.343  3.9529e-08  2.3853e-02
   75.000   48.573   -7.924    0.000    215.686  3.8525e-08  2.3278e-02
   75.200   47.514   -7.858    0.000    216.016  3.7547e-08  2.2717e-02
   75.400   46.470   -7.715    0.000    216.327  3.6592e-08  2.2170e-02
   75.600   45.442   -7.496    0.000    216.614  3.5658e-08  2.1636e-02
   75.800   44.435   -7.205    0.000    216.871  3.4746e-08  2.1113e-02
   76.000   43.451   -6.844    0.000    217.096  3.3855e-08  2.0601e-02
   76.200   42.492   -6.419    0.000    217.284  3.2982e-08  2.0098e-02
   76.400   41.562   -5.932    0.000    217.433  3.2129e-08  1.9604e-02
   76.600   40.664   -5.390    0.000    217.540  3.1294e-08  1.9119e-02
   76.800   39.799   -4.796    0.000    217.603  3.0477e-08  1.8641e-02
   77.000   38.972   -4.156    0.000    217.622  2.9679e-08  1.8171e-02
   77.200   38.184   -3.475    0.000    217.595  2.8897e-08  1.7708e-02
   77.400   37.437   -2.758    0.000    217.524  2.8133e-08  1.7252e-02
   77.600   36.734   -2.011    0.000    217.409  2.7386e-08  1.6804e-02
   77.800   36.076   -1.239    0.000    217.252  2.6656e-08  1.6362e-02
   78.000   35.466   -0.447    0.000    217.053  2.5943e-08  1.5927e-02
   78.200   34.904    0.360    0.000    216.814  2.5246e-08  1.5499e-02
   78.400   34.393    1.178    0.000    216.537  2.4566e-08  1.5078e-02
   78.600   33.933    2.002    0.000    216.223  2.3901e-08  1.4665e-02
   78.800   33.527    2.829    0.000    215.875  2.3253e-08  1.4259e-02
   79.000   33.174    3.655    0.000    215.495  2.2621e-08  1.3860e-02
   79.200   32.877    4.477    0.000    215.083  2.2004e-08  1.3468e-02
   79.400   32.636    5.291    0.000    214.643  2.1403e-08  1.3085e-02
   79.600   32.453    6.094    0.000    214.176  2.0816e-08  1.2709e-02
   79.800   32.328    6.883    0.000    213.683  2.0245e-08  1.2341e-02
   80.000   32.262    7.657    0.000    213.167  1.9687e-08  1.1980e-02
   80.200   32.255    8.412    0.000    212.628  1.9144e-08  1.1628e-02
   80.400   32.306    9.147    0.000    212.069  1.8615e-08  1.1283e-02
   80.600   32.411    9.863    0.000    211.491  1.8099e-08  1.0947e-02
   80.800   32.567   10.557    0.000    210.895  1.7596e-08  1.0618e-02
   81.000   32.771   11.229    0.000    210.283  1.7106e-08  1.0297e-02
   81.200   33.021   11.880    0.000    209.656  1.6628e-08  9.9841e-03
   81.400   33.313   12.507    0.000    209.015  1.6163e-08  9.6788e-03
   81.600   33.643   13.112    0.000    208.360  1.5710e-08  9.3812e-03
   81.800   34.009   13.693    0.000    207.694  1.5268e-08  9.0912e-03
   82.000   34.408   14.251    0.000    207.017  1.4838e-08  8.8086e-03
   82.200   34.837   14.784    0.000    206.329  1.4419e-08  8.5335e-03
   82.400   35.292   15.294    0.000    205.632  1.4010e-08  8.2657e-03
   82.600   35.771   15.778    0.000    204.927  1.3613e-08  8.0050e-03
   82.800   36.270   16.238    0.000    204.213  1.3225e-08  7.7514e-03
   83.000   36.787   16.673    0.000    203.493  1.2847e-08  7.5047e-03
   83.200   37.318   17.083    0.000    202.765  1.2479e-08  7.2648e-03
   83.400   37.861   17.467    0.000    202.031  1.2121e-08  7.0315e-03
   83.600   38.413   17.825    0.000    201.292  1.1772e-08  6.8048e-03
   83.800   38.971   18.157    0.000    200.547  1.1432e-08  6.5844e-03
   84.000   39.532   18.463    0.000    199.798  1.1100e-08  6.3703e-03
   84.200   40.094   18.742    0.000    199.044  1.0777e-08  6.1623e-03
   84.400   40.652   18.994    0.000    198.287  1.0463e-08  5.9602e-03
   84.600   41.206   19.219    0.000    197.525  1.0157e-08  5.7640e-03
   84.800   41.752   19.417    0.000    196.761  9.8586e-09  5.5735e-03
   85.000   42.287   19.587    0.000    195.994  9.5681e-09  5.3886e-03
   85.200   42.809   19.729    0.000    195.224  9.2852e-09  5.2090e-03
   85.400   43.317   19.840    0.000    194.452  9.0098e-09  5.0348e-03
   85.600   43.808   19.920    0.000    193.678  8.7415e-09  4.8658e-03
   85.800   44.282   19.965    0.000    192.903  8.4803e-09  4.7017e-03
   86.000   44.737   19.974    0.000    192.126  8.2260e-09  4.5426e-03
   86.200   45.172   19.945    0.000    191.347  7.9784e-09  4.3883e-03
   86.400   45.586   19.875    0.000    190.568  7.7373e-09  4.2387e-03
   86.600   45.976   19.762    0.000    189.788  7.5027e-09  4.0935e-03
   86.800   46.343   19.605    0.000    189.008  7.2743e-09  3.9529e-03
   87.000   46.684   19.401    0.000    188.227  7.0519e-09  3.8165e-03
   87.200   46.999   19.148    0.000    187.446  6.8356e-09  3.6843e-03
   87.400   47.286   18.844    0.000    186.665  6.6251e-09  3.5562e-03
   87.600   47.543   18.487    0.000    185.884  6.4202e-09  3.4321e-03
   87.800   47.770   18.074    0.000    185.104  6.2209e-09  3.3119e-03
   88.000   47.965   17.605    0.000    184.324  6.0270e-09  3.1954e-03
   88.200   48.127   17.075    0.000    183.545  5.8383e-09  3.0826e-03
   88.400   48.255   16.485    0.000    182.767  5.6549e-09  2.9734e-03
   88.600   48.347   15.830    0.000    181.990  5.4764e-09  2.8677e-03
   88.800   48.402   15.109    0.000    181.214  5.3029e-09  2.7653e-03
   89.000   48.420   14.321    0.000    180.439  5.1342e-09  2.6662e-03
   89.200   48.397   13.462    0.000    179.666  4.9702e-09  2.5702e-03
   89.400   48.335   12.532    0.000    178.894  4.8107e-09  2.4774e-03
   89.600   48.230   11.526    0.000    178.124  4.6557e-09  2.3876e-03
   89.800   48.082   10.445    0.000    177.356  4.5050e-09  2.3007e-03
   90.000   47.890    9.284    0.000    176.589  4.3586e-09  2.2167e-03
   90.200   47.652    8.045    0.000    175.825  4.2164e-09  2.1354e-03
   90.400   47.370    6.733    0.000    175.064  4.0781e-09  2.0568e-03
   90.600   47.042    5.358    0.000    174.307  3.9438e-09  1.9809e-03
   90.800   46.670    3.928    0.000    173.557  3.8132e-09  1.9074e-03
   91.000   46.253    2.451    0.000    172.813  3.6864e-09  1.8364e-03
   91.200   45.793    0.936    0.000    172.076  3.5631e-09  1.7678e-03
   91.400   45.289   -0.608    0.000    171.349  3.4433e-09  1.7016e-03
   91.600   44.743   -2.173    0.000    170.632  3.3269e-09  1.6375e-03
   91.800   44.153   -3.751    0.000    169.926  3.2138e-09  1.5757e-03
   92.000   43.521   -5.332    0.000    169.232  3.1039e-09  1.5160e-03
   92.200   42.847   -6.908    0.000    168.550  2.9971e-09  1.4583e-03
   92.400   42.131   -8.472    0.000    167.882  2.8934e-09  1.4027e-03
   92.600   41.374  -10.013    0.000    167.229  2.7927e-09  1.3490e-03
   92.800   40.576  -11.524    0.000    166.591  2.6950e-09  1.2972e-03
   93.000   39.737  -12.996    0.000    165.970  2.6000e-09  1.2472e-03
   93.200   38.858  -14.421    0.000    165.365  2.5079e-09  1.1990e-03
   93.400   37.938  -15.790    0.000    164.779  2.4185e-09  1.1525e-03
   93.600   36.980  -17.094    0.000    164.211  2.3317e-09  1.1077e-03
   93.800   35.982  -18.324    0.000    163.662  2.2475e-09  1.0646e-03
   94.000   34.945  -19.474    0.000    163.133  2.1659e-09  1.0229e-03
   94.200   33.870  -20.533    0.000    162.624  2.0867e-09  9.8285e-04
   94.400   32.756  -21.493    0.000    162.137  2.0100e-09  9.4423e-04
   94.600   31.605  -22.346    0.000    161.673  1.9356e-09  9.0705e-04
   94.800   30.416  -23.083    0.000    161.231  1.8636e-09  8.7125e-04
   95.000   29.190  -23.695    0.000    160.812  1.7938e-09  8.3679e-04
   95.200   27.928  -24.177    0.000    160.417  1.7262e-09  8.0363e-04
   95.400   26.633  -24.529    0.000    160.048  1.6608e-09  7.7173e-04
   95.600   25.311  -24.755    0.000    159.704  1.5975e-09  7.4104e-04
   95.800   23.965  -24.860    0.000    159.385  1.5362e-09  7.1152e-04
   96.000   22.600  -24.846    0.000    159.094  1.4769e-09  6.8314e-04
   96.200   21.221  -24.717    0.000    158.831  1.4196e-09  6.5587e-04
   96.400   19.832  -24.477    0.000    158.596  1.3642e-09  6.2965e-04
   96.600   18.437  -24.129    0.000    158.389  1.3107e-09  6.0446e-04
   96.800   17.041  -23.678    0.000    158.213  1.2590e-09  5.8026e-04
   97.000   15.648  -23.126    0.000    158.067  1.2091e-09  5.5702e-04
   97.200   14.264  -22.477    0.000    157.953  1.1608e-09  5.3470e-04
   97.400   12.891  -21.736    0.000    157.871  1.1143e-09  5.1328e-04
   97.600   11.535  -20.905    0.000    157.823  1.0694e-09  4.9271e-04
   97.800   10.200  -19.988    0.000    157.808  1.0261e-09  4.7298e-04
   98.000    8.891  -18.989    0.000    157.829  9.8431e-10  4.5404e-04
   98.200    7.612  -17.911    0.000    157.886  9.4405e-10  4.3588e-04
   98.400    6.368  -16.759    0.000    157.980  9.0525e-10  4.1846e-04
   98.600    5.163  -15.535    0.000    158.112  8.6787e-10  4.0176e-04
   98.800    4.001  -14.244    0.000    158.284  8.3187e-10  3.8574e-04
   99.000    2.886  -12.888    0.000    158.496  7.9721e-10  3.7040e-04
   99.200    1.825  -11.472    0.000    158.751  7.6385e-10  3.5569e-04
   99.400    0.820  -10.000    0.000    159.049  7.3174e-10  3.4160e-04
   99.600   -0.124   -8.474    0.000    159.392  7.0086e-10  3.2810e-04
   99.800   -1.002   -6.899    0.000    159.782  6.7116e-10  3.1516e-04
  100.000   -1.809   -5.277    0.000    160.220  6.4260e-10  3.0278e-04
  100.200   -2.543   -3.615    0.000    160.707  6.1515e-10  2.9093e-04
  100.400   -3.201   -1.919    0.000    161.245  5.8879e-10  2.7958e-04
  100.600   -3.784   -0.199    0.000    161.831  5.6347e-10  2.6872e-04
  100.800   -4.290    1.536    0.000    162.465  5.3918e-10  2.5832e-04
  101.000   -4.719    3.277    0.000    163.149  5.1588e-10  2.4837e-04
  101.200   -5.070    5.016    0.000    163.880  4.9355e-10  2.3885e-04
  101.400   -5.342    6.743    0.000    164.659  4.7214e-10  2.2975e-04
  101.600   -5.536    8.449    0.000    165.485  4.5164e-10  2.2104e-04
  101.800   -5.650   10.125    0.000    166.359  4.3201e-10  2.1270e-04
  102.000   -5.685   11.762    0.000    167.279  4.1322e-10  2.0473e-04
  102.200   -5.638   13.351    0.000    168.247  3.9525e-10  1.9711e-04
  102.400   -5.509   14.883    0.000    169.262  3.7805e-10  1.8981e-04
  102.600   -5.299   16.349    0.000    170.324  3.6161e-10  1.8284e-04
  102.800   -5.006   17.740    0.000    171.432  3.4588e-10  1.7616e-04
  103.000   -4.630   19.048    0.000    172.588  3.3086e-10  1.6978e-04
  103.200   -4.170   20.262    0.000    173.790  3.1650e-10  1.6367e-04
  103.400   -3.625   21.374    0.000    175.038  3.0278e-10  1.5783e-04
  103.600   -2.996   22.375    0.000    176.334  2.8968e-10  1.5224e-04
  103.800   -2.280   23.257    0.000    177.676  2.7717e-10  1.4689e-04
  104.000   -1.478   24.009    0.000    179.064  2.6522e-10  1.4178e-04
  104.200   -0.590   24.622    0.000    180.499  2.5382e-10  1.3688e-04
  104.400    0.387   25.089    0.000    181.981  2.4293e-10  1.3219e-04
  104.600    1.451   25.400    0.000    183.508  2.3254e-10  1.2771e-04
  104.800    2.605   25.546    0.000    185.083  2.2262e-10  1.2341e-04
  105.000    3.848   25.517    0.000    186.703  2.1316e-10  1.1930e-04
  105.200    5.179   25.308    0.000    188.369  2.0413e-10  1.1537e-04
  105.400    6.592   24.924    0.000    190.080  1.9551e-10  1.1160e-04
  105.600    8.080   24.373    0.000    191.837  1.8729e-10  1.0799e-04
  105.800    9.633   23.663    0.000    193.639  1.7944e-10  1.0453e-04
  106.000   11.243   22.802    0.000    195.485  1.7196e-10  1.0121e-04
  106.200   12.904   21.799    0.000    197.375  1.6483e-10  9.8035e-05
  106.400   14.605   20.661    0.000    199.309  1.5802e-10  9.4990e-05
  106.600   16.341   19.397    0.000    201.285  1.5152e-10  9.2071e-05
  106.800   18.101   18.014    0.000    203.303  1.4533e-10  8.9271e-05
  107.000   19.879   16.521    0.000    205.361  1.3942e-10  8.6585e-05
  107.200   21.666   14.926    0.000    207.460  1.3378e-10  8.4009e-05
  107.400   23.454   13.236    0.000    209.597  1.2840e-10  8.1536e-05
  107.600   25.235   11.461    0.000    211.771  1.2327e-10  7.9163e-05
  107.800   27.001    9.608    0.000    213.981  1.1838e-10  7.6884e-05
  108.000   28.744    7.685    0.000    216.225  1.1372e-10  7.4695e-05
  108.200   30.456    5.700    0.000    218.501  1.0926e-10  7.2592e-05
  108.400   32.128    3.662    0.000    220.807  1.0502e-10  7.0571e-05
  108.600   33.753    1.578    0.000    223.141  1.0097e-10  6.8629e-05
  108.800   35.322   -0.543    0.000    225.500  9.7104e-11  6.6761e-05
  109.000   36.828   -2.693    0.000    227.881  9.3418e-11  6.4965e-05
  109.200   38.261   -4.865    0.000    230.282  8.9903e-11  6.3236e-05
  109.400   39.615   -7.049    0.000    232.698  8.6549e-11  6.1572e-05
  109.600   40.882   -9.239    0.000    235.128  8.3350e-11  5.9970e-05
  109.800   42.052  -11.425    0.000    237.566  8.0298e-11  5.8427e-05
  110.000   43.118  -13.600    0.000    240.008  7.7388e-11  5.6940e-05
  110.200   44.074  -15.757    0.000    242.451  7.4611e-11  5.5506e-05
  110.400   44.920  -17.894    0.000    244.894  7.1962e-11  5.4124e-05
  110.600   45.660  -20.011    0.000    247.336  6.9433e-11  5.2790e-05
  110.800   46.295  -22.106    0.000    249.775  6.7017e-11  5.1503e-05
  111.000   46.829  -24.180    0.000    252.212  6.4710e-11  5.0260e-05
  111.200   47.265  -26.231    0.000    254.645  6.2504e-11  4.9060e-05
  111.400   47.604  -28.259    0.000    257.075  6.0396e-11  4.7901e-05
  111.600   47.851  -30.264    0.000    259.499  5.8379e-11  4.6780e-05
  111.800   48.006  -32.244    0.000    261.919  5.6449e-11  4.5697e-05
  112.000   48.074  -34.199    0.000    264.332  5.4601e-11  4.4649e-05
  112.200   48.057  -36.129    0.000    266.739  5.2832e-11  4.3635e-05
  112.400   47.958  -38.033    0.000    269.139  5.1138e-11  4.2654e-05
  112.600   47.778  -39.910    0.000    271.531  4.9514e-11  4.1703e-05
  112.800   47.522  -41.759    0.000    273.915  4.7957e-11  4.0783e-05
  113.000   47.192  -43.581    0.000    276.290  4.6463e-11  3.9892e-05
  113.200   46.789  -45.374    0.000    278.656  4.5031e-11  3.9028e-05
  113.400   46.318  -47.138    0.000    281.012  4.3656e-11  3.8190e-05
  113.600   45.781  -48.872    0.000    283.358  4.2336e-11  3.7378e-05
  113.800   45.180  -50.576    0.000    285.694  4.1068e-11  3.6590e-05
  114.000   44.519  -52.248    0.000    288.019  3.9850e-11  3.5825e-05
  114.200   43.799  -53.889    0.000    290.332  3.8679e-11  3.5083e-05
  114.400   43.024  -55.498    0.000    292.634  3.7554e-11  3.4362e-05
  114.600   42.196  -57.073    0.000    294.925  3.6471e-11  3.3663e-05
  114.800   41.319  -58.615    0.000    297.203  3.5430e-11  3.2983e-05
  115.000   40.394  -60.123    0.000    299.470  3.4427e-11  3.2322e-05
  115.200   39.424  -61.597    0.000    301.724  3.3462e-11  3.1680e-05
  115.400   38.413  -63.035    0.000    303.967  3.2532e-11  3.1056e-05
  115.600   37.362  -64.437    0.000    306.196  3.1636e-11  3.0448e-05
  115.800   36.275  -65.802    0.000    308.414  3.0773e-11  2.9858e-05
  116.000   35.154  -67.130    0.000    310.620  2.9941e-11  2.9283e-05
  116.200   34.002  -68.420    0.000    312.813  2.9138e-11  2.8724e-05
  116.400   32.822  -69.672    0.000    314.995  2.8363e-11  2.8179e-05
  116.600   31.616  -70.885    0.000    317.165  2.7615e-11  2.7649e-05
  116.800   30.388  -72.058    0.000    319.324  2.6894e-11  2.7133e-05
  117.000   29.139  -73.191    0.000    321.472  2.6196e-11  2.6630e-05
  117.200   27.872  -74.283    0.000    323.609  2.5523e-11  2.6140e-05
  117.400   26.591  -75.333    0.000    325.736  2.4872e-11  2.5662e-05
  117.600   25.298  -76.341    0.000    327.853  2.4242e-11  2.5197e-05
  117.800   23.994  -77.307    0.000    329.962  2.3634e-11  2.4743e-05
  118.000   22.681  -78.230    0.000    332.061  2.3045e-11  2.4300e-05
  118.200   21.361  -79.111    0.000    334.154  2.2475e-11  2.3869e-05
  118.400   20.034  -79.949    0.000    336.239  2.1923e-11  2.3447e-05
  118.600   18.702  -80.744    0.000    338.318  2.1389e-11  2.3036e-05
  118.800   17.365  -81.497    0.000    340.391  2.0871e-11  2.2635e-05
  119.000   16.025  -82.207    0.000    342.460  2.0369e-11  2.2244e-05
  119.200   14.684  -82.875    0.000    344.526  1.9883e-11  2.1862e-05
  119.400   13.341  -83.500    0.000    346.589  1.9411e-11  2.1489e-05
  119.600   11.999  -84.082    0.000    348.651  1.8954e-11  2.1124e-05
  119.800   10.659  -84.621    0.000    350.713  1.8510e-11  2.0769e-05
  120.000    9.322  -85.117    0.000    352.776  1.8079e-11  2.0421e-05
  120.200    7.989  -85.571    0.000    354.841  1.7660e-11  2.0081e-05
  120.400    6.660  -85.982    0.000    356.911  1.7254e-11  1.9750e-05
  120.600    5.339  -86.349    0.000    358.986  1.6859e-11  1.9425e-05
  120.800    4.025  -86.674    0.000    361.068  1.6475e-11  1.9109e-05
  121.000    2.720  -86.956    0.000    363.158  1.6102e-11  1.8799e-05
  121.200    1.424  -87.195    0.000    365.258  1.5739e-11  1.8496e-05
  121.400    0.140  -87.391    0.000    367.371  1.5386e-11  1.8200e-05
  121.600   -1.131  -87.544    0.000    369.497  1.5042e-11  1.7911e-05
  121.800   -2.389  -87.653    0.000    371.639  1.4707e-11  1.7628e-05
  122.000   -3.632  -87.720    0.000    373.799  1.4382e-11  1.7351e-05
  122.200   -4.859  -87.743    0.000    375.978  1.4064e-11  1.7080e-05
  122.400   -6.069  -87.723    0.000    378.180  1.3755e-11  1.6816e-05
  122.600   -7.261  -87.660    0.000    380.406  1.3453e-11  1.6557e-05
  122.800   -8.433  -87.554    0.000    382.659  1.3159e-11  1.6303e-05
  123.000   -9.584  -87.404    0.000    384.941  1.2872e-11  1.6055e-05
  123.200  -10.713  -87.211    0.000    387.254  1.2592e-11  1.5813e-05
  123.400  -11.818  -86.975    0.000    389.603  1.2319e-11  1.5576e-05
  123.600  -12.900  -86.696    0.000    390.304  1.2100e-11  1.5338e-05
  123.800  -13.955  -86.373    0.000    392.482  1.1845e-11  1.5110e-05
  124.000  -14.984  -86.006    0.000    394.642  1.1597e-11  1.4886e-05
  124.200  -15.985  -85.596    0.000    396.785  1.1356e-11  1.4668e-05
  124.400  -16.956  -85.143    0.000    398.911  1.1122e-11  1.4453e-05
  124.600  -17.897  -84.646    0.000    401.019  1.0895e-11  1.4244e-05
  124.800  -18.806  -84.106    0.000    403.110  1.0674e-11  1.4038e-05
  125.000  -19.682  -83.522    0.000    405.185  1.0459e-11  1.3837e-05
  125.200  -20.525  -82.894    0.000    407.242  1.0250e-11  1.3639e-05
  125.400  -21.333  -82.225    0.000    409.283  1.0047e-11  1.3446e-05
  125.600  -22.109  -81.514    0.000    411.307  9.8494e-12  1.3256e-05
  125.800  -22.853  -80.763    0.000    413.314  9.6569e-12  1.3070e-05
  126.000  -23.565  -79.973    0.000    415.306  9.4696e-12  1.2888e-05
  126.200  -24.246  -79.146    0.000    417.281  9.2872e-12  1.2709e-05
  126.400  -24.896  -78.283    0.000    419.240  9.1096e-12  1.2534e-05
  126.600  -25.517  -77.385    0.000    421.184  8.9366e-12  1.2362e-05
  126.800  -26.108  -76.453    0.000    423.111  8.7680e-12  1.2193e-05
  127.000  -26.671  -75.488    0.000    425.023  8.6037e-12  1.2027e-05
  127.200  -27.206  -74.493    0.000    426.920  8.4437e-12  1.1864e-05
  127.400  -27.714  -73.467    0.000    428.801  8.2876e-12  1.1705e-05
  127.600  -28.195  -72.412    0.000    430.667  8.1354e-12  1.1548e-05
  127.800  -28.650  -71.329    0.000    432.518  7.9871e-12  1.1394e-05
  128.000  -29.079  -70.220    0.000    434.353  7.8423e-12  1.1243e-05
  128.200  -29.484  -69.086    0.000    436.174  7.7012e-12  1.1095e-05
  128.400  -29.864  -67.928    0.000    437.980  7.5634e-12  1.0950e-05
  128.600  -30.222  -66.748    0.000    439.772  7.4290e-12  1.0807e-05
  128.800  -30.556  -65.546    0.000    441.549  7.2978e-12  1.0666e-05
  129.000  -30.867  -64.323    0.000    443.311  7.1697e-12  1.0528e-05
  129.200  -31.158  -63.082    0.000    445.060  7.0446e-12  1.0392e-05
  129.400  -31.427  -61.822    0.000    446.794  6.9225e-12  1.0259e-05
  129.600  -31.676  -60.546    0.000    448.514  6.8032e-12  1.0128e-05
  129.800  -31.905  -59.255    0.000    450.220  6.6867e-12  9.9996e-06
  130.000  -32.115  -57.950    0.000    451.912  6.5729e-12  9.8731e-06
  130.200  -32.307  -56.632    0.000    453.591  6.4616e-12  9.7488e-06
  130.400  -32.481  -55.302    0.000    455.256  6.3529e-12  9.6265e-06
  130.600  -32.637  -53.961    0.000    456.907  6.2466e-12  9.5063e-06
  130.800  -32.778  -52.612    0.000    458.546  6.1427e-12  9.3881e-06
  131.000  -32.902  -51.254    0.000    460.170  6.0412e-12  9.2719e-06
  131.200  -33.011  -49.890    0.000    461.782  5.9418e-12  9.1576e-06
  131.400  -33.106  -48.520    0.000    463.381  5.8447e-12  9.0452e-06
  131.600  -33.186  -47.146    0.000    464.967  5.7496e-12  8.9346e-06
  131.800  -33.254  -45.768    0.000    466.539  5.6567e-12  8.8258e-06
  132.000  -33.309  -44.389    0.000    468.100  5.5657e-12  8.7187e-06
  132.200  -33.352  -43.010    0.000    469.647  5.4767e-12  8.6134e-06
  132.400  -33.383  -41.631    0.000    471.182  5.3895e-12  8.5098e-06
  132.600  -33.404  -40.253    0.000    472.705  5.3043e-12  8.4078e-06
  132.800  -33.415  -38.879    0.000    474.215  5.2208e-12  8.3074e-06
  133.000  -33.417  -37.509    0.000    475.713  5.1390e-12  8.2086e-06
  133.200  -33.410  -36.144    0.000    477.199  5.0590e-12  8.1114e-06
  133.400  -33.395  -34.787    0.000    478.673  4.9806e-12  8.0156e-06
  133.600  -33.373  -33.437    0.000    480.135  4.9038e-12  7.9214e-06
  133.800  -33.344  -32.096    0.000    481.585  4.8286e-12  7.8286e-06
  134.000  -33.309  -30.766    0.000    483.023  4.7549e-12  7.7372e-06
  134.200  -33.268  -29.447    0.000    484.450  4.6827e-12  7.6473e-06
  134.400  -33.223  -28.142    0.000    485.865  4.6120e-12  7.5587e-06
  134.600  -33.174  -26.850    0.000    487.269  4.5426e-12  7.4714e-06
  134.800  -33.121  -25.574    0.000    488.662  4.4747e-12  7.3855e-06
  135.000  -33.066  -24.314    0.000    490.043  4.4080e-12  7.3008e-06
  135.200  -33.009  -23.072    0.000    491.413  4.3427e-12  7.2174e-06
  135.400  -32.949  -21.847    0.000    492.772  4.2787e-12  7.1353e-06
  135.600  -32.888  -20.640    0.000    494.120  4.2159e-12  7.0543e-06
  135.800  -32.824  -19.450    0.000    495.457  4.1543e-12  6.9746e-06
  136.000  -32.759  -18.277    0.000    496.783  4.0939e-12  6.8960e-06
  136.200  -32.691  -17.122    0.000    498.099  4.0346e-12  6.8185e-06
  136.400  -32.622  -15.983    0.000    499.403  3.9765e-12  6.7422e-06
  136.600  -32.551  -14.860    0.000    500.698  3.9195e-12  6.6670e-06
  136.800  -32.478  -13.754    0.000    501.982  3.8635e-12  6.5929e-06
  137.000  -32.403  -12.664    0.000    503.255  3.8086e-12  6.5198e-06
  137.200  -32.327  -11.591    0.000    504.518  3.7547e-12  6.4478e-06
  137.400  -32.249  -10.533    0.000    505.771  3.7018e-12  6.3768e-06
  137.600  -32.169   -9.491    0.000    507.014  3.6499e-12  6.3068e-06
  137.800  -32.087   -8.465    0.000    508.247  3.5989e-12  6.2378e-06
  138.000  -32.004   -7.455    0.000    509.470  3.5489e-12  6.1698e-06
  138.200  -31.919   -6.459    0.000    510.683  3.4997e-12  6.1027e-06
  138.400  -31.832   -5.479    0.000    511.886  3.4515e-12  6.0366e-06
  138.600  -31.744   -4.514    0.000    513.079  3.4041e-12  5.9713e-06
  138.800  -31.655   -3.563    0.000    514.263  3.3576e-12  5.9070e-06
  139.000  -31.564   -2.628    0.000    515.438  3.3118e-12  5.8435e-06
  139.200  -31.472   -1.706    0.000    516.602  3.2669e-12  5.7809e-06
  139.400  -31.378   -0.799    0.000    517.758  3.2228e-12  5.7192e-06
  139.600  -31.282    0.093    0.000    518.904  3.1795e-12  5.6583e-06
  139.800  -31.186    0.972    0.000    520.040  3.1369e-12  5.5982e-06
  140.000  -31.088    1.837    0.000    521.168  3.0950e-12  5.5390e-06
  140.200  -30.988    2.688    0.000    522.286  3.0539e-12  5.4805e-06
  140.400  -30.888    3.526    0.000    523.396  3.0135e-12  5.4228e-06
  140.600  -30.786    4.351    0.000    524.497  2.9737e-12  5.3659e-06
  140.800  -30.683    5.162    0.000    525.588  2.9347e-12  5.3098e-06
  141.000  -30.578    5.960    0.000    526.671  2.8963e-12  5.2544e-06
  141.200  -30.473    6.746    0.000    527.745  2.8585e-12  5.1997e-06
  141.400  -30.366    7.518    0.000    528.810  2.8214e-12  5.1457e-06
  141.600  -30.258    8.278    0.000    529.867  2.7849e-12  5.0924e-06
  141.800  -30.149    9.026    0.000    530.915  2.7490e-12  5.0399e-06
  142.000  -30.039    9.762    0.000    531.955  2.7137e-12  4.9880e-06
  142.200  -29.928   10.485    0.000    532.987  2.6790e-12  4.9368e-06
  142.400  -29.816   11.197    0.000    534.010  2.6449e-12  4.8862e-06
  142.600  -29.703   11.897    0.000    535.025  2.6113e-12  4.8363e-06
  142.800  -29.589   12.586    0.000    536.031  2.5783e-12  4.7871e-06
  143.000  -29.474   13.263    0.000    537.030  2.5457e-12  4.7384e-06
  143.200  -29.359   13.929    0.000    538.020  2.5138e-12  4.6904e-06
  143.400  -29.242   14.584    0.000    539.003  2.4823e-12  4.6430e-06
  143.600  -29.124   15.228    0.000    539.977  2.4513e-12  4.5962e-06
  143.800  -29.006   15.861    0.000    540.944  2.4208e-12  4.5499e-06
  144.000  -28.887   16.483    0.000    541.903  2.3909e-12  4.5043e-06
  144.200  -28.767   17.096    0.000    542.854  2.3613e-12  4.4592e-06
  144.400  -28.646   17.698    0.000    543.797  2.3323e-12  4.4147e-06
  144.600  -28.524   18.290    0.000    544.733  2.3037e-12  4.3707e-06
  144.800  -28.402   18.872    0.000    545.662  2.2755e-12  4.3273e-06
  145.000  -28.279   19.444    0.000    546.583  2.2478e-12  4.2844e-06
  145.200  -28.155   20.007    0.000    547.496  2.2205e-12  4.2421e-06
  145.400  -28.031   20.560    0.000    548.402  2.1936e-12  4.2003e-06
  145.600  -27.906   21.104    0.000    549.301  2.1672e-12  4.1589e-06
  145.800  -27.781   21.639    0.000    550.192  2.1411e-12  4.1181e-06
  146.000  -27.655   22.166    0.000    551.077  2.1155e-12  4.0778e-06
  146.200  -27.528   22.683    0.000    551.954  2.0902e-12  4.0379e-06
  146.400  -27.401   23.192    0.000    552.824  2.0653e-12  3.9986e-06
  146.600  -27.274   23.692    0.000    553.687  2.0408e-12  3.9597e-06
  146.800  -27.145   24.184    0.000    554.543  2.0166e-12  3.9213e-06
  147.000  -27.017   24.668    0.000    555.393  1.9929e-12  3.8833e-06
  147.200  -26.888   25.144    0.000    556.235  1.9694e-12  3.8458e-06
  147.400  -26.759   25.612    0.000    557.071  1.9463e-12  3.8087e-06
  147.600  -26.629   26.073    0.000    557.900  1.9236e-12  3.7721e-06
  147.800  -26.499   26.526    0.000    558.722  1.9012e-12  3.7359e-06
  148.000  -26.368   26.972    0.000    559.537  1.8791e-12  3.7002e-06
  148.200  -26.237   27.410    0.000    560.346  1.8573e-12  3.6648e-06
  148.400  -26.106   27.842    0.000    561.149  1.8359e-12  3.6299e-06
  148.600  -25.975   28.267    0.000    561.945  1.8147e-12  3.5953e-06
  148.800  -25.843   28.686    0.000    562.735  1.7939e-12  3.5612e-06
  149.000  -25.711   29.097    0.000    563.518  1.7733e-12  3.5275e-06
  149.200  -25.579   29.503    0.000    564.295  1.7531e-12  3.4942e-06
  149.400  -25.447   29.902    0.000    565.066  1.7331e-12  3.4612e-06
  149.600  -25.315   30.296    0.000    565.830  1.7135e-12  3.4286e-06
  149.800  -25.182   30.684    0.000    566.589  1.6941e-12  3.3964e-06
  150.000  -25.049   31.066    0.000    567.341  1.6750e-12  3.3646e-06
  150.200  -24.917   31.442    0.000    568.087  1.6561e-12  3.3331e-06
  150.400  -24.784   31.813    0.000    568.827  1.6375e-12  3.3020e-06
  150.600  -24.651   32.179    0.000    569.561  1.6192e-12  3.2713e-06
  150.800  -24.518   32.539    0.000    570.290  1.6011e-12  3.2408e-06
  151.000  -24.385   32.894    0.000    571.012  1.5833e-12  3.2108e-06
  151.200  -24.252   33.243    0.000    571.729  1.5657e-12  3.1811e-06
  151.400  -24.118   33.587    0.000    572.440  1.5484e-12  3.1517e-06
  151.600  -23.985   33.926    0.000    573.145  1.5313e-12  3.1226e-06
  151.800  -23.852   34.260    0.000    573.844  1.5144e-12  3.0938e-06
  152.000  -23.719   34.588    0.000    574.538  1.4978e-12  3.0654e-06
  152.200  -23.585   34.911    0.000    575.227  1.4814e-12  3.0373e-06
  152.400  -23.452   35.229    0.000    575.909  1.4652e-12  3.0095e-06
  152.600  -23.319   35.542    0.000    576.587  1.4492e-12  2.9820e-06
  152.800  -23.185   35.850    0.000    577.258  1.4335e-12  2.9549e-06
  153.000  -23.052   36.153    0.000    577.925  1.4179e-12  2.9280e-06
  153.200  -22.919   36.450    0.000    578.586  1.4026e-12  2.9014e-06
  153.400  -22.785   36.743    0.000    579.242  1.3875e-12  2.8751e-06
  153.600  -22.652   37.030    0.000    579.892  1.3725e-12  2.8491e-06
  153.800  -22.519   37.313    0.000    580.537  1.3578e-12  2.8233e-06
  154.000  -22.386   37.591    0.000    581.177  1.3433e-12  2.7979e-06
  154.200  -22.253   37.863    0.000    581.812  1.3289e-12  2.7727e-06
  154.400  -22.120   38.131    0.000    582.442  1.3148e-12  2.7478e-06
  154.600  -21.987   38.394    0.000    583.067  1.3008e-12  2.7232e-06
  154.800  -21.854   38.653    0.000    583.686  1.2870e-12  2.6988e-06
  155.000  -21.721   38.906    0.000    584.301  1.2734e-12  2.6747e-06
  155.200  -21.588   39.155    0.000    584.911  1.2600e-12  2.6508e-06
  155.400  -21.456   39.399    0.000    585.516  1.2467e-12  2.6273e-06
  155.600  -21.323   39.638    0.000    586.116  1.2336e-12  2.6039e-06
  155.800  -21.191   39.873    0.000    586.711  1.2207e-12  2.5808e-06
  156.000  -21.058   40.103    0.000    587.301  1.2079e-12  2.5580e-06
  156.200  -20.926   40.328    0.000    587.887  1.1953e-12  2.5354e-06
  156.400  -20.794   40.549    0.000    588.468  1.1829e-12  2.5130e-06
  156.600  -20.662   40.765    0.000    589.044  1.1706e-12  2.4908e-06
  156.800  -20.531   40.976    0.000    589.616  1.1585e-12  2.4689e-06
  157.000  -20.399   41.183    0.000    590.183  1.1465e-12  2.4473e-06
  157.200  -20.268   41.386    0.000    590.745  1.1347e-12  2.4258e-06
  157.400  -20.136   41.584    0.000    591.303  1.1230e-12  2.4046e-06
  157.600  -20.005   41.778    0.000    591.857  1.1115e-12  2.3836e-06
  157.800  -19.874   41.968    0.000    592.406  1.1001e-12  2.3628e-06
  158.000  -19.744   42.153    0.000    592.951  1.0889e-12  2.3422e-06
  158.200  -19.613   42.333    0.000    593.491  1.0778e-12  2.3219e-06
  158.400  -19.483   42.510    0.000    594.027  1.0668e-12  2.3017e-06
  158.600  -19.353   42.682    0.000    594.559  1.0560e-12  2.2818e-06
  158.800  -19.223   42.850    0.000    595.086  1.0453e-12  2.2621e-06
  159.000  -19.093   43.013    0.000    595.609  1.0347e-12  2.2425e-06
  159.200  -18.964   43.173    0.000    596.128  1.0242e-12  2.2232e-06
  159.400  -18.834   43.328    0.000    596.643  1.0139e-12  2.2041e-06
  159.600  -18.705   43.480    0.000    597.153  1.0038e-12  2.1851e-06
  159.800  -18.577   43.627    0.000    597.660  9.9369e-13  2.1664e-06
  160.000  -18.448   43.770    0.000    598.162  9.8375e-13  2.1478e-06
  160.200  -18.320   43.909    0.000    598.661  9.7370e-13  2.1291e-06
  160.400  -18.192   44.044    0.000    599.155  9.6400e-13  2.1109e-06
  160.600  -18.065   44.175    0.000    599.646  9.5442e-13  2.0929e-06
  160.800  -17.937   44.302    0.000    600.132  9.4495e-13  2.0751e-06
  161.000  -17.810   44.425    0.000    600.615  9.3559e-13  2.0575e-06
  161.200  -17.683   44.544    0.000    601.094  9.2635e-13  2.0400e-06
  161.400  -17.557   44.660    0.000    601.569  9.1722e-13  2.0227e-06
  161.600  -17.431   44.772    0.000    602.040  9.0819e-13  2.0056e-06
  161.800  -17.305   44.879    0.000    602.507  8.9927e-13  1.9887e-06
  162.000  -17.179   44.983    0.000    602.971  8.9045e-13  1.9719e-06
  162.200  -17.054   45.084    0.000    603.431  8.8174e-13  1.9553e-06
  162.400  -16.929   45.180    0.000    603.887  8.7313e-13  1.9389e-06
  162.600  -16.805   45.273    0.000    604.339  8.6462e-13  1.9226e-06
  162.800  -16.681   45.362    0.000    604.788  8.5621e-13  1.9065e-06
  163.000  -16.557   45.448    0.000    605.233  8.4790e-13  1.8905e-06
  163.200  -16.434   45.530    0.000    605.675  8.3969e-13  1.8747e-06
  163.400  -16.311   45.608    0.000    606.113  8.3157e-13  1.8591e-06
  163.600  -16.188   45.683    0.000    606.548  8.2354e-13  1.8436e-06
  163.800  -16.066   45.754    0.000    606.979  8.1560e-13  1.8283e-06
  164.000  -15.944   45.822    0.000    607.407  8.0776e-13  1.8131e-06
  164.200  -15.822   45.886    0.000    607.831  8.0001e-13  1.7980e-06
  164.400  -15.701   45.947    0.000    608.252  7.9234e-13  1.7831e-06
  164.600  -15.580   46.005    0.000    608.670  7.8476e-13  1.7684e-06
  164.800  -15.460   46.059    0.000    609.084  7.7727e-13  1.7538e-06
  165.000  -15.340   46.110    0.000    609.495  7.6986e-13  1.7393e-06
  165.200  -15.221   46.157    0.000    609.902  7.6254e-13  1.7250e-06
  165.400  -15.102   46.202    0.000    610.307  7.5530e-13  1.7108e-06
  165.600  -14.983   46.242    0.000    610.708  7.4814e-13  1.6967e-06
  165.800  -14.865   46.280    0.000    611.106  7.4106e-13  1.6828e-06
  166.000  -14.748   46.315    0.000    611.500  7.3406e-13  1.6690e-06
  166.200  -14.630   46.346    0.000    611.892  7.2714e-13  1.6554e-06
  166.400  -14.514   46.374    0.000    612.280  7.2030e-13  1.6419e-06
  166.600  -14.398   46.400    0.000    612.665  7.1353e-13  1.6285e-06
  166.800  -14.282   46.422    0.000    613.047  7.0684e-13  1.6152e-06
  167.000  -14.167   46.441    0.000    613.427  7.0022e-13  1.6021e-06
  167.200  -14.052   46.457    0.000    613.803  6.9368e-13  1.5890e-06
  167.400  -13.938   46.470    0.000    614.176  6.8721e-13  1.5762e-06
  167.600  -13.824   46.480    0.000    614.546  6.8080e-13  1.5634e-06
  167.800  -13.711   46.487    0.000    614.913  6.7447e-13  1.5507e-06
  168.000  -13.598   46.491    0.000    615.277  6.6821e-13  1.5382e-06
  168.200  -13.486   46.492    0.000    615.638  6.6202e-13  1.5258e-06
  168.400  -13.374   46.491    0.000    615.997  6.5589e-13  1.5135e-06
  168.600  -13.263   46.486    0.000    616.352  6.4983e-13  1.5013e-06
  168.800  -13.153   46.479    0.000    616.705  6.4384e-13  1.4892e-06
  169.000  -13.043   46.469    0.000    617.055  6.3791e-13  1.4773e-06
  169.200  -12.933   46.456    0.000    617.402  6.3205e-13  1.4654e-06
  169.400  -12.824   46.441    0.000    617.746  6.2625e-13  1.4537e-06
  169.600  -12.716   46.423    0.000    618.087  6.2051e-13  1.4421e-06
  169.800  -12.608   46.402    0.000    618.426  6.1484e-13  1.4306e-06
  170.000  -12.501   46.379    0.000    618.762  6.0922e-13  1.4191e-06
  170.200  -12.395   46.353    0.000    619.096  6.0367e-13  1.4078e-06
  170.400  -12.289   46.325    0.000    619.426  5.9817e-13  1.3966e-06
  170.600  -12.184   46.294    0.000    619.754  5.9274e-13  1.3855e-06
  170.800  -12.079   46.260    0.000    620.080  5.8736e-13  1.3745e-06
  171.000  -11.975   46.224    0.000    620.403  5.8204e-13  1.3636e-06
  171.200  -11.872   46.186    0.000    620.723  5.7677e-13  1.3528e-06
  171.400  -11.769   46.145    0.000    621.040  5.7156e-13  1.3421e-06
  171.600  -11.667   46.102    0.000    621.356  5.6641e-13  1.3315e-06
  171.800  -11.565   46.056    0.000    621.668  5.6131e-13  1.3210e-06
  172.000  -11.464   46.008    0.000    621.978  5.5626e-13  1.3106e-06
  172.200  -11.364   45.958    0.000    622.286  5.5127e-13  1.3003e-06
  172.400  -11.265   45.906    0.000    622.591  5.4632e-13  1.2901e-06
  172.600  -11.166   45.851    0.000    622.894  5.4144e-13  1.2800e-06
  172.800  -11.068   45.794    0.000    623.194  5.3660e-13  1.2699e-06
  173.000  -10.970   45.735    0.000    623.492  5.3181e-13  1.2600e-06
  173.200  -10.873   45.674    0.000    623.788  5.2707e-13  1.2501e-06
  173.400  -10.777   45.610    0.000    624.081  5.2238e-13  1.2404e-06
  173.600  -10.682   45.545    0.000    624.372  5.1774e-13  1.2307e-06
  173.800  -10.587   45.477    0.000    624.660  5.1315e-13  1.2211e-06
  174.000  -10.493   45.408    0.000    624.946  5.0860e-13  1.2116e-06
  174.200  -10.400   45.336    0.000    625.230  5.0411e-13  1.2022e-06
  174.400  -10.308   45.263    0.000    625.512  4.9965e-13  1.1928e-06
  174.600  -10.216   45.187    0.000    625.791  4.9525e-13  1.1836e-06
  174.800  -10.125   45.110    0.000    626.068  4.9089e-13  1.1744e-06
  175.000  -10.035   45.030    0.000    626.343  4.8657e-13  1.1653e-06
  175.200   -9.945   44.949    0.000    626.616  4.8230e-13  1.1563e-06
  175.400   -9.856   44.866    0.000    626.887  4.7807e-13  1.1474e-06
  175.600   -9.769   44.781    0.000    627.155  4.7388e-13  1.1386e-06
  175.800   -9.681   44.695    0.000    627.421  4.6974e-13  1.1298e-06
  176.000   -9.595   44.606    0.000    627.686  4.6564e-13  1.1211e-06
  176.200   -9.509   44.516    0.000    627.948  4.6158e-13  1.1125e-06
  176.400   -9.425   44.424    0.000    628.207  4.5756e-13  1.1039e-06
  176.600   -9.341   44.331    0.000    628.465  4.5358e-13  1.0955e-06
  176.800   -9.258   44.236    0.000    628.721  4.4965e-13  1.0871e-06
  177.000   -9.175   44.139    0.000    628.975  4.4575e-13  1.0788e-06
  177.200   -9.094   44.041    0.000    629.227  4.4189e-13  1.0705e-06
  177.400   -9.013   43.941    0.000    629.476  4.3807e-13  1.0624e-06
  177.600   -8.933   43.840    0.000    629.724  4.3428e-13  1.0543e-06
  177.800   -8.854   43.737    0.000    629.970  4.3054e-13  1.0462e-06
  178.000   -8.776   43.633    0.000    630.214  4.2683e-13  1.0383e-06
  178.200   -8.699   43.527    0.000    630.456  4.2316e-13  1.0304e-06
  178.400   -8.622   43.420    0.000    630.695  4.1953e-13  1.0226e-06
  178.600   -8.547   43.312    0.000    630.933  4.1593e-13  1.0148e-06
  178.800   -8.472   43.202    0.000    631.169  4.1237e-13  1.0071e-06
  179.000   -8.398   43.091    0.000    631.404  4.0884e-13  9.9949e-07
  179.200   -8.325   42.978    0.000    631.636  4.0535e-13  9.9194e-07
  179.400   -8.253   42.865    0.000    631.867  4.0189e-13  9.8445e-07
  179.600   -8.182   42.750    0.000    632.095  3.9846e-13  9.7702e-07
  179.800   -8.112   42.634    0.000    632.322  3.9507e-13  9.6966e-07
  180.000   -8.043   42.517    0.000    632.547  3.9172e-13  9.6237e-07
