1.000  2.59874003e-04 -2.41760315e-04
2.000  1.88629023e-04 -1.65246745e-04
3.000  1.57765821e-04 -1.30018620e-04
4.000  1.39648068e-04 -1.08178924e-04
5.000  1.27402748e-04 -9.26346494e-05
6.000  1.18425914e-04 -8.05709829e-05
7.000  1.11495591e-04 -7.07852436e-05
8.000  1.05909724e-04 -6.25525408e-05
9.000  1.01269071e-04 -5.54350440e-05
10.000  9.73358342e-05 -4.91409270e-05
11.000  9.38960719e-05 -4.35195949e-05
12.000  9.08308059e-05 -3.84150484e-05
13.000  8.80820654e-05 -3.37289416e-05
14.000  8.56202565e-05 -2.93869468e-05
15.000  8.33728516e-05 -2.53282114e-05
16.000  8.13080435e-05 -2.15126223e-05
17.000  7.94039005e-05 -1.79353662e-05
18.000  7.76532347e-05 -1.45871356e-05
19.000  7.60341429e-05 -1.14290515e-05
20.000  7.45322298e-05 -8.44300474e-06
21.000  7.31165717e-05 -5.62811610e-06
22.000  7.17627648e-05 -2.98922327e-06
23.000  7.04577306e-05 -5.14978113e-07
24.000  6.91904247e-05  1.80094937e-06
25.000  6.79412812e-05  3.97629047e-06
26.000  6.66945314e-05  6.02725702e-06
27.000  6.54449860e-05  7.96907941e-06
28.000  6.41814408e-05  9.80880282e-06
29.000  6.28920059e-05  1.15542360e-05
30.000  6.15706395e-05  1.32058546e-05
31.000  6.02218636e-05  1.47654240e-05
32.000  5.88453962e-05  1.62454138e-05
33.000  5.74367657e-05  1.76642209e-05
34.000  5.59851268e-05  1.90312177e-05
35.000  5.44831143e-05  2.03448402e-05
36.000  5.29309485e-05  2.16047896e-05
37.000  5.13375925e-05  2.28159807e-05
38.000  4.97097240e-05  2.39886636e-05
39.000  4.80506349e-05  2.51319278e-05
40.000  4.63653087e-05  2.62519876e-05
41.000  4.46616305e-05  2.73503997e-05
42.000  4.29453961e-05  2.84277005e-05
43.000  4.12197763e-05  2.94804947e-05
44.000  3.94906143e-05  3.05014066e-05
45.000  3.77672855e-05  3.14829797e-05
46.000  3.60599030e-05  3.24242990e-05
47.000  3.43739418e-05  3.33287119e-05
48.000  3.27094186e-05  3.41977271e-05
49.000  3.10634969e-05  3.50279258e-05
50.000  2.94363424e-05  3.58131392e-05
51.000  2.78315997e-05  3.65478421e-05
52.000  2.62542993e-05  3.72284363e-05
53.000  2.47091551e-05  3.78531828e-05
54.000  2.32007907e-05  3.84214835e-05
55.000  2.17313262e-05  3.89340129e-05
56.000  2.02983467e-05  3.93907908e-05
57.000  1.88966503e-05  3.97889165e-05
58.000  1.75224227e-05  4.01224587e-05
59.000  1.61749619e-05  4.03865613e-05
60.000  1.48546067e-05  4.05803652e-05
61.000  1.35599822e-05  4.07060845e-05
62.000  1.22874827e-05  4.07657922e-05
63.000  1.10335670e-05  4.07607150e-05
64.000  9.79592292e-06  4.06929557e-05
65.000  8.57190401e-06  4.05664869e-05
66.000  7.35667473e-06  4.03852104e-05
67.000  6.14488038e-06  4.01504507e-05
68.000  4.93368480e-06  3.98613766e-05
69.000  3.72359014e-06  3.95180609e-05
70.000  2.51627880e-06  3.91239162e-05
71.000  1.31230187e-06  3.86852927e-05
72.000  1.10253426e-07  3.82095983e-05
73.000 -1.09257116e-06  3.77035625e-05
74.000 -2.29892640e-06  3.71722197e-05
75.000 -3.51013478e-06  3.66182753e-05
76.000 -4.72451719e-06  3.60426514e-05
77.000 -5.93673297e-06  3.54464803e-05
78.000 -7.13928356e-06  3.48332558e-05
79.000 -8.32557879e-06  3.42087713e-05
80.000 -9.49173022e-06  3.35787077e-05
81.000 -1.06356934e-05  3.29462074e-05
82.000 -1.17552890e-05  3.23115550e-05
83.000 -1.28473318e-05  3.16734390e-05
84.000 -1.39078809e-05  3.10300188e-05
85.000 -1.49325099e-05  3.03792569e-05
86.000 -1.59162316e-05  2.97193085e-05
87.000 -1.68539079e-05  2.90492946e-05
88.000 -1.77414713e-05  2.83694788e-05
89.000 -1.85769607e-05  2.76802031e-05
90.000 -1.93601740e-05  2.69805062e-05
91.000 -2.00913859e-05  2.62679507e-05
92.000 -2.07706989e-05  2.55396034e-05
93.000 -2.13984816e-05  2.47928025e-05
94.000 -2.19757745e-05  2.40249980e-05
95.000 -2.25038280e-05  2.32335348e-05
96.000 -2.29834595e-05  2.24162872e-05
97.000 -2.34152825e-05  2.15727580e-05
98.000 -2.38007943e-05  2.07044381e-05
99.000 -2.41432602e-05  1.98139465e-05
100.000 -2.44475785e-05  1.89036488e-05
101.000 -2.47192420e-05  1.79747246e-05
102.000 -2.49630554e-05  1.70270704e-05
103.000 -2.51821008e-05  1.60599815e-05
104.000 -2.53773734e-05  1.50734684e-05
105.000 -2.55485446e-05  1.40696457e-05
106.000 -2.56957168e-05  1.30531201e-05
107.000 -2.58209437e-05  1.20297442e-05
108.000 -2.59281619e-05  1.10045638e-05
109.000 -2.60215540e-05  9.98062926e-06
110.000 -2.61037971e-05  8.95950412e-06
111.000 -2.61755446e-05  7.94267216e-06
112.000 -2.62361036e-05  6.93245539e-06
113.000 -2.62842759e-05  5.93193951e-06
114.000 -2.63186772e-05  4.94449680e-06
115.000 -2.63377568e-05  3.97352984e-06
116.000 -2.63399551e-05  3.02237640e-06
117.000 -2.63239383e-05  2.09405931e-06
118.000 -2.62886080e-05  1.19093673e-06
119.000 -2.62328981e-05  3.14531293e-07
120.000 -2.61556062e-05 -5.34440688e-07
121.000 -2.60552979e-05 -1.35602286e-06
122.000 -2.59301298e-05 -2.15094430e-06
123.000 -2.57776497e-05 -2.92029709e-06
124.000 -2.55949137e-05 -3.66496920e-06
125.000 -2.53790903e-05 -4.38523662e-06
126.000 -2.51282262e-05 -5.08090776e-06
127.000 -2.48416576e-05 -5.75192391e-06
128.000 -2.45198930e-05 -6.39895800e-06
129.000 -2.41641963e-05 -7.02370226e-06
130.000 -2.37760975e-05 -7.62884746e-06
131.000 -2.33568958e-05 -8.21777961e-06
132.000 -2.29073021e-05 -8.79393318e-06
133.000 -2.24275318e-05 -9.35993859e-06
134.000 -2.19179587e-05 -9.91703745e-06
135.000 -2.13799413e-05 -1.04651839e-05
136.000 -2.08162308e-05 -1.10037278e-05
137.000 -2.02307376e-05 -1.15321431e-05
138.000 -1.96279467e-05 -1.20503933e-05
139.000 -1.90123465e-05 -1.25589554e-05
140.000 -1.83879478e-05 -1.30586915e-05
141.000 -1.77578319e-05 -1.35505452e-05
142.000 -1.71238932e-05 -1.40349461e-05
143.000 -1.64870918e-05 -1.45110969e-05
144.000 -1.58482481e-05 -1.49766356e-05
145.000 -1.52089229e-05 -1.54280366e-05
146.000 -1.45717855e-05 -1.58615969e-05
147.000 -1.39402112e-05 -1.62744486e-05
148.000 -1.33173408e-05 -1.66650545e-05
149.000 -1.27051183e-05 -1.70329748e-05
150.000 -1.21038021e-05 -1.73780823e-05
151.000 -1.15122039e-05 -1.76996869e-05
152.000 -1.09285142e-05 -1.79960966e-05
153.000 -1.03512069e-05 -1.82648950e-05
154.000 -9.77945482e-06 -1.85037201e-05
155.000 -9.21288839e-06 -1.87109609e-05
156.000 -8.65106204e-06 -1.88859260e-05
157.000 -8.09315112e-06 -1.90285520e-05
158.000 -7.53805925e-06 -1.91390813e-05
159.000 -6.98468217e-06 -1.92180222e-05
160.000 -6.43199831e-06 -1.92663131e-05
161.000 -5.87892627e-06 -1.92854090e-05
162.000 -5.32414543e-06 -1.92771318e-05
163.000 -4.76608457e-06 -1.92433556e-05
164.000 -4.20313842e-06 -1.91857028e-05
165.000 -3.63405310e-06 -1.91053977e-05
166.000 -3.05834823e-06 -1.90033788e-05
167.000 -2.47657245e-06 -1.88806804e-05
168.000 -1.89019146e-06 -1.87389209e-05
169.000 -1.30108807e-06 -1.85805887e-05
170.000 -7.10925528e-07 -1.84088804e-05
171.000 -1.20745143e-07 -1.82271264e-05
172.000  4.68985393e-07 -1.80381080e-05
173.000  1.05794376e-06 -1.78436044e-05
174.000  1.64540415e-06 -1.76443427e-05
175.000  2.22983351e-06 -1.74403060e-05
176.000  2.80879590e-06 -1.72312300e-05
177.000  3.37919486e-06 -1.70170653e-05
178.000  3.93774638e-06 -1.67982138e-05
179.000  4.48147889e-06 -1.65754647e-05
180.000  5.00807486e-06 -1.63497104e-05
181.000  5.51599252e-06 -1.61215995e-05
182.000  6.00441003e-06 -1.58912347e-05
183.000  6.47303044e-06 -1.56579509e-05
184.000  6.92174833e-06 -1.54202292e-05
185.000  7.35024100e-06 -1.51758615e-05
186.000  7.75768275e-06 -1.49224192e-05
187.000  8.14281090e-06 -1.46578773e-05
188.000  8.50438343e-06 -1.43810719e-05
189.000  8.84179272e-06 -1.40917320e-05
190.000  9.15548181e-06 -1.37900963e-05
191.000  9.44694686e-06 -1.34763753e-05
192.000  9.71836838e-06 -1.31503676e-05
193.000  9.97209432e-06 -1.28113974e-05
194.000  1.02102167e-05 -1.24585455e-05
195.000  1.04343817e-05 -1.20910189e-05
196.000  1.06458365e-05 -1.17084761e-05
197.000  1.08456074e-05 -1.13111929e-05
198.000  1.10346808e-05 -1.09000604e-05
199.000  1.12141132e-05 -1.04764850e-05
200.000  1.13850778e-05 -1.00422596e-05
201.000  1.15488774e-05 -9.59941557e-06
202.000  1.17069143e-05 -9.15004328e-06
203.000  1.18605782e-05 -8.69610625e-06
204.000  1.20110531e-05 -8.23932290e-06
205.000  1.21591166e-05 -7.78116784e-06
206.000  1.23050138e-05 -7.32296920e-06
207.000  1.24484404e-05 -6.86603105e-06
208.000  1.25886062e-05 -6.41172999e-06
209.000  1.27243499e-05 -5.96157756e-06
210.000  1.28543008e-05 -5.51724473e-06
211.000  1.29770788e-05 -5.08051997e-06
212.000  1.30914881e-05 -4.65317102e-06
213.000  1.31966338e-05 -4.23672123e-06
214.000  1.32919106e-05 -3.83219925e-06
215.000  1.33768545e-05 -3.43994293e-06
216.000  1.34508920e-05 -3.05953551e-06
217.000  1.35130675e-05 -2.68993515e-06
218.000  1.35618749e-05 -2.32980711e-06
219.000  1.35953288e-05 -1.97797041e-06
220.000  1.36113267e-05 -1.63376991e-06
221.000  1.36082017e-05 -1.29716849e-06
222.000  1.35852236e-05 -9.68468856e-07
223.000  1.35427903e-05 -6.47771061e-07
224.000  1.34821865e-05 -3.34434001e-07
225.000  1.34050030e-05 -2.68348428e-08
226.000  1.33124994e-05  2.77416015e-07
227.000  1.32052301e-05  5.80881630e-07
228.000  1.30831247e-05  8.85610812e-07
229.000  1.29459563e-05  1.19269222e-06
230.000  1.27939267e-05  1.50224232e-06
231.000  1.26280495e-05  1.81376894e-06
232.000  1.24501678e-05  2.12666263e-06
233.000  1.22626620e-05  2.44055543e-06
234.000  1.20680411e-05  2.75542405e-06
235.000  1.18685998e-05  3.07147647e-06
236.000  1.16662237e-05  3.38893940e-06
237.000  1.14623324e-05  3.70784805e-06
238.000  1.12579169e-05  4.02788692e-06
239.000  1.10536344e-05  4.34829568e-06
240.000  1.08499404e-05  4.66784691e-06
241.000  1.06472322e-05  4.98490529e-06
242.000  1.04459699e-05  5.29757182e-06
243.000  1.02467306e-05  5.60389487e-06
244.000  1.00501614e-05  5.90209932e-06
245.000  9.85683169e-06  6.19076359e-06
246.000  9.66703578e-06  6.46888477e-06
247.000  9.48062128e-06  6.73581648e-06
248.000  9.29691451e-06  6.99111771e-06
249.000  9.11476915e-06  7.23438226e-06
250.000  8.93271941e-06  7.46511565e-06
251.000  8.74918882e-06  7.68270017e-06
252.000  8.56269565e-06  7.88645699e-06
253.000  8.37200147e-06  8.07578374e-06
254.000  8.17616962e-06  8.25032165e-06
255.000  7.97453192e-06  8.41009756e-06
256.000  7.76659176e-06  8.55559862e-06
257.000  7.55190487e-06  8.68776308e-06
258.000  7.32997570e-06  8.80789222e-06
259.000  7.10019950e-06  8.91750099e-06
260.000  6.86187411e-06  9.01813624e-06
261.000  6.61429204e-06  9.11120638e-06
262.000  6.35689516e-06  9.19787299e-06
263.000  6.08944257e-06  9.27903621e-06
264.000  5.81213257e-06  9.35540722e-06
265.000  5.52564050e-06  9.42762644e-06
266.000  5.23106978e-06  9.49637903e-06
267.000  4.92983665e-06  9.56247471e-06
268.000  4.62351209e-06  9.62687636e-06
269.000  4.31364191e-06  9.69066552e-06
270.000  4.00157413e-06  9.75493174e-06
271.000  3.68834179e-06  9.82058491e-06
272.000  3.37465717e-06  9.88812543e-06
273.000  3.06104868e-06  9.95745100e-06
274.000  2.74810896e-06  1.00277984e-05
275.000  2.43675165e-06  1.00978841e-05
276.000  2.12834032e-06  1.01662214e-05
277.000  1.82459369e-06  1.02314945e-05
278.000  1.52727607e-06  1.02928236e-05
279.000  1.23779503e-06  1.03498013e-05
280.000  9.56880189e-07  1.04022878e-05
281.000  6.84477568e-07  1.04500729e-05
282.000  4.19890687e-07  1.04925635e-05
283.000  1.62093595e-07  1.05286339e-05
284.000 -8.99171799e-08  1.05566920e-05
285.000 -3.36861151e-07  1.05749299e-05
286.000 -5.79083087e-07  1.05816626e-05
287.000 -8.16645474e-07  1.05756415e-05
288.000 -1.04955462e-06  1.05562448e-05
289.000 -1.27803030e-06  1.05234928e-05
290.000 -1.50271849e-06  1.04778952e-05
291.000 -1.72476719e-06  1.04201877e-05
292.000 -1.94573061e-06  1.03510532e-05
293.000 -2.16732571e-06  1.02709270e-05
294.000 -2.39112023e-06  1.01799566e-05
295.000 -2.61826135e-06  1.00781295e-05
296.000 -2.84934116e-06  9.96550933e-06
297.000 -3.08444011e-06  9.84247787e-06
298.000 -3.32331328e-06  9.70987313e-06
299.000 -3.56562500e-06  9.56896654e-06
300.000 -3.81112444e-06  9.42129490e-06
301.000 -4.05969418e-06  9.26842715e-06
302.000 -4.31127350e-06  9.11176551e-06
303.000 -4.56572032e-06  8.95244773e-06
304.000 -4.82269511e-06  8.79135330e-06
305.000 -5.08161950e-06  8.62916120e-06
306.000 -5.34170384e-06  8.46639404e-06
307.000 -5.60199457e-06  8.30341824e-06
308.000 -5.86139403e-06  8.14042213e-06
309.000 -6.11864717e-06  7.97742168e-06
310.000 -6.37233682e-06  7.81432443e-06
311.000 -6.62094072e-06  7.65103191e-06
312.000 -6.86296988e-06  7.48751907e-06
313.000 -7.09715133e-06  7.32382820e-06
314.000 -7.32257869e-06  7.15995822e-06
315.000 -7.53875791e-06  6.99569026e-06
316.000 -7.74552063e-06  6.83043126e-06
317.000 -7.94283962e-06  6.66315711e-06
318.000 -8.13062555e-06  6.49249559e-06
319.000 -8.30859312e-06  6.31693042e-06
320.000 -8.47625446e-06  6.13505800e-06
321.000 -8.63304537e-06  5.94580787e-06
322.000 -8.77853747e-06  5.74855227e-06
323.000 -8.91265556e-06  5.54307222e-06
324.000 -9.03581610e-06  5.32939988e-06
325.000 -9.14893044e-06  5.10760325e-06
326.000 -9.25326644e-06  4.87760008e-06
327.000 -9.35021544e-06  4.63907468e-06
328.000 -9.44104602e-06  4.39152862e-06
329.000 -9.52672574e-06  4.13444142e-06
330.000 -9.60785937e-06  3.86747764e-06
331.000 -9.68474482e-06  3.59066573e-06
332.000 -9.75750815e-06  3.30449356e-06
333.000 -9.82626136e-06  3.00989974e-06
334.000 -9.89123126e-06  2.70817237e-06
335.000 -9.95282523e-06  2.40078698e-06
336.000 -1.00116194e-05  2.08922279e-06
337.000 -1.00682713e-05  1.77479600e-06
338.000 -1.01233718e-05  1.45854548e-06
339.000 -1.01772678e-05  1.14120006e-06
340.000 -1.02298994e-05  8.23242688e-07
341.000 -1.02807066e-05  5.05061145e-07
342.000 -1.03286531e-05  1.87140942e-07
343.000 -1.03723803e-05 -1.29772172e-07
344.000 -1.04104585e-05 -4.44616289e-07
345.000 -1.04416521e-05 -7.56108091e-07
346.000 -1.04650982e-05 -1.06297190e-06
347.000 -1.04803279e-05 -1.36422390e-06
348.000 -1.04871196e-05 -1.65939965e-06
349.000 -1.04852508e-05 -1.94863064e-06
350.000 -1.04742603e-05 -2.23253804e-06
351.000 -1.04533257e-05 -2.51198995e-06
352.000 -1.04213082e-05 -2.78782298e-06
353.000 -1.03769420e-05 -3.06063529e-06
354.000 -1.03190889e-05 -3.33071726e-06
355.000 -1.02469622e-05 -3.59812278e-06
356.000 -1.01602483e-05 -3.86283090e-06
357.000 -1.00591032e-05 -4.12492357e-06
358.000 -9.94404228e-06 -4.38471301e-06
359.000 -9.81577372e-06 -4.64277947e-06
360.000 -9.67503211e-06 -4.89991286e-06
361.000 -9.52245970e-06 -5.15698102e-06
362.000 -9.35856433e-06 -5.41476651e-06
363.000 -9.18375553e-06 -5.67382064e-06
364.000 -8.99843502e-06 -5.93437515e-06
365.000 -8.80310015e-06 -6.19633061e-06
366.000 -8.59841809e-06 -6.45931264e-06
367.000 -8.38524346e-06 -6.72276493e-06
368.000 -8.16457812e-06 -6.98604034e-06
369.000 -7.93749406e-06 -7.24846199e-06
370.000 -7.70504923e-06 -7.50934706e-06
371.000 -7.46821876e-06 -7.76800490e-06
372.000 -7.22784766e-06 -8.02372767e-06
373.000 -6.98461724e-06 -8.27578462e-06
374.000 -6.73901615e-06 -8.52341785e-06
375.000 -6.49131565e-06 -8.76582932e-06
376.000 -6.24156139e-06 -9.00215279e-06
377.000 -5.98959851e-06 -9.23141804e-06
378.000 -5.73513785e-06 -9.45252944e-06
379.000 -5.47785202e-06 -9.66428526e-06
380.000 -5.21747067e-06 -9.86545289e-06
381.000 -4.95383666e-06 -1.00548914e-05
382.000 -4.68689555e-06 -1.02316879e-05
383.000 -4.41661702e-06 -1.03952612e-05
384.000 -4.14287614e-06 -1.05453932e-05
385.000 -3.86534201e-06 -1.06821730e-05
386.000 -3.58342204e-06 -1.08058703e-05
387.000 -3.29629202e-06 -1.09167793e-05
388.000 -3.00301304e-06 -1.10150872e-05
389.000 -2.70270591e-06 -1.11008131e-05
390.000 -2.39473271e-06 -1.11738386e-05
391.000 -2.07882948e-06 -1.12340230e-05
392.000 -1.75514671e-06 -1.12813646e-05
393.000 -1.42418251e-06 -1.13161495e-05
394.000 -1.08662928e-06 -1.13390300e-05
395.000 -7.43185929e-07 -1.13509959e-05
396.000 -3.94402236e-07 -1.13532371e-05
397.000 -4.06115549e-08 -1.13469368e-05
398.000  3.18023085e-07 -1.13330597e-05
399.000  6.81366332e-07 -1.13122029e-05
