1.000  3.79615702e-04 -3.28415830e-04
2.000  2.78250017e-04 -2.16876332e-04
3.000  2.33078802e-04 -1.62064193e-04
4.000  2.05884127e-04 -1.26151124e-04
5.000  1.87036136e-04 -1.00281386e-04
6.000  1.72456087e-04 -8.11257705e-05
7.000  1.59906410e-04 -6.67259672e-05
8.000  1.48394045e-04 -5.52713827e-05
9.000  1.37924185e-04 -4.59249413e-05
10.000  1.28012526e-04 -3.76501826e-05
11.000  1.19871696e-04 -2.98928661e-05
12.000  1.13327916e-04 -2.33141694e-05
13.000  1.08072849e-04 -1.81668131e-05
14.000  1.03201371e-04 -1.39688805e-05
15.000  9.85366666e-05 -1.02291668e-05
16.000  9.42367317e-05 -6.22693212e-06
17.000  9.03759554e-05 -1.87412675e-06
18.000  8.71564617e-05  2.64784419e-06
19.000  8.42568410e-05  7.23642911e-06
20.000  8.11978846e-05  1.16873625e-05
21.000  7.77300308e-05  1.60327869e-05
22.000  7.36149464e-05  2.04436190e-05
23.000  6.88522951e-05  2.48761584e-05
24.000  6.37736590e-05  2.91087197e-05
25.000  5.84427759e-05  3.29326226e-05
26.000  5.29765751e-05  3.60240360e-05
27.000  4.73920067e-05  3.80453796e-05
28.000  4.16280345e-05  3.91463017e-05
29.000  3.57048266e-05  3.95017962e-05
30.000  2.99149159e-05  3.92822247e-05
31.000  2.45373813e-05  3.85907640e-05
32.000  1.97179141e-05  3.75179705e-05
33.000  1.54850662e-05  3.60185663e-05
34.000  1.18916959e-05  3.41104446e-05
35.000  8.80631403e-06  3.19521925e-05
36.000  6.07388128e-06  2.96866947e-05
37.000  3.64374391e-06  2.75069153e-05
38.000  1.55419786e-06  2.55940751e-05
39.000 -1.75747372e-07  2.40268371e-05
40.000 -1.66167208e-06  2.27027443e-05
41.000 -3.00112075e-06  2.14947607e-05
42.000 -4.38545219e-06  2.03606808e-05
43.000 -6.02292737e-06  1.93087175e-05
44.000 -7.94517862e-06  1.83071915e-05
45.000 -1.00632097e-05  1.72898691e-05
46.000 -1.22553362e-05  1.61353809e-05
47.000 -1.44607382e-05  1.47171454e-05
48.000 -1.66387937e-05  1.28784155e-05
49.000 -1.87175594e-05  1.05763993e-05
50.000 -2.06500680e-05  7.91230156e-06
51.000 -2.23783345e-05  5.01138795e-06
52.000 -2.37645130e-05  1.95558640e-06
53.000 -2.46635734e-05 -1.17990822e-06
54.000 -2.50289404e-05 -4.35360399e-06
55.000 -2.49105375e-05 -7.52500116e-06
56.000 -2.44052299e-05 -1.06284570e-05
57.000 -2.35749638e-05 -1.35708525e-05
58.000 -2.24702108e-05 -1.62000550e-05
59.000 -2.11535878e-05 -1.84195883e-05
60.000 -1.96679972e-05 -2.02246692e-05
61.000 -1.80472314e-05 -2.16469497e-05
62.000 -1.63708593e-05 -2.27206874e-05
63.000 -1.47609343e-05 -2.35056927e-05
64.000 -1.33240875e-05 -2.40764389e-05
65.000 -1.21084908e-05 -2.44869180e-05
66.000 -1.11033949e-05 -2.47766627e-05
67.000 -1.02600352e-05 -2.49912366e-05
68.000 -9.52925647e-06 -2.52061447e-05
69.000 -8.83927547e-06 -2.55148810e-05
70.000 -8.11119459e-06 -2.59477329e-05
71.000 -7.30495443e-06 -2.64732986e-05
72.000 -6.39720131e-06 -2.70502527e-05
73.000 -5.34278124e-06 -2.76293243e-05
74.000 -4.08608619e-06 -2.81426517e-05
75.000 -2.60694679e-06 -2.85236958e-05
76.000 -9.29911445e-07 -2.87295346e-05
77.000  8.92922562e-07 -2.87354333e-05
78.000  2.80494267e-06 -2.85127805e-05
79.000  4.74978661e-06 -2.80195928e-05
80.000  6.66976794e-06 -2.72154581e-05
81.000  8.50039119e-06 -2.60954933e-05
82.000  1.01906366e-05 -2.47051167e-05
83.000  1.17075685e-05 -2.30967739e-05
84.000  1.30019166e-05 -2.13115101e-05
85.000  1.40158819e-05 -1.94088785e-05
86.000  1.47268547e-05 -1.74630255e-05
87.000  1.51533056e-05 -1.55385628e-05
88.000  1.53368750e-05 -1.36831305e-05
89.000  1.53254282e-05 -1.19352223e-05
90.000  1.51687963e-05 -1.03314953e-05
91.000  1.49229506e-05 -8.89685132e-06
92.000  1.46474924e-05 -7.62741987e-06
93.000  1.43893629e-05 -6.48440216e-06
94.000  1.41686237e-05 -5.41534308e-06
95.000  1.39887724e-05 -4.37724752e-06
96.000  1.38526731e-05 -3.33570516e-06
97.000  1.37571653e-05 -2.24844642e-06
98.000  1.36712864e-05 -1.07110052e-06
99.000  1.35427178e-05  2.15120675e-07
100.000  1.33284554e-05  1.60257583e-06
101.000  1.29989692e-05  3.08118899e-06
102.000  1.25200031e-05  4.63917138e-06
103.000  1.18528234e-05  6.24874096e-06
104.000  1.09659569e-05  7.86522699e-06
105.000  9.84362316e-06  9.43390655e-06
106.000  8.49201110e-06  1.09015194e-05
107.000  6.93337633e-06  1.22253112e-05
108.000  5.19664512e-06  1.33659384e-05
109.000  3.32125107e-06  1.42792685e-05
110.000  1.36462870e-06  1.49263770e-05
111.000 -6.04820362e-07  1.52942749e-05
112.000 -2.52895669e-06  1.54011289e-05
113.000 -4.36739987e-06  1.52785485e-05
114.000 -6.08455234e-06  1.49600026e-05
115.000 -7.64366120e-06  1.44874293e-05
116.000 -9.02171163e-06  1.39163504e-05
117.000 -1.02249559e-05  1.33019786e-05
118.000 -1.12814429e-05  1.26826225e-05
119.000 -1.22232995e-05  1.20821669e-05
120.000 -1.30816666e-05  1.15200282e-05
121.000 -1.38891400e-05  1.10104490e-05
122.000 -1.46795478e-05  1.05560947e-05
123.000 -1.54863265e-05  1.01427273e-05
124.000 -1.63357609e-05  9.73799528e-06
125.000 -1.72384821e-05  9.30306684e-06
126.000 -1.81942022e-05  8.80787885e-06
127.000 -1.92015882e-05  8.22835289e-06
128.000 -2.02515139e-05  7.53440441e-06
129.000 -2.13131330e-05  6.69370531e-06
130.000 -2.23369458e-05  5.68701845e-06
131.000 -2.32724318e-05  4.51400793e-06
132.000 -2.40796236e-05  3.18621555e-06
133.000 -2.47256204e-05  1.72103264e-06
134.000 -2.51770408e-05  1.46946277e-07
135.000 -2.54043258e-05 -1.48916496e-06
136.000 -2.53931754e-05 -3.12837008e-06
137.000 -2.51482955e-05 -4.71498512e-06
138.000 -2.46884323e-05 -6.20617959e-06
139.000 -2.40406403e-05 -7.57118214e-06
140.000 -2.32387741e-05 -8.78602558e-06
141.000 -2.23240806e-05 -9.83171750e-06
142.000 -2.13432891e-05 -1.06979369e-05
143.000 -2.03417940e-05 -1.13890949e-05
144.000 -1.93533625e-05 -1.19253149e-05
145.000 -1.83957506e-05 -1.23334807e-05
146.000 -1.74792799e-05 -1.26384118e-05
147.000 -1.66159605e-05 -1.28662857e-05
148.000 -1.58133917e-05 -1.30508825e-05
149.000 -1.50625433e-05 -1.32263255e-05
150.000 -1.43391042e-05 -1.34132975e-05
151.000 -1.36158473e-05 -1.36171570e-05
152.000 -1.28689067e-05 -1.38369643e-05
153.000 -1.20748700e-05 -1.40699903e-05
154.000 -1.12091202e-05 -1.43069332e-05
155.000 -1.02508907e-05 -1.45258873e-05
156.000 -9.19129248e-06 -1.46930811e-05
157.000 -8.03706429e-06 -1.47712945e-05
158.000 -6.80663292e-06 -1.47291043e-05
159.000 -5.52350089e-06 -1.45438870e-05
160.000 -4.21418407e-06 -1.41997340e-05
161.000 -2.91077133e-06 -1.36865845e-05
162.000 -1.65230908e-06 -1.30032645e-05
163.000 -4.80399413e-07 -1.21617576e-05
164.000  5.70377769e-07 -1.11870353e-05
165.000  1.47927555e-06 -1.01095197e-05
166.000  2.23617645e-06 -8.95741696e-06
167.000  2.83434738e-06 -7.75812227e-06
168.000  3.27076410e-06 -6.54440091e-06
169.000  3.55333321e-06 -5.35308227e-06
170.000  3.70312804e-06 -4.21452589e-06
171.000  3.74644601e-06 -3.14488914e-06
172.000  3.70647310e-06 -2.14970790e-06
173.000  3.60429183e-06 -1.23110981e-06
174.000  3.46375183e-06 -3.87650131e-07
175.000  3.30979824e-06  3.90701588e-07
176.000  3.16115643e-06  1.12341627e-06
177.000  3.02495657e-06  1.83472583e-06
178.000  2.89639854e-06  2.54769291e-06
179.000  2.76229014e-06  3.28005597e-06
180.000  2.60593472e-06  4.04346540e-06
181.000  2.40931537e-06  4.84544433e-06
182.000  2.15125488e-06  5.68932708e-06
183.000  1.80689689e-06  6.56952941e-06
184.000  1.35330008e-06  7.46758896e-06
185.000  7.77027044e-07  8.35553784e-06
186.000  7.59189622e-08  9.20427683e-06
187.000 -7.45517740e-07  9.98855690e-06
188.000 -1.68000574e-06  1.06850896e-05
189.000 -2.71532196e-06  1.12690994e-05
190.000 -3.82923162e-06  1.17164999e-05
191.000 -4.98969033e-06  1.20113861e-05
192.000 -6.16261344e-06  1.21504900e-05
193.000 -7.31928700e-06  1.21393935e-05
194.000 -8.43587625e-06  1.19864567e-05
195.000 -9.48883677e-06  1.17029563e-05
196.000 -1.04552956e-05  1.13078041e-05
197.000 -1.13191992e-05  1.08282888e-05
198.000 -1.20758934e-05  1.02942956e-05
199.000 -1.27308908e-05  9.73163206e-06
200.000 -1.32956181e-05  9.15943679e-06
201.000 -1.37843749e-05  8.59123864e-06
202.000 -1.42137839e-05  8.03643561e-06
203.000 -1.46031502e-05  7.49971281e-06
204.000 -1.49731777e-05  6.97844289e-06
205.000 -1.53417416e-05  6.46065818e-06
206.000 -1.57184690e-05  5.92690504e-06
207.000 -1.61026266e-05  5.35628846e-06
208.000 -1.64867248e-05  4.73178626e-06
209.000 -1.68613397e-05  4.03995024e-06
210.000 -1.72146717e-05  3.26779675e-06
211.000 -1.75281947e-05  2.40402064e-06
212.000 -1.77761426e-05  1.44502107e-06
213.000 -1.79315389e-05  3.98570053e-07
214.000 -1.79727929e-05 -7.19243884e-07
215.000 -1.78848256e-05 -1.88970384e-06
216.000 -1.76560541e-05 -3.09331987e-06
217.000 -1.72771320e-05 -4.30711702e-06
218.000 -1.67441905e-05 -5.50255117e-06
219.000 -1.60631062e-05 -6.64847635e-06
220.000 -1.52496369e-05 -7.71753347e-06
221.000 -1.43249358e-05 -8.69038058e-06
222.000 -1.33110598e-05 -9.55501011e-06
223.000 -1.22301983e-05 -1.03041435e-05
224.000 -1.11060297e-05 -1.09349174e-05
225.000 -9.96314701e-06 -1.14509309e-05
226.000 -8.82341594e-06 -1.18634088e-05
227.000 -7.70172373e-06 -1.21893495e-05
228.000 -6.60402057e-06 -1.24473844e-05
229.000 -5.52878904e-06 -1.26536923e-05
230.000 -4.47068252e-06 -1.28204052e-05
231.000 -3.42300563e-06 -1.29569775e-05
232.000 -2.37672985e-06 -1.30714846e-05
233.000 -1.31845449e-06 -1.31683593e-05
234.000 -2.32136180e-07 -1.32440523e-05
235.000  8.95154394e-07 -1.32862024e-05
236.000  2.06903045e-06 -1.32783430e-05
237.000  3.28915370e-06 -1.32051899e-05
238.000  4.55296640e-06 -1.30530207e-05
239.000  5.85585149e-06 -1.28065109e-05
240.000  7.18724140e-06 -1.24481302e-05
241.000  8.52811658e-06 -1.19625759e-05
242.000  9.85381658e-06 -1.13420557e-05
243.000  1.11396329e-05 -1.05873365e-05
244.000  1.23639013e-05 -9.70483889e-06
245.000  1.35072042e-05 -8.70418140e-06
246.000  1.45510066e-05 -7.59866310e-06
247.000  1.54788663e-05 -6.40683712e-06
248.000  1.62797701e-05 -5.15210447e-06
249.000  1.69507872e-05 -3.85946640e-06
250.000  1.74967587e-05 -2.55124842e-06
251.000  1.79272044e-05 -1.24463959e-06
252.000  1.82531025e-05  4.76898975e-08
253.000  1.84860473e-05  1.31574929e-06
254.000  1.86392187e-05  2.55213074e-06
255.000  1.87273146e-05  3.75410512e-06
256.000  1.87639198e-05  4.92534401e-06
257.000  1.87579068e-05  6.07474576e-06
258.000  1.87118058e-05  7.21263549e-06
259.000  1.86233964e-05  8.34720965e-06
260.000  1.84886069e-05  9.48392599e-06
261.000  1.83023657e-05  1.06273495e-05
262.000  1.80565215e-05  1.17818980e-05
263.000  1.77380962e-05  1.29490796e-05
264.000  1.73315458e-05  1.41235383e-05
265.000  1.68240284e-05  1.52925162e-05
266.000  1.62087229e-05  1.64395772e-05
267.000  1.54835947e-05  1.75483205e-05
268.000  1.46487141e-05  1.86023472e-05
269.000  1.37065361e-05  1.95831655e-05
270.000  1.26649572e-05  2.04704827e-05
271.000  1.15390482e-05  2.12460051e-05
272.000  1.03490225e-05  2.18974287e-05
273.000  9.11628776e-06  2.24193484e-05
274.000  7.86085914e-06  2.28113731e-05
275.000  6.60118235e-06  2.30761183e-05
276.000  5.35483189e-06  2.32189311e-05
277.000  4.13810688e-06  2.32489157e-05
278.000  2.96400595e-06  2.31794034e-05
279.000  1.83990618e-06  2.30263992e-05
280.000  7.66964563e-07  2.28053627e-05
281.000 -2.57997214e-07  2.25284174e-05
282.000 -1.23965490e-06  2.22038880e-05
283.000 -2.18287347e-06  2.18377689e-05
284.000 -3.09363628e-06  2.14346530e-05
285.000 -3.98008786e-06  2.09963622e-05
286.000 -4.85106046e-06  2.05195919e-05
287.000 -5.71230537e-06  1.99956942e-05
288.000 -6.56365177e-06  1.94137377e-05
289.000 -7.39962157e-06  1.87643136e-05
290.000 -8.21223858e-06  1.80407669e-05
291.000 -8.99251522e-06  1.72377425e-05
292.000 -9.72917922e-06  1.63501926e-05
293.000 -1.04069793e-05  1.53752660e-05
294.000 -1.10077185e-05  1.43157504e-05
295.000 -1.15141030e-05  1.31815432e-05
296.000 -1.19132613e-05  1.19875390e-05
297.000 -1.21971554e-05  1.07500907e-05
298.000 -1.23606312e-05  9.48544460e-06
299.000 -1.24003794e-05  8.21082679e-06
300.000 -1.23165325e-05  6.94546031e-06
301.000 -1.21149562e-05  5.70895267e-06
302.000 -1.18071965e-05  4.51789335e-06
303.000 -1.14077508e-05  3.38366504e-06
304.000 -1.09311244e-05  2.31288967e-06
305.000 -1.03907490e-05  1.30910493e-06
306.000 -9.79944365e-06  3.73616752e-07
307.000 -9.16974301e-06 -4.94991001e-07
308.000 -8.51296733e-06 -1.30166314e-06
309.000 -7.83725411e-06 -2.05462695e-06
310.000 -7.14585075e-06 -2.76347186e-06
311.000 -6.43712159e-06 -3.43631266e-06
312.000 -5.70651961e-06 -4.07786003e-06
313.000 -4.94893744e-06 -4.68965059e-06
314.000 -4.15942499e-06 -5.27152618e-06
315.000 -3.33223296e-06 -5.82202335e-06
316.000 -2.46043720e-06 -6.33672708e-06
317.000 -1.53797078e-06 -6.80651694e-06
318.000 -5.62904665e-07 -7.21834493e-06
319.000  4.61048709e-07 -7.55853933e-06
320.000  1.52607335e-06 -7.81577993e-06
321.000  2.62278066e-06 -7.98139326e-06
322.000  3.74087491e-06 -8.04783832e-06
323.000  4.86768535e-06 -8.00824644e-06
324.000  5.98706734e-06 -7.85834984e-06
325.000  7.08086720e-06 -7.59905768e-06
326.000  8.13225010e-06 -7.23696602e-06
327.000  9.12813327e-06 -6.78224710e-06
328.000  1.00590411e-05 -6.24605869e-06
329.000  1.09175270e-05 -5.63977783e-06
330.000  1.16976107e-05 -4.97597399e-06
331.000  1.23961165e-05 -4.26896502e-06
332.000  1.30143469e-05 -3.53334768e-06
333.000  1.35579858e-05 -2.78125530e-06
334.000  1.40349300e-05 -2.02053676e-06
335.000  1.44527588e-05 -1.25510958e-06
336.000  1.48176500e-05 -4.86623251e-07
337.000  1.51348437e-05  2.84434845e-07
338.000  1.54091824e-05  1.05905988e-06
339.000  1.56444000e-05  1.84056664e-06
340.000  1.58413963e-05  2.63436063e-06
341.000  1.59970106e-05  3.44609548e-06
342.000  1.61045290e-05  4.27927244e-06
343.000  1.61556711e-05  5.13392091e-06
344.000  1.61425410e-05  6.00704898e-06
345.000  1.60581756e-05  6.89396332e-06
346.000  1.58957994e-05  7.78880357e-06
347.000  1.56483734e-05  8.68357370e-06
348.000  1.53098834e-05  9.56685126e-06
349.000  1.48778639e-05  1.04241743e-05
350.000  1.43549009e-05  1.12405711e-05
351.000  1.37475887e-05  1.20032696e-05
352.000  1.30641249e-05  1.27022767e-05
353.000  1.23131945e-05  1.33289810e-05
354.000  1.15050299e-05  1.38752780e-05
355.000  1.06526559e-05  1.43349379e-05
356.000  9.77096921e-06  1.47059751e-05
357.000  8.87388025e-06  1.49913596e-05
358.000  7.97198336e-06  1.51972039e-05
359.000  7.07251563e-06  1.53302168e-05
360.000  6.18083009e-06  1.53966308e-05
361.000  5.30127761e-06  1.54028376e-05
362.000  4.43650664e-06  1.53560695e-05
363.000  3.58620706e-06  1.52636233e-05
364.000  2.74702461e-06  1.51308798e-05
365.000  1.91419857e-06  1.49597325e-05
366.000  1.08380424e-06  1.47486873e-05
367.000  2.54008446e-07  1.44943319e-05
368.000 -5.75179137e-07  1.41927501e-05
369.000 -1.40272808e-06  1.38397917e-05
370.000 -2.22665272e-06  1.34304780e-05
371.000 -3.04296742e-06  1.29588098e-05
372.000 -3.84451560e-06  1.24188839e-05
373.000 -4.62100334e-06  1.18068834e-05
374.000 -5.36054735e-06  1.11225248e-05
375.000 -6.05166022e-06  1.03689588e-05
376.000 -6.68424903e-06  9.55153764e-06
377.000 -7.24927862e-06  8.67686865e-06
378.000 -7.73817654e-06  7.75310833e-06
379.000 -8.14334323e-06  6.79094208e-06
380.000 -8.45988828e-06  5.80369974e-06
381.000 -8.68717963e-06  4.80573682e-06
382.000 -8.82867017e-06  3.80998543e-06
383.000 -8.89005747e-06  2.82655481e-06
384.000 -8.87749122e-06  1.86324233e-06
385.000 -8.79736956e-06  9.26808774e-07
386.000 -8.65734717e-06  2.31322142e-08
387.000 -8.46667008e-06 -8.44195119e-07
388.000 -8.23465032e-06 -1.67524017e-06
389.000 -7.96826367e-06 -2.47325857e-06
390.000 -7.67099249e-06 -3.24246516e-06
391.000 -7.34378773e-06 -3.98599052e-06
392.000 -6.98681159e-06 -4.70564245e-06
393.000 -6.59999107e-06 -5.40298190e-06
394.000 -6.18203736e-06 -6.07980172e-06
395.000 -5.72950462e-06 -6.73696580e-06
396.000 -5.23745924e-06 -7.37260681e-06
397.000 -4.70153380e-06 -7.98149273e-06
398.000 -4.11970240e-06 -8.55614716e-06
399.000 -3.49255953e-06 -9.08859299e-06
