1.000  4.79144128e-04 -3.85186091e-04
2.000  3.54760812e-04 -2.26108711e-04
3.000  2.87385368e-04 -1.54408087e-04
4.000  2.51227000e-04 -1.21666642e-04
5.000  2.34985063e-04 -9.45775952e-05
6.000  2.22683808e-04 -6.04781142e-05
7.000  2.04587437e-04 -2.99588597e-05
8.000  1.84120232e-04 -1.14110231e-05
9.000  1.69697010e-04  1.20430211e-06
10.000  1.60657517e-04  1.56435847e-05
11.000  1.48864101e-04  3.08540568e-05
12.000  1.32676968e-04  4.17188063e-05
13.000  1.18492165e-04  4.74015446e-05
14.000  1.08512701e-04  5.21441640e-05
15.000  9.76377466e-05  5.91726711e-05
16.000  8.33739904e-05  6.53570274e-05
17.000  6.85468997e-05  6.61249409e-05
18.000  5.72690725e-05  6.51042839e-05
19.000  5.00823598e-05  6.61954220e-05
20.000  4.05978208e-05  6.86607590e-05
21.000  2.85391904e-05  6.94988952e-05
22.000  1.79967413e-05  6.61292694e-05
23.000  1.18463917e-05  6.20366646e-05
24.000  7.21265632e-06  6.02147746e-05
25.000  1.31215314e-06  5.97857977e-05
26.000 -5.91998229e-06  5.66786409e-05
27.000 -1.14079262e-05  5.10242963e-05
28.000 -1.46451192e-05  4.58566623e-05
29.000 -1.72563916e-05  4.24857384e-05
30.000 -2.13674135e-05  3.93441953e-05
31.000 -2.55236739e-05  3.47617959e-05
32.000 -2.79371944e-05  2.99680144e-05
33.000 -2.91807151e-05  2.61243307e-05
34.000 -3.07968610e-05  2.33122372e-05
35.000 -3.28962026e-05  1.99637854e-05
36.000 -3.36855768e-05  1.57262046e-05
37.000 -3.30936689e-05  1.21470698e-05
38.000 -3.23142486e-05  9.66647011e-06
39.000 -3.21056408e-05  7.24515329e-06
40.000 -3.18003540e-05  3.60633154e-06
41.000 -2.99756500e-05 -4.90339137e-07
42.000 -2.71903849e-05 -3.52650448e-06
43.000 -2.49283152e-05 -5.79766847e-06
44.000 -2.34272556e-05 -8.37242180e-06
45.000 -2.16895222e-05 -1.17507161e-05
46.000 -1.88182485e-05 -1.50068317e-05
47.000 -1.56214008e-05 -1.69421641e-05
48.000 -1.31633894e-05 -1.80562323e-05
49.000 -1.10656748e-05 -1.92641578e-05
50.000 -8.52120024e-06 -2.04974967e-05
51.000 -5.31590595e-06 -2.10882817e-05
52.000 -2.02690607e-06 -2.05956510e-05
53.000  7.89477467e-07 -1.96549330e-05
54.000  3.61268333e-06 -1.88790429e-05
55.000  6.89043880e-06 -1.78229241e-05
56.000  1.01794495e-05 -1.61019414e-05
57.000  1.30198102e-05 -1.40046559e-05
58.000  1.53757494e-05 -1.19579934e-05
59.000  1.76385603e-05 -1.00343662e-05
60.000  1.99620303e-05 -7.75060971e-06
61.000  2.17445710e-05 -4.84311387e-06
62.000  2.26335017e-05 -1.87126359e-06
63.000  2.31381896e-05  8.11928607e-07
64.000  2.36409043e-05  3.50794016e-06
65.000  2.39736522e-05  6.56129920e-06
66.000  2.37816116e-05  9.91509241e-06
67.000  2.29604764e-05  1.30908982e-05
68.000  2.19327071e-05  1.57386093e-05
69.000  2.10469336e-05  1.82040366e-05
70.000  1.99871966e-05  2.07762933e-05
71.000  1.84426198e-05  2.31449422e-05
72.000  1.65777221e-05  2.50028264e-05
73.000  1.46498485e-05  2.64139362e-05
74.000  1.27093266e-05  2.75595325e-05
75.000  1.06073887e-05  2.85645222e-05
76.000  8.19879863e-06  2.92907534e-05
77.000  5.71663540e-06  2.95523185e-05
78.000  3.42260696e-06  2.95581941e-05
79.000  1.18003203e-06  2.95454585e-05
80.000 -1.15314873e-06  2.93635396e-05
81.000 -3.38930733e-06  2.88375144e-05
82.000 -5.34449958e-06  2.80645971e-05
83.000 -7.01344523e-06  2.71901369e-05
84.000 -8.50579519e-06  2.62787591e-05
85.000 -9.95605788e-06  2.52138539e-05
86.000 -1.12556767e-05  2.38270565e-05
87.000 -1.21894272e-05  2.22407439e-05
88.000 -1.28511625e-05  2.07139451e-05
89.000 -1.34909198e-05  1.92139457e-05
90.000 -1.40775501e-05  1.75685073e-05
91.000 -1.44562865e-05  1.58217602e-05
92.000 -1.46170596e-05  1.41083821e-05
93.000 -1.46200498e-05  1.25133149e-05
94.000 -1.45507013e-05  1.10446744e-05
95.000 -1.44217428e-05  9.60884838e-06
96.000 -1.41137901e-05  8.18982016e-06
97.000 -1.35923393e-05  6.93310056e-06
98.000 -1.30072590e-05  5.87918156e-06
99.000 -1.24045585e-05  4.88442648e-06
100.000 -1.16698316e-05  3.93085776e-06
101.000 -1.08129615e-05  3.13157980e-06
102.000 -9.94448581e-06  2.49331447e-06
103.000 -9.10771200e-06  1.96270719e-06
104.000 -8.30216320e-06  1.51560283e-06
105.000 -7.50955897e-06  1.14847005e-06
106.000 -6.71801796e-06  9.13486550e-07
107.000 -6.00771231e-06  8.71743973e-07
108.000 -5.47390072e-06  9.46168603e-07
109.000 -5.04874159e-06  1.02935749e-06
110.000 -4.64184733e-06  1.18681410e-06
111.000 -4.33009622e-06  1.49182263e-06
112.000 -4.18992365e-06  1.86210884e-06
113.000 -4.18043478e-06  2.21824638e-06
114.000 -4.26312417e-06  2.56153557e-06
115.000 -4.44010518e-06  2.89019053e-06
116.000 -4.71211845e-06  3.19408202e-06
117.000 -5.10072892e-06  3.46666413e-06
118.000 -5.61892687e-06  3.65298290e-06
119.000 -6.20162685e-06  3.71457129e-06
120.000 -6.81153357e-06  3.70883844e-06
121.000 -7.50743705e-06  3.65069910e-06
122.000 -8.28400827e-06  3.45995224e-06
123.000 -9.04884740e-06  3.12976534e-06
124.000 -9.78296045e-06  2.72887357e-06
125.000 -1.05236848e-05  2.25803925e-06
126.000 -1.12482350e-05  1.67603436e-06
127.000 -1.19074960e-05  9.93405552e-07
128.000 -1.24898065e-05  2.34185568e-07
129.000 -1.29786231e-05 -5.97120906e-07
130.000 -1.33607345e-05 -1.47029705e-06
131.000 -1.36660341e-05 -2.37550873e-06
132.000 -1.38841907e-05 -3.35258720e-06
133.000 -1.39546952e-05 -4.38158672e-06
134.000 -1.38920648e-05 -5.39062997e-06
135.000 -1.37576650e-05 -6.38475402e-06
136.000 -1.35374623e-05 -7.40578663e-06
137.000 -1.31921743e-05 -8.42305691e-06
138.000 -1.27486245e-05 -9.38791317e-06
139.000 -1.22408110e-05 -1.03093651e-05
140.000 -1.16545951e-05 -1.11935022e-05
141.000 -1.09908779e-05 -1.20098359e-05
142.000 -1.02727811e-05 -1.27549355e-05
143.000 -9.48899504e-06 -1.34348235e-05
144.000 -8.63741195e-06 -1.40207764e-05
145.000 -7.75110980e-06 -1.45117046e-05
146.000 -6.82288537e-06 -1.49403360e-05
147.000 -5.82002361e-06 -1.52905655e-05
148.000 -4.76811856e-06 -1.55271861e-05
149.000 -3.70683126e-06 -1.56761612e-05
150.000 -2.61439883e-06 -1.57705726e-05
151.000 -1.46809554e-06 -1.57803965e-05
152.000 -3.04767287e-07 -1.56768132e-05
153.000  8.47690746e-07 -1.54826651e-05
154.000  2.00584323e-06 -1.52026737e-05
155.000  3.16175465e-06 -1.48063010e-05
156.000  4.28629830e-06 -1.42929212e-05
157.000  5.38333587e-06 -1.36699655e-05
158.000  6.44927968e-06 -1.29125987e-05
159.000  7.44732896e-06 -1.20171097e-05
160.000  8.36782293e-06 -1.10124293e-05
161.000  9.22495320e-06 -9.89584023e-06
162.000  9.99128665e-06 -8.64724357e-06
163.000  1.06224581e-05 -7.29356019e-06
164.000  1.11194410e-05 -5.87542518e-06
165.000  1.14880781e-05 -4.38820699e-06
166.000  1.16869313e-05 -2.83011557e-06
167.000  1.16838128e-05 -1.24818202e-06
168.000  1.14934900e-05  3.23265769e-07
169.000  1.11141577e-05  1.88786296e-06
170.000  1.05171920e-05  3.42236618e-06
171.000  9.70894487e-06  4.87986651e-06
172.000  8.71439832e-06  6.24448396e-06
173.000  7.53224260e-06  7.50387030e-06
174.000  6.17101371e-06  8.61503341e-06
175.000  4.67266921e-06  9.54823101e-06
176.000  3.06361854e-06  1.03029590e-05
177.000  1.34714907e-06  1.08566727e-05
178.000 -4.42466169e-07  1.11667680e-05
179.000 -2.24953852e-06  1.12285130e-05
180.000 -4.05494395e-06  1.10589966e-05
181.000 -5.85165282e-06  1.06412400e-05
182.000 -7.59206680e-06  9.95742622e-06
183.000 -9.22859824e-06  9.03631904e-06
184.000 -1.07535500e-05  7.90619364e-06
185.000 -1.21484732e-05  6.56407795e-06
186.000 -1.33649901e-05  5.02823691e-06
187.000 -1.43782557e-05  3.34642539e-06
188.000 -1.51871430e-05  1.54444493e-06
189.000 -1.57683966e-05 -3.65673647e-07
190.000 -1.60933669e-05 -2.34421015e-06
191.000 -1.61662075e-05 -4.34664476e-06
192.000 -1.59963089e-05 -6.35751108e-06
193.000 -1.55692085e-05 -8.35721129e-06
194.000 -1.48852292e-05 -1.02978256e-05
195.000 -1.39781220e-05 -1.21474383e-05
196.000 -1.28659494e-05 -1.39033306e-05
197.000 -1.15441013e-05 -1.55406757e-05
198.000 -1.00375511e-05 -1.70141087e-05
199.000 -8.39149631e-06 -1.83109403e-05
200.000 -6.61999087e-06 -1.94357939e-05
201.000 -4.72758777e-06 -2.03640947e-05
202.000 -2.75079987e-06 -2.10699927e-05
203.000 -7.26018932e-07 -2.15623253e-05
204.000  1.34023429e-06 -2.18496423e-05
205.000  3.43450530e-06 -2.19165532e-05
206.000  5.51887624e-06 -2.17613993e-05
207.000  7.57003811e-06 -2.14077402e-05
208.000  9.58622133e-06 -2.08639902e-05
209.000  1.15468652e-05 -2.01213384e-05
210.000  1.34168979e-05 -1.91941052e-05
211.000  1.51876568e-05 -1.81092062e-05
212.000  1.68605276e-05 -1.68661983e-05
213.000  1.84091918e-05 -1.54599263e-05
214.000  1.98079639e-05 -1.39153580e-05
215.000  2.10624089e-05 -1.22546330e-05
216.000  2.21721872e-05 -1.04713389e-05
217.000  2.31099172e-05 -8.57038521e-06
218.000  2.38621086e-05 -6.58401387e-06
219.000  2.44397963e-05 -4.53039489e-06
220.000  2.48373086e-05 -2.40763095e-06
221.000  2.50306913e-05 -2.33890199e-07
222.000  2.50167735e-05  1.95513644e-06
223.000  2.48072120e-05  4.14389140e-06
224.000  2.43927940e-05  6.32732438e-06
225.000  2.37573131e-05  8.47655890e-06
226.000  2.29108435e-05  1.05563568e-05
227.000  2.18688558e-05  1.25562463e-05
228.000  2.06240378e-05  1.44654756e-05
229.000  1.91756160e-05  1.62478477e-05
230.000  1.75510562e-05  1.78745475e-05
231.000  1.57707201e-05  1.93417485e-05
232.000  1.38351655e-05  2.06337481e-05
233.000  1.17632059e-05  2.17155738e-05
234.000  9.59487407e-06  2.25719428e-05
235.000  7.35305490e-06  2.32068096e-05
236.000  5.04775601e-06  2.36067409e-05
237.000  2.71144342e-06  2.37492481e-05
238.000  3.87708240e-07  2.36373445e-05
239.000 -1.90186946e-06  2.32861614e-05
240.000 -4.14218227e-06  2.26919480e-05
241.000 -6.29573623e-06  2.18503589e-05
242.000 -8.32379321e-06  2.07837966e-05
243.000 -1.02123490e-05  1.95181425e-05
244.000 -1.19471996e-05  1.80591891e-05
245.000 -1.34936559e-05  1.64200499e-05
246.000 -1.48268872e-05  1.46386285e-05
247.000 -1.59468736e-05  1.27453921e-05
248.000 -1.68454062e-05  1.07519134e-05
249.000 -1.74989846e-05  8.68462882e-06
250.000 -1.79034497e-05  6.58788752e-06
251.000 -1.80738908e-05  4.48916878e-06
252.000 -1.80110065e-05  2.40199326e-06
253.000 -1.77072891e-05  3.57839727e-07
254.000 -1.71778928e-05 -1.60327552e-06
255.000 -1.64491825e-05 -3.46300883e-06
256.000 -1.55299397e-05 -5.21196240e-06
257.000 -1.44259394e-05 -6.82277964e-06
258.000 -1.31656108e-05 -8.26707434e-06
259.000 -1.17811763e-05 -9.54038276e-06
260.000 -1.02847615e-05 -1.06419119e-05
261.000 -8.69017262e-06 -1.15524693e-05
262.000 -7.03290446e-06 -1.22583755e-05
263.000 -5.34401304e-06 -1.27698333e-05
264.000 -3.63341700e-06 -1.30934267e-05
265.000 -1.91830270e-06 -1.32180359e-05
266.000 -2.34117256e-07 -1.31445315e-05
267.000  1.39633637e-06 -1.28941474e-05
268.000  2.96883983e-06 -1.24772583e-05
269.000  4.46684188e-06 -1.18902054e-05
270.000  5.86115835e-06 -1.11457933e-05
271.000  7.14002285e-06 -1.02710422e-05
272.000  8.30484590e-06 -9.27778050e-06
273.000  9.34190549e-06 -8.16854304e-06
274.000  1.02300748e-05 -6.96368030e-06
275.000  1.09672183e-05 -5.69188770e-06
276.000  1.15595087e-05 -4.36440655e-06
277.000  1.19965830e-05 -2.98695816e-06
278.000  1.22651727e-05 -1.58378800e-06
279.000  1.23726547e-05 -1.82430583e-07
280.000  1.23304139e-05  1.20906773e-06
281.000  1.21321980e-05  2.58391573e-06
282.000  1.17740654e-05  3.91615496e-06
283.000  1.12735171e-05  5.18222551e-06
284.000  1.06466027e-05  6.37873497e-06
285.000  9.89183336e-06  7.49865166e-06
286.000  9.01490847e-06  8.51731963e-06
287.000  8.04084118e-06  9.41825006e-06
288.000  6.98770302e-06  1.02037781e-05
289.000  5.85781255e-06  1.08689647e-05
290.000  4.66390103e-06  1.13949289e-05
291.000  3.43413316e-06  1.17752467e-05
292.000  2.18589991e-06  1.20197331e-05
293.000  9.23349382e-07  1.21287372e-05
294.000 -3.37337899e-07  1.20921176e-05
295.000 -1.56834239e-06  1.19144016e-05
296.000 -2.75551118e-06  1.16133408e-05
297.000 -3.89616268e-06  1.11947713e-05
298.000 -4.97443581e-06  1.06560427e-05
299.000 -5.96644086e-06  1.00106729e-05
300.000 -6.86529624e-06  9.28187732e-06
301.000 -7.67364288e-06  8.47769573e-06
302.000 -8.37940388e-06  7.59993327e-06
303.000 -8.96648482e-06  6.66789970e-06
304.000 -9.43810684e-06  5.70616288e-06
305.000 -9.80336907e-06  4.72181619e-06
306.000 -1.00555307e-05  3.71886878e-06
307.000 -1.01874968e-05  2.71863548e-06
308.000 -1.02111677e-05  1.74304152e-06
309.000 -1.01400935e-05  7.96006921e-07
310.000 -9.97200425e-06 -1.19037710e-07
311.000 -9.70680682e-06 -9.83099009e-07
312.000 -9.36167594e-06 -1.78029172e-06
313.000 -8.95210225e-06 -2.51226919e-06
314.000 -8.47829773e-06 -3.17921807e-06
315.000 -7.94438563e-06 -3.76721841e-06
316.000 -7.37015312e-06 -4.26782563e-06
317.000 -6.77094213e-06 -4.68917667e-06
318.000 -6.14699243e-06 -5.03553838e-06
319.000 -5.50405124e-06 -5.29738169e-06
320.000 -4.86227888e-06 -5.47249252e-06
321.000 -4.23437570e-06 -5.57411867e-06
322.000 -3.61805919e-06 -5.60865537e-06
323.000 -3.01862443e-06 -5.56909632e-06
324.000 -2.45436048e-06 -5.45798741e-06
325.000 -1.93325361e-06 -5.29182597e-06
326.000 -1.44958583e-06 -5.07762623e-06
327.000 -1.00734595e-06 -4.81050750e-06
328.000 -6.21647646e-07 -4.49691249e-06
329.000 -2.95719749e-07 -4.15502340e-06
330.000 -2.12726762e-08 -3.79195057e-06
331.000  1.99106998e-07 -3.40471651e-06
332.000  3.53670431e-07 -3.00218532e-06
333.000  4.43198648e-07 -2.60271221e-06
334.000  4.78283555e-07 -2.21272296e-06
335.000  4.58323525e-07 -1.82987764e-06
336.000  3.75284638e-07 -1.46384869e-06
337.000  2.34440791e-07 -1.13209490e-06
338.000  4.97790818e-08 -8.39232179e-07
339.000 -1.76438854e-07 -5.82097439e-07
340.000 -4.47989175e-07 -3.70022327e-07
341.000 -7.54427944e-07 -2.18424832e-07
342.000 -1.07806640e-06 -1.28443432e-07
343.000 -1.41419482e-06 -9.43011741e-08
344.000 -1.76305818e-06 -1.23094795e-07
345.000 -2.11027459e-06 -2.25817791e-07
346.000 -2.43647500e-06 -3.97731847e-07
347.000 -2.73666758e-06 -6.28312494e-07
348.000 -3.00984327e-06 -9.19957166e-07
349.000 -3.24086512e-06 -1.27687775e-06
350.000 -3.41218910e-06 -1.68729924e-06
351.000 -3.52141047e-06 -2.13537563e-06
352.000 -3.56941116e-06 -2.61813975e-06
353.000 -3.54425031e-06 -3.13344487e-06
354.000 -3.43370339e-06 -3.66431613e-06
355.000 -3.24088943e-06 -4.19160242e-06
356.000 -2.97194650e-06 -4.70934292e-06
357.000 -2.62130529e-06 -5.21251722e-06
358.000 -2.18433180e-06 -5.68272376e-06
359.000 -1.67173027e-06 -6.10115840e-06
360.000 -1.09661599e-06 -6.46313628e-06
361.000 -4.60277177e-07 -6.76527840e-06
362.000  2.34676631e-07 -6.99176459e-06
363.000  9.70681759e-07 -7.12815292e-06
364.000  1.72937320e-06 -7.17525388e-06
365.000  2.50534836e-06 -7.13506303e-06
366.000  3.29191114e-06 -6.99759753e-06
367.000  4.06831983e-06 -6.75579526e-06
368.000  4.81515369e-06 -6.41829832e-06
369.000  5.52704223e-06 -5.99411401e-06
370.000  6.19742729e-06 -5.48039218e-06
371.000  6.80697580e-06 -4.87792207e-06
372.000  7.33948687e-06 -4.20246547e-06
373.000  7.79325253e-06 -3.46884816e-06
374.000  8.16553301e-06 -2.67988833e-06
375.000  8.44213548e-06 -1.84179045e-06
376.000  8.61305189e-06 -9.74194427e-07
377.000  8.68258556e-06 -9.45113554e-08
378.000  8.65407763e-06  7.92186403e-07
379.000  8.52016486e-06  1.67821478e-06
380.000  8.27779493e-06  2.54387841e-06
381.000  7.93765943e-06  3.37267263e-06
382.000  7.50907702e-06  4.16093782e-06
383.000  6.99038087e-06  4.90300350e-06
384.000  6.38380597e-06  5.58187261e-06
385.000  5.70472080e-06  6.18446352e-06
386.000  4.96618307e-06  6.71103703e-06
387.000  4.16947965e-06  7.15981377e-06
388.000  3.31955385e-06  7.51776187e-06
389.000  2.43400744e-06  7.77628958e-06
390.000  1.52718019e-06  7.94021461e-06
391.000  6.01205408e-07  8.01181422e-06
392.000 -3.38104280e-07  7.98205852e-06
393.000 -1.27275060e-06  7.84651545e-06
394.000 -2.18852144e-06  7.61371431e-06
395.000 -3.08331008e-06  7.28925680e-06
396.000 -3.95142226e-06  6.86763390e-06
397.000 -4.77556312e-06  6.34779675e-06
398.000 -5.54228530e-06  5.74112639e-06
399.000 -6.24993261e-06  5.05622918e-06
