1.000  5.68957550e-04 -4.24519659e-04
2.000  3.94464703e-04 -2.55396114e-04
3.000  3.45237143e-04 -1.68344540e-04
4.000  2.92825272e-04 -1.22530984e-04
5.000  2.63240572e-04 -6.62178713e-05
6.000  2.41184243e-04 -3.73519028e-05
7.000  2.10388890e-04 -5.16330121e-06
8.000  1.92577300e-04  1.92619606e-05
9.000  1.66804179e-04  3.80024537e-05
10.000  1.46275437e-04  6.09807677e-05
11.000  1.26766480e-04  7.44138463e-05
12.000  1.07629650e-04  8.84096444e-05
13.000  9.43118460e-05  9.64403138e-05
14.000  7.81467084e-05  1.00992817e-04
15.000  6.45906934e-05  1.03386336e-04
16.000  5.01027550e-05  1.00935408e-04
17.000  3.65773332e-05  9.92249513e-05
18.000  2.47225999e-05  9.45696479e-05
19.000  1.24612908e-05  8.91912763e-05
20.000  3.17178017e-06  8.18267502e-05
21.000 -6.37272748e-06  7.26722498e-05
22.000 -1.48173126e-05  6.42450926e-05
23.000 -2.30053574e-05  5.45129913e-05
24.000 -3.09941646e-05  4.58822652e-05
25.000 -3.71539677e-05  3.77068385e-05
26.000 -4.21451455e-05  3.09837442e-05
27.000 -4.36986662e-05  2.36271496e-05
28.000 -4.60699016e-05  1.44616042e-05
29.000 -4.70511073e-05  9.21433327e-06
30.000 -4.34941893e-05  2.65186574e-06
31.000 -4.19329347e-05 -4.44689885e-06
32.000 -3.72002312e-05 -8.58283846e-06
33.000 -3.09563911e-05 -1.58763125e-05
34.000 -2.62832522e-05 -2.03311930e-05
35.000 -1.77065668e-05 -2.51629007e-05
36.000 -1.20257954e-05 -3.12359045e-05
37.000 -4.79410099e-06 -3.38107771e-05
38.000  2.29779321e-06 -3.81983697e-05
39.000  7.77323145e-06 -3.92206529e-05
40.000  1.52378427e-05 -4.03449564e-05
41.000  2.08675347e-05 -4.09899449e-05
42.000  2.70398108e-05 -4.03210007e-05
43.000  3.19512344e-05 -3.99931755e-05
44.000  3.52294987e-05 -3.83026111e-05
45.000  3.79127857e-05 -3.53401353e-05
46.000  3.92380173e-05 -3.14016967e-05
47.000  4.01180210e-05 -2.55459261e-05
48.000  4.09141738e-05 -1.96919908e-05
49.000  4.11488930e-05 -1.30738000e-05
50.000  4.14497798e-05 -6.74381684e-06
51.000  4.09237298e-05 -4.32686525e-07
52.000  4.00120868e-05  5.73479145e-06
53.000  3.87953637e-05  1.17783146e-05
54.000  3.72784283e-05  1.74850621e-05
55.000  3.58306545e-05  2.26757158e-05
56.000  3.40691850e-05  2.67894713e-05
57.000  3.22145382e-05  2.98772198e-05
58.000  2.97429587e-05  3.18675395e-05
59.000  2.68817678e-05  3.30119292e-05
60.000  2.34442420e-05  3.34623863e-05
61.000  1.98731291e-05  3.32816078e-05
62.000  1.62009791e-05  3.25640174e-05
63.000  1.25007730e-05  3.11290609e-05
64.000  8.88110304e-06  2.91718740e-05
65.000  5.16451414e-06  2.66123876e-05
66.000  1.58342716e-06  2.39801419e-05
67.000 -1.90960958e-06  2.12731550e-05
68.000 -5.03589004e-06  1.87417407e-05
69.000 -7.60885331e-06  1.64140188e-05
70.000 -9.54338091e-06  1.40745596e-05
71.000 -1.08088902e-05  1.19627770e-05
72.000 -1.14241251e-05  9.76407990e-06
73.000 -1.14411008e-05  7.81816808e-06
74.000 -1.08207669e-05  6.09688076e-06
75.000 -9.58229928e-06  4.60337784e-06
76.000 -7.76653883e-06  3.44506656e-06
77.000 -5.37432281e-06  2.22955586e-06
78.000 -2.73575435e-06  1.13486683e-06
79.000  6.11995084e-08  1.46762960e-08
80.000  2.78970920e-06 -1.06971515e-06
81.000  5.24026646e-06 -1.94796438e-06
82.000  7.45856745e-06 -2.61873856e-06
83.000  9.29957176e-06 -2.87563149e-06
84.000  1.08593603e-05 -2.87227784e-06
85.000  1.20587498e-05 -2.56990136e-06
86.000  1.28212559e-05 -1.96318435e-06
87.000  1.32049196e-05 -1.04832746e-06
88.000  1.31311070e-05  3.45770515e-07
89.000  1.28119891e-05  2.14575380e-06
90.000  1.23370574e-05  4.37793556e-06
91.000  1.17834887e-05  6.87906530e-06
92.000  1.12886183e-05  9.47145413e-06
93.000  1.07736281e-05  1.20394097e-05
94.000  1.02968531e-05  1.44195515e-05
95.000  9.84310044e-06  1.66183201e-05
96.000  9.35963027e-06  1.85245830e-05
97.000  8.93583215e-06  2.01085876e-05
98.000  8.48784547e-06  2.12886684e-05
99.000  7.98747245e-06  2.19526315e-05
100.000  7.38823470e-06  2.21094672e-05
101.000  6.53391648e-06  2.17071895e-05
102.000  5.46607047e-06  2.08717096e-05
103.000  4.12224932e-06  1.97067004e-05
104.000  2.56115344e-06  1.83010536e-05
105.000  9.10739043e-07  1.67786953e-05
106.000 -8.23675582e-07  1.51550565e-05
107.000 -2.49729818e-06  1.34865632e-05
108.000 -4.11493197e-06  1.18387663e-05
109.000 -5.62584866e-06  1.02400989e-05
110.000 -6.93821844e-06  8.81155763e-06
111.000 -8.04550810e-06  7.59636824e-06
112.000 -8.84191926e-06  6.59818313e-06
113.000 -9.30092952e-06  5.83937847e-06
114.000 -9.44283156e-06  5.21801537e-06
115.000 -9.25282688e-06  4.72980721e-06
116.000 -8.83332849e-06  4.33954747e-06
117.000 -8.21831754e-06  4.01838082e-06
118.000 -7.44410243e-06  3.80951402e-06
119.000 -6.60289576e-06  3.67111123e-06
120.000 -5.69691986e-06  3.57899798e-06
121.000 -4.82513082e-06  3.51754544e-06
122.000 -4.05896845e-06  3.41499643e-06
123.000 -3.43350885e-06  3.30111724e-06
124.000 -3.03073978e-06  3.18040639e-06
125.000 -2.82331801e-06  3.06540726e-06
126.000 -2.78406471e-06  3.01027475e-06
127.000 -2.90229804e-06  2.98595366e-06
128.000 -3.09106007e-06  2.98676172e-06
129.000 -3.35416394e-06  3.01562709e-06
130.000 -3.65408577e-06  3.03432549e-06
131.000 -3.93928430e-06  3.08521622e-06
132.000 -4.20449846e-06  3.18155843e-06
133.000 -4.37066585e-06  3.31826842e-06
134.000 -4.39674310e-06  3.51756839e-06
135.000 -4.27908146e-06  3.72732644e-06
136.000 -3.97560547e-06  3.91728141e-06
137.000 -3.53159485e-06  4.08346561e-06
138.000 -2.96703620e-06  4.18407370e-06
139.000 -2.28565761e-06  4.24749420e-06
140.000 -1.54375967e-06  4.28017185e-06
141.000 -7.47605036e-07  4.26271871e-06
142.000  6.74253944e-08  4.21424234e-06
143.000  8.26655585e-07  4.10745870e-06
144.000  1.50406032e-06  3.93449204e-06
145.000  2.02825939e-06  3.73674968e-06
146.000  2.35805602e-06  3.51637693e-06
147.000  2.50765397e-06  3.32745542e-06
148.000  2.45835129e-06  3.21469922e-06
149.000  2.24140758e-06  3.17664804e-06
150.000  1.89147128e-06  3.24825237e-06
151.000  1.40655708e-06  3.43245692e-06
152.000  8.31478549e-07  3.72192502e-06
153.000  1.93696718e-07  4.15208664e-06
154.000 -4.88048453e-07  4.70526918e-06
155.000 -1.14808604e-06  5.36826858e-06
156.000 -1.77271948e-06  6.12929276e-06
157.000 -2.35047825e-06  6.91548814e-06
158.000 -2.86300314e-06  7.68453729e-06
159.000 -3.34820171e-06  8.39603641e-06
160.000 -3.82175516e-06  8.99026769e-06
161.000 -4.29383082e-06  9.45843860e-06
162.000 -4.80671856e-06  9.77759054e-06
163.000 -5.36197601e-06  9.91233619e-06
164.000 -5.97989612e-06  9.86946008e-06
165.000 -6.69903312e-06  9.62173464e-06
166.000 -7.51388293e-06  9.16189035e-06
167.000 -8.43785438e-06  8.52039263e-06
168.000 -9.46619658e-06  7.69754344e-06
169.000 -1.05469924e-05  6.72188064e-06
170.000 -1.16485099e-05  5.62786889e-06
171.000 -1.27206122e-05  4.41174162e-06
172.000 -1.36954076e-05  3.09769619e-06
173.000 -1.45453549e-05  1.70236662e-06
174.000 -1.52184518e-05  2.22722874e-07
175.000 -1.56645526e-05 -1.30435660e-06
176.000 -1.58658387e-05 -2.86338500e-06
177.000 -1.57764862e-05 -4.44935208e-06
178.000 -1.53757012e-05 -6.02952909e-06
179.000 -1.46743762e-05 -7.60107811e-06
180.000 -1.36657085e-05 -9.15506984e-06
181.000 -1.23751534e-05 -1.06517749e-05
182.000 -1.08414717e-05 -1.20736947e-05
183.000 -9.07743412e-06 -1.33835804e-05
184.000 -7.12790614e-06 -1.45283807e-05
185.000 -5.03510131e-06 -1.54884787e-05
186.000 -2.82745504e-06 -1.62241083e-05
187.000 -5.70402502e-07 -1.66977638e-05
188.000  1.68594791e-06 -1.68994581e-05
189.000  3.90414862e-06 -1.67930450e-05
190.000  6.02533737e-06 -1.63535603e-05
191.000  8.02004235e-06 -1.55819040e-05
192.000  9.86742129e-06 -1.44615475e-05
193.000  1.15253624e-05 -1.30015487e-05
194.000  1.29780736e-05 -1.12333527e-05
195.000  1.42045517e-05 -9.16952630e-06
196.000  1.51694353e-05 -6.85093767e-06
197.000  1.58702294e-05 -4.32616434e-06
198.000  1.62954823e-05 -1.62881708e-06
199.000  1.64288224e-05  1.17351311e-06
200.000  1.62815961e-05  4.01146950e-06
201.000  1.58463046e-05  6.82780821e-06
202.000  1.51120398e-05  9.53928789e-06
203.000  1.40930450e-05  1.20771055e-05
204.000  1.27871324e-05  1.43919956e-05
205.000  1.11999388e-05  1.64180193e-05
206.000  9.36222480e-06  1.81129118e-05
207.000  7.28548417e-06  1.94485448e-05
208.000  4.99349284e-06  2.03833238e-05
209.000  2.52648258e-06  2.09064431e-05
210.000 -9.35727546e-08  2.10181002e-05
211.000 -2.82293020e-06  2.07118934e-05
212.000 -5.60076909e-06  2.00134979e-05
213.000 -8.38016907e-06  1.89514511e-05
214.000 -1.10929323e-05  1.75434344e-05
215.000 -1.36647860e-05  1.58320133e-05
216.000 -1.60440803e-05  1.38545157e-05
217.000 -1.81656944e-05  1.16378925e-05
218.000 -1.99693380e-05  9.23282649e-06
219.000 -2.14189847e-05  6.67914347e-06
220.000 -2.24669195e-05  4.00843548e-06
221.000 -2.30808683e-05  1.27126985e-06
222.000 -2.32557160e-05 -1.49847675e-06
223.000 -2.29805654e-05 -4.27031165e-06
224.000 -2.22665545e-05 -6.99323771e-06
225.000 -2.11482663e-05 -9.62960031e-06
226.000 -1.96495499e-05 -1.21394037e-05
227.000 -1.78108451e-05 -1.44629357e-05
228.000 -1.56881725e-05 -1.65574752e-05
229.000 -1.33232935e-05 -1.83812947e-05
230.000 -1.07735576e-05 -1.98806876e-05
231.000 -8.10572090e-06 -2.10248069e-05
232.000 -5.36812162e-06 -2.17849670e-05
233.000 -2.61985418e-06 -2.21278619e-05
234.000  8.15691317e-08 -2.20482875e-05
235.000  2.70038959e-06 -2.15457216e-05
236.000  5.19039555e-06 -2.06223133e-05
237.000  7.50766295e-06 -1.93106436e-05
238.000  9.62656298e-06 -1.76464342e-05
239.000  1.15093088e-05 -1.56657700e-05
240.000  1.31218006e-05 -1.34301949e-05
241.000  1.44500029e-05 -1.09987038e-05
242.000  1.54699834e-05 -8.42680294e-06
243.000  1.61639829e-05 -5.79014239e-06
244.000  1.65327495e-05 -3.15525463e-06
245.000  1.65663761e-05 -5.80507573e-07
246.000  1.62635993e-05  1.86441186e-06
247.000  1.56413927e-05  4.12798767e-06
248.000  1.47086569e-05  6.17084763e-06
249.000  1.34866642e-05  7.94721714e-06
250.000  1.20139541e-05  9.43185617e-06
251.000  1.03190465e-05  1.06111128e-05
252.000  8.43968199e-06  1.14648142e-05
253.000  6.42747911e-06  1.19928401e-05
254.000  4.32187614e-06  1.22060595e-05
255.000  2.17037207e-06  1.21075874e-05
256.000  3.29329119e-08  1.17179996e-05
257.000 -2.04433246e-06  1.10648760e-05
258.000 -4.01070030e-06  1.01654245e-05
259.000 -5.80980774e-06  9.05127396e-06
260.000 -7.40431866e-06  7.75748165e-06
261.000 -8.75631183e-06  6.30829778e-06
262.000 -9.82688451e-06  4.74112717e-06
263.000 -1.05980950e-05  3.09424907e-06
264.000 -1.10530922e-05  1.39353075e-06
265.000 -1.11762388e-05 -3.23866027e-07
266.000 -1.09751821e-05 -2.02049926e-06
267.000 -1.04609269e-05 -3.67157278e-06
268.000 -9.64535762e-06 -5.24046678e-06
269.000 -8.56193830e-06 -6.68870940e-06
270.000 -7.24490522e-06 -7.99025033e-06
271.000 -5.72575516e-06 -9.10874906e-06
272.000 -4.05338422e-06 -1.00084093e-05
273.000 -2.27440454e-06 -1.06680879e-05
274.000 -4.30523993e-07 -1.10601079e-05
275.000  1.42329583e-06 -1.11613632e-05
276.000  3.23888884e-06 -1.09662827e-05
277.000  4.97752803e-06 -1.04665991e-05
278.000  6.59209636e-06 -9.66222115e-06
279.000  8.04542808e-06 -8.57386485e-06
280.000  9.31225373e-06 -7.22191722e-06
281.000  1.03593413e-05 -5.63441555e-06
282.000  1.11622078e-05 -3.85936190e-06
283.000  1.17090330e-05 -1.94225163e-06
284.000  1.19807681e-05  6.87179542e-08
285.000  1.19670095e-05  2.11004957e-06
286.000  1.16709711e-05  4.12509565e-06
287.000  1.10898559e-05  6.06048397e-06
288.000  1.02292272e-05  7.85445769e-06
289.000  9.10801099e-06  9.45811085e-06
290.000  7.74026827e-06  1.08321811e-05
291.000  6.14903305e-06  1.19349741e-05
292.000  4.37164042e-06  1.27413239e-05
293.000  2.44104704e-06  1.32386062e-05
294.000  3.97488209e-07  1.34123356e-05
295.000 -1.70592307e-06  1.32634233e-05
296.000 -3.82337776e-06  1.28052388e-05
297.000 -5.90679954e-06  1.20470117e-05
298.000 -7.89807063e-06  1.10097059e-05
299.000 -9.74931825e-06  9.72496680e-06
300.000 -1.14155257e-05  8.21735515e-06
301.000 -1.28458231e-05  6.51889978e-06
302.000 -1.40033896e-05  4.67006578e-06
303.000 -1.48597794e-05  2.70291141e-06
304.000 -1.53854395e-05  6.54660570e-07
305.000 -1.55673467e-05 -1.43023247e-06
306.000 -1.54032496e-05 -3.51644932e-06
307.000 -1.48905798e-05 -5.56571805e-06
308.000 -1.40424666e-05 -7.53373329e-06
309.000 -1.28829149e-05 -9.38683172e-06
310.000 -1.14337384e-05 -1.10910318e-05
311.000 -9.72948933e-06 -1.26065503e-05
312.000 -7.81429743e-06 -1.39051569e-05
313.000 -5.72633253e-06 -1.49613650e-05
314.000 -3.51129995e-06 -1.57447762e-05
315.000 -1.22201185e-06 -1.62377476e-05
316.000  1.09776194e-06 -1.64291044e-05
317.000  3.40117054e-06 -1.63047085e-05
318.000  5.63644974e-06 -1.58637917e-05
319.000  7.76287295e-06 -1.51143597e-05
320.000  9.74057749e-06 -1.40627752e-05
321.000  1.15274469e-05 -1.27284469e-05
322.000  1.30943877e-05 -1.11404152e-05
323.000  1.44161029e-05 -9.32562380e-06
324.000  1.54656670e-05 -7.32191357e-06
325.000  1.62293555e-05 -5.17574056e-06
326.000  1.66987407e-05 -2.92829812e-06
327.000  1.68627421e-05 -6.27154629e-07
328.000  1.67227512e-05  1.67353104e-06
329.000  1.62871215e-05  3.92851119e-06
330.000  1.55606188e-05  6.09154262e-06
331.000  1.45587331e-05  8.11239946e-06
332.000  1.33048134e-05  9.95296421e-06
333.000  1.18180166e-05  1.15795884e-05
334.000  1.01260931e-05  1.29576491e-05
335.000  8.26493046e-06  1.40663458e-05
336.000  6.26602326e-06  1.48924374e-05
337.000  4.16717655e-06  1.54226166e-05
338.000  2.01338102e-06  1.56565482e-05
339.000 -1.56425306e-07  1.56018230e-05
340.000 -2.30055837e-06  1.52644512e-05
341.000 -4.37188354e-06  1.46608176e-05
342.000 -6.33180507e-06  1.38144567e-05
343.000 -8.14330244e-06  1.27444106e-05
344.000 -9.76565679e-06  1.14763679e-05
345.000 -1.11691171e-05  1.00425346e-05
346.000 -1.23305418e-05  8.46859938e-06
347.000 -1.32253334e-05  6.78361272e-06
348.000 -1.38411049e-05  5.02325414e-06
349.000 -1.41755862e-05  3.21637361e-06
350.000 -1.42260818e-05  1.39242089e-06
351.000 -1.40006045e-05 -4.13041333e-07
352.000 -1.35175524e-05 -2.17126174e-06
353.000 -1.27939188e-05 -3.85531506e-06
354.000 -1.18539381e-05 -5.43310115e-06
355.000 -1.07302634e-05 -6.87939454e-06
356.000 -9.45149209e-06 -8.17310003e-06
357.000 -8.04891704e-06 -9.28907426e-06
358.000 -6.55986480e-06 -1.02096469e-05
359.000 -5.01498285e-06 -1.09243534e-05
360.000 -3.44343646e-06 -1.14199797e-05
361.000 -1.87936078e-06 -1.16907855e-05
362.000 -3.49429786e-07 -1.17408841e-05
363.000  1.12437550e-06 -1.15724477e-05
364.000  2.51559371e-06 -1.11934335e-05
365.000  3.80446130e-06 -1.06225297e-05
366.000  4.97801129e-06 -9.87665297e-06
367.000  6.01930069e-06 -8.97532625e-06
368.000  6.91626184e-06 -7.94725471e-06
369.000  7.66427632e-06 -6.81843848e-06
370.000  8.25524693e-06 -5.61360936e-06
371.000  8.68422105e-06 -4.36394639e-06
372.000  8.95401852e-06 -3.09676582e-06
373.000  9.06469234e-06 -1.83490401e-06
374.000  9.01810096e-06 -6.05557784e-07
375.000  8.82436725e-06  5.68442902e-07
376.000  8.49155216e-06  1.67142773e-06
377.000  8.02780629e-06  2.68482576e-06
378.000  7.44982625e-06  3.59382296e-06
379.000  6.77312397e-06  4.39259674e-06
380.000  6.01096639e-06  5.07334168e-06
381.000  5.18430474e-06  5.62990204e-06
382.000  4.31362941e-06  6.06536298e-06
383.000  3.41454361e-06  6.38159540e-06
384.000  2.50801678e-06  6.57955464e-06
385.000  1.61492536e-06  6.66827521e-06
386.000  7.49296748e-07  6.65621988e-06
387.000 -7.22364603e-08  6.54874494e-06
388.000 -8.33096343e-07  6.35741678e-06
389.000 -1.52478912e-06  6.09372591e-06
390.000 -2.13871381e-06  5.76464738e-06
391.000 -2.66627605e-06  5.38189224e-06
392.000 -3.10754739e-06  4.95787055e-06
393.000 -3.46409229e-06  4.49945182e-06
394.000 -3.73626691e-06  4.01689467e-06
395.000 -3.93229315e-06  3.52216755e-06
396.000 -4.06246433e-06  3.02078468e-06
397.000 -4.13335554e-06  2.51994564e-06
398.000 -4.15689238e-06  2.02990542e-06
399.000 -4.14703162e-06  1.55438140e-06
