1.000  6.52826683e-04 -4.51363435e-04
2.000  4.72196260e-04 -2.52369768e-04
3.000  3.94415236e-04 -1.35090669e-04
4.000  3.48666580e-04 -6.05647966e-05
5.000  3.01831249e-04 -1.47658039e-05
6.000  2.47963146e-04  2.33639036e-05
7.000  2.07742199e-04  5.92757856e-05
8.000  1.73254430e-04  8.22369164e-05
9.000  1.36309346e-04  9.50047612e-05
10.000  1.00391395e-04  1.02970985e-04
11.000  7.10463217e-05  1.09554984e-04
12.000  4.62597431e-05  1.09107482e-04
13.000  2.33603124e-05  1.06247431e-04
14.000  5.85016591e-06  1.04180423e-04
15.000 -8.47189045e-06  1.00177355e-04
16.000 -2.15522356e-05  9.25431390e-05
17.000 -3.43046754e-05  8.49067922e-05
18.000 -4.36629061e-05  7.83546164e-05
19.000 -5.00607521e-05  6.82733733e-05
20.000 -5.55834145e-05  5.61142543e-05
21.000 -6.01262538e-05  4.53057803e-05
22.000 -6.12801685e-05  3.60172825e-05
23.000 -5.86273437e-05  2.53423144e-05
24.000 -5.55712741e-05  1.42063912e-05
25.000 -5.24236055e-05  4.31502015e-06
26.000 -4.73506702e-05 -4.89757702e-06
27.000 -3.99290803e-05 -1.43261966e-05
28.000 -3.21626420e-05 -2.35174292e-05
29.000 -2.40426386e-05 -3.09698672e-05
30.000 -1.48927103e-05 -3.65715289e-05
31.000 -5.56950483e-06 -4.06432966e-05
32.000  3.13880178e-06 -4.34638879e-05
33.000  1.15556363e-05 -4.45635628e-05
34.000  1.99082615e-05 -4.43343861e-05
35.000  2.68780073e-05 -4.34853081e-05
36.000  3.17426858e-05 -4.10693814e-05
37.000  3.58608465e-05 -3.59256727e-05
38.000  4.05460584e-05 -3.01815918e-05
39.000  4.32773058e-05 -2.58421392e-05
40.000  4.27542119e-05 -1.98542678e-05
41.000  4.24282655e-05 -1.15837476e-05
42.000  4.23723072e-05 -4.75204518e-06
43.000  3.97375735e-05  1.57574830e-06
44.000  3.60120960e-05  9.64388976e-06
45.000  3.22356692e-05  1.72972080e-05
46.000  2.68591028e-05  2.35519767e-05
47.000  1.95793769e-05  2.89607057e-05
48.000  1.12529438e-05  3.38609510e-05
49.000  3.62093418e-06  3.72011884e-05
50.000 -4.16697002e-06  3.77227549e-05
51.000 -1.25157152e-05  3.72251904e-05
52.000 -1.94083772e-05  3.58026566e-05
53.000 -2.46535336e-05  3.25143415e-05
54.000 -2.86760788e-05  2.75130908e-05
55.000 -3.18265930e-05  2.17761930e-05
56.000 -3.29050907e-05  1.62639367e-05
57.000 -3.17792921e-05  1.02609791e-05
58.000 -2.94919105e-05  4.47169952e-06
59.000 -2.60229591e-05 -2.92827938e-07
60.000 -2.15079786e-05 -3.69564386e-06
61.000 -1.62928603e-05 -6.15662556e-06
62.000 -1.14604007e-05 -7.77931737e-06
63.000 -7.00424108e-06 -8.27569361e-06
64.000 -2.96769538e-06 -8.16550449e-06
65.000  3.82131952e-07 -7.70816549e-06
66.000  2.84918924e-06 -6.92878499e-06
67.000  4.67724001e-06 -5.73119302e-06
68.000  6.10124503e-06 -4.59427805e-06
69.000  7.02434976e-06 -3.71124351e-06
70.000  7.53941945e-06 -2.84077132e-06
71.000  8.02343757e-06 -1.88927262e-06
72.000  8.50381726e-06 -9.95932204e-07
73.000  8.81070277e-06 -6.78350081e-08
74.000  8.70588180e-06  1.16212805e-06
75.000  8.38477037e-06  2.79220484e-06
76.000  7.67087573e-06  4.53454322e-06
77.000  6.48776467e-06  6.35922472e-06
78.000  4.71071513e-06  8.08366959e-06
79.000  2.60928173e-06  9.74310912e-06
80.000  2.05911839e-07  1.09990707e-05
81.000 -2.47345933e-06  1.19574180e-05
82.000 -5.40819342e-06  1.24875725e-05
83.000 -8.39625424e-06  1.27076749e-05
84.000 -1.13321570e-05  1.23252734e-05
85.000 -1.40948455e-05  1.14814642e-05
86.000 -1.64711496e-05  1.01626313e-05
87.000 -1.82504996e-05  8.54380275e-06
88.000 -1.94329414e-05  6.58043721e-06
89.000 -2.00373300e-05  4.52212543e-06
90.000 -2.01269908e-05  2.45163075e-06
91.000 -1.96802121e-05  4.69951527e-07
92.000 -1.88919831e-05 -1.47672919e-06
93.000 -1.77920882e-05 -3.25847940e-06
94.000 -1.64705949e-05 -4.87157936e-06
95.000 -1.48315514e-05 -6.33018776e-06
96.000 -1.30552716e-05 -7.65834443e-06
97.000 -1.11037033e-05 -8.77849160e-06
98.000 -9.07813404e-06 -9.65977689e-06
99.000 -6.89799708e-06 -1.03357828e-05
100.000 -4.72844324e-06 -1.07553416e-05
101.000 -2.52656632e-06 -1.08521786e-05
102.000 -3.74697164e-07 -1.05074271e-05
103.000  1.68405772e-06 -9.76408546e-06
104.000  3.45745736e-06 -8.56147064e-06
105.000  4.84782014e-06 -7.01377142e-06
106.000  5.77202730e-06 -5.15198148e-06
107.000  6.14868503e-06 -3.20074994e-06
108.000  5.98194284e-06 -1.20689673e-06
109.000  5.26829954e-06  6.41187321e-07
110.000  4.10848943e-06  2.27690419e-06
111.000  2.50946889e-06  3.57376726e-06
112.000  6.49320055e-07  4.50533377e-06
113.000 -1.40445263e-06  5.01773951e-06
114.000 -3.44505871e-06  5.06377944e-06
115.000 -5.39668399e-06  4.68565586e-06
116.000 -7.08781548e-06  3.90913444e-06
117.000 -8.45813793e-06  2.90809472e-06
118.000 -9.43005492e-06  1.74359537e-06
119.000 -1.00328730e-05  5.93407760e-07
120.000 -1.03391782e-05 -4.95722431e-07
121.000 -1.03598553e-05 -1.41845501e-06
122.000 -1.02038190e-05 -2.22529713e-06
123.000 -9.89871590e-06 -2.90281372e-06
124.000 -9.54788772e-06 -3.46883736e-06
125.000 -9.11736449e-06 -3.97828076e-06
126.000 -8.69283712e-06 -4.45791075e-06
127.000 -8.24941464e-06 -4.97940290e-06
128.000 -7.78587067e-06 -5.50629321e-06
129.000 -7.24591183e-06 -6.11618509e-06
130.000 -6.58738320e-06 -6.77178109e-06
131.000 -5.81332078e-06 -7.47766084e-06
132.000 -4.84116156e-06 -8.14538809e-06
133.000 -3.70914573e-06 -8.75369717e-06
134.000 -2.40321822e-06 -9.25572487e-06
135.000 -1.01945950e-06 -9.57335854e-06
136.000  4.43918685e-07 -9.70335114e-06
137.000  1.92540752e-06 -9.59929558e-06
138.000  3.36821371e-06 -9.30859854e-06
139.000  4.72916199e-06 -8.77566132e-06
140.000  5.94081249e-06 -8.05445787e-06
141.000  6.99074768e-06 -7.16667982e-06
142.000  7.78478107e-06 -6.16972559e-06
143.000  8.35228780e-06 -5.12087167e-06
144.000  8.67312484e-06 -4.04449613e-06
145.000  8.79676471e-06 -3.02003908e-06
146.000  8.74464288e-06 -2.01602553e-06
147.000  8.54899925e-06 -1.06139583e-06
148.000  8.26054849e-06 -1.14089183e-07
149.000  7.84170358e-06  8.15876920e-07
150.000  7.31860718e-06  1.74550519e-06
151.000  6.63751388e-06  2.68326421e-06
152.000  5.81810074e-06  3.57193315e-06
153.000  4.82946610e-06  4.41015003e-06
154.000  3.67756865e-06  5.12673889e-06
155.000  2.40127082e-06  5.71373756e-06
156.000  1.00672587e-06  6.09704570e-06
157.000 -4.31086900e-07  6.24626407e-06
158.000 -1.89330982e-06  6.14183620e-06
159.000 -3.27612746e-06  5.75247273e-06
160.000 -4.53249961e-06  5.11740445e-06
161.000 -5.60411533e-06  4.23566261e-06
162.000 -6.43591631e-06  3.19349382e-06
163.000 -7.02472809e-06  2.02470140e-06
164.000 -7.33292722e-06  7.91678128e-07
165.000 -7.40481424e-06 -4.54123844e-07
166.000 -7.22626762e-06 -1.69471770e-06
167.000 -6.83404836e-06 -2.87952811e-06
168.000 -6.24694154e-06 -4.02976018e-06
169.000 -5.47046660e-06 -5.10489162e-06
170.000 -4.54136026e-06 -6.11659612e-06
171.000 -3.43660360e-06 -7.05611136e-06
172.000 -2.19015849e-06 -7.90814613e-06
173.000 -7.76897589e-07 -8.67885187e-06
174.000  7.99853279e-07 -9.31574424e-06
175.000  2.53879931e-06 -9.81483446e-06
176.000  4.44276657e-06 -1.01026298e-05
177.000  6.45248059e-06 -1.01354873e-05
178.000  8.54688508e-06 -9.86316863e-06
179.000  1.06319456e-05 -9.23165478e-06
180.000  1.26393658e-05 -8.24598433e-06
181.000  1.44848672e-05 -6.87680803e-06
182.000  1.60782900e-05 -5.17023934e-06
183.000  1.73710033e-05 -3.15103227e-06
184.000  1.82760887e-05 -8.78155032e-07
185.000  1.87730800e-05  1.57176496e-06
186.000  1.88147190e-05  4.14438973e-06
187.000  1.83882044e-05  6.73001748e-06
188.000  1.75064330e-05  9.26969126e-06
189.000  1.61692278e-05  1.16658066e-05
190.000  1.44396778e-05  1.38442560e-05
191.000  1.23452407e-05  1.57466478e-05
192.000  9.96210466e-06  1.72970992e-05
193.000  7.35470638e-06  1.84732252e-05
194.000  4.58722940e-06  1.92155926e-05
195.000  1.75641627e-06  1.95163388e-05
196.000 -1.08262147e-06  1.93633382e-05
197.000 -3.82681204e-06  1.87508740e-05
198.000 -6.41260551e-06  1.77175055e-05
199.000 -8.76909834e-06  1.62698146e-05
200.000 -1.08221506e-05  1.44675989e-05
201.000 -1.25357320e-05  1.23454014e-05
202.000 -1.38400312e-05  9.95589691e-06
203.000 -1.47145443e-05  7.36976219e-06
204.000 -1.51160331e-05  4.63612536e-06
205.000 -1.50213503e-05  1.85521029e-06
206.000 -1.44366353e-05 -9.04412605e-07
207.000 -1.33512298e-05 -3.54240049e-06
208.000 -1.18173548e-05 -5.96082072e-06
209.000 -9.87007236e-06 -8.08813738e-06
210.000 -7.58359833e-06 -9.82766504e-06
211.000 -5.04753633e-06 -1.11371447e-05
212.000 -2.34068331e-06 -1.19587213e-05
213.000  4.16862290e-07 -1.22704365e-05
214.000  3.14058930e-06 -1.20750279e-05
215.000  5.71935488e-06 -1.13703994e-05
216.000  8.06152588e-06 -1.02124690e-05
217.000  1.00996507e-05 -8.63653405e-06
218.000  1.17507271e-05 -6.71617888e-06
219.000  1.29874093e-05 -4.52900693e-06
220.000  1.37655020e-05 -2.13948034e-06
221.000  1.40727974e-05  3.55619810e-07
222.000  1.39111348e-05  2.89620723e-06
223.000  1.32721145e-05  5.39640105e-06
224.000  1.21894778e-05  7.78364769e-06
225.000  1.06720495e-05  9.99442026e-06
226.000  8.76322543e-06  1.19406557e-05
227.000  6.51220527e-06  1.35728921e-05
228.000  3.96407308e-06  1.48133395e-05
229.000  1.20684666e-06  1.56087003e-05
230.000 -1.69419056e-06  1.59189566e-05
231.000 -4.63619333e-06  1.56957806e-05
232.000 -7.51574997e-06  1.49395432e-05
233.000 -1.02338332e-05  1.36416866e-05
234.000 -1.26662119e-05  1.18372508e-05
235.000 -1.47266639e-05  9.58358163e-06
236.000 -1.63148592e-05  6.94420137e-06
237.000 -1.73637585e-05  4.03083031e-06
238.000 -1.78351057e-05  9.35799686e-07
239.000 -1.76915755e-05 -2.21891297e-06
240.000 -1.69521958e-05 -5.31520166e-06
241.000 -1.56306691e-05 -8.25325087e-06
242.000 -1.37743763e-05 -1.09133185e-05
243.000 -1.14530224e-05 -1.32156872e-05
244.000 -8.73126432e-06 -1.50732216e-05
245.000 -5.71445372e-06 -1.64195228e-05
246.000 -2.49073968e-06 -1.72170050e-05
247.000  8.30718255e-07 -1.74213646e-05
248.000  4.13604557e-06 -1.70363071e-05
249.000  7.33094608e-06 -1.60606956e-05
250.000  1.02952163e-05 -1.45184314e-05
251.000  1.29414544e-05 -1.24626886e-05
252.000  1.51760406e-05 -9.93843212e-06
253.000  1.69129024e-05 -7.03465532e-06
254.000  1.80993327e-05 -3.83509869e-06
255.000  1.86730013e-05 -4.39902943e-07
256.000  1.86142250e-05  3.03052036e-06
257.000  1.79116117e-05  6.47404667e-06
258.000  1.65719626e-05  9.76135007e-06
259.000  1.46417400e-05  1.27854688e-05
260.000  1.21618033e-05  1.54413554e-05
261.000  9.21703784e-06  1.76227681e-05
262.000  5.89824738e-06  1.92624031e-05
263.000  2.30519482e-06  2.02852033e-05
264.000 -1.43159278e-06  2.06542739e-05
265.000 -5.20140732e-06  2.03555779e-05
266.000 -8.87278417e-06  1.93842569e-05
267.000 -1.23256291e-05  1.77820439e-05
268.000 -1.54566900e-05  1.55893128e-05
269.000 -1.81549942e-05  1.28785257e-05
270.000 -2.03486794e-05  9.73878216e-06
271.000 -2.19643299e-05  6.25649053e-06
272.000 -2.29534623e-05  2.55091675e-06
273.000 -2.32975466e-05 -1.27580189e-06
274.000 -2.29764476e-05 -5.10853195e-06
275.000 -2.20135069e-05 -8.82913109e-06
276.000 -2.04351124e-05 -1.23431182e-05
277.000 -1.82841642e-05 -1.55401618e-05
278.000 -1.56324990e-05 -1.83376054e-05
279.000 -1.25430071e-05 -2.06586853e-05
280.000 -9.11012706e-06 -2.24302533e-05
281.000 -5.42753913e-06 -2.36122896e-05
282.000 -1.59416575e-06 -2.41588647e-05
283.000  2.26955236e-06 -2.40568647e-05
284.000  6.06192025e-06 -2.33093104e-05
285.000  9.66244074e-06 -2.19274810e-05
286.000  1.29618532e-05 -1.99640412e-05
287.000  1.58666924e-05 -1.74706367e-05
288.000  1.82761788e-05 -1.45282376e-05
289.000  2.01268261e-05 -1.12380831e-05
290.000  2.13608453e-05 -7.69771702e-06
291.000  2.19425930e-05 -4.03404188e-06
292.000  2.18724944e-05 -3.61293859e-07
293.000  2.11550171e-05  3.20318598e-06
294.000  1.98351621e-05  6.54083136e-06
295.000  1.79682750e-05  9.56158548e-06
296.000  1.56229487e-05  1.21700200e-05
297.000  1.28957692e-05  1.43006211e-05
298.000  9.87225327e-06  1.59051246e-05
299.000  6.65956695e-06  1.69411127e-05
300.000  3.36339055e-06  1.74047081e-05
301.000  7.84838978e-08  1.72926485e-05
302.000 -3.08531026e-06  1.66255323e-05
303.000 -6.04286205e-06  1.54470040e-05
304.000 -8.70859994e-06  1.37982998e-05
305.000 -1.10045021e-05  1.17514449e-05
306.000 -1.28788993e-05  9.37678569e-06
307.000 -1.42759370e-05  6.75368032e-06
308.000 -1.51694065e-05  3.97808759e-06
309.000 -1.55444601e-05  1.13203549e-06
310.000 -1.53952814e-05 -1.68498675e-06
311.000 -1.47496340e-05 -4.38337289e-06
312.000 -1.36338531e-05 -6.88389921e-06
313.000 -1.20996586e-05 -9.09999136e-06
314.000 -1.02151517e-05 -1.09747543e-05
315.000 -8.04517660e-06 -1.24533139e-05
316.000 -5.68064675e-06 -1.34958719e-05
317.000 -3.20394640e-06 -1.40913171e-05
318.000 -7.00672712e-07 -1.42284937e-05
319.000  1.73720324e-06 -1.39272233e-05
320.000  4.03949443e-06 -1.32174991e-05
321.000  6.12966826e-06 -1.21369019e-05
322.000  7.95069758e-06 -1.07480995e-05
323.000  9.46145560e-06 -9.10532413e-06
324.000  1.06214018e-05 -7.27806493e-06
325.000  1.14204704e-05 -5.33843357e-06
326.000  1.18494009e-05 -3.34591606e-06
327.000  1.19119306e-05 -1.37425799e-06
328.000  1.16332952e-05  5.20591986e-07
329.000  1.10315638e-05  2.28599373e-06
330.000  1.01467360e-05  3.86731422e-06
331.000  9.02103260e-06  5.23317184e-06
332.000  7.69523866e-06  6.34621424e-06
333.000  6.22789492e-06  7.18410032e-06
334.000  4.66553616e-06  7.73726844e-06
335.000  3.06446529e-06  7.99277293e-06
336.000  1.48252467e-06  7.96160691e-06
337.000 -3.47734887e-08  7.65352812e-06
338.000 -1.42953450e-06  7.08785229e-06
339.000 -2.66040003e-06  6.30263597e-06
340.000 -3.69061231e-06  5.32832453e-06
341.000 -4.48260357e-06  4.21480800e-06
342.000 -5.02406427e-06  3.01370279e-06
343.000 -5.30035204e-06  1.77120076e-06
344.000 -5.31245435e-06  5.48308962e-07
345.000 -5.07901193e-06 -6.09652605e-07
346.000 -4.61566877e-06 -1.65653305e-06
347.000 -3.96032238e-06 -2.54853062e-06
348.000 -3.15085162e-06 -3.26218353e-06
349.000 -2.22750486e-06 -3.77018256e-06
350.000 -1.24352358e-06 -4.06381118e-06
351.000 -2.38489104e-07 -4.14485743e-06
352.000  7.40155739e-07 -4.01454892e-06
353.000  1.64949775e-06 -3.69632613e-06
354.000  2.46102449e-06 -3.20943939e-06
355.000  3.13798919e-06 -2.58005785e-06
356.000  3.66188764e-06 -1.84692698e-06
357.000  4.01893761e-06 -1.03709534e-06
358.000  4.19462471e-06 -1.90433957e-07
359.000  4.19492699e-06  6.56474083e-07
360.000  4.02088857e-06  1.47502284e-06
361.000  3.68395314e-06  2.22669176e-06
362.000  3.20622473e-06  2.88808817e-06
363.000  2.60336462e-06  3.43471573e-06
364.000  1.90702166e-06  3.84352320e-06
365.000  1.14535955e-06  4.10751656e-06
366.000  3.46443060e-07  4.21320023e-06
367.000 -4.50399105e-07  4.16106446e-06
368.000 -1.21901151e-06  3.95942193e-06
369.000 -1.92625837e-06  3.61279136e-06
370.000 -2.54096266e-06  3.14493177e-06
371.000 -3.04603141e-06  2.57598050e-06
372.000 -3.41650633e-06  1.92980962e-06
373.000 -3.64257363e-06  1.24261464e-06
374.000 -3.72110225e-06  5.39489066e-07
375.000 -3.64750871e-06 -1.45514418e-07
376.000 -3.43581410e-06 -7.80794930e-07
377.000 -3.09703278e-06 -1.34494296e-06
378.000 -2.64931406e-06 -1.80954342e-06
379.000 -2.12088046e-06 -2.16095985e-06
380.000 -1.53154834e-06 -2.38834043e-06
381.000 -9.12481942e-07 -2.48142987e-06
382.000 -2.90751247e-07 -2.44676978e-06
383.000  3.13009842e-07 -2.28521925e-06
384.000  8.69218645e-07 -2.00639133e-06
385.000  1.36251202e-06 -1.62830740e-06
386.000  1.77634207e-06 -1.16023180e-06
387.000  2.09286175e-06 -6.24431808e-07
388.000  2.30870608e-06 -3.97393551e-08
389.000  2.41290602e-06  5.78838188e-07
390.000  2.40215228e-06  1.20571642e-06
391.000  2.27972160e-06  1.82579108e-06
392.000  2.04212592e-06  2.41930098e-06
393.000  1.69883459e-06  2.96408828e-06
394.000  1.25677196e-06  3.44756017e-06
395.000  7.23903727e-07  3.84800670e-06
396.000  1.19841902e-07  4.15153168e-06
397.000 -5.43386371e-07  4.34806987e-06
398.000 -1.24439214e-06  4.42211817e-06
399.000 -1.95851902e-06  4.37301221e-06
