0.916  1.59642512e-03 -2.52848899e-04
1.832  8.95275909e-04  2.48468380e-04
2.749  4.68616192e-04  4.63494159e-04
3.665  1.57314973e-04  4.93218351e-04
4.581 -1.24729453e-04  3.98800845e-04
5.497 -2.78114190e-04  2.09090266e-04
6.413 -2.97844144e-04  1.61625740e-05
7.330 -2.24239524e-04 -1.26651779e-04
8.246 -9.09041377e-05 -2.05499642e-04
9.162  3.11530527e-05 -2.19513530e-04
10.078  1.26833709e-04 -1.36127529e-04
10.995  1.72628216e-04 -2.36937077e-05
11.911  1.41289011e-04  6.95359514e-05
12.827  6.51637532e-05  1.28946995e-04
13.743 -2.21032835e-05  1.41718548e-04
14.659 -9.05843233e-05  9.83825679e-05
15.576 -1.11105946e-04  2.51686507e-05
16.492 -8.91080635e-05 -4.05948308e-05
17.408 -4.62871996e-05 -7.95601311e-05
18.324  1.64496278e-05 -8.38168035e-05
19.240  6.60071416e-05 -5.32347636e-05
20.157  8.27463647e-05 -6.03374888e-06
21.073  7.11184203e-05  3.81060341e-05
21.989  4.09513798e-05  6.35907167e-05
22.905  5.42623822e-07  6.14672764e-05
23.821 -3.41735875e-05  3.89974653e-05
24.738 -4.80859273e-05 -1.57079372e-06
25.654 -3.70457068e-05 -3.99848556e-05
26.570 -8.29365294e-06 -6.26962292e-05
27.486  2.40489199e-05 -6.24264961e-05
28.403  4.80220361e-05 -4.04999515e-05
29.319  5.37486855e-05 -6.77293157e-06
30.235  3.94664709e-05  2.15175937e-05
31.151  1.20983346e-05  3.43625036e-05
32.067 -1.59110768e-05  3.00923012e-05
32.984 -3.52679689e-05  1.14572697e-05
33.900 -3.83956646e-05 -1.22052654e-05
34.816 -2.65443859e-05 -3.13855649e-05
35.732 -4.29677417e-06 -3.89343105e-05
36.648  1.98744353e-05 -3.26881302e-05
37.565  3.74206359e-05 -1.58058163e-05
38.481  4.15005874e-05  6.43445528e-06
39.397  3.06499492e-05  2.55960358e-05
40.313  1.19150757e-05  3.35094929e-05
41.229 -6.76718825e-06  2.91859278e-05
42.146 -1.94724681e-05  1.43665591e-05
43.062 -2.09230151e-05 -4.82873505e-06
43.978 -1.05773216e-05 -2.01209328e-05
44.894  5.99127717e-06 -2.63553158e-05
45.811  2.16925869e-05 -2.23602782e-05
46.727  3.07423338e-05 -1.06115480e-05
47.643  3.02428275e-05  3.88911657e-06
48.559  2.06049833e-05  1.53415541e-05
49.475  5.76333300e-06  1.97170161e-05
50.392 -9.00675114e-06  1.59721574e-05
51.308 -1.86412372e-05  5.88084215e-06
52.224 -2.04587517e-05 -6.99867362e-06
53.140 -1.48573257e-05 -1.77740912e-05
54.056 -4.87728707e-06 -2.23002703e-05
54.973  4.96543082e-06 -1.95173370e-05
55.889  1.08333911e-05 -1.11943934e-05
56.805  1.03996313e-05 -8.69479478e-07
57.721  4.15559063e-06  6.89769888e-06
58.637 -4.49900534e-06  9.05835883e-06
59.554 -1.15114755e-05  5.42352418e-06
60.470 -1.40695137e-05 -1.98243403e-06
61.386 -1.12120140e-05 -9.94217898e-06
62.302 -3.94602957e-06 -1.53757302e-05
63.219  5.02740743e-06 -1.63659230e-05
64.135  1.25195076e-05 -1.27880951e-05
65.051  1.62836845e-05 -6.28546494e-06
65.967  1.55889100e-05  5.23580684e-07
66.883  1.12809888e-05  5.03180353e-06
67.800  5.58644319e-06  5.61668012e-06
68.716  1.11170527e-06  2.41845667e-06
69.632 -2.58601975e-07 -2.78166831e-06
70.548  1.89599933e-06 -7.51389751e-06
71.464  6.40668929e-06 -9.55422242e-06
72.381  1.10461166e-05 -7.85221445e-06
73.297  1.35961072e-05 -3.03608422e-06
74.213  1.27161467e-05  3.08651416e-06
75.129  8.38740816e-06  8.32673824e-06
76.045  1.91319374e-06  1.08230719e-05
76.962 -4.64973796e-06  9.83311124e-06
77.878 -9.29733173e-06  5.95932710e-06
78.794 -1.08587361e-05  7.89300244e-07
79.710 -9.32501637e-06 -3.77371803e-06
80.627 -5.64385050e-06 -6.18420010e-06
81.543 -1.42597486e-06 -5.78533610e-06
82.459  1.59862473e-06 -3.02070641e-06
83.375  2.33714609e-06  7.63269584e-07
84.291  6.94097070e-07  3.86957759e-06
85.208 -2.46581844e-06  4.96033048e-06
86.124 -5.65850071e-06  3.54824922e-06
87.040 -7.43335725e-06  1.56251624e-07
87.956 -7.01181084e-06 -3.91311680e-06
88.872 -4.52996906e-06 -7.19953714e-06
89.789 -9.32516267e-07 -8.68203265e-06
90.705  2.45963708e-06 -8.09125124e-06
91.621  4.53594918e-06 -5.96310941e-06
92.537  4.73633280e-06 -3.36360139e-06
93.453  3.20562588e-06 -1.42249788e-06
94.370  7.44177068e-07 -9.23152599e-07
95.286 -1.55872289e-06 -2.04529075e-06
96.202 -2.72999735e-06 -4.28583736e-06
97.118 -2.27228595e-06 -6.69213037e-06
98.035 -3.82977694e-07 -8.28226872e-06
98.951  2.20023244e-06 -8.39597523e-06
99.867  4.52797564e-06 -6.94359539e-06
100.783  5.77786291e-06 -4.42537521e-06
101.699  5.61115063e-06 -1.67644289e-06
102.616  4.29112214e-06  4.65014614e-07
103.532  2.47193939e-06  1.48808514e-06
104.448  9.21843089e-07  1.39156153e-06
105.364  2.25223997e-07  5.95862644e-07
106.280  5.31772232e-07 -2.64455991e-07
107.197  1.55945804e-06 -6.02697517e-07
108.113  2.75238852e-06 -1.47015633e-07
109.029  3.49435943e-06  9.89133053e-07
109.945  3.38566713e-06  2.39469796e-06
110.861  2.39283333e-06  3.50278391e-06
111.778  8.28350936e-07  3.84396699e-06
112.694 -7.49411271e-07  3.25378064e-06
113.610 -1.76806845e-06  1.91164056e-06
114.526 -1.90221247e-06  3.08547650e-07
115.443 -1.18981069e-06 -9.36408121e-07
116.359 -2.80419084e-08 -1.36863906e-06
117.275  9.78003761e-07 -8.55245329e-07
118.191  1.28765395e-06  3.73928510e-07
119.107  6.15542387e-07  1.78862632e-06
120.024 -9.75572504e-07  2.78583582e-06
120.940 -3.06753745e-06  2.91162009e-06
121.856 -5.06184938e-06  1.99246483e-06
122.772 -6.39798527e-06  2.10201972e-07
123.688 -6.70077519e-06 -1.97787890e-06
124.605 -5.91253411e-06 -4.01965363e-06
125.521 -4.29863672e-06 -5.42324339e-06
126.437 -2.30544679e-06 -5.92118383e-06
127.353 -4.18604089e-07 -5.54925243e-06
128.269  9.93846104e-07 -4.56615636e-06
129.186  1.80440394e-06 -3.34483403e-06
130.102  2.09566107e-06 -2.23597929e-06
131.018  2.07796847e-06 -1.42294313e-06
131.934  1.99320851e-06 -9.08791248e-07
132.851  1.97728237e-06 -5.73121230e-07
133.767  2.01892395e-06 -2.41848266e-07
134.683  2.01032853e-06  1.85492227e-07
135.599  1.80067474e-06  6.75347300e-07
136.515  1.30074332e-06  1.10256964e-06
137.432  5.58178464e-07  1.29120175e-06
138.348 -2.69647505e-07  1.10178179e-06
139.264 -9.51766353e-07  5.32410700e-07
140.180 -1.26187509e-06 -2.79927333e-07
141.096 -1.10045800e-06 -1.08957649e-06
142.013 -5.29084600e-07 -1.60530239e-06
142.929  2.45185642e-07 -1.62379686e-06
143.845  9.09693282e-07 -1.10559814e-06
144.761  1.17639171e-06 -1.85508252e-07
145.677  8.94086390e-07  8.40589504e-07
146.594  8.66984640e-08  1.62825416e-06
147.510 -1.02827372e-06  1.91920045e-06
148.426 -2.11398560e-06  1.60645278e-06
149.342 -2.85050038e-06  7.83872825e-07
150.259 -3.01966328e-06 -2.78295381e-07
151.175 -2.58165886e-06 -1.25091940e-06
152.091 -1.70443571e-06 -1.84133569e-06
153.007 -6.80012644e-07 -1.88563324e-06
153.923  1.69701022e-07 -1.42342831e-06
154.840  5.87451684e-07 -6.58589700e-07
155.756  4.87817155e-07  1.19967558e-07
156.672 -3.23758299e-08  6.21160282e-07
157.588 -7.48860741e-07  6.73989296e-07
158.504 -1.37487704e-06  2.82440039e-07
159.421 -1.68362024e-06 -4.03076047e-07
160.337 -1.59915344e-06 -1.12934185e-06
161.253 -1.19687424e-06 -1.64740509e-06
162.169 -6.82498421e-07 -1.82782469e-06
163.085 -3.07207139e-07 -1.69167487e-06
164.002 -2.35993011e-07 -1.41138931e-06
164.918 -4.83856277e-07 -1.25356919e-06
165.834 -8.91062243e-07 -1.44223349e-06
166.750 -1.14791426e-06 -2.05940890e-06
167.667 -9.25490746e-07 -2.98740173e-06
168.583 -1.14027075e-08 -3.88949047e-06
169.499  1.58960886e-06 -4.31365306e-06
170.415  3.57946506e-06 -3.85256049e-06
171.331  5.41728792e-06 -2.28999149e-06
172.248  6.47843053e-06  2.54519042e-07
173.164  6.23602079e-06  3.29124095e-06
174.080  4.47381138e-06  6.07496503e-06
174.996  1.42968670e-06  7.78871866e-06
175.912 -2.22748877e-06  7.80381091e-06
176.829 -5.53627730e-06  5.93616426e-06
177.745 -7.50573192e-06  2.55258376e-06
178.661 -7.45763440e-06 -1.46863529e-06
179.577 -5.27506148e-06 -4.94263504e-06
180.493 -1.50512197e-06 -6.75125019e-06
181.410  2.72379087e-06 -6.21451011e-06
182.326  6.02992420e-06 -3.35340306e-06
183.242  7.21786886e-06  1.02056524e-06
184.158  5.68532314e-06  5.50720309e-06
185.075  1.70866783e-06  8.54621461e-06
185.991 -3.56313679e-06  8.91794071e-06
186.907 -8.43463891e-06  6.21263528e-06
187.823 -1.11803988e-05  1.06180050e-06
188.739 -1.06493670e-05 -4.99918954e-06
189.656 -6.73934671e-06 -9.96750888e-06
190.572 -5.14976039e-07 -1.20287952e-05
191.488  6.04979060e-06 -1.02348382e-05
192.404  1.06730250e-05 -4.90625873e-06
193.320  1.15658984e-05  2.36275465e-06
194.237  8.10588193e-06  9.13555629e-06
195.153  1.15691106e-06  1.29401893e-05
196.069 -7.08501180e-06  1.21453718e-05
196.985 -1.37683951e-05  6.60153905e-06
197.901 -1.63522664e-05 -2.15937382e-06
198.818 -1.35195913e-05 -1.13318781e-05
199.734 -5.75992432e-06 -1.77437948e-05
200.650  4.65872729e-06 -1.89367182e-05
201.566  1.43781039e-05 -1.40999696e-05
202.483  2.00482283e-05 -4.48725361e-06
203.399  1.95164372e-05  6.90574852e-06
204.315  1.26848235e-05  1.62842680e-05
205.231  1.65447949e-06  2.03489149e-05
206.147 -9.89470268e-06  1.75200599e-05
207.064 -1.79204432e-05  8.58787659e-06
207.980 -1.94677647e-05 -3.45046930e-06
208.896 -1.37860170e-05 -1.43415205e-05
209.812 -2.69990110e-06 -2.00658708e-05
210.728  9.90948462e-06 -1.83139250e-05
211.645  1.94266555e-05 -9.39721930e-06
212.561  2.21642052e-05  3.72280145e-06
213.477  1.67445807e-05  1.63913714e-05
214.393  4.72957997e-06  2.39021087e-05
215.309 -9.80233653e-06  2.32108234e-05
216.226 -2.16499770e-05  1.41400575e-05
217.142 -2.63383883e-05 -4.03829453e-07
218.058 -2.17967971e-05 -1.53675891e-05
218.974 -9.25075371e-06 -2.53025221e-05
219.891  7.08623344e-06 -2.63375861e-05
220.807  2.14241562e-05 -1.76880503e-05
221.723  2.84340600e-05 -2.07305949e-06
222.639  2.52317844e-05  1.51365811e-05
223.555  1.25320585e-05  2.77542594e-05
224.472 -5.48309278e-06  3.10098213e-05
225.388 -2.25422984e-05  2.33444321e-05
226.304 -3.24927576e-05  7.07479818e-06
227.220 -3.15464514e-05 -1.23084937e-05
228.136 -1.97074413e-05 -2.80286513e-05
229.053 -8.79214858e-07 -3.44512110e-05
229.969  1.84397765e-05 -2.91344610e-05
230.885  3.14594512e-05 -1.37787588e-05
231.801  3.35341044e-05  6.29516164e-06
232.717  2.38650510e-05  2.40203542e-05
233.634  5.85538455e-06  3.31095778e-05
234.550 -1.40816068e-05  3.03227990e-05
235.466 -2.88195664e-05  1.66785705e-05
236.382 -3.30793160e-05 -2.89075579e-06
237.299 -2.53610115e-05 -2.13200909e-05
238.215 -8.50156456e-06 -3.19569395e-05
239.131  1.13660143e-05 -3.09858389e-05
240.047  2.70365380e-05 -1.88241037e-05
240.963  3.28624627e-05  5.36980943e-08
241.880  2.68239627e-05  1.87572652e-05
242.796  1.12379055e-05  3.05063783e-05
243.712 -8.11615599e-06  3.11282465e-05
244.628 -2.41315537e-05  2.05612586e-05
245.544 -3.10109759e-05  2.83964299e-06
246.461 -2.63848677e-05 -1.54154970e-05
247.377 -1.21410348e-05 -2.74726843e-05
248.293  6.30471102e-06 -2.89778300e-05
249.209  2.20551993e-05 -1.95230730e-05
250.125  2.93068640e-05 -2.76052122e-06
251.042  2.54680116e-05  1.50014740e-05
251.958  1.20797507e-05  2.71803290e-05
252.874 -5.81003237e-06  2.93458368e-05
253.790 -2.15823752e-05  2.08247885e-05
254.707 -2.95116822e-05  4.89284018e-06
255.623 -2.68590418e-05 -1.25245504e-05
256.539 -1.48319479e-05 -2.50917464e-05
257.455  1.96381287e-06 -2.84014394e-05
258.371  1.73129512e-05 -2.15635323e-05
259.288  2.57188122e-05 -7.42909428e-06
260.204  2.44229831e-05  8.58349698e-06
261.120  1.43350072e-05  2.05642078e-05
262.036 -4.44541069e-07  2.43255393e-05
262.952 -1.42549063e-05  1.88982048e-05
263.869 -2.20468192e-05  6.75307484e-06
264.785 -2.12524143e-05 -7.25542314e-06
265.701 -1.26295623e-05 -1.78088911e-05
266.617  1.66374303e-07 -2.11595606e-05
267.533  1.20880546e-05 -1.64668550e-05
268.450  1.86898031e-05 -5.98175992e-06
269.366  1.77920288e-05  5.94565389e-06
270.282  1.02076473e-05  1.46441790e-05
271.198 -6.96491080e-07  1.69388915e-05
272.115 -1.04281542e-05  1.23073731e-05
273.031 -1.51764720e-05  2.98056289e-06
273.947 -1.32679352e-05 -7.04789400e-06
274.863 -5.75169580e-06 -1.36717825e-05
275.779  4.11133026e-06 -1.42892360e-05
276.696  1.22265246e-05 -8.78952224e-06
277.612  1.53085377e-05  4.71645041e-07
278.528  1.21645920e-05  9.68932330e-06
279.444  4.12514915e-06  1.51538089e-05
280.360 -5.55473480e-06  1.47170195e-05
281.277 -1.30278123e-05  8.62071650e-06
282.193 -1.53807377e-05 -6.58490214e-07
283.109 -1.17753223e-05 -9.43819092e-06
284.025 -3.73148969e-06 -1.42948789e-05
284.941  5.52876345e-06 -1.34111484e-05
285.858  1.23713532e-05 -7.25295387e-06
286.774  1.41854659e-05  1.67702000e-06
287.690  1.03826515e-05  9.85712196e-06
288.606  2.56046560e-06  1.41452169e-05
289.523 -6.17563412e-06  1.29994548e-05
290.439 -1.24607570e-05  7.01880788e-06
291.355 -1.39973159e-05 -1.35772632e-06
292.271 -1.04037941e-05 -8.85530511e-06
293.187 -3.28992893e-06 -1.26801546e-05
294.104  4.43783182e-06 -1.15887436e-05
295.020  9.77497037e-06 -6.30606109e-06
295.936  1.08069230e-05  8.29527731e-07
296.852  7.41306438e-06  6.86244834e-06
297.768  1.25242160e-06  9.42695426e-06
298.685 -4.96970566e-06  7.66186520e-06
299.601 -8.63904936e-06  2.51041127e-06
300.517 -8.28034349e-06 -3.71610332e-06
301.433 -4.12884794e-06 -8.32888193e-06
302.349  1.99839387e-06 -9.36334560e-06
303.266  7.48729538e-06 -6.36941156e-06
304.182  1.00067491e-05 -5.85761673e-07
305.098  8.45557943e-06  5.59181171e-06
306.014  3.41759270e-06  9.59730752e-06
306.931 -3.08360936e-06  9.73189954e-06
307.847 -8.40829703e-06  5.86381690e-06
308.763 -1.03530463e-05 -5.13743220e-07
309.679 -8.04303216e-06 -6.88100467e-06
310.595 -2.29183952e-06 -1.06783819e-05
311.512  4.71967430e-06 -1.03195888e-05
312.428  1.02828457e-05 -5.82561822e-06
313.344  1.22095149e-05  1.18667803e-06
314.260  9.68539026e-06  8.11981454e-06
315.176  3.57172611e-06  1.23824699e-05
316.093 -3.92747457e-06  1.23813642e-05
317.009 -1.00949655e-05  8.10718856e-06
317.925 -1.27288106e-05  1.11486335e-06
318.841 -1.09484023e-05 -6.06828514e-06
319.757 -5.48288105e-06 -1.09001627e-05
320.674  1.62901836e-06 -1.17579269e-05
321.590  7.82659265e-06 -8.49051195e-06
322.506  1.09830919e-05 -2.42591059e-06
323.422  1.01472374e-05  4.17146171e-06
324.339  5.83345488e-06  8.97301121e-06
325.255 -2.38290251e-07  1.04212989e-05
326.171 -5.84480189e-06  8.24495792e-06
327.087 -9.08958118e-06  3.47908573e-06
328.003 -9.06022866e-06 -2.01231499e-06
328.920 -6.09083435e-06 -6.27585596e-06
329.836 -1.52824636e-06 -7.98042456e-06
330.752  2.85647840e-06 -6.85703468e-06
331.668  5.55540936e-06 -3.69264868e-06
332.584  5.86781272e-06  7.77671027e-08
333.501  4.08116193e-06  2.97545048e-06
334.417  1.24396983e-06  4.05706834e-06
335.333 -1.32331717e-06  3.23170932e-06
336.249 -2.58948454e-06  1.19580822e-06
337.165 -2.21470696e-06 -9.31447249e-07
338.082 -6.19326952e-07 -2.11879622e-06
338.998  1.26112363e-06 -1.87061280e-06
339.914  2.41960334e-06 -4.02521687e-07
340.830  2.24343536e-06  1.49483471e-06
341.747  7.77499708e-07  2.82635694e-06
342.663 -1.31028004e-06  2.85782330e-06
343.579 -3.02208037e-06  1.45315004e-06
344.495 -3.48022024e-06 -8.59419742e-07
345.411 -2.32760195e-06 -3.09363948e-06
346.328  1.03100083e-07 -4.22112247e-06
347.244  2.89511590e-06 -3.62002346e-06
348.160  4.90364436e-06 -1.34846783e-06
349.076  5.22708410e-06  1.84467635e-06
349.992  3.57615056e-06  4.78573666e-06
350.909  4.12210905e-07  6.33346535e-06
351.825 -3.19758552e-06  5.82031617e-06
352.741 -5.97862441e-06  3.31586691e-06
353.657 -6.92356510e-06 -3.74875907e-07
354.573 -5.66088934e-06 -4.00484699e-06
355.490 -2.60129886e-06 -6.34214036e-06
356.406  1.21513968e-06 -6.60554626e-06
357.322  4.50512515e-06 -4.74305219e-06
358.238  6.19268475e-06 -1.43622748e-06
359.155  5.78224527e-06  2.17038691e-06
360.071  3.51290764e-06  4.88006658e-06
360.987  2.29837031e-07  5.85915994e-06
361.903 -2.94001885e-06  4.90949582e-06
362.819 -4.98970999e-06  2.48378999e-06
363.736 -5.37462359e-06 -5.22749331e-07
364.652 -4.14985707e-06 -3.11267187e-06
365.568 -1.88349995e-06 -4.54496389e-06
366.484  5.91904071e-07 -4.55594398e-06
367.400  2.50691525e-06 -3.37824461e-06
368.317  3.41465836e-06 -1.59104486e-06
369.233  3.28498481e-06  1.45986388e-07
370.149  2.44026221e-06  1.35103373e-06
371.065  1.35994720e-06  1.85410651e-06
371.981  4.47911969e-07  1.79191978e-06
372.898 -1.12853808e-07  1.47361925e-06
373.814 -3.85060889e-07  1.18049666e-06
374.730 -5.82591287e-07  1.02316872e-06
375.646 -8.93865926e-07  9.07061327e-07
376.563 -1.33928216e-06  6.09425394e-07
377.479 -1.73198611e-06 -5.05086674e-08
378.395 -1.74989813e-06 -1.05398871e-06
379.311 -1.11403996e-06 -2.12741612e-06
380.227  2.19138960e-07 -2.80667384e-06
381.144  1.96232074e-06 -2.62684017e-06
382.060  3.53452225e-06 -1.36260000e-06
382.976  4.24889771e-06  8.09360718e-07
383.892  3.59953308e-06  3.28874552e-06
384.808  1.50909417e-06  5.20658770e-06
385.725 -1.55715835e-06  5.73608895e-06
386.641 -4.67071288e-06  4.42572224e-06
387.557 -6.73125781e-06  1.42971744e-06
388.473 -6.86026191e-06 -2.45209450e-06
389.389 -4.75149306e-06 -5.98911278e-06
390.306 -8.62230598e-07 -7.92349601e-06
391.222  3.66585034e-06 -7.41561487e-06
392.138  7.35167275e-06 -4.39471859e-06
393.054  8.86099899e-06  3.37894854e-07
393.971  7.49188470e-06  5.32143978e-06
394.887  3.47915717e-06  8.88659909e-06
395.803 -2.02300070e-06  9.71788232e-06
396.719 -7.27162137e-06  7.34111011e-06
397.635 -1.04898638e-05  2.33550725e-06
398.552 -1.04802032e-05 -3.80057291e-06
