0.870  1.68044509e-03 -2.66156356e-04
1.741  9.63042204e-04  2.53197382e-04
2.611  5.07451668e-04  5.03736748e-04
3.482  1.32194319e-04  5.33921509e-04
4.352 -1.25730348e-04  4.20052489e-04
5.222 -2.92293395e-04  2.22064652e-04
6.093 -3.13801382e-04  1.86730339e-05
6.963 -2.35351806e-04 -1.64420968e-04
7.834 -9.63454595e-05 -2.34219193e-04
8.704  4.86754526e-05 -2.14002926e-04
9.574  1.43383873e-04 -1.17135387e-04
10.445  1.81907884e-04 -1.99865022e-05
11.315  1.46704411e-04  7.49909267e-05
12.186  6.18188911e-05  1.32272611e-04
13.056 -3.30381422e-05  1.40287289e-04
13.926 -9.97765628e-05  9.68847052e-05
14.797 -1.23759495e-04  2.49077656e-05
15.667 -9.54581370e-05 -4.50300899e-05
16.538 -4.11831548e-05 -9.02736956e-05
17.408  1.86319285e-05 -9.22825543e-05
18.278  6.97538274e-05 -5.90481528e-05
19.149  9.87466752e-05 -3.74377399e-06
20.019  8.97663587e-05  5.08586679e-05
20.890  5.17441828e-05  8.37396159e-05
21.760 -5.84073914e-07  8.40459464e-05
22.630 -4.25629039e-05  5.60931421e-05
23.501 -5.98158195e-05  1.29652937e-05
24.371 -5.01871758e-05 -2.66914522e-05
25.242 -1.80352302e-05 -5.15153461e-05
26.112  2.27196383e-05 -5.47563829e-05
26.982  5.19988867e-05 -3.43524994e-05
27.853  5.86166849e-05  2.37719204e-06
28.723  4.47303628e-05  3.57477209e-05
29.594  1.65767677e-05  5.45073712e-05
30.464 -1.55399453e-05  5.39337819e-05
31.334 -3.92311087e-05  3.45427061e-05
32.205 -4.87523996e-05  4.37434584e-06
33.075 -4.07863829e-05 -2.45975153e-05
33.946 -1.75515544e-05 -3.97933903e-05
34.816  9.60672391e-06 -3.69795489e-05
35.686  2.91721273e-05 -2.00287752e-05
36.557  3.47847611e-05  3.47132501e-06
37.427  2.57667011e-05  2.53462568e-05
38.298  7.05722215e-06  3.78320901e-05
39.168 -1.29206022e-05  3.69549068e-05
40.038 -2.64064206e-05  2.51513466e-05
40.909 -2.78681486e-05  7.31032038e-06
41.779 -1.74142333e-05 -8.86752908e-06
42.650 -1.07046495e-06 -1.62157439e-05
43.520  1.48408668e-05 -1.24544031e-05
44.390  2.52617517e-05 -4.46423203e-07
45.261  2.67291309e-05  1.47635425e-05
46.131  1.91720665e-05  2.73246648e-05
47.002  5.74962953e-06  3.21999351e-05
47.872 -8.29261369e-06  2.77784515e-05
48.742 -1.73473776e-05  1.63904656e-05
49.613 -1.82521207e-05  3.20617504e-06
50.483 -1.20507745e-05 -6.94768476e-06
51.354 -2.09094262e-06 -1.15280094e-05
52.224  7.30694939e-06 -9.82614381e-06
53.094  1.22878339e-05 -2.97556891e-06
53.965  1.10478433e-05  5.73443513e-06
54.835  4.14263012e-06  1.22225410e-05
55.706 -5.59094337e-06  1.35490671e-05
56.576 -1.42139943e-05  8.91388579e-06
57.446 -1.85641426e-05  5.88145400e-08
58.317 -1.74358989e-05 -9.41060367e-06
59.187 -1.12982378e-05 -1.60467280e-05
60.058 -2.37731805e-06 -1.75980798e-05
60.928  5.98464640e-06 -1.36928604e-05
61.798  1.07537892e-05 -6.10022914e-06
62.669  1.03805785e-05  2.11509356e-06
63.539  5.57366484e-06  7.96446951e-06
64.410 -1.05814973e-06  9.70338028e-06
65.280 -6.52786796e-06  7.32649294e-06
66.150 -8.67229150e-06  2.34722082e-06
67.021 -6.73463009e-06 -2.96439509e-06
67.891 -1.62046557e-06 -6.10899068e-06
68.762  4.45818401e-06 -5.41250410e-06
69.632  8.95092582e-06 -1.04151660e-06
70.502  1.00126895e-05  5.18630676e-06
71.373  7.28236050e-06  1.07474588e-05
72.243  1.84038230e-06  1.34814161e-05
73.114 -4.40013629e-06  1.24112337e-05
73.984 -9.23847866e-06  8.04156670e-06
74.854 -1.10254555e-05  1.99930161e-06
75.725 -9.42649306e-06 -3.56243234e-06
76.595 -5.50265307e-06 -6.85868397e-06
77.466 -1.14651658e-06 -7.20689526e-06
78.336  1.76096773e-06 -5.07839674e-06
79.206  2.17997796e-06 -1.82686571e-06
80.077  2.26314403e-07  8.50778209e-07
80.947 -3.03560008e-06  1.63480948e-06
81.818 -5.99339928e-06  1.05177109e-07
82.688 -7.22558076e-06 -3.09856399e-06
83.558 -6.09172856e-06 -6.51102660e-06
84.429 -2.91366899e-06 -8.53901192e-06
85.299  1.16242166e-06 -8.22151285e-06
86.170  4.66633818e-06 -5.51907599e-06
87.040  6.40070262e-06 -1.25762686e-06
87.910  5.81016911e-06  3.21653565e-06
88.781  3.15953047e-06  6.59322643e-06
89.651 -5.30583304e-07  8.00399733e-06
90.522 -3.95218475e-06  7.27578324e-06
91.392 -6.03147851e-06  4.97017920e-06
92.262 -6.26779689e-06  2.07309237e-06
93.133 -4.86683212e-06 -3.99924493e-07
94.003 -2.55261768e-06 -1.69197873e-06
94.874 -2.49829068e-07 -1.58482644e-06
95.744  1.21476362e-06 -4.77147212e-07
96.614  1.44417489e-06  8.49983771e-07
97.485  6.18754442e-07  1.56043469e-06
98.355 -6.57390502e-07  1.14095022e-06
99.226 -1.59924499e-06 -3.68372363e-07
100.096 -1.54559172e-06 -2.45742420e-06
100.966 -2.67698134e-07 -4.34708317e-06
101.837  1.94580804e-06 -5.25573251e-06
102.707  4.37839975e-06 -4.74408070e-06
103.578  6.13193508e-06 -2.89079696e-06
104.448  6.53615687e-06 -2.49295337e-07
105.318  5.41424555e-06  2.32236679e-06
106.189  3.10513510e-06  4.00600177e-06
107.059  3.49811321e-07  4.34652608e-06
107.930 -2.00437126e-06  3.37619640e-06
108.800 -3.34341685e-06  1.60656589e-06
109.670 -3.45783867e-06 -1.82488386e-07
110.541 -2.60091422e-06 -1.30042572e-06
111.411 -1.37734628e-06 -1.39296164e-06
112.282 -4.36749434e-07 -5.45812325e-07
113.152 -2.26976138e-07  7.70590638e-07
114.022 -8.55509907e-07  1.95261268e-06
114.893 -2.04206245e-06  2.50302748e-06
115.763 -3.27447132e-06  2.17938482e-06
116.634 -4.04294977e-06  1.09882335e-06
117.504 -4.01882937e-06 -3.35790564e-07
118.374 -3.19961983e-06 -1.63944003e-06
119.245 -1.88982072e-06 -2.41405550e-06
120.115 -5.20031741e-07 -2.50636781e-06
120.986  5.05831925e-07 -2.06480659e-06
121.856  9.58542583e-07 -1.42543274e-06
122.726  8.87303962e-07 -9.71744700e-07
123.597  5.54880623e-07 -9.80202854e-07
124.467  3.18032108e-07 -1.47264943e-06
125.338  4.96003527e-07 -2.23210699e-06
126.208  1.20533901e-06 -2.90927049e-06
127.078  2.31491669e-06 -3.13545492e-06
127.949  3.51318254e-06 -2.68708717e-06
128.819  4.39231637e-06 -1.57594501e-06
129.690  4.60963781e-06 -2.16198439e-08
130.560  4.03042818e-06  1.59730979e-06
131.430  2.74368146e-06  2.87144216e-06
132.301  1.04034890e-06  3.52265564e-06
133.171 -6.78054106e-07  3.46215107e-06
134.042 -2.06079458e-06  2.80654760e-06
134.912 -2.89113706e-06  1.84173453e-06
135.782 -3.12533114e-06  8.84905458e-07
136.653 -2.90752882e-06  1.82408213e-07
137.523 -2.47518308e-06 -1.44101910e-07
138.394 -2.05656427e-06 -1.44379842e-07
139.264 -1.81342229e-06  1.72090248e-08
140.134 -1.77137660e-06  1.57432845e-07
141.005 -1.83117238e-06  1.23527655e-07
141.875 -1.85066031e-06 -1.36804413e-07
142.746 -1.69156433e-06 -5.53491933e-07
143.616 -1.28580629e-06 -9.99215278e-07
144.486 -6.81380679e-07 -1.33246094e-06
145.357  9.05174482e-09 -1.45265291e-06
146.227  6.53904167e-07 -1.36318572e-06
147.098  1.14320833e-06 -1.14015588e-06
147.968  1.45468087e-06 -8.84230773e-07
148.838  1.64018995e-06 -6.88677608e-07
149.709  1.77475201e-06 -5.71429021e-07
150.579  1.93107846e-06 -4.69200914e-07
151.450  2.11653190e-06 -2.93561863e-07
152.320  2.24720031e-06  3.77703962e-08
153.190  2.20244335e-06  5.40217059e-07
154.061  1.86549011e-06  1.11704849e-06
154.931  1.18382098e-06  1.60658455e-06
155.802  2.36896109e-07  1.83248386e-06
156.672 -7.91010736e-07  1.66313496e-06
157.542 -1.66773580e-06  1.09958683e-06
158.413 -2.17470605e-06  2.79883864e-07
159.283 -2.21262976e-06 -5.71916610e-07
160.154 -1.84302215e-06 -1.20205183e-06
161.024 -1.25090644e-06 -1.43986570e-06
161.894 -6.96615894e-07 -1.27713660e-06
162.765 -4.06013288e-07 -8.55433810e-07
163.635 -4.57590143e-07 -4.31055603e-07
164.506 -7.60852114e-07 -2.75576740e-07
165.376 -1.07097409e-06 -5.34760870e-07
166.246 -1.06771983e-06 -1.16609252e-06
167.117 -5.13705572e-07 -1.92751306e-06
167.987  6.35851130e-07 -2.42789660e-06
168.858  2.18229657e-06 -2.28796501e-06
169.728  3.68981014e-06 -1.29602786e-06
170.598  4.62577988e-06  4.90727125e-07
171.469  4.55129297e-06  2.69151400e-06
172.339  3.27806702e-06  4.69126504e-06
173.210  9.97107662e-07  5.83879741e-06
174.080 -1.72787559e-06  5.65006385e-06
174.950 -4.12573398e-06  4.01319513e-06
175.821 -5.43925067e-06  1.28905304e-06
176.691 -5.19028601e-06 -1.77828034e-06
177.562 -3.39566117e-06 -4.26274593e-06
178.432 -5.93120890e-07 -5.35047620e-06
179.302  2.29141503e-06 -4.65770740e-06
180.173  4.21946945e-06 -2.39310846e-06
181.043  4.42383861e-06  6.65649627e-07
181.914  2.70728906e-06  3.37862411e-06
182.784 -4.40264658e-07  4.64196541e-06
183.654 -3.92919354e-06  3.80083721e-06
184.525 -6.41907971e-06  9.21879608e-07
185.395 -6.79899997e-06 -3.13312488e-06
186.266 -4.60596098e-06 -6.93939688e-06
187.136 -2.85118341e-07 -8.99091994e-06
188.006  4.86100052e-06 -8.23060440e-06
188.877  9.07197009e-06 -4.49934201e-06
189.747  1.07071536e-05  1.28460834e-06
190.618  8.85482154e-06  7.35529310e-06
191.488  3.76496124e-06  1.16359091e-05
192.358 -3.12958977e-06  1.24426238e-05
193.229 -9.60351766e-06  9.15210507e-06
194.099 -1.33383397e-05  2.52418351e-06
194.970 -1.27604904e-05 -5.44074363e-06
195.840 -7.67306829e-06 -1.20759562e-05
196.710  5.60427054e-07 -1.49480266e-05
197.581  9.34161494e-06 -1.27485932e-05
198.451  1.56576754e-05 -5.83706514e-06
199.322  1.71286992e-05  3.73467436e-06
200.192  1.28836995e-05  1.28126401e-05
201.062  3.99310096e-06  1.81935719e-05
201.933 -6.75760828e-06  1.77439209e-05
202.803 -1.57548411e-05  1.12347074e-05
203.674 -1.97763650e-05  5.69664072e-07
204.544 -1.71574692e-05 -1.07689696e-05
205.414 -8.50181168e-06 -1.88606318e-05
206.285  3.40824564e-06 -2.07083022e-05
207.155  1.44861741e-05 -1.53855301e-05
208.026  2.07190155e-05 -4.48422703e-06
208.896  1.96327517e-05  8.32813778e-06
209.766  1.12752071e-05  1.85006040e-05
210.637 -1.67795735e-06  2.22058275e-05
211.507 -1.47355907e-05  1.77771372e-05
212.378 -2.31248227e-05  6.41273730e-06
213.248 -2.35256112e-05 -8.09762327e-06
214.118 -1.53390632e-05 -2.06078866e-05
214.989 -1.05021987e-06 -2.64338076e-05
215.859  1.45040627e-05 -2.30677268e-05
216.730  2.57889724e-05 -1.11941712e-05
217.600  2.85377420e-05  5.38647644e-06
218.470  2.13437227e-05  2.09998090e-05
219.341  6.31251932e-06  3.00641303e-05
220.211 -1.15564015e-05  2.90917562e-05
221.082 -2.60627826e-05  1.80422403e-05
221.952 -3.19741699e-05  4.64143072e-07
222.822 -2.69487726e-05 -1.76691565e-05
223.693 -1.24736883e-05 -3.00116389e-05
224.563  6.57412182e-06 -3.21143170e-05
225.434  2.35788321e-05 -2.30824158e-05
226.304  3.25180028e-05 -5.96351059e-06
227.174  3.01552495e-05  1.32611462e-05
228.045  1.72446314e-05  2.77670433e-05
228.915 -1.67640461e-06  3.23501266e-05
229.786 -1.98573738e-05  2.53239718e-05
230.656 -3.07634547e-05  9.16956072e-06
231.526 -3.04472615e-05 -1.03005618e-05
232.397 -1.89986123e-05 -2.60299195e-05
233.267 -5.64035689e-07 -3.22819757e-05
234.138  1.81356402e-05 -2.67306058e-05
235.008  3.02526887e-05 -1.13485795e-05
235.878  3.13040808e-05  8.28065766e-06
236.749  2.08362490e-05  2.49991255e-05
237.619  2.62409943e-06  3.26781831e-05
238.490 -1.67071413e-05  2.84727387e-05
239.360 -3.00945139e-05  1.38928162e-05
240.230 -3.26239566e-05 -5.74898871e-06
241.101 -2.33562206e-05 -2.32774322e-05
241.971 -5.66995403e-06 -3.22765493e-05
242.842  1.39799592e-05 -2.94610067e-05
243.712  2.84195678e-05 -1.58776738e-05
244.582  3.24004365e-05  3.49459123e-06
245.453  2.45208487e-05  2.15684330e-05
246.323  7.70943430e-06  3.17610275e-05
247.194 -1.18620344e-05  3.04098481e-05
248.064 -2.70630248e-05  1.80766448e-05
248.934 -3.24328323e-05 -6.90857257e-07
249.805 -2.61434635e-05 -1.90615882e-05
250.675 -1.06180401e-05 -3.04605401e-05
251.546  8.41380250e-06 -3.09540917e-05
252.416  2.40830933e-05 -2.06301632e-05
253.286  3.09089853e-05 -3.48993347e-06
254.157  2.67572800e-05  1.41213876e-05
255.027  1.35419097e-05  2.59013060e-05
255.898 -3.60453026e-06  2.78861230e-05
256.768 -1.83279929e-05  1.98417945e-05
257.638 -2.54237888e-05  5.21914856e-06
258.509 -2.27267595e-05 -1.02693757e-05
259.379 -1.18034937e-05 -2.08469930e-05
260.250  2.79286643e-06 -2.28342946e-05
261.120  1.53419550e-05 -1.59552245e-05
261.990  2.11576609e-05 -3.29229027e-06
262.861  1.83351645e-05  1.00108018e-05
263.731  8.35739841e-06  1.87804326e-05
264.602 -4.60220641e-06  1.98051018e-05
265.472 -1.53702817e-05  1.29895082e-05
266.342 -1.98129427e-05  1.27404631e-06
267.213 -1.63959994e-05 -1.05925549e-05
268.083 -6.68376481e-06 -1.79585985e-05
268.954  5.35309392e-06 -1.80740615e-05
269.824  1.49541907e-05 -1.10880003e-05
270.694  1.84492438e-05  8.58763857e-08
271.565  1.46396065e-05  1.09781811e-05
272.435  5.19805835e-06  1.73548099e-05
273.306 -6.05448721e-06  1.68438291e-05
274.176 -1.47040184e-05  9.80303075e-06
275.046 -1.74652132e-05 -8.85582433e-07
275.917 -1.34161258e-05 -1.10155193e-05
276.787 -4.29669629e-06 -1.67211699e-05
277.658  6.25389901e-06 -1.59526893e-05
278.528  1.41686198e-05 -9.22117597e-06
279.398  1.65276870e-05  6.88455560e-07
280.269  1.26562559e-05  9.88261146e-06
281.139  4.30470218e-06  1.48958806e-05
282.010 -5.13398089e-06  1.40235776e-05
282.880 -1.19989006e-05  7.92053192e-06
283.750 -1.38002292e-05 -7.63142906e-07
284.621 -1.01548857e-05 -8.49783732e-06
285.491 -2.83770157e-06 -1.22968527e-05
286.362  5.01003851e-06 -1.08877313e-05
287.232  1.01795378e-05 -5.14189090e-06
288.102  1.06948231e-05  2.36061185e-06
288.973  6.56206424e-06  8.42245893e-06
289.843 -3.04696531e-07  1.05548795e-05
290.714 -6.90749476e-06  7.97308648e-06
291.584 -1.04231688e-05  1.86637565e-06
292.454 -9.36461937e-06 -5.11849927e-06
293.325 -4.16168144e-06 -9.98701506e-06
294.195  3.02739178e-06 -1.06400355e-05
295.066  9.20639444e-06 -6.71962465e-06
295.936  1.17782514e-05  2.45406666e-07
296.806  9.59430838e-06  7.45202312e-06
297.677  3.42160442e-06  1.19648040e-05
298.547 -4.34662909e-06  1.18926537e-05
299.418 -1.06482114e-05  7.14381717e-06
300.288 -1.29649191e-05 -5.17119566e-07
301.158 -1.03081765e-05 -8.16160656e-06
302.029 -3.62076772e-06 -1.28440135e-05
302.899  4.58800024e-06 -1.27348469e-05
303.770  1.12207228e-05 -7.83227440e-06
304.640  1.37710656e-05  4.05794625e-08
305.510  1.12770130e-05  7.95311252e-06
306.381  4.67638020e-06  1.29805455e-05
307.251 -3.58378860e-06  1.33035431e-05
308.122 -1.04873610e-05  8.87946889e-06
308.992 -1.35811410e-05  1.40873670e-06
309.862 -1.18818261e-05 -6.34590795e-06
310.733 -6.18743829e-06 -1.16097278e-05
311.603  1.28935939e-06 -1.26336052e-05
312.474  7.79032235e-06 -9.29711489e-06
313.344  1.10667814e-05 -3.06890267e-06
314.214  1.01923192e-05  3.61086311e-06
315.085  5.82514556e-06  8.29747385e-06
315.955 -1.25054508e-07  9.46555167e-06
316.826 -5.29464540e-06  7.01822626e-06
317.696 -7.80418793e-06  2.23682575e-06
318.566 -6.94089175e-06 -2.79573530e-06
319.437 -3.36009447e-06 -6.06539091e-06
320.307  1.24971657e-06 -6.40724385e-06
321.178  4.90735789e-06 -3.91193644e-06
322.048  6.14693163e-06  1.72204928e-07
322.918  4.57631221e-06  4.01013456e-06
323.789  9.97187541e-07  5.95691160e-06
324.659 -2.97362719e-06  5.21543247e-06
325.530 -5.60252717e-06  2.14530958e-06
326.400 -5.74811246e-06 -1.91333488e-06
327.270 -3.32626490e-06 -5.21933204e-06
328.141  6.63017677e-07 -6.34390873e-06
329.011  4.56259942e-06 -4.75568893e-06
329.882  6.72940195e-06 -1.04382763e-06
330.752  6.19643104e-06  3.32763825e-06
331.622  3.07370252e-06  6.60141886e-06
332.493 -1.49579520e-06  7.41690002e-06
333.363 -5.78061092e-06  5.35713956e-06
334.234 -8.12143785e-06  1.11235709e-06
335.104 -7.57674202e-06 -3.78698286e-06
335.974 -4.28111079e-06 -7.54102334e-06
336.845  6.16973022e-07 -8.76183988e-06
337.715  5.38056427e-06 -6.98999172e-06
338.586  8.33067196e-06 -2.84228557e-06
339.456  8.46301765e-06  2.22585990e-06
340.326  5.78419062e-06  6.46197312e-06
341.197  1.28026889e-06  8.46055380e-06
342.067 -3.46350633e-06  7.64088418e-06
342.938 -6.85697590e-06  4.41227162e-06
343.808 -7.85810337e-06 -1.32699455e-08
344.678 -6.29740670e-06 -4.09956164e-06
345.549 -2.88579446e-06 -6.54157523e-06
346.419  1.10404463e-06 -6.69099399e-06
347.290  4.32914795e-06 -4.73134938e-06
348.160  5.83723725e-06 -1.53425117e-06
349.030  5.35985023e-06  1.72043345e-06
349.901  3.32896569e-06  3.97981622e-06
350.771  6.30496827e-07  4.67001062e-06
351.642 -1.76105527e-06  3.83689969e-06
352.512 -3.13787713e-06  2.02938964e-06
353.382 -3.27594347e-06  2.54874209e-08
354.253 -2.42464111e-06 -1.48572087e-06
355.123 -1.12401912e-06 -2.15142067e-06
355.994  5.51988784e-08 -2.01763055e-06
356.864  7.54513147e-07 -1.42036070e-06
357.734  9.31240254e-07 -7.84117821e-07
358.605  7.99827608e-07 -4.01594582e-07
359.475  6.75000492e-07 -3.11818108e-07
360.346  7.75103195e-07 -3.29440428e-07
361.216  1.09084880e-06 -1.75249007e-07
362.086  1.39609400e-06  3.41237978e-07
362.957  1.36658151e-06  1.17732968e-06
363.827  7.61014424e-07  2.04666299e-06
364.698 -4.11044435e-07  2.52945163e-06
365.568 -1.84417562e-06  2.25940704e-06
366.438 -3.02855216e-06  1.12467488e-06
367.309 -3.43819887e-06 -6.35441576e-07
368.179 -2.76572517e-06 -2.48314091e-06
369.050 -1.08398723e-06 -3.75501371e-06
369.920  1.14431176e-06 -3.91791941e-06
370.790  3.19880223e-06 -2.79645085e-06
371.661  4.35329573e-06 -6.62744226e-07
372.531  4.15391548e-06  1.82760754e-06
373.402  2.59328950e-06  3.84983385e-06
374.272  1.34395218e-07  4.70876181e-06
375.142 -2.43259664e-06  4.08460656e-06
376.013 -4.26992965e-06  2.15003645e-06
376.883 -4.78059470e-06 -4.78136647e-07
377.754 -3.80663266e-06 -2.95957830e-06
378.624 -1.68327387e-06 -4.52153721e-06
379.494  8.92838111e-07 -4.70981588e-06
380.365  3.11727225e-06 -3.53367247e-06
381.235  4.34325335e-06 -1.43583473e-06
382.106  4.28822364e-06  8.92366518e-07
382.976  3.09787942e-06  2.75335988e-06
383.846  1.24511388e-06  3.67376312e-06
384.717 -6.61015573e-07  3.53711141e-06
385.587 -2.09302900e-06  2.56201558e-06
386.458 -2.77234768e-06  1.17407492e-06
387.328 -2.70663231e-06 -1.73206065e-07
388.198 -2.11793064e-06 -1.16713308e-06
389.069 -1.31025894e-06 -1.70510921e-06
389.939 -5.21554176e-07 -1.85969478e-06
390.810  1.52622581e-07 -1.78332498e-06
391.680  7.37272389e-07 -1.58563237e-06
392.550  1.29883242e-06 -1.26302876e-06
393.421  1.83663645e-06 -7.25554949e-07
394.291  2.21500771e-06  1.16261316e-07
395.162  2.19855629e-06  1.23526877e-06
396.032  1.56214189e-06  2.40469341e-06
396.902  2.37477200e-07  3.22795783e-06
397.773 -1.56272099e-06  3.27001387e-06
398.643 -3.34030379e-06  2.24665657e-06
