0.829  1.76446470e-03 -2.79463754e-04
1.658  1.01933556e-03  2.61760267e-04
2.487  5.32157989e-04  5.20963333e-04
3.316  1.60784690e-04  5.67726039e-04
4.145 -1.45342742e-04  4.49250065e-04
4.974 -3.12055455e-04  2.38191242e-04
5.803 -3.23552973e-04  1.82949562e-05
6.632 -2.48238047e-04 -1.53180200e-04
7.461 -1.05607188e-04 -2.40918885e-04
8.290  5.93570498e-05 -2.36277519e-04
9.118  1.46122144e-04 -1.56667725e-04
9.947  1.79907423e-04 -2.97802450e-05
10.776  1.53864453e-04  8.80697086e-05
11.605  6.95609729e-05  1.49447021e-04
12.434 -2.92469702e-05  1.50960392e-04
13.263 -9.64751561e-05  1.02431402e-04
14.092 -1.20288485e-04  2.01052345e-05
14.921 -9.81438672e-05 -5.73204634e-05
15.750 -4.06806262e-05 -9.68162969e-05
16.579  1.68193024e-05 -9.39162864e-05
17.408  6.46147768e-05 -5.28685770e-05
18.237  8.93193935e-05  7.93870848e-06
19.066  7.94445944e-05  6.20799129e-05
19.895  3.79778900e-05  9.10573005e-05
20.724 -1.06850981e-05  9.01373959e-05
21.553 -4.78469205e-05  6.10712186e-05
22.382 -6.37978892e-05  1.50356256e-05
23.211 -5.11099611e-05 -2.62209059e-05
24.040 -1.46195965e-05 -5.13845251e-05
24.869  2.70722142e-05 -5.29105970e-05
25.698  6.07325935e-05 -3.11293593e-05
26.526  7.40649898e-05  3.76656399e-06
27.355  6.24717261e-05  3.37616674e-05
28.184  3.34328840e-05  4.98543851e-05
29.013  3.13842278e-07  4.68908217e-05
29.842 -2.49461696e-05  2.62781286e-05
30.671 -3.45364684e-05 -9.16710360e-08
31.500 -2.57293550e-05 -2.31080385e-05
32.329 -4.57111797e-06 -3.59479798e-05
33.158  1.94537554e-05 -3.32432584e-05
33.987  3.64019288e-05 -1.69106270e-05
34.816  3.92751805e-05  3.86178945e-06
35.645  2.66215162e-05  2.27194586e-05
36.474  4.47549438e-06  3.37998990e-05
37.303 -1.79918223e-05  3.14153318e-05
38.132 -3.28925190e-05  1.71539971e-05
38.961 -3.51284227e-05 -2.03788452e-06
39.790 -2.53489593e-05 -1.81666571e-05
40.619 -8.46545453e-06 -2.44197676e-05
41.448  8.42033708e-06 -1.85030198e-05
42.277  1.88022313e-05 -4.48989502e-06
43.106  1.88505912e-05  1.23284067e-05
43.934  9.55046358e-06  2.66567451e-05
44.763 -4.61894961e-06  3.31387712e-05
45.592 -1.84285751e-05  2.95558323e-05
46.421 -2.67764218e-05  1.78831122e-05
47.250 -2.61811399e-05  2.72323927e-06
48.079 -1.68628831e-05 -1.00616116e-05
48.908 -2.90397003e-06 -1.56909865e-05
49.737  1.05091270e-05 -1.29015755e-05
50.566  1.86620806e-05 -3.19946740e-06
51.395  1.87852207e-05  9.14627770e-06
52.224  1.16522447e-05  1.81981012e-05
53.053  7.82062909e-07  1.98799358e-05
53.882 -9.36947678e-06  1.38602516e-05
54.711 -1.48341013e-05  2.70314739e-06
55.540 -1.35729488e-05 -9.59565310e-06
56.369 -6.44779948e-06 -1.87489614e-05
57.198  3.59840807e-06 -2.17788254e-05
58.027  1.27622994e-05 -1.79978969e-05
58.856  1.75806918e-05 -9.30284523e-06
59.685  1.63793961e-05  6.24484885e-07
60.514  9.86851430e-06  7.86156187e-06
61.342  6.78634659e-07  9.88048546e-06
62.171 -7.66893247e-06  6.46920744e-06
63.000 -1.21073611e-05 -4.86839095e-07
63.829 -1.13280799e-05 -7.85626152e-06
64.658 -6.06396607e-06 -1.23557282e-05
65.487  1.29478258e-06 -1.19249290e-05
66.316  7.51261966e-06 -6.73554368e-06
67.145  9.97947375e-06  1.11354074e-06
67.974  7.88043429e-06  8.73882663e-06
68.803  2.19072559e-06  1.35962467e-05
69.632 -4.90381431e-06  1.43831130e-05
70.461 -1.07516091e-05  1.13198922e-05
71.290 -1.33668477e-05  5.90339816e-06
72.119 -1.21702300e-05  3.53160465e-07
72.948 -7.95103922e-06 -3.28816468e-06
73.777 -2.55747173e-06 -3.96107446e-06
74.606  1.80011929e-06 -1.85503090e-06
75.435  3.56239423e-06  1.74262283e-06
76.264  2.36310128e-06  4.93648847e-06
77.093 -9.26405841e-07  6.06553509e-06
77.922 -4.50498162e-06  4.38894588e-06
78.750 -6.49263324e-06  3.35270636e-07
79.579 -5.78295693e-06 -4.64994489e-06
80.408 -2.42082785e-06 -8.77876049e-06
81.237  2.46507548e-06 -1.07246312e-05
82.066  7.19499384e-06 -1.00254560e-05
82.895  1.02744911e-05 -7.13666465e-06
83.724  1.08507251e-05 -3.23475798e-06
84.553  8.94975572e-06  2.43997993e-07
85.382  5.47740887e-06  2.12109566e-06
86.211  1.78185563e-06  1.90516730e-06
87.040 -8.90973775e-07 -2.33243028e-08
87.869 -1.82093334e-06 -2.64057178e-06
88.698 -1.08038645e-06 -4.73307874e-06
89.527  5.74088820e-07 -5.38592273e-06
90.356  2.10537392e-06 -4.37526168e-06
91.185  2.61744785e-06 -2.21576000e-06
92.014  1.75227545e-06  1.23809599e-07
92.843 -1.54431485e-07  1.62994957e-06
93.672 -2.28586719e-06  1.69941705e-06
94.501 -3.68640966e-06  4.02626618e-07
95.330 -3.65054227e-06 -1.61746713e-06
96.158 -2.02796257e-06 -3.40508382e-06
96.987  7.58242394e-07 -4.04481010e-06
97.816  3.86598137e-06 -3.05372114e-06
98.645  6.30051676e-06 -5.50296414e-07
99.474  7.31613441e-06  2.80571294e-06
100.303  6.67148582e-06  6.02728376e-06
101.132  4.65225283e-06  8.19539943e-06
101.961  1.97940236e-06  8.79382638e-06
102.790 -4.73772727e-07  7.81455449e-06
103.619 -2.02401497e-06  5.74185176e-06
104.448 -2.36711695e-06  3.34137186e-06
105.277 -1.66046147e-06  1.31355842e-06
106.106 -4.30071627e-07  7.62134734e-08
106.935  7.20945236e-07 -3.41147921e-07
107.764  1.35065226e-06 -2.74910370e-07
108.593  1.31523632e-06 -1.92559262e-07
109.422  8.20746219e-07 -4.67342874e-07
110.251  2.77944569e-07 -1.25711011e-06
111.080  9.72775214e-08 -2.41181214e-06
111.909  5.39557545e-07 -3.54288363e-06
112.738  1.57029261e-06 -4.21342894e-06
113.566  2.85379289e-06 -4.08741271e-06
114.395  3.91225138e-06 -3.08806978e-06
115.224  4.28636184e-06 -1.47023369e-06
116.053  3.72217206e-06  2.95387375e-07
116.882  2.31620529e-06  1.67483313e-06
117.711  4.63896600e-07  2.24720069e-06
118.540 -1.27777881e-06  1.89162074e-06
119.369 -2.36416871e-06  8.06740957e-07
120.198 -2.48067218e-06 -5.81405962e-07
121.027 -1.62597061e-06 -1.74082289e-06
121.856 -6.62713336e-08 -2.23342316e-06
122.685  1.73785441e-06 -1.85213648e-06
123.514  3.29785260e-06 -6.36214837e-07
124.343  4.26286024e-06  1.13571665e-06
125.172  4.47607617e-06  3.04929792e-06
126.001  4.00682144e-06  4.72297124e-06
126.830  3.10199945e-06  5.89395287e-06
127.659  2.03907027e-06  6.47729244e-06
128.488  1.03808088e-06  6.57071615e-06
129.317  2.07765533e-07  6.33884460e-06
130.146 -4.84939979e-07  5.92310566e-06
130.974 -1.12783363e-06  5.39579073e-06
131.803 -1.77444054e-06  4.71491998e-06
132.632 -2.41197519e-06  3.78508606e-06
133.461 -2.91962518e-06  2.55581872e-06
134.290 -3.11109606e-06  1.05926228e-06
135.119 -2.84144602e-06 -5.44061736e-07
135.948 -2.05530270e-06 -1.98082729e-06
136.777 -8.38121031e-07 -2.97344448e-06
137.606  5.63024033e-07 -3.31291212e-06
138.435  1.82802726e-06 -2.92910712e-06
139.264  2.64856008e-06 -1.95552473e-06
140.093  2.80663829e-06 -6.76770595e-07
140.922  2.27554831e-06  5.57979686e-07
141.751  1.21974705e-06  1.41509019e-06
142.580 -6.94594096e-08  1.70118886e-06
143.409 -1.23561316e-06  1.41630740e-06
144.238 -1.98117502e-06  7.20475594e-07
145.067 -2.16304085e-06 -1.02287616e-07
145.896 -1.79515529e-06 -7.45063507e-07
146.725 -1.04486637e-06 -9.92097975e-07
147.554 -1.73564808e-07 -7.47225090e-07
148.382  5.73555119e-07 -5.35004456e-08
149.211  1.01280991e-06  9.21145775e-07
150.040  1.05664081e-06  1.97101966e-06
150.869  7.41114332e-07  2.89975613e-06
151.698  1.72189277e-07  3.55181208e-06
152.527 -5.16060299e-07  3.86214176e-06
153.356 -1.17941158e-06  3.83426009e-06
154.185 -1.71648663e-06  3.50908177e-06
155.014 -2.07028049e-06  2.96865735e-06
155.843 -2.20252680e-06  2.29886885e-06
156.672 -2.11251830e-06  1.57647551e-06
157.501 -1.82377270e-06  8.94015127e-07
158.330 -1.37167289e-06  3.33511226e-07
159.159 -8.36284775e-07 -4.78908067e-08
159.988 -3.24401250e-07 -2.14658638e-07
160.817  6.39840234e-08 -1.95510847e-07
161.646  2.43407759e-07 -8.33056020e-08
162.475  1.95155616e-07  8.09217396e-09
163.304 -6.02817810e-09 -3.75390203e-08
164.133 -2.30654225e-07 -2.80375298e-07
164.962 -3.21067012e-07 -6.68583345e-07
165.790 -1.54011614e-07 -1.06032274e-06
166.619  2.71408251e-07 -1.25336778e-06
167.448  8.23318113e-07 -1.04776361e-06
168.277  1.25886845e-06 -3.61914163e-07
169.106  1.28032969e-06  7.13630859e-07
169.935  6.72309555e-07  1.91623993e-06
170.764 -5.91836217e-07  2.84843519e-06
171.593 -2.30985595e-06  3.11971591e-06
172.422 -4.05179936e-06  2.50348819e-06
173.251 -5.28312764e-06  1.03186757e-06
174.080 -5.55767473e-06 -9.50311569e-07
174.909 -4.67151717e-06 -2.85874465e-06
175.738 -2.78462506e-06 -4.06820633e-06
176.567 -4.24740606e-07 -4.11506961e-06
177.396  1.68006461e-06 -2.88965081e-06
178.225  2.82939792e-06 -7.39250312e-07
179.054  2.60317354e-06  1.62636447e-06
179.883  1.07129533e-06  3.35207437e-06
180.712 -1.19292713e-06  3.72601015e-06
181.541 -3.27712254e-06  2.48842523e-06
182.370 -4.21843520e-06 -2.12995884e-08
183.198 -3.38681296e-06 -2.93169629e-06
184.027 -7.74626006e-07 -5.08232494e-06
184.856  2.93286413e-06 -5.44115906e-06
185.685  6.50237527e-06 -3.52711715e-06
186.514  8.54523104e-06  3.51826473e-07
187.343  8.03479413e-06  5.09129731e-06
188.172  4.71854791e-06  9.08656236e-06
189.001 -6.79059296e-07  1.07795575e-05
189.830 -6.57950309e-06  9.22044548e-06
190.659 -1.10360291e-05  4.48587957e-06
191.488 -1.23817696e-05 -2.20511509e-06
192.317 -9.84608598e-06 -8.81332292e-06
193.146 -3.94649473e-06 -1.31168263e-05
193.975  3.57400459e-06 -1.34636062e-05
194.804  1.02550524e-05 -9.43124160e-06
195.633  1.37052562e-05 -2.08836654e-06
196.462  1.24700417e-05  6.26719785e-06
197.291  6.63410928e-06  1.28000577e-05
198.120 -2.10138558e-06  1.51055300e-05
198.949 -1.08817439e-05  1.21112352e-05
199.778 -1.66252119e-05  4.54009280e-06
200.606 -1.71239183e-05 -5.20897626e-06
201.435 -1.18797180e-05 -1.37904787e-05
202.264 -2.40173511e-06 -1.80664320e-05
203.093  8.18333348e-06 -1.62390995e-05
203.922  1.61663819e-05 -8.58172722e-06
204.751  1.85532095e-05  2.50389293e-06
205.580  1.41796882e-05  1.32290730e-05
206.409  4.26891607e-06  1.97056469e-05
207.238 -7.86617605e-06  1.93320786e-05
208.067 -1.79056513e-05  1.18337316e-05
208.896 -2.20111215e-05 -4.88878248e-07
209.725 -1.82590892e-05 -1.34512730e-05
210.554 -7.46752869e-06 -2.23719839e-05
211.383  6.95123631e-06 -2.37402393e-05
212.212  2.00602672e-05 -1.65708851e-05
213.041  2.70862670e-05 -2.88970683e-06
213.870  2.51670782e-05  1.28253544e-05
214.699  1.44723065e-05  2.51112801e-05
215.528 -1.70544902e-06  2.94489723e-05
216.357 -1.79618144e-05  2.39241830e-05
217.186 -2.86313848e-05  1.00226920e-05
218.014 -2.98028943e-05 -7.73655159e-06
218.843 -2.07710957e-05 -2.33016917e-05
219.672 -4.42165702e-06 -3.11999841e-05
220.501  1.36790604e-05 -2.84949183e-05
221.330  2.72038721e-05 -1.59249681e-05
222.159  3.12920031e-05  2.24957151e-06
222.988  2.43339237e-05  1.96967541e-05
223.817  8.63994050e-06  3.02240133e-05
224.646 -1.03190504e-05  3.00053108e-05
225.475 -2.58121099e-05  1.90241402e-05
226.304 -3.22461653e-05  1.13915289e-06
227.133 -2.72280046e-05 -1.72445566e-05
227.962 -1.24796185e-05 -2.94435688e-05
228.791  6.72780131e-06 -3.09379259e-05
229.620  2.34227294e-05 -2.10521802e-05
230.449  3.14619216e-05 -3.25002116e-06
231.278  2.77932910e-05  1.60536184e-05
232.107  1.36028534e-05  2.97996333e-05
232.936 -6.04730180e-06  3.28698706e-05
233.765 -2.40165332e-05  2.39725011e-05
234.594 -3.36867544e-05  6.17183910e-06
235.422 -3.13782100e-05 -1.41697841e-05
236.251 -1.77293149e-05 -2.96950248e-05
237.080  2.47790404e-06 -3.47196599e-05
237.909  2.20378083e-05 -2.73143571e-05
238.738  3.39253880e-05 -1.00498676e-05
239.567  3.38413518e-05  1.09235396e-05
240.396  2.17982609e-05  2.81029927e-05
241.225  2.11750494e-06  3.53412737e-05
242.054 -1.81516814e-05  3.00874435e-05
242.883 -3.17821425e-05  1.43025492e-05
243.712 -3.39955595e-05 -6.28928634e-06
244.541 -2.41820672e-05 -2.42931725e-05
245.370 -6.06270001e-06 -3.33422330e-05
246.199  1.37092044e-05 -3.04059107e-05
247.028  2.80045691e-05 -1.68260131e-05
247.857  3.18346932e-05  2.24614723e-06
248.686  2.41176731e-05  1.97919025e-05
249.515  7.98536201e-06  2.95425515e-05
250.344 -1.04490999e-05  2.82518419e-05
251.173 -2.44214889e-05  1.68024449e-05
252.002 -2.90259280e-05 -2.15770586e-07
252.830 -2.29634661e-05 -1.63116881e-05
253.659 -8.93212202e-06 -2.55620609e-05
254.488  7.49489823e-06 -2.47869471e-05
255.317  2.00467990e-05 -1.46662536e-05
256.146  2.41141125e-05  6.22213460e-07
256.975  1.84376194e-05  1.50875467e-05
257.804  5.49836579e-06  2.32269017e-05
258.633 -9.53650586e-06  2.20896262e-05
259.462 -2.08383993e-05  1.23385362e-05
260.291 -2.41374078e-05 -2.10723414e-06
261.120 -1.83159697e-05 -1.56442333e-05
261.949 -5.74620920e-06 -2.31427287e-05
262.778  8.70523134e-06 -2.18918837e-05
263.607  1.95740558e-05 -1.25624434e-05
264.436  2.28920923e-05  1.14923271e-06
265.265  1.76508830e-05  1.39935553e-05
266.094  6.08261887e-06  2.12031619e-05
266.923 -7.27634294e-06  2.02900688e-05
267.752 -1.73756654e-05  1.18994957e-05
268.581 -2.05923630e-05 -5.38030471e-07
269.410 -1.60407427e-05 -1.22013425e-05
270.238 -5.80279634e-06 -1.87744160e-05
271.067  5.97262081e-06 -1.80610490e-05
271.896  1.47501489e-05 -1.07285232e-05
272.725  1.73590466e-05  5.91571659e-08
273.554  1.31423267e-05  9.97540304e-06
274.383  4.10997474e-06  1.52564349e-05
275.212 -5.96373504e-06  1.41235246e-05
276.041 -1.30982935e-05  7.39586791e-06
276.870 -1.46636767e-05 -1.94474457e-06
277.699 -1.03628350e-05 -1.00343508e-05
278.528 -2.25725809e-06 -1.36855149e-05
279.357  6.16170139e-06 -1.16316288e-05
280.186  1.14196930e-05 -4.97330528e-06
281.015  1.14545016e-05  3.35664482e-06
281.844  6.41934093e-06  9.83404099e-06
282.673 -1.44677222e-06  1.17820280e-05
283.502 -8.78118250e-06  8.45365951e-06
284.331 -1.24791584e-05  1.29674984e-06
285.160 -1.09667645e-05 -6.67648861e-06
285.989 -4.82747752e-06 -1.21232315e-05
286.818  3.46134351e-06 -1.27386854e-05
287.646  1.05316817e-05 -8.19190028e-06
288.475  1.34885938e-05 -2.42474142e-07
289.304  1.10829182e-05  7.96261374e-06
290.133  4.19884205e-06  1.31447019e-05
290.962 -4.49664622e-06  1.32094067e-05
291.791 -1.16031091e-05  8.06597434e-06
292.620 -1.43379753e-05 -3.42903725e-07
293.449 -1.16194343e-05 -8.79745203e-06
294.278 -4.47203637e-06 -1.40707420e-05
295.107  4.37488992e-06 -1.41800139e-05
295.936  1.15636616e-05 -9.12966007e-06
296.765  1.44127702e-05 -8.94279444e-07
297.594  1.19236275e-05  7.37056914e-06
298.423  5.13929765e-06  1.25662226e-05
299.252 -3.29303464e-06  1.28225604e-05
300.081 -1.01806192e-05  8.18489559e-06
300.910 -1.30084927e-05  5.53112022e-07
301.739 -1.08766624e-05 -7.10798514e-06
302.568 -4.80202429e-06 -1.19296263e-05
303.397  2.74529948e-06 -1.22266049e-05
304.226  8.84162668e-06 -8.11172914e-06
305.054  1.12422165e-05 -1.37959179e-06
305.883  9.23183134e-06  5.25522293e-06
306.712  3.84140632e-06  9.23597509e-06
307.541 -2.62889428e-06  9.16130884e-06
308.370 -7.54803130e-06  5.29386659e-06
309.199 -9.00521643e-06 -6.12985418e-07
310.028 -6.54925089e-06 -6.05076754e-06
310.857 -1.31386255e-06 -8.77445967e-06
311.686  4.47111387e-06 -7.70020104e-06
312.515  8.38928691e-06 -3.30315004e-06
313.344  8.81686526e-06  2.60063911e-06
314.173  5.55233815e-06  7.58972814e-06
315.002 -1.24404798e-07  9.61705640e-06
315.831 -5.96278499e-06  7.81506982e-06
316.660 -9.64281208e-06  2.82093124e-06
317.489 -9.68571744e-06 -3.47276235e-06
318.318 -6.01276384e-06 -8.66543651e-06
319.147  2.69923056e-08 -1.07843477e-05
319.976  6.18555375e-06 -9.02470477e-06
320.805  1.01892957e-05 -4.04582558e-06
321.634  1.05873600e-05  2.29488960e-06
322.462  7.28054466e-06  7.67007241e-06
323.291  1.53619239e-06  1.01527126e-05
324.120 -4.52651040e-06  8.91493345e-06
324.949 -8.74054474e-06  4.50850607e-06
325.778 -9.67929912e-06 -1.39368422e-06
326.607 -7.15615134e-06 -6.65550654e-06
327.436 -2.23090639e-06 -9.46629971e-06
328.265  3.24520488e-06 -8.98868123e-06
329.094  7.33572471e-06 -5.60602754e-06
329.923  8.73011187e-06 -6.97364442e-07
330.752  7.17914558e-06  3.92306061e-06
331.581  3.49510671e-06  6.69813745e-06
332.410 -8.25566842e-07  6.88097684e-06
333.239 -4.20798572e-06  4.72714416e-06
334.068 -5.59655166e-06  1.30730812e-06
334.897 -4.78927232e-06 -1.96750802e-06
335.726 -2.42211730e-06 -3.92368375e-06
336.555  3.58112083e-07 -4.04550254e-06
337.384  2.40614507e-06 -2.59775032e-06
338.213  3.03464132e-06 -4.41274237e-07
339.042  2.23589144e-06  1.38939899e-06
339.870  6.20534772e-07  2.14182241e-06
340.699 -9.07476537e-07  1.63286702e-06
341.528 -1.58313485e-06  2.86565035e-07
342.357 -1.10986764e-06 -1.09798400e-06
343.186  2.22479308e-07 -1.74422405e-06
344.015  1.68301938e-06 -1.25664573e-06
344.844  2.45669236e-06  1.92331221e-07
345.673  2.02559823e-06  1.92319264e-06
346.502  4.21556883e-07  3.05638812e-06
347.331 -1.74646959e-06  2.90916853e-06
348.160 -3.53450628e-06  1.31397910e-06
348.989 -4.06106292e-06 -1.25655430e-06
349.818 -2.88645078e-06 -3.84396465e-06
350.647 -2.43327892e-07 -5.37627962e-06
351.476  3.00268237e-06 -5.09246322e-06
352.305  5.66224552e-06 -2.87724326e-06
353.134  6.66053770e-06  6.41169821e-07
353.963  5.45973085e-06  4.29401354e-06
354.792  2.30271620e-06  6.77753549e-06
355.621 -1.84503831e-06  7.12626468e-06
356.450 -5.61501840e-06  5.09010925e-06
357.278 -7.70543313e-06  1.24441343e-06
358.107 -7.35296437e-06 -3.19345172e-06
358.936 -4.60822498e-06 -6.76760238e-06
359.765 -3.22282410e-07 -8.29005292e-06
360.594  4.13101335e-06 -7.24895473e-06
361.423  7.32417925e-06 -3.97101633e-06
362.252  8.25908928e-06  4.89050126e-07
363.081  6.68062632e-06  4.71079682e-06
363.910  3.14570459e-06  7.39147516e-06
364.739 -1.18142742e-06  7.75837531e-06
365.568 -4.93897797e-06  5.79794772e-06
366.397 -7.00834782e-06  2.23022032e-06
367.226 -6.85445763e-06 -1.76966628e-06
368.055 -4.66705369e-06 -4.96935553e-06
368.884 -1.24427951e-06 -6.46448407e-06
369.713  2.30431329e-06 -5.94390599e-06
370.542  4.91959826e-06 -3.73278048e-06
371.371  5.92060116e-06 -6.30077104e-07
372.200  5.17470537e-06  2.37308492e-06
373.029  3.07264216e-06  4.41767215e-06
373.858  3.60204989e-07  5.02241494e-06
374.686 -2.12603871e-06  4.17267865e-06
375.515 -3.72099499e-06  2.27074201e-06
376.344 -4.09183022e-06 -3.36541565e-08
377.173 -3.28763221e-06 -2.07000245e-06
378.002 -1.67449384e-06 -3.33020569e-06
378.831  2.20888656e-07 -3.58055110e-06
379.660  1.87281856e-06 -2.88740158e-06
380.489  2.88708208e-06 -1.54471150e-06
381.318  3.08533695e-06  3.59241958e-08
382.147  2.50872849e-06  1.43546737e-06
382.976  1.37197159e-06  2.33155186e-06
383.805  4.03816080e-10  2.55404168e-06
384.634 -1.25741383e-06  2.09693940e-06
385.463 -2.10570146e-06  1.11308569e-06
386.292 -2.35152619e-06 -1.29547563e-07
387.121 -1.95039422e-06 -1.31281631e-06
387.950 -1.01794061e-06 -2.13057224e-06
388.779  1.99629637e-07 -2.36645363e-06
389.608  1.37343810e-06 -1.95732494e-06
390.437  2.17678915e-06 -1.01113405e-06
391.266  2.38514017e-06  2.06888599e-07
392.094  1.94132552e-06  1.34071394e-06
392.923  9.85494399e-07  2.05715629e-06
393.752 -1.74061805e-07  2.14821712e-06
394.581 -1.16424622e-06  1.60479191e-06
395.410 -1.66946532e-06  6.34856728e-07
396.239 -1.54077688e-06 -4.10182450e-07
397.068 -8.62851825e-07 -1.15954774e-06
397.897  7.66682271e-08 -1.35471015e-06
398.726  8.96900743e-07 -9.59032783e-07
