0.791  1.84848391e-03 -2.92771090e-04
1.583  1.07129119e-03  2.73923188e-04
2.374  5.66470610e-04  5.37325598e-04
3.165  1.47921607e-04  5.95985908e-04
3.956 -1.32486040e-04  4.64749612e-04
4.748 -3.07143162e-04  2.53620605e-04
5.539 -3.44976418e-04  1.57799038e-05
6.330 -2.66699324e-04 -1.48742652e-04
7.121 -1.08726765e-04 -2.40792986e-04
7.913  5.45994121e-05 -2.27359070e-04
8.704  1.51174552e-04 -1.58705056e-04
9.495  1.83380308e-04 -3.54671062e-05
10.287  1.50542092e-04  6.23358014e-05
11.078  7.83513163e-05  1.27286344e-04
11.869 -2.04242413e-05  1.39999539e-04
12.660 -9.64892729e-05  1.00661955e-04
13.452 -1.25624596e-04  2.99463964e-05
14.243 -1.01979172e-04 -3.97404204e-05
15.034 -5.11376296e-05 -8.40659988e-05
15.825  1.35086588e-05 -8.97237922e-05
16.617  6.68395427e-05 -5.28663683e-05
17.408  9.77631144e-05  4.86914003e-07
18.199  8.67127467e-05  5.22662327e-05
18.991  4.21541654e-05  8.33110473e-05
19.782 -1.67289189e-05  8.65933647e-05
20.573 -6.26301297e-05  6.09302440e-05
21.364 -7.76291177e-05  1.61571401e-05
22.156 -6.10633445e-05 -2.68428611e-05
22.947 -2.21929979e-05 -5.30469082e-05
23.738  2.09828798e-05 -5.05930782e-05
24.529  5.67179016e-05 -2.01728875e-05
25.321  6.86577714e-05  2.10162447e-05
26.112  5.33782299e-05  5.47458824e-05
26.903  1.80172293e-05  7.01883536e-05
27.695 -2.06595428e-05  6.31166836e-05
28.486 -4.64484207e-05  3.86849172e-05
29.277 -5.25650773e-05  6.06100824e-06
30.068 -3.90004544e-05 -2.22763680e-05
30.860 -1.41132979e-05 -3.82092694e-05
31.651  1.42798485e-05 -3.69399322e-05
32.442  3.49088264e-05 -2.12947155e-05
33.233  3.93470215e-05  1.91862225e-06
34.025  2.78074429e-05  2.29630686e-05
34.816  7.84754778e-06  3.38789979e-05
35.607 -1.29461745e-05  3.03920937e-05
36.399 -2.79623284e-05  1.45838443e-05
37.190 -3.36021984e-05 -5.71929635e-06
37.981 -2.75368164e-05 -2.32597981e-05
38.772 -1.18797021e-05 -3.13701847e-05
39.564  6.07252155e-06 -2.83222088e-05
40.355  1.75335263e-05 -1.56859704e-05
41.146  1.81621782e-05  1.91018630e-06
41.937  8.94687734e-06  1.77080478e-05
42.729 -6.00648709e-06  2.51444514e-05
43.520 -2.15396675e-05  2.15606124e-05
44.311 -3.24436749e-05  8.79725695e-06
45.103 -3.39324893e-05 -7.57141252e-06
45.894 -2.52506303e-05 -2.08948662e-05
46.685 -9.72424374e-06 -2.60477966e-05
47.476  5.88610993e-06 -2.13524724e-05
48.268  1.55326565e-05 -9.26641982e-06
49.059  1.63099608e-05  4.87312507e-06
49.850  8.75698704e-06  1.53706814e-05
50.641 -3.58227530e-06  1.83933628e-05
51.433 -1.51417321e-05  1.31634735e-05
52.224 -2.10028387e-05  2.23769150e-06
53.015 -1.90813079e-05 -1.00337808e-05
53.807 -1.07631446e-05 -1.89337986e-05
54.598  1.77215476e-07 -2.16144195e-05
55.389  9.67908666e-06 -1.77283500e-05
56.180  1.46673765e-05 -9.56038255e-06
56.972  1.37713001e-05 -8.19399946e-07
57.763  7.74255201e-06  5.07583334e-06
58.554 -6.35309912e-07  6.18583044e-06
59.345 -7.77146791e-06  2.59242151e-06
60.137 -1.07636421e-05 -3.82982570e-06
60.928 -8.82155934e-06 -1.04217270e-05
61.719 -3.16397421e-06 -1.46675265e-05
62.511  3.71604731e-06 -1.48733362e-05
63.302  9.15386670e-06 -1.09904552e-05
64.093  1.11048428e-05 -4.66518079e-06
64.884  8.87746811e-06  1.49134218e-06
65.676  3.38673350e-06  4.97997014e-06
66.467 -3.19733919e-06  4.47007853e-06
67.258 -8.24552299e-06  2.66573266e-07
68.049 -9.79046621e-06 -6.02395383e-06
68.841 -7.31217611e-06 -1.19943885e-05
69.632 -1.78473461e-06 -1.53767633e-05
70.423  4.74060000e-06 -1.49314827e-05
71.215  9.81824287e-06 -1.08919932e-05
72.006  1.16033333e-05 -4.83709200e-06
72.797  9.60771282e-06  8.91155075e-07
73.588  4.87382711e-06  4.16539948e-06
74.380 -4.66443126e-07  3.89782655e-06
75.171 -4.17710684e-06  4.49709563e-07
75.962 -4.84413293e-06 -4.47993426e-06
76.753 -2.23454943e-06 -8.68481930e-06
77.545  2.65631268e-06 -1.04540895e-05
78.336  8.01413228e-06 -9.15481293e-06
79.127  1.19606972e-05 -5.34970980e-06
79.919  1.32813493e-05 -4.84377584e-07
80.710  1.18854723e-05  3.77634202e-06
81.501  8.74611491e-06  6.15855496e-06
82.292  5.30687141e-06  6.20036685e-06
83.084  2.87217649e-06  4.40498396e-06
83.875  2.18493417e-06  1.92805589e-06
84.666  3.14972379e-06  2.36662251e-08
85.457  4.95453560e-06 -4.30524038e-07
86.249  6.47772723e-06  7.06340620e-07
87.040  6.73243152e-06  2.83535885e-06
87.831  5.29566688e-06  4.94288629e-06
88.623  2.47937209e-06  5.98712975e-06
89.414 -8.58029542e-07  5.31601622e-06
90.205 -3.60843646e-06  2.94099647e-06
90.996 -4.80090428e-06 -5.12715133e-07
91.788 -4.01351971e-06 -4.01264992e-06
92.579 -1.50640926e-06 -6.45356993e-06
93.370  1.90370267e-06 -7.09556222e-06
94.161  5.12416138e-06 -5.79004363e-06
94.953  7.21355340e-06 -2.98880531e-06
95.744  7.68882654e-06  3.84723727e-07
96.535  6.62362508e-06  3.30551950e-06
97.327  4.62936549e-06  5.04792771e-06
98.118  2.59051742e-06  5.40298021e-06
98.909  1.26158512e-06  4.74107984e-06
99.700  9.95754970e-07  3.81258088e-06
100.492  1.60800389e-06  3.35555468e-06
101.283  2.46825374e-06  3.80550423e-06
102.074  2.85168817e-06  5.12667230e-06
102.865  2.24664428e-06  6.80269093e-06
103.657  5.47270753e-07  8.09366798e-06
104.448 -1.86212103e-06  8.35164832e-06
105.239 -4.28405853e-06  7.26439567e-06
106.031 -5.99871000e-06  5.01762073e-06
106.822 -6.49986333e-06  2.20662785e-06
107.613 -5.70260093e-06 -4.26221019e-07
108.404 -3.96263933e-06 -2.22797009e-06
109.196 -1.88112677e-06 -2.86945602e-06
109.987 -9.90638344e-08 -2.45278209e-06
110.778  9.23241337e-07 -1.38904906e-06
111.569  1.07733808e-06 -2.28120899e-07
112.361  5.74222003e-07  5.36604016e-07
113.152 -1.73229088e-07  6.75504655e-07
113.943 -7.09304240e-07  2.54976798e-07
114.735 -7.53116066e-07 -4.38887726e-07
115.526 -2.85045485e-07 -1.00370467e-06
116.317  4.94010428e-07 -1.11829116e-06
117.108  1.22458194e-06 -6.80156284e-07
117.900  1.55172518e-06  1.93272842e-07
118.691  1.29002210e-06  1.19224788e-06
119.482  4.66191742e-07  1.94010273e-06
120.273 -6.71586453e-07  2.17437443e-06
121.065 -1.73585476e-06  1.82293227e-06
121.856 -2.39025772e-06  1.03909589e-06
122.647 -2.46561257e-06  1.69806589e-07
123.439 -2.01876721e-06 -4.13558726e-07
124.230 -1.34581845e-06 -4.58608263e-07
125.021 -8.42397576e-07  8.23122170e-08
125.812 -8.37705447e-07  9.92619925e-07
126.604 -1.48957326e-06  1.88334796e-06
127.395 -2.69247158e-06  2.35826086e-06
128.186 -4.11276547e-06  2.12871113e-06
128.977 -5.33542556e-06  1.13344849e-06
129.769 -5.97929294e-06 -4.30070544e-07
130.560 -5.82575232e-06 -2.21261892e-06
131.351 -4.90321542e-06 -3.81707804e-06
132.143 -3.42668035e-06 -4.91822444e-06
132.934 -1.71402400e-06 -5.38083156e-06
133.725 -9.26275239e-08 -5.24585552e-06
134.516  1.22652304e-06 -4.67188391e-06
135.308  2.17089356e-06 -3.87861988e-06
136.099  2.76539141e-06 -3.03510180e-06
136.890  3.10408337e-06 -2.21283429e-06
137.681  3.26196522e-06 -1.41800182e-06
138.473  3.23588119e-06 -6.08273765e-07
139.264  2.97489253e-06  2.38748444e-07
140.055  2.39749757e-06  1.05407702e-06
140.847  1.44477389e-06  1.70059284e-06
141.638  1.67568623e-07  1.99802358e-06
142.429 -1.27344075e-06  1.76783990e-06
143.220 -2.63085197e-06  9.36781533e-07
144.012 -3.60260302e-06 -4.26694417e-07
144.803 -3.94268650e-06 -2.11966009e-06
145.594 -3.53954342e-06 -3.81351616e-06
146.385 -2.43890037e-06 -5.15224238e-06
147.177 -8.70352682e-07 -5.86054096e-06
147.968  8.14389304e-07 -5.79580708e-06
148.759  2.25705505e-06 -5.00987930e-06
149.551  3.16468227e-06 -3.74009056e-06
150.342  3.39706797e-06 -2.31324256e-06
151.133  3.01412787e-06 -1.07268544e-06
151.924  2.21981722e-06 -2.85677473e-07
152.716  1.30534917e-06 -5.34515770e-08
153.507  5.72204966e-07 -3.21719320e-07
154.298  2.21634241e-07 -9.11832757e-07
155.089  3.24904512e-07 -1.56476910e-06
155.881  8.29148554e-07 -2.04541160e-06
156.672  1.56375077e-06 -2.19913907e-06
157.463  2.31846189e-06 -1.96536113e-06
158.255  2.90972465e-06 -1.40431540e-06
159.046  3.20160297e-06 -6.56789314e-07
159.837  3.15235504e-06  1.17322960e-07
160.628  2.81381298e-06  7.57688108e-07
161.420  2.28536156e-06  1.15458271e-06
162.211  1.70412894e-06  1.28139568e-06
163.002  1.20343971e-06  1.16826655e-06
163.793  8.58298248e-07  9.02082153e-07
164.585  6.90921333e-07  6.03143329e-07
165.376  6.62113275e-07  3.60936493e-07
166.167  6.73006508e-07  2.19704496e-07
166.959  6.29024692e-07  1.63074783e-07
167.750  4.74802011e-07  9.49725758e-08
168.541  2.18382249e-07 -1.04807465e-07
169.332 -2.84148244e-08 -5.25579723e-07
170.124 -8.67721460e-08 -1.18840880e-06
170.915  2.19103176e-07 -1.98225481e-06
171.706  1.00618876e-06 -2.66848261e-06
172.497  2.23943705e-06 -2.95210756e-06
173.289  3.68605287e-06 -2.55391980e-06
174.080  4.96344694e-06 -1.33373171e-06
174.871  5.61338989e-06  5.99107849e-07
175.663  5.24478065e-06  2.87926580e-06
176.454  3.71163729e-06  4.93334580e-06
177.245  1.20151859e-06  6.11602249e-06
178.036 -1.75029840e-06  5.93908627e-06
178.828 -4.34977889e-06  4.25456090e-06
179.619 -5.78433042e-06  1.36293180e-06
180.410 -5.48726491e-06 -1.98347219e-06
181.201 -3.35425257e-06 -4.77452578e-06
181.993  1.24298817e-07 -6.04660876e-06
182.784  3.94768152e-06 -5.19459429e-06
183.575  6.88402968e-06 -2.24804052e-06
184.367  7.83484335e-06  2.05047766e-06
185.158  6.23858542e-06  6.42437175e-06
185.949  2.33986427e-06  9.41245343e-06
186.740 -2.82000361e-06  9.84992204e-06
187.532 -7.65554020e-06  7.31936799e-06
188.323 -1.05164458e-05  2.35543167e-06
189.114 -1.02707891e-05 -3.63435344e-06
189.905 -6.73167109e-06 -8.75393079e-06
190.697 -8.07872451e-07 -1.12489892e-05
191.488  5.69331597e-06 -1.01189054e-05
192.279  1.06352289e-05 -5.51650458e-06
193.071  1.22707817e-05  1.19171405e-06
193.862  9.86691652e-06  7.82229884e-06
194.653  4.05612348e-06  1.20925748e-05
195.444 -3.29292293e-06  1.24021727e-05
196.236 -9.67064477e-06  8.46437716e-06
197.027 -1.27634160e-05  1.50518011e-06
197.818 -1.13079897e-05 -6.09464996e-06
198.609 -5.63599171e-06 -1.15694043e-05
199.401  2.35476588e-06 -1.27491506e-05
200.192  9.77589101e-06 -8.91712221e-06
200.983  1.37292102e-05 -1.16468287e-06
201.775  1.23960673e-05  7.87384587e-06
202.566  5.78265181e-06  1.48587633e-05
203.357 -4.14544048e-06  1.69409667e-05
204.148 -1.40127435e-05  1.28486946e-05
204.940 -2.01763532e-05  3.46751879e-06
205.731 -2.00456081e-05 -8.29457945e-06
206.522 -1.30933274e-05 -1.84180393e-05
207.313 -1.22066399e-06 -2.31621833e-05
208.105  1.17503133e-05 -2.04243380e-05
208.896  2.13371716e-05 -1.06262399e-05
209.687  2.39506469e-05  3.25489401e-06
210.479  1.82441584e-05  1.66067724e-05
211.270  5.75160277e-06  2.47225872e-05
212.061 -9.50808380e-06  2.44733873e-05
212.852 -2.23243667e-05  1.55327316e-05
213.644 -2.80799910e-05  6.28850212e-07
214.435 -2.44464022e-05 -1.52805741e-05
215.226 -1.23163731e-05 -2.66562646e-05
216.017  4.38238987e-06 -2.93433184e-05
216.809  1.99456574e-05 -2.21139748e-05
217.600  2.88701911e-05 -7.20581884e-06
218.391  2.78381184e-05  1.03355958e-05
219.183  1.69639515e-05  2.43682479e-05
219.974 -1.23568180e-07  2.98348113e-05
220.765 -1.74710371e-05  2.45972209e-05
221.556 -2.88918643e-05  1.02959825e-05
222.348 -3.01786033e-05 -8.12415649e-06
223.139 -2.06731187e-05 -2.41289730e-05
223.930 -3.61176015e-06 -3.19126143e-05
224.721  1.49650632e-05 -2.85114700e-05
225.513  2.83395982e-05 -1.49660952e-05
226.304  3.15301953e-05  3.97086365e-06
227.095  2.31607472e-05  2.14858819e-05
227.887  6.04279976e-06  3.11236211e-05
228.678 -1.37675320e-05  2.91580730e-05
229.469 -2.90895310e-05  1.60147250e-05
230.260 -3.42129952e-05 -3.81219041e-06
231.052 -2.70152850e-05 -2.33003987e-05
231.843 -9.78394672e-06 -3.54006100e-05
232.634  1.15302430e-05 -3.56078213e-05
233.425  2.94032714e-05 -2.36192954e-05
234.217  3.74536487e-05 -3.50088379e-06
235.008  3.27514848e-05  1.77194205e-05
235.799  1.68995508e-05  3.25758069e-05
236.591 -4.50106207e-06  3.58517644e-05
237.382 -2.38659571e-05  2.64575653e-05
238.173 -3.43644325e-05  7.84284513e-06
238.964 -3.23693869e-05 -1.32586898e-05
239.756 -1.87688962e-05 -2.92833155e-05
240.547  1.37771398e-06 -3.45636970e-05
241.338  2.07173014e-05 -2.73759572e-05
242.129  3.22806139e-05 -1.05383048e-05
242.921  3.20148275e-05  9.67607384e-06
243.712  2.02397483e-05  2.58574822e-05
244.503  1.46204667e-06  3.21753637e-05
245.295 -1.73284939e-05  2.65052848e-05
246.086 -2.92473011e-05  1.11441161e-05
246.877 -3.00558087e-05 -8.10453367e-06
247.668 -1.96723667e-05 -2.41078044e-05
248.460 -2.12226591e-06 -3.10645490e-05
249.251  1.60064119e-05 -2.66216953e-05
250.042  2.80507423e-05 -1.26652098e-05
250.833  2.97447754e-05  5.44900867e-06
251.625  2.07351357e-05  2.09513574e-05
252.416  4.63612341e-06  2.82104553e-05
253.207 -1.23962322e-05  2.47854857e-05
253.999 -2.40254931e-05  1.22630473e-05
254.790 -2.60884164e-05 -4.41994907e-06
255.581 -1.80912580e-05 -1.89124446e-05
256.372 -3.31477048e-06 -2.58500604e-05
257.164  1.25199971e-05 -2.28258269e-05
257.955  2.34561304e-05 -1.12254943e-05
258.746  2.55243391e-05  4.40129926e-06
259.537  1.81846043e-05  1.81394131e-05
260.329  4.42582224e-06  2.49499225e-05
261.120 -1.04731881e-05  2.25394005e-05
261.911 -2.09840027e-05  1.21350376e-05
262.703 -2.34150049e-05 -2.10844231e-06
263.494 -1.72417539e-05 -1.47649415e-05
264.285 -5.17282256e-06 -2.12256349e-05
265.076  7.99344654e-06 -1.94187717e-05
265.868  1.72629807e-05 -1.04804871e-05
266.659  1.93648365e-05  1.81068403e-06
267.450  1.39193495e-05  1.25770499e-05
268.241  3.45447950e-06  1.77704873e-05
269.033 -7.67995285e-06  1.56945301e-05
269.824 -1.50821871e-05  7.55211662e-06
270.615 -1.60172523e-05 -3.13015162e-06
271.407 -1.04077489e-05 -1.19775235e-05
272.198 -7.72093354e-07 -1.55257460e-05
272.989  8.86159649e-06 -1.25413480e-05
273.780  1.46124179e-05 -4.43849351e-06
274.572  1.42710414e-05  5.36131138e-06
275.363  8.12827195e-06  1.28634603e-05
276.154 -1.20121840e-06  1.51015100e-05
276.945 -9.89499017e-06  1.12898720e-05
277.737 -1.44774788e-05  3.09696453e-06
278.528 -1.31937123e-05 -6.08594032e-06
279.319 -6.68841787e-06 -1.25406304e-05
280.111  2.30152200e-06 -1.37054693e-05
280.902  1.00863700e-05 -9.19111975e-06
281.693  1.35033526e-05 -9.03788644e-07
282.484  1.11806058e-05  7.75956133e-06
283.276  4.06889751e-06  1.32758232e-05
284.067 -4.97559035e-06  1.34028968e-05
284.858 -1.23397935e-05  8.06799087e-06
285.649 -1.50904761e-05 -6.36271207e-07
286.441 -1.21391513e-05 -9.29814403e-06
287.232 -4.64343778e-06 -1.45375105e-05
288.023  4.47511776e-06 -1.43462959e-05
288.815  1.16868271e-05 -8.85459547e-06
289.606  1.42524216e-05 -2.44051173e-07
290.397  1.12812566e-05  8.12299730e-06
291.188  4.03829703e-06  1.30402874e-05
291.980 -4.57687418e-06  1.27095992e-05
292.771 -1.11930635e-05  7.40318044e-06
293.562 -1.33010282e-05 -6.76350219e-07
294.353 -1.02046061e-05 -8.29215651e-06
295.145 -3.25829692e-06 -1.24712085e-05
295.936  4.69785622e-06 -1.16542663e-05
296.727  1.04929281e-05 -6.27704700e-06
297.519  1.18710314e-05  1.42923280e-06
298.310  8.35384385e-06  8.35735203e-06
299.101  1.40832963e-06  1.17604362e-05
299.892 -6.16823479e-06  1.03155427e-05
300.684 -1.13720023e-05  4.63067872e-06
301.475 -1.21627220e-05 -3.02474689e-06
302.266 -8.25663217e-06 -9.64110203e-06
303.057 -1.21581763e-06 -1.26446403e-05
303.849  6.19740544e-06 -1.08992006e-05
304.640  1.11040258e-05 -5.13615359e-06
305.431  1.16274581e-05  2.36597765e-06
306.223  7.61698621e-06  8.68065482e-06
307.014  6.72368364e-07  1.13681286e-05
307.805 -6.49716515e-06  9.42007232e-06
308.596 -1.11210697e-05  3.61949550e-06
309.388 -1.14390558e-05 -3.79105610e-06
310.179 -7.35328640e-06 -9.97858090e-06
310.970 -4.27707679e-07 -1.26139272e-05
311.761  6.72594698e-06 -1.07446843e-05
312.553  1.14586323e-05 -5.11274703e-06
313.344  1.20846088e-05  2.15754526e-06
314.135  8.47308518e-06  8.39037227e-06
314.927  2.05267554e-06  1.13801603e-05
315.718 -4.76875408e-06  1.01831535e-05
316.509 -9.54381813e-06  5.41731933e-06
317.300 -1.06842267e-05 -1.02611309e-06
318.092 -8.00132341e-06 -6.75195021e-06
318.883 -2.71173154e-06 -9.76939807e-06
319.674  3.09996317e-06 -9.19746985e-06
320.465  7.30871227e-06 -5.53302192e-06
321.257  8.53246416e-06 -3.71806417e-07
322.048  6.60568174e-06  4.26970281e-06
322.839  2.55401572e-06  6.73271420e-06
323.631 -1.89247948e-06  6.32247696e-06
324.422 -5.00605930e-06  3.50380618e-06
325.213 -5.72884099e-06 -3.79009547e-07
326.004 -4.04004388e-06 -3.68978062e-06
326.796 -8.73403255e-07 -5.16640216e-06
327.587  2.32683185e-06 -4.40668302e-06
328.378  4.22235756e-06 -1.96126027e-06
329.169  4.13369062e-06  9.59648677e-07
329.961  2.27944776e-06  3.02303886e-06
330.752 -3.68323450e-07  3.35140932e-06
331.543 -2.52174891e-06  1.87882892e-06
332.335 -3.14779166e-06 -6.53055468e-07
333.126 -1.91584322e-06 -3.02135902e-06
333.917  6.71737227e-07 -4.05626703e-06
334.708  3.48430464e-06 -3.15422770e-06
335.500  5.23467736e-06 -5.36827593e-07
336.291  5.02974221e-06  2.81943810e-06
337.082  2.74657836e-06  5.56232521e-06
337.873 -8.93684774e-07  6.51662438e-06
338.665 -4.58096885e-06  5.15825899e-06
339.456 -6.92583054e-06  1.83513943e-06
340.247 -6.99640885e-06 -2.33705173e-06
341.039 -4.67492634e-06 -5.89254709e-06
341.830 -7.20816416e-07 -7.56574632e-06
342.621  3.50934203e-06 -6.75169064e-06
343.412  6.56800377e-06 -3.73220100e-06
344.204  7.43308298e-06  4.34732121e-07
344.995  5.86983638e-06  4.31995822e-06
345.786  2.49734763e-06  6.63635116e-06
346.577 -1.47271319e-06  6.68978083e-06
347.369 -4.68712772e-06  4.60528718e-06
348.160 -6.13168226e-06  1.22970326e-06
348.951 -5.47632771e-06 -2.21185241e-06
349.743 -3.13671349e-06 -4.56781779e-06
350.534 -6.38988565e-08 -5.16956678e-06
351.325  2.63244190e-06 -4.02317131e-06
352.116  4.10231474e-06 -1.73432662e-06
352.908  4.03521458e-06  7.65876425e-07
353.699  2.70181451e-06  2.60183612e-06
354.490  7.87348063e-07  3.27620183e-06
355.281 -9.22966995e-07  2.79889400e-06
356.073 -1.87093980e-06  1.61592510e-06
356.864 -1.90989268e-06  3.70456313e-07
357.655 -1.30764248e-06 -4.03962796e-07
358.447 -5.78115706e-07 -4.98268454e-07
359.238 -2.05040578e-07 -8.33443863e-08
360.029 -4.09902824e-07  4.00442208e-07
360.820 -1.05732942e-06  4.88882106e-07
361.612 -1.71877031e-06 -5.99690644e-08
362.403 -1.89065582e-06 -1.13432373e-06
363.194 -1.25681359e-06 -2.28810146e-06
363.985  1.37093607e-07 -2.92985747e-06
364.777  1.85162271e-06 -2.60143461e-06
365.568  3.20205770e-06 -1.20401552e-06
366.359  3.54340954e-06  9.04723514e-07
367.151  2.55054449e-06  2.99853877e-06
367.942  3.94318425e-07  4.25139902e-06
368.733 -2.26079501e-06  4.06086431e-06
369.524 -4.47551129e-06  2.30810538e-06
370.316 -5.37552846e-06 -5.37090739e-07
371.107 -4.48485449e-06 -3.54588549e-06
371.898 -1.94780463e-06 -5.64519399e-06
372.689  1.47613704e-06 -5.99538673e-06
373.481  4.65253252e-06 -4.32011663e-06
374.272  6.44800196e-06 -1.04657620e-06
375.063  6.13662856e-06  2.81285678e-06
375.855  3.68438116e-06  5.97856993e-06
376.646 -2.13637054e-07  7.33481580e-06
377.437 -4.33734585e-06  6.33004839e-06
378.228 -7.33280242e-06  3.17995729e-06
379.020 -8.17457288e-06 -1.17981816e-06
379.811 -6.51466071e-06 -5.37909085e-06
380.602 -2.81092331e-06 -8.06627477e-06
381.393  1.79940310e-06 -8.35394816e-06
382.185  5.86754176e-06 -6.11031818e-06
382.976  8.10415779e-06 -2.01925488e-06
383.767  7.78984159e-06  2.63688645e-06
384.559  5.01588784e-06  6.39320640e-06
385.350  6.57778600e-07  8.06293002e-06
386.141 -3.91248715e-06  7.11914151e-06
386.932 -7.25637618e-06  3.86458504e-06
387.724 -8.32383038e-06 -6.76882273e-07
388.515 -6.78818346e-06 -5.08301949e-06
389.306 -3.13466895e-06 -7.97892199e-06
390.097  1.49793987e-06 -8.47415725e-06
390.889  5.67260105e-06 -6.42883698e-06
391.680  8.11119644e-06 -2.48561278e-06
392.471  8.08495479e-06  2.13122464e-06
393.263  5.62611297e-06  6.00758209e-06
394.054  1.51515660e-06  7.97818147e-06
394.845 -2.97378911e-06  7.47307834e-06
395.636 -6.47573316e-06  4.69020619e-06
396.428 -7.94662556e-06  5.22117130e-07
397.219 -6.98321143e-06 -3.73584638e-06
398.010 -3.93966716e-06 -6.78254427e-06
398.801  2.01591830e-07 -7.71346787e-06
