0.757  1.93250272e-03 -3.06078362e-04
1.514  1.12294607e-03  2.87075857e-04
2.271  5.89037583e-04  5.61714148e-04
3.027  1.64905529e-04  6.00508782e-04
3.784 -1.53858635e-04  4.94291898e-04
4.541 -3.11140039e-04  2.68534453e-04
5.298 -3.39795370e-04  1.99776556e-05
6.055 -2.62835139e-04 -1.53418434e-04
6.812 -1.28501915e-04 -2.52847235e-04
7.569  2.34206500e-05 -2.44575464e-04
8.326  1.54859550e-04 -1.55032911e-04
9.082  2.01674228e-04 -3.08269705e-05
9.839  1.75480912e-04  7.24221874e-05
10.596  8.72665186e-05  1.38339163e-04
11.353 -3.46027151e-05  1.44539400e-04
12.110 -1.16264563e-04  9.41862486e-05
12.867 -1.35869620e-04  1.28126587e-05
13.624 -1.06789426e-04 -6.40116401e-05
14.381 -4.27159160e-05 -1.09952161e-04
15.137  2.86674420e-05 -1.06113125e-04
15.894  7.56905967e-05 -5.61247927e-05
16.651  9.12316944e-05  1.15887001e-05
17.408  7.46501982e-05  6.97653985e-05
18.165  3.26776322e-05  1.07538774e-04
18.922 -2.43010781e-05  1.07784053e-04
19.679 -7.20129402e-05  7.11781519e-05
20.435 -9.20122766e-05  1.99234515e-05
21.192 -7.60579057e-05 -2.80200037e-05
21.949 -3.07097202e-05 -5.88197245e-05
22.706  2.13330077e-05 -6.10900744e-05
23.463  5.89393951e-05 -3.77327837e-05
24.220  6.97485203e-05 -2.10382064e-06
24.977  5.45635421e-05  3.41788043e-05
25.734  2.22533364e-05  5.66137462e-05
26.490 -1.16245167e-05  5.60653552e-05
27.247 -3.53158657e-05  3.34019735e-05
28.004 -4.35139497e-05  3.02269781e-07
28.761 -3.50851230e-05 -2.91285057e-05
29.518 -1.24384490e-05 -4.49582206e-05
30.275  1.55152162e-05 -3.98447171e-05
31.032  3.70609036e-05 -1.95663847e-05
31.789  4.28246346e-05  5.91451761e-06
32.545  2.95366366e-05  2.80998096e-05
33.302  2.05997792e-06  3.75146734e-05
34.059 -2.70804838e-05  3.03871022e-05
34.816 -4.54373823e-05  1.07424077e-05
35.573 -4.67127911e-05 -1.38141264e-05
36.330 -3.26948010e-05 -3.40853433e-05
37.087 -1.12954169e-05 -4.30300396e-05
37.843  9.02553528e-06 -3.77772853e-05
38.600  2.19817629e-05 -2.14798995e-05
39.357  2.46349689e-05 -7.19951168e-07
40.114  1.68230572e-05  1.67452387e-05
40.871  1.50830944e-06  2.42562196e-05
41.628 -1.55387802e-05  2.02620322e-05
42.385 -2.79482715e-05  8.07051318e-06
43.142 -3.07879640e-05 -7.34027291e-06
43.898 -2.28806593e-05 -1.97202386e-05
44.655 -7.92927995e-06 -2.41494561e-05
45.412  7.22037144e-06 -1.95354489e-05
46.169  1.57996622e-05 -7.93461719e-06
46.926  1.47332825e-05  5.89012477e-06
47.683  5.44252081e-06  1.61257081e-05
48.440 -7.16446784e-06  1.84643572e-05
49.197 -1.74420608e-05  1.20901998e-05
49.953 -2.16207740e-05 -1.55739855e-07
50.710 -1.86125369e-05 -1.32958857e-05
51.467 -9.64264321e-06 -2.22015884e-05
52.224  2.30681087e-06 -2.37203533e-05
52.981  1.33258875e-05 -1.78109852e-05
53.738  1.97065324e-05 -6.97167991e-06
54.495  1.91872796e-05  4.57982883e-06
55.251  1.20987121e-05  1.27838345e-05
56.008  1.39991268e-06  1.51295156e-05
56.765 -8.45498188e-06  1.11809949e-05
57.522 -1.34732122e-05  2.74611227e-06
58.279 -1.20121100e-05 -6.74270936e-06
59.036 -5.44103447e-06 -1.35678267e-05
59.793  2.90149171e-06 -1.52681856e-05
60.550  9.49289067e-06 -1.16372235e-05
61.306  1.20352345e-05 -4.64408035e-06
62.063  1.00378134e-05  2.45673053e-06
62.820  4.72543067e-06  6.57834899e-06
63.577 -1.71364951e-06  6.16223774e-06
64.334 -6.74602380e-06  1.62208520e-06
65.091 -8.32351906e-06 -4.98230457e-06
65.848 -5.72613769e-06 -1.08656447e-05
66.605  1.53440582e-07 -1.36868122e-05
67.361  6.96823045e-06 -1.23798743e-05
68.118  1.18074912e-05 -7.40172938e-06
68.875  1.26485992e-05 -5.80937223e-07
69.632  9.23774313e-06  5.60100360e-06
70.389  3.06558038e-06  9.02282413e-06
71.146 -3.39665902e-06  8.65907669e-06
71.903 -7.85977095e-06  4.87057793e-06
72.659 -9.05770967e-06 -6.50992525e-07
73.416 -7.00431997e-06 -5.64779117e-06
74.173 -2.78529105e-06 -8.28462621e-06
74.930  1.93017620e-06 -7.73040251e-06
75.687  5.46974400e-06 -4.44108419e-06
76.444  6.62693818e-06  8.78728920e-08
77.201  5.08330312e-06  4.06258360e-06
77.958  1.62974763e-06  6.05097670e-06
78.714 -2.13950164e-06  5.47520622e-06
79.471 -4.50788480e-06  2.84425431e-06
80.228 -4.39077787e-06 -5.46182182e-07
80.985 -1.88916343e-06 -3.18833852e-06
81.742  1.83153579e-06 -3.90652051e-06
82.499  5.17431696e-06 -2.34593831e-06
83.256  6.79218143e-06  8.75108260e-07
84.013  6.14905069e-06  4.49678732e-06
84.769  3.62741325e-06  7.11542214e-06
85.526  1.99756823e-07  7.73111325e-06
86.283 -2.92446581e-06  6.16262819e-06
87.040 -4.67813175e-06  3.04024759e-06
87.797 -4.51330342e-06 -4.77432101e-07
88.554 -2.54609356e-06 -3.13332600e-06
89.311  4.62488259e-07 -4.08445706e-06
90.067  3.31550880e-06 -3.16583687e-06
90.824  4.88545680e-06 -8.83068595e-07
91.581  4.60008655e-06  1.76421833e-06
92.338  2.64981220e-06  3.70362288e-06
93.095 -8.12260587e-08  4.21989908e-06
93.852 -2.44762092e-06  3.18275383e-06
94.609 -3.59694702e-06  1.10787943e-06
95.366 -3.25132831e-06 -1.07516979e-06
96.122 -1.74490233e-06 -2.46326130e-06
96.879  1.57207931e-07 -2.51389106e-06
97.636  1.63227135e-06 -1.24348888e-06
98.393  2.07937424e-06  7.79390621e-07
99.150  1.28082640e-06  2.73875447e-06
99.907 -4.98963349e-07  3.90841674e-06
100.664 -2.63251013e-06  3.88341155e-06
101.421 -4.37025178e-06  2.74498344e-06
102.177 -5.09086195e-06  9.91885397e-07
102.934 -4.58851454e-06 -7.02430290e-07
103.691 -3.16858934e-06 -1.70836353e-06
104.448 -1.46758211e-06 -1.68681332e-06
105.205 -1.95766023e-07 -7.38724528e-07
105.962  1.64398348e-07  6.86166041e-07
106.719 -4.27845862e-07  1.95849313e-06
107.475 -1.62960991e-06  2.50659194e-06
108.232 -2.88643376e-06  2.09048027e-06
108.989 -3.63173013e-06  8.68945195e-07
109.746 -3.52912794e-06 -6.96879734e-07
110.503 -2.56923284e-06 -2.00420232e-06
111.260 -1.03431465e-06 -2.57490853e-06
112.017  5.62396118e-07 -2.24063208e-06
112.774  1.67373504e-06 -1.15410552e-06
113.530  1.94920484e-06  2.57840005e-07
114.287  1.33391212e-06  1.46180904e-06
115.044  1.03922672e-07  2.04672912e-06
115.801 -1.23674694e-06  1.83303602e-06
116.558 -2.20613974e-06  9.26049638e-07
117.315 -2.51235310e-06 -3.10992729e-07
118.072 -2.13132017e-06 -1.44053607e-06
118.829 -1.31198444e-06 -2.11384590e-06
119.585 -4.20852584e-07 -2.17246108e-06
120.342  2.18434025e-07 -1.72456091e-06
121.099  4.05798097e-07 -1.06423246e-06
121.856  1.48659243e-07 -5.13026210e-07
122.613 -3.56070418e-07 -3.15408691e-07
123.370 -8.38110570e-07 -5.26114397e-07
124.127 -1.03846677e-06 -9.85114294e-07
124.883 -8.26934411e-07 -1.43032169e-06
125.640 -2.93208136e-07 -1.59442256e-06
126.397  3.13407756e-07 -1.31253218e-06
127.154  6.82568256e-07 -6.30898007e-07
127.911  5.62749365e-07  2.25364598e-07
128.668 -8.96031112e-08  9.39299950e-07
129.425 -1.09732838e-06  1.19366008e-06
130.182 -2.14798539e-06  8.21591854e-07
130.938 -2.87896411e-06 -1.25549454e-07
131.695 -3.02017191e-06 -1.41978900e-06
132.452 -2.49025727e-06 -2.70627252e-06
133.209 -1.38085600e-06 -3.62752281e-06
133.966  5.91871381e-08 -3.96064168e-06
134.723  1.49499556e-06 -3.64596789e-06
135.480  2.63682195e-06 -2.79485963e-06
136.237  3.29833074e-06 -1.65390980e-06
136.993  3.43578232e-06 -4.82536018e-07
137.750  3.16453278e-06  5.17183345e-07
138.507  2.66378763e-06  1.23480733e-06
139.264  2.09097707e-06  1.68915955e-06
140.021  1.54432289e-06  1.96823016e-06
140.778  1.01649425e-06  2.15094619e-06
141.535  4.36415843e-07  2.28087276e-06
142.291 -2.42765798e-07  2.31828353e-06
143.048 -1.01869101e-06  2.15220200e-06
143.805 -1.80603777e-06  1.68698676e-06
144.562 -2.43459966e-06  8.81618620e-07
145.319 -2.73152079e-06 -2.10041888e-07
146.076 -2.56925330e-06 -1.40909702e-06
146.833 -1.90357807e-06 -2.48087786e-06
147.590 -8.31093048e-07 -3.20265646e-06
148.346  4.43396836e-07 -3.41033350e-06
149.103  1.67181897e-06 -3.07626197e-06
149.860  2.60986596e-06 -2.31073412e-06
150.617  3.11135744e-06 -1.30466324e-06
151.374  3.17362222e-06 -2.92957018e-07
152.131  2.89882277e-06  5.30878229e-07
152.888  2.46422978e-06  1.08867388e-06
153.645  2.04909929e-06  1.40449302e-06
154.401  1.74317611e-06  1.59114452e-06
155.158  1.54113235e-06  1.80159927e-06
155.915  1.35112497e-06  2.12786656e-06
156.672  1.02047574e-06  2.56704418e-06
157.429  4.31474957e-07  3.01911435e-06
158.186 -4.42410369e-07  3.29296067e-06
158.943 -1.52091222e-06  3.19552464e-06
159.699 -2.59674299e-06  2.61427536e-06
160.456 -3.39983284e-06  1.55025854e-06
161.213 -3.69649474e-06  1.60985228e-07
161.970 -3.34662526e-06 -1.26893667e-06
162.727 -2.37515620e-06 -2.42440428e-06
163.484 -9.89866355e-07 -3.02869621e-06
164.241  4.95431352e-07 -2.93304904e-06
164.998  1.73247246e-06 -2.18684903e-06
165.754  2.43279128e-06 -1.00564113e-06
166.511  2.47740127e-06  2.82723338e-07
167.268  1.93496458e-06  1.32071651e-06
168.025  1.03839537e-06  1.85671777e-06
168.782  1.33663434e-07  1.81599207e-06
169.539 -4.54391882e-07  1.31421329e-06
170.296 -5.35328773e-07  6.44717411e-07
171.053 -1.08480936e-07  1.65755356e-07
171.809  6.02278911e-07  1.61789398e-07
172.566  1.21959964e-06  7.51835757e-07
173.323  1.35986394e-06  1.80708893e-06
174.080  7.58220117e-07  2.96128959e-06
174.837 -6.02050105e-07  3.73780637e-06
175.594 -2.42748433e-06  3.69265072e-06
176.351 -4.19453916e-06  2.58543338e-06
177.107 -5.28765544e-06  5.25458073e-07
177.864 -5.19243015e-06 -2.02775927e-06
178.621 -3.71895045e-06 -4.36449819e-06
179.378 -1.10717157e-06 -5.71216310e-06
180.135  1.99461580e-06 -5.51491923e-06
180.892  4.66687362e-06 -3.65098684e-06
181.649  6.01156597e-06 -5.20331794e-07
182.406  5.46596290e-06  2.99719398e-06
183.162  3.01685245e-06  5.78810609e-06
183.919 -7.07981744e-07  6.86921804e-06
184.676 -4.57817246e-06  5.71665525e-06
185.433 -7.31079162e-06  2.51026741e-06
186.190 -7.87473033e-06 -1.84030032e-06
186.947 -5.87661451e-06 -5.95377744e-06
187.704 -1.78137570e-06 -8.39309995e-06
188.461  3.18205645e-06 -8.15422600e-06
189.217  7.36671280e-06 -5.08269330e-06
189.974  9.22927380e-06  3.40367188e-09
190.731  7.90552599e-06  5.50852311e-06
191.488  3.57329104e-06  9.52739290e-06
192.245 -2.52161005e-06  1.05073762e-05
193.002 -8.38470119e-06  7.83227313e-06
193.759 -1.19233867e-05  2.11074823e-06
194.515 -1.16910764e-05 -4.90860362e-06
195.272 -7.43968898e-06 -1.08607639e-05
196.029 -3.27567861e-07 -1.35689339e-05
196.786  7.36685721e-06 -1.18181813e-05
197.543  1.29836617e-05 -5.87775592e-06
198.300  1.43851883e-05  2.45848699e-06
199.057  1.07619835e-05  1.04102366e-05
199.814  3.04816457e-06  1.51195410e-05
200.570 -6.29307198e-06  1.46602739e-05
201.327 -1.40345722e-05  8.82265304e-06
202.084 -1.72707624e-05 -6.91399985e-07
202.841 -1.45056751e-05 -1.07438657e-05
203.598 -6.29211294e-06 -1.77638492e-05
204.355  4.83233876e-06 -1.90144513e-05
205.112  1.50976272e-05 -1.36414042e-05
205.869  2.07774117e-05 -3.09358769e-06
206.625  1.95431185e-05  9.22508154e-06
207.382  1.13741775e-05  1.90465523e-05
208.139 -1.27608162e-06  2.27314322e-05
208.896 -1.41956386e-05  1.85970276e-05
209.653 -2.28351980e-05  7.64042634e-06
210.410 -2.39063776e-05 -6.64679510e-06
211.167 -1.66233568e-05 -1.94056188e-05
211.923 -3.13732708e-06 -2.60704284e-05
212.680  1.20948094e-05 -2.40047727e-05
213.437  2.37954921e-05 -1.35580720e-05
214.194  2.77004568e-05  1.92536817e-06
214.951  2.21468573e-05  1.71802466e-05
215.708  8.78217267e-06  2.68076070e-05
216.465 -7.90675851e-06  2.72165262e-05
217.222 -2.20786354e-05  1.79944918e-05
217.978 -2.85906600e-05  2.15904413e-06
218.735 -2.48918260e-05 -1.47930264e-05
219.492 -1.20194088e-05 -2.67763688e-05
220.249  5.64709477e-06 -2.93136039e-05
221.006  2.18458553e-05 -2.11974179e-05
221.763  3.06556464e-05 -5.03326774e-06
222.520  2.86462314e-05  1.35657304e-05
223.277  1.61914074e-05  2.79331984e-05
224.033 -2.53205376e-06  3.27343807e-05
224.790 -2.09536378e-05  2.59251609e-05
225.547 -3.24275255e-05  9.60276072e-06
226.304 -3.26195126e-05 -1.06414531e-05
227.061 -2.11459968e-05 -2.76652207e-05
227.818 -1.81442250e-06 -3.53014059e-05
228.575  1.86711479e-05 -3.06106040e-05
229.331  3.30541294e-05 -1.50190975e-05
230.088  3.61270905e-05  6.12897651e-06
230.845  2.66556941e-05  2.54231122e-05
231.602  7.86681554e-06  3.60146963e-05
232.359 -1.36573623e-05  3.41045735e-05
233.116 -3.03008938e-05  2.03323880e-05
233.873 -3.61627338e-05 -4.24312452e-07
234.630 -2.91904912e-05 -2.07663868e-05
235.386 -1.19244448e-05 -3.34422617e-05
236.143  9.39421988e-06 -3.39707548e-05
236.900  2.70829145e-05 -2.22481047e-05
237.657  3.48106245e-05 -2.59353822e-06
238.414  2.98751707e-05  1.78261303e-05
239.171  1.41785785e-05  3.16240140e-05
239.928 -6.47924858e-06  3.38683498e-05
240.685 -2.45519845e-05  2.38658337e-05
241.441 -3.35037177e-05  5.39779547e-06
242.198 -3.01841977e-05 -1.47107513e-05
242.955 -1.59673128e-05 -2.91118950e-05
243.712  3.80566036e-06 -3.26212206e-05
244.469  2.18293967e-05 -2.41118582e-05
245.226  3.15249199e-05 -6.87814110e-06
245.983  2.94610464e-05  1.26363993e-05
246.739  1.65775653e-05  2.72341942e-05
247.496 -2.23268046e-06  3.16302996e-05
248.253 -1.99697893e-05  2.43782643e-05
249.010 -3.01395237e-05  8.32989975e-06
249.767 -2.91500769e-05 -1.04770120e-05
250.524 -1.75718821e-05 -2.50955460e-05
251.281  1.46940917e-07 -3.02623772e-05
252.038  1.73885935e-05 -2.42949879e-05
252.794  2.78671564e-05 -9.63301066e-06
253.551  2.79348607e-05  8.14367342e-06
254.308  1.78555899e-05  2.24638052e-05
255.065  1.61830047e-06  2.82184411e-05
255.822 -1.46499487e-05  2.35960975e-05
256.579 -2.50221156e-05  1.06662200e-05
257.336 -2.59480093e-05 -5.51376927e-06
258.093 -1.75012504e-05 -1.88882304e-05
258.849 -3.22701693e-06 -2.46797795e-05
259.606  1.13236647e-05 -2.11288707e-05
260.363  2.07401572e-05 -1.00455836e-05
261.120  2.17785627e-05  4.02569873e-06
261.877  1.45104730e-05  1.56267385e-05
262.634  2.14835910e-06  2.04850105e-05
263.391 -1.03072550e-05  1.71055222e-05
264.147 -1.80433234e-05  7.22176660e-06
264.904 -1.82891598e-05 -5.00675893e-06
265.661 -1.13037890e-05 -1.46842174e-05
266.418 -1.49660379e-07 -1.81149980e-05
267.175  1.05909723e-05 -1.42025841e-05
267.932  1.66654069e-05 -4.77441301e-06
268.689  1.58163826e-05  6.22245367e-06
269.446  8.59481011e-06  1.43393239e-05
270.202 -1.93414505e-06  1.64063408e-05
270.959 -1.14644760e-05  1.17382586e-05
271.716 -1.61969991e-05  2.34247456e-06
272.473 -1.43231077e-05 -7.92920686e-06
273.230 -6.69109152e-06 -1.49583162e-05
273.987  3.57348227e-06 -1.59924009e-05
274.744  1.23587790e-05 -1.06968166e-05
275.501  1.62131397e-05 -1.25214665e-06
276.257  1.36827718e-05  8.55911162e-06
277.014  5.85713223e-06  1.48819777e-05
277.771 -4.10780368e-06  1.52962537e-05
278.528 -1.22824208e-05  9.74725312e-06
279.285 -1.55133002e-05  5.26160695e-07
280.042 -1.26487001e-05 -8.69099526e-06
280.799 -4.95979089e-06 -1.43100775e-05
281.555  4.42263798e-06 -1.42271707e-05
282.312  1.17784094e-05 -8.63710655e-06
283.069  1.42695583e-05  1.01802782e-07
283.826  1.10545740e-05  8.44757980e-06
284.583  3.57492138e-06  1.30896817e-05
285.340 -5.06922371e-06  1.22671342e-05
286.097 -1.13696749e-05  6.43919151e-06
286.854 -1.28194113e-05 -1.94648404e-06
287.610 -8.90055190e-06 -9.44970960e-06
288.367 -1.25093583e-06 -1.30251520e-05
289.124  7.00757787e-06 -1.12411838e-05
289.881  1.25257947e-05 -4.82211798e-06
290.638  1.30747098e-05  3.65611060e-06
291.395  8.41480123e-06  1.07963194e-05
292.152  3.77287830e-07  1.37451263e-05
292.909 -7.86110767e-06  1.13145693e-05
293.665 -1.30487780e-05  4.43718127e-06
294.422 -1.31391732e-05 -4.19816153e-06
295.179 -8.07877603e-06 -1.12149411e-05
295.936  1.69993490e-07 -1.38767125e-05
296.693  8.40498271e-06 -1.11387891e-05
297.450  1.34424508e-05 -4.05279115e-06
298.207  1.33368779e-05  4.65019259e-06
298.963  8.12536112e-06  1.16351046e-05
299.720 -1.96103569e-07  1.42390588e-05
300.477 -8.46655215e-06  1.14814582e-05
301.234 -1.35720401e-05  4.42758023e-06
301.991 -1.36203816e-05 -4.25384329e-06
302.748 -8.64750265e-06 -1.13241906e-05
303.505 -5.60496994e-07 -1.41953770e-05
304.262  7.62316201e-06 -1.18967027e-05
305.018  1.29213098e-05 -5.39454084e-06
305.775  1.35064048e-05  2.83207801e-06
306.532  9.35066772e-06  9.75324767e-06
307.289  2.16028612e-06  1.29397218e-05
308.046 -5.32056567e-06  1.14494575e-05
308.803 -1.03770920e-05  6.10227253e-06
309.560 -1.13459461e-05 -9.04743969e-07
310.317 -8.17609712e-06 -6.88529630e-06
311.073 -2.36352293e-06 -9.71214535e-06
311.830  3.69187914e-06 -8.58536530e-06
312.587  7.66207034e-06 -4.25924475e-06
313.344  8.17838007e-06  1.32463177e-06
314.101  5.30032909e-06  5.86249661e-06
314.858  4.25306923e-07  7.60826829e-06
315.615 -4.33371661e-06  6.02093872e-06
316.371 -7.02452907e-06  1.92874877e-06
317.128 -6.61446896e-06 -2.86123480e-06
317.885 -3.37123710e-06 -6.33379607e-06
318.642  1.28681715e-06 -7.07135906e-06
319.399  5.40693630e-06 -4.80537341e-06
320.156  7.29391007e-06 -5.00132407e-07
320.913  6.18059831e-06  4.07363361e-06
321.670  2.52517121e-06  7.06092513e-06
322.426 -2.20235967e-06  7.25649300e-06
323.183 -6.12203398e-06  4.58237233e-06
323.940 -7.68340425e-06  9.63048775e-08
324.697 -6.27818182e-06 -4.44666255e-06
325.454 -2.46283752e-06 -7.28013974e-06
326.211  2.28492781e-06 -7.31824541e-06
326.968  6.14306852e-06 -4.56681214e-06
327.725  7.65256736e-06 -9.00839450e-08
328.481  6.27354812e-06  4.41075851e-06
329.238  2.55794938e-06  7.25523878e-06
329.995 -2.08497925e-06  7.42588277e-06
330.752 -5.93710519e-06  4.92106505e-06
331.509 -7.63286427e-06  7.18940875e-07
332.266 -6.64732579e-06 -3.61570039e-06
333.023 -3.44734339e-06 -6.54495081e-06
333.779  7.20889090e-07 -7.12273682e-06
334.536  4.34018556e-06 -5.30134001e-06
335.293  6.20088673e-06 -1.90144242e-06
336.050  5.81539277e-06  1.75233002e-06
336.807  3.55017007e-06  4.36590780e-06
337.564  4.21401711e-07  5.14451204e-06
338.321 -2.35192201e-06  4.04920435e-06
339.078 -3.82087721e-06  1.74629659e-06
339.834 -3.64328747e-06 -7.27059582e-07
340.591 -2.16363118e-06 -2.40079107e-06
341.348 -1.97129707e-07 -2.74666169e-06
342.105  1.34931037e-06 -1.85756029e-06
342.862  1.85724013e-06 -3.42743695e-07
343.619  1.24447165e-06  9.82308808e-07
344.376 -4.21894352e-08  1.46134916e-06
345.133 -1.26639080e-06  8.89566868e-07
345.889 -1.74284977e-06 -4.09654707e-07
346.646 -1.15835452e-06 -1.75404988e-06
347.403  2.76288856e-07 -2.41279849e-06
348.160  1.92283489e-06 -1.94625299e-06
348.917  2.98910970e-06 -4.28312729e-07
349.674  2.87845010e-06  1.56962467e-06
350.431  1.47833041e-06  3.20287575e-06
351.187 -7.64667282e-07  3.69925110e-06
351.944 -3.00079132e-06  2.70558118e-06
352.701 -4.29796621e-06  4.62284514e-07
353.458 -4.02843061e-06 -2.26194019e-06
354.215 -2.14319927e-06 -4.43752359e-06
354.972  7.82381446e-07 -5.17142745e-06
355.729  3.73038398e-06 -4.06759392e-06
356.486  5.60922104e-06 -1.39363882e-06
357.242  5.66994857e-06  1.98600904e-06
357.999  3.78801039e-06  4.90618401e-06
358.756  5.28853931e-07  6.32829360e-06
359.513 -3.03471897e-06  5.71183240e-06
360.270 -5.70750281e-06  3.21200425e-06
361.027 -6.58968571e-06 -3.62353987e-07
361.784 -5.38452110e-06 -3.84017735e-06
362.541 -2.50323277e-06 -6.09775789e-06
363.297  1.09454949e-06 -6.43472526e-06
364.054  4.24762750e-06 -4.80767777e-06
364.811  5.98423925e-06 -1.81883721e-06
365.568  5.84452970e-06  1.52465433e-06
366.325  4.00759188e-06  4.16285357e-06
367.082  1.17940945e-06  5.34173447e-06
367.839 -1.67746694e-06  4.84597256e-06
368.595 -3.68507358e-06  3.01351711e-06
369.352 -4.34156050e-06  5.69914866e-07
370.109 -3.63903560e-06 -1.65253806e-06
370.866 -2.00297411e-06 -3.01539986e-06
371.623 -9.51028878e-08 -3.25821969e-06
372.380  1.45590488e-06 -2.52437332e-06
373.137  2.26537190e-06 -1.24987826e-06
373.894  2.27502540e-06  5.09415907e-08
374.650  1.71201972e-06  9.91515457e-07
375.407  9.34364313e-07  1.42159864e-06
376.164  2.47480349e-07  1.43109208e-06
376.921 -2.08497416e-07  1.24414611e-06
377.678 -4.82485148e-07  1.06031494e-06
378.435 -7.36124032e-07  9.46081824e-07
379.192 -1.09920511e-06  8.06964502e-07
379.949 -1.55911599e-06  4.52076381e-07
380.705 -1.93017147e-06 -2.60650125e-07
381.462 -1.91481913e-06 -1.29551705e-06
382.219 -1.26031473e-06 -2.39200848e-06
382.976  7.60212735e-08 -3.11631776e-06
383.733  1.84022532e-06 -3.02829920e-06
384.490  3.50267150e-06 -1.89312483e-06
385.247  4.41759906e-06  1.69013854e-07
386.003  4.07485365e-06  2.64388074e-06
386.760  2.32606580e-06  4.74268220e-06
387.517 -4.87927526e-07  5.66711266e-06
388.274 -3.57611307e-06  4.90558195e-06
389.031 -5.93101955e-06  2.46468495e-06
389.788 -6.66466869e-06 -1.05230361e-06
390.545 -5.33726148e-06 -4.59374297e-06
391.302 -2.17400997e-06 -6.98369702e-06
392.058  1.94737603e-06 -7.31452362e-06
392.815  5.74501183e-06 -5.29658959e-06
393.572  7.93215563e-06 -1.41378719e-06
394.329  7.66393184e-06  3.18716345e-06
395.086  4.86372261e-06  7.03124511e-06
395.843  2.94546907e-07  8.79534923e-06
396.600 -4.63958100e-06  7.77353421e-06
397.357 -8.32637270e-06  4.14489475e-06
398.113 -9.48454391e-06 -1.03441697e-06
398.870 -7.60528167e-06 -6.13345807e-06
