0.725  2.01652111e-03 -3.19385567e-04
1.451  1.17198893e-03  3.02612235e-04
2.176  6.15843004e-04  5.75858596e-04
2.901  1.69111068e-04  6.30596346e-04
3.627 -1.49015314e-04  4.91947601e-04
4.352 -3.25567341e-04  2.85638821e-04
5.077 -3.65359929e-04  4.61531675e-05
5.803 -2.69739939e-04 -1.62761751e-04
6.528 -1.23060414e-04 -2.73353549e-04
7.253  3.79350242e-05 -2.66380068e-04
7.979  1.57720432e-04 -1.63608656e-04
8.704  1.90054814e-04 -3.36808987e-05
9.429  1.63120915e-04  8.46270460e-05
10.155  7.57382742e-05  1.53234926e-04
10.880 -1.85562615e-05  1.55987277e-04
11.605 -9.90848197e-05  1.02348525e-04
12.331 -1.36826522e-04  1.28027279e-05
13.056 -1.17370852e-04 -6.90097842e-05
13.781 -5.58387146e-05 -1.13041699e-04
14.507  1.47063842e-05 -1.07270058e-04
15.232  6.96759098e-05 -6.68151592e-05
15.957  9.72374344e-05 -6.02328531e-06
16.683  8.67117769e-05  5.44171377e-05
17.408  3.57654384e-05  9.47030711e-05
18.133 -3.00744984e-05  1.01219879e-04
18.859 -8.09808242e-05  7.12784730e-05
19.584 -9.80979798e-05  1.90334338e-05
20.309 -8.04472543e-05 -3.11517363e-05
21.035 -3.85656191e-05 -6.04716197e-05
21.760  1.02819300e-05 -6.20235461e-05
22.485  5.13719583e-05 -3.89107097e-05
23.211  6.61167336e-05  1.52468347e-06
23.936  5.55234968e-05  4.47243143e-05
24.661  2.39284775e-05  7.12258029e-05
25.387 -1.43947666e-05  6.99665856e-05
26.112 -4.42674406e-05  4.57932157e-05
26.837 -5.23018023e-05  1.30461569e-05
27.563 -3.86445229e-05 -1.45792480e-05
28.288 -1.24662165e-05 -2.97654521e-05
29.013  1.64480962e-05 -2.71783381e-05
29.739  3.74707464e-05 -8.77684407e-06
30.464  4.19864541e-05  1.73780605e-05
31.189  2.90044734e-05  4.07168447e-05
31.915  4.94279501e-06  5.09305159e-05
32.640 -1.91076848e-05  4.51466382e-05
33.365 -3.54795547e-05  2.61568790e-05
34.091 -3.83791615e-05  1.79674105e-06
34.816 -2.80579986e-05 -1.95321106e-05
35.541 -8.32194212e-06 -3.13692422e-05
36.267  1.27476786e-05 -2.91312158e-05
36.992  2.65328167e-05 -1.48818244e-05
37.717  2.77761296e-05  5.38581892e-06
38.443  1.62624543e-05  2.30646474e-05
39.168 -3.04540228e-06  3.12289526e-05
39.893 -2.22932187e-05  2.73426560e-05
40.619 -3.46744046e-05  1.31549067e-05
41.344 -3.70165799e-05 -5.94198688e-06
42.069 -2.94599135e-05 -2.31851110e-05
42.795 -1.44485272e-05 -3.19467852e-05
43.520  1.98341498e-06 -2.93161247e-05
44.245  1.33922459e-05 -1.77947512e-05
44.971  1.60951055e-05 -3.00327348e-06
45.696  1.01550343e-05  8.80658836e-06
46.421 -1.42378513e-06  1.32937890e-05
47.147 -1.35984245e-05  8.97978272e-06
47.872 -2.09505556e-05 -1.96844629e-06
48.597 -2.00310581e-05 -1.45826952e-05
49.323 -1.10421006e-05 -2.34507117e-05
50.048  2.09938044e-06 -2.50098690e-05
50.773  1.39231474e-05 -1.88301478e-05
51.499  1.99630481e-05 -7.54664835e-06
52.224  1.82309898e-05  4.33801204e-06
52.949  9.91492057e-06  1.25816384e-05
53.675 -1.36795047e-06  1.47717707e-05
54.400 -1.13066209e-05  1.07250359e-05
55.125 -1.63340783e-05  2.32435187e-06
55.851 -1.47320708e-05 -7.01854546e-06
56.576 -7.57337640e-06 -1.35114501e-05
57.301  1.83627101e-06 -1.46900352e-05
58.027  9.64114910e-06 -1.03628042e-05
58.752  1.30256099e-05 -2.40498897e-06
59.477  1.11667128e-05  6.11917507e-06
60.203  5.17971071e-06  1.20264727e-05
60.928 -2.48416701e-06  1.32376253e-05
61.653 -8.92727062e-06  9.62037871e-06
62.379 -1.19030882e-05  2.84498680e-06
63.104 -1.06160413e-05 -4.29198772e-06
63.829 -5.88349323e-06 -9.00431682e-06
64.555  2.48795469e-07 -9.71110491e-06
65.280  5.25077840e-06 -6.57809001e-06
66.005  7.22520128e-06 -1.34251329e-06
66.731  5.60290781e-06  3.55306857e-06
67.456  1.21786672e-06  6.01856087e-06
68.181 -3.95005241e-06  4.99182359e-06
68.907 -7.58251357e-06  7.79257083e-07
69.632 -7.98825016e-06 -4.98364148e-06
70.357 -4.77294381e-06 -1.00478873e-05
71.083  9.89395666e-07 -1.25309305e-05
71.808  7.24764023e-06 -1.15160364e-05
72.533  1.18255497e-05 -7.35243208e-06
73.259  1.31834577e-05 -1.56006285e-06
73.984  1.10048104e-05  3.78165199e-06
74.709  6.36757908e-06  6.82048110e-06
75.435  1.21639453e-06  6.67025879e-06
76.160 -2.50052397e-06  3.79263528e-06
76.885 -3.58923702e-06 -3.43151711e-07
77.611 -2.04597474e-06 -3.95176561e-06
78.336  1.11762659e-06 -5.61470645e-06
79.061  4.44038375e-06 -4.83525818e-06
79.787  6.54586120e-06 -2.11234294e-06
80.512  6.63239814e-06  1.37475970e-06
81.237  4.76396755e-06  4.17294112e-06
81.963  1.78131313e-06  5.15404550e-06
82.688 -1.02013462e-06  4.05353190e-06
83.413 -2.44444545e-06  1.51149589e-06
84.139 -1.93699286e-06 -1.26589890e-06
84.864  2.70782977e-07 -3.00259535e-06
85.589  3.28806743e-06 -2.89183960e-06
86.315  5.85883344e-06 -8.47599442e-07
87.040  6.87043117e-06  2.51509613e-06
87.765  5.78516475e-06  6.06018222e-06
88.491  2.81035132e-06  8.59347354e-06
89.216 -1.15330263e-06  9.32705372e-06
89.941 -4.88862596e-06  8.07884790e-06
90.667 -7.36891855e-06  5.31744251e-06
91.392 -8.05724134e-06  1.96625527e-06
92.117 -7.05408779e-06 -9.90033160e-07
92.843 -5.02926272e-06 -2.81333791e-06
93.568 -2.88300046e-06 -3.24703044e-06
94.293 -1.40072684e-06 -2.62990629e-06
95.019 -9.66752478e-07 -1.68180012e-06
95.744 -1.39746002e-06 -1.16079824e-06
96.469 -2.09689806e-06 -1.56454431e-06
97.195 -2.36023709e-06 -2.88306493e-06
97.920 -1.63185963e-06 -4.61138969e-06
98.645  2.27023518e-07 -5.98501439e-06
99.371  2.84258950e-06 -6.24956799e-06
100.096  5.49191729e-06 -5.00036692e-06
100.821  7.34218296e-06 -2.40011138e-06
101.547  7.76828422e-06  9.20250984e-07
102.272  6.62146994e-06  4.09426873e-06
102.997  4.22652453e-06  6.31783219e-06
103.723  1.24657789e-06  7.15763108e-06
104.448 -1.52375634e-06  6.63515950e-06
105.173 -3.46762925e-06  5.14935672e-06
105.899 -4.33068025e-06  3.33405126e-06
106.624 -4.24000151e-06  1.77970348e-06
107.349 -3.64000475e-06  8.11765931e-07
108.075 -3.05176108e-06  4.46296272e-07
108.800 -2.81335727e-06  4.14826618e-07
109.525 -2.99452321e-06  3.23663748e-07
110.251 -3.38219479e-06 -1.18828371e-07
110.976 -3.58143160e-06 -1.00100927e-06
111.701 -3.24496004e-06 -2.15826779e-06
112.427 -2.21840888e-06 -3.19881202e-06
113.152 -6.13499994e-07 -3.69603690e-06
113.877  1.17987987e-06 -3.36178817e-06
114.603  2.66134505e-06 -2.15023728e-06
115.328  3.41112335e-06 -3.29840371e-07
116.053  3.20221161e-06  1.61454152e-06
116.779  2.10627773e-06  3.16621284e-06
117.504  4.68854292e-07  3.91079356e-06
118.229 -1.24116308e-06  3.68761414e-06
118.955 -2.55356833e-06  2.64857182e-06
119.680 -3.14871696e-06  1.15250080e-06
120.405 -2.97648317e-06 -3.49876531e-07
121.131 -2.21377562e-06 -1.46195649e-06
121.856 -1.18635453e-06 -1.99876712e-06
122.581 -2.62314587e-07 -1.99569570e-06
123.307  3.17307382e-07 -1.65279845e-06
124.032  5.01425133e-07 -1.26120770e-06
124.757  4.02767899e-07 -1.04539406e-06
125.483  2.55708522e-07 -1.07342971e-06
126.208  2.76181254e-07 -1.27390894e-06
126.933  5.42546774e-07 -1.45904494e-06
127.659  9.94745812e-07 -1.42961127e-06
128.384  1.44671957e-06 -1.10003783e-06
129.109  1.66574489e-06 -5.14207724e-07
129.835  1.51223171e-06  1.54797575e-07
130.560  9.85776699e-07  6.48013716e-07
131.285  2.33550194e-07  7.57420856e-07
132.011 -4.68851202e-07  4.03507306e-07
132.736 -8.46814360e-07 -3.38057754e-07
133.461 -7.31451151e-07 -1.22094421e-06
134.187 -9.87132918e-08 -1.92865056e-06
134.912  8.89102375e-07 -2.19762345e-06
135.637  1.94095132e-06 -1.87682147e-06
136.363  2.75501431e-06 -9.98638641e-07
137.088  3.08283861e-06  2.26497655e-07
137.813  2.81148571e-06  1.51160969e-06
138.539  2.00853270e-06  2.56063091e-06
139.264  8.58004259e-07  3.15025021e-06
139.989 -3.92287585e-07  3.20968542e-06
140.715 -1.49263060e-06  2.79178059e-06
141.440 -2.28795228e-06  2.03324136e-06
142.165 -2.72539058e-06  1.12050063e-06
142.891 -2.82873319e-06  2.01276349e-07
143.616 -2.68906549e-06 -6.42538738e-07
144.341 -2.39185548e-06 -1.37240415e-06
145.067 -1.97352416e-06 -1.99971983e-06
145.792 -1.44457111e-06 -2.53793569e-06
146.517 -7.84984649e-07 -2.95325348e-06
147.243  2.09579870e-08 -3.18903697e-06
147.968  9.22720019e-07 -3.16878049e-06
148.693  1.81909806e-06 -2.81777846e-06
149.419  2.57311173e-06 -2.13458158e-06
150.144  3.02903361e-06 -1.19601376e-06
150.869  3.09270428e-06 -1.41217489e-07
151.595  2.76281926e-06  8.34325112e-07
152.320  2.11821408e-06  1.55646671e-06
153.045  1.32252387e-06  1.93158578e-06
153.771  5.62053881e-07  1.94782625e-06
154.496 -2.85370707e-08  1.69419355e-06
155.221 -3.77298973e-07  1.32309091e-06
155.947 -5.01247373e-07  9.68292325e-07
156.672 -4.97196413e-07  7.20802569e-07
157.397 -4.65817571e-07  6.00016189e-07
158.123 -4.79613452e-07  5.40324041e-07
158.848 -5.58282449e-07  4.58804852e-07
159.573 -6.38675684e-07  2.99321446e-07
160.299 -6.27960899e-07  5.32909768e-08
161.024 -4.59813904e-07 -2.01667838e-07
161.749 -1.17269461e-07 -3.39702901e-07
162.475  3.19306707e-07 -2.56065983e-07
163.200  6.87126638e-07  1.01592200e-07
163.925  8.17631362e-07  6.77466801e-07
164.651  5.83717948e-07  1.29485680e-06
165.376 -3.12163953e-08  1.72856820e-06
166.101 -8.83470702e-07  1.76539685e-06
166.827 -1.71986896e-06  1.28342282e-06
167.552 -2.24470241e-06  3.40546079e-07
168.277 -2.20642157e-06 -8.36364638e-07
169.003 -1.52300933e-06 -1.90784356e-06
169.728 -3.25032299e-07 -2.50302858e-06
170.453  1.07263907e-06 -2.36954288e-06
171.179  2.23129637e-06 -1.47702627e-06
171.904  2.74177516e-06 -3.61332180e-08
172.629  2.38016539e-06  1.52218495e-06
173.355  1.18346436e-06  2.67751380e-06
174.080 -5.16126965e-07  3.01017078e-06
174.805 -2.17038498e-06  2.33577837e-06
175.531 -3.20814380e-06  8.04219958e-07
176.256 -3.21576624e-06 -1.10428473e-06
176.981 -2.10007407e-06 -2.74032968e-06
177.707 -1.76760885e-07 -3.48860584e-06
178.432  1.92070091e-06 -2.98241624e-06
179.157  3.43319160e-06 -1.28737108e-06
179.883  3.71919052e-06  1.08871333e-06
180.608  2.52466813e-06  3.33699769e-06
181.333  1.15777624e-07  4.58374677e-06
182.059 -2.77095327e-06  4.21805282e-06
182.784 -5.11538833e-06  2.15024070e-06
183.509 -5.95746345e-06 -1.11195296e-06
184.235 -4.76382549e-06 -4.55220433e-06
184.960 -1.64904711e-06 -6.94645802e-06
185.685  2.57322360e-06 -7.29349861e-06
186.411  6.58455729e-06 -5.17632820e-06
187.136  8.98953468e-06 -9.81486827e-07
187.861  8.78135781e-06  4.12752602e-06
188.587  5.72950261e-06  8.55288933e-06
189.312  5.62669748e-07  1.07666614e-05
190.037 -5.20530862e-06  9.83403337e-06
190.763 -9.72917560e-06  5.81610890e-06
191.488 -1.14234010e-05 -1.70273215e-07
192.213 -9.55517324e-06 -6.26130988e-06
192.939 -4.57118096e-06 -1.04133200e-05
193.664  1.98187309e-06 -1.11168480e-05
194.389  7.89668739e-06 -7.97904419e-06
195.115  1.10404153e-05 -1.92825328e-06
195.840  1.01365156e-05  5.00108107e-06
196.565  5.26838134e-06  1.03066468e-05
197.291 -2.03759899e-06  1.19023085e-05
198.016 -9.23572419e-06  8.88871659e-06
198.741 -1.36210062e-05  1.97285524e-06
199.467 -1.32871870e-05 -6.63815352e-06
200.192 -7.87331197e-06 -1.39305550e-05
200.917  1.15703521e-06 -1.71067413e-05
201.643  1.09053672e-05 -1.45969838e-05
202.368  1.79720213e-05 -6.74390471e-06
203.093  1.96163366e-05  4.17153402e-06
203.819  1.48022440e-05  1.46095911e-05
204.544  4.69990579e-06  2.09202862e-05
205.269 -7.59039522e-06  2.06406365e-05
205.995 -1.79904684e-05  1.34620621e-05
206.720 -2.28246679e-05  1.46044623e-06
207.445 -2.01638801e-05 -1.14827670e-05
208.171 -1.05941853e-05 -2.09412045e-05
208.896  2.84977908e-06 -2.35023414e-05
209.621  1.56181669e-05 -1.80215504e-05
210.347  2.32067523e-05 -6.13780997e-06
211.072  2.27620404e-05  8.15719923e-06
211.797  1.41671070e-05  1.98496902e-05
212.523  2.28010615e-07  2.46588152e-05
213.248 -1.42101678e-05  2.05924413e-05
213.973 -2.39296618e-05  8.78333865e-06
214.699 -2.51903652e-05 -6.77993624e-06
215.424 -1.71585116e-05 -2.05850430e-05
216.149 -2.34575153e-06 -2.75085980e-05
216.875  1.41713755e-05 -2.46922175e-05
217.600  2.64670717e-05 -1.26916772e-05
218.325  2.98702560e-05  4.59360288e-06
219.051  2.27253908e-05  2.11843620e-05
219.776  7.10259516e-06  3.10838930e-05
220.501 -1.18021136e-05  3.04585775e-05
221.227 -2.74014825e-05  1.90950488e-05
221.952 -3.40493688e-05  6.00330562e-07
222.677 -2.91005350e-05 -1.87433388e-05
223.403 -1.39417362e-05 -3.21538922e-05
224.128  6.36791375e-06 -3.47708139e-05
224.853  2.48086134e-05 -2.54308471e-05
225.579  3.48746379e-05 -7.18882810e-06
226.304  3.28969521e-05  1.36741175e-05
227.029  1.94194240e-05  2.98480261e-05
227.755 -9.07763720e-07  3.55793466e-05
228.480 -2.09443258e-05  2.87557821e-05
229.205 -3.35782462e-05  1.17311548e-05
229.931 -3.42719419e-05 -9.47826898e-06
230.656 -2.27389162e-05 -2.73172543e-05
231.381 -3.07754589e-06 -3.53850833e-05
232.107  1.76785564e-05 -3.07693349e-05
232.832  3.20661240e-05 -1.51193283e-05
233.557  3.49021186e-05  5.93633667e-06
234.283  2.51772048e-05  2.47954390e-05
235.008  6.42304007e-06  3.46396797e-05
235.733 -1.45451458e-05  3.19257717e-05
236.459 -3.01003423e-05  1.76670860e-05
237.184 -3.45959914e-05 -2.92056971e-06
237.909 -2.64141068e-05 -2.23094677e-05
238.635 -8.55887556e-06 -3.34227062e-05
239.360  1.24286738e-05 -3.22095115e-05
240.085  2.88778421e-05 -1.91169399e-05
240.811  3.47889866e-05  1.06576880e-06
241.536  2.80096629e-05  2.09785583e-05
242.261  1.10216419e-05  3.33898949e-05
242.987 -9.99261449e-06  3.38201189e-05
243.712 -2.74363411e-05  2.21695555e-05
244.437 -3.50622714e-05  2.72067509e-06
245.163 -3.02415273e-05 -1.74772256e-05
245.888 -1.48843732e-05 -3.11926778e-05
246.613  5.33327915e-06 -3.36471964e-05
247.339  2.30871253e-05 -2.42261617e-05
248.064  3.20969220e-05 -6.61184281e-06
248.789  2.94079624e-05  1.26435966e-05
249.515  1.63826678e-05  2.65647242e-05
250.240 -1.90728289e-06  3.03280882e-05
250.965 -1.86248888e-05  2.29666311e-05
251.691 -2.77414629e-05  7.60765927e-06
252.416 -2.62339676e-05 -9.78676296e-06
253.141 -1.50970982e-05 -2.27185594e-05
253.867  1.14061312e-06 -2.65863380e-05
254.592  1.62184522e-05 -2.03214282e-05
255.317  2.45485624e-05 -6.67915049e-06
256.043  2.32728307e-05  8.91674184e-06
256.768  1.32493358e-05  2.05148879e-05
257.493 -1.38646104e-06  2.38865271e-05
258.219 -1.49084246e-05  1.80646155e-05
258.944 -2.22176796e-05  5.61458938e-06
259.669 -2.07530258e-05 -8.46900805e-06
260.395 -1.13980684e-05 -1.87449847e-05
261.120  1.97508778e-06 -2.14071302e-05
261.845  1.40889183e-05 -1.57019920e-05
262.571  2.03159959e-05 -4.11973574e-06
263.296  1.84467543e-05  8.67349201e-06
264.021  9.46971477e-06  1.76856707e-05
264.747 -2.91894915e-06  1.95382709e-05
265.472 -1.38129279e-05  1.37313862e-05
266.197 -1.90271947e-05  2.73892011e-06
266.923 -1.67086593e-05 -9.02986398e-06
267.648 -7.97466919e-06 -1.69886432e-05
268.373  3.60611186e-06 -1.81712461e-05
269.099  1.34601531e-05 -1.23281457e-05
269.824  1.78284922e-05 -1.93899042e-06
270.549  1.52028685e-05  8.82028860e-06
271.275  6.83743262e-06  1.57648289e-05
272.000 -3.81085188e-06  1.63378631e-05
272.725 -1.25055070e-05  1.05502255e-05
273.451 -1.59231771e-05  9.09815235e-07
274.176 -1.29209461e-05 -8.63780622e-06
274.901 -4.93047393e-06 -1.43186077e-05
275.627  4.67475454e-06 -1.40074488e-05
276.352  1.19832663e-05 -8.02895865e-06
277.077  1.41088889e-05  1.02325551e-06
277.803  1.03156699e-05  9.38699780e-06
278.528  2.27969327e-06  1.36591508e-05
279.253 -6.63746810e-06  1.21457570e-05
279.979 -1.27685379e-05  5.52742820e-06
280.704 -1.36076503e-05 -3.45168886e-06
281.429 -8.81534396e-06 -1.11175010e-05
282.155 -3.35613859e-07 -1.43383638e-05
282.880  8.41098510e-06 -1.17849721e-05
283.605  1.38945151e-05 -4.45866353e-06
284.331  1.38893173e-05  4.73035599e-06
285.056  8.36745456e-06  1.21208967e-05
285.781 -5.06351550e-07  1.47551381e-05
286.507 -9.23258690e-06  1.15625652e-05
287.232 -1.43539036e-05  3.77196047e-06
287.957 -1.38296486e-05 -5.57620946e-06
288.683 -7.83051994e-06 -1.28143961e-05
289.408  1.33734687e-06 -1.50942037e-05
290.133  1.01230120e-05 -1.14948090e-05
290.859  1.51196388e-05 -3.36529863e-06
291.584  1.43859830e-05  6.19458876e-06
292.309  8.17440916e-06  1.35397810e-05
293.035 -1.17320174e-06  1.58906816e-05
293.760 -1.01366809e-05  1.23755963e-05
294.485 -1.53827887e-05  4.34422708e-06
295.211 -1.50181979e-05 -5.16913496e-06
295.936 -9.28026561e-06 -1.26349196e-05
296.661 -4.14610738e-07 -1.53661534e-05
297.387  8.22919793e-06 -1.25069370e-05
298.112  1.34892994e-05 -5.31890423e-06
298.837  1.35699334e-05  3.36315728e-06
299.563  8.68777768e-06  1.02561554e-05
300.288  9.19840069e-07  1.28758564e-05
301.013 -6.65898515e-06  1.04603241e-05
301.739 -1.11728338e-05  4.20000610e-06
302.464 -1.10417074e-05 -3.30037947e-06
303.189 -6.54718057e-06 -9.06528714e-06
303.915  3.55024184e-07 -1.09084426e-05
304.640  6.84533779e-06 -8.26074705e-06
305.365  1.03589860e-05 -2.32648984e-06
306.091  9.58701463e-06  4.44118202e-06
306.816  4.94145972e-06  9.32566021e-06
307.541 -1.65802035e-06  1.04248658e-05
308.267 -7.56280265e-06  7.36883059e-06
308.992 -1.04545502e-05  1.41772804e-06
309.717 -9.24157999e-06 -5.05713379e-06
310.443 -4.44423599e-06 -9.52486041e-06
311.168  2.03445199e-06 -1.02853978e-05
311.893  7.67548609e-06 -7.09623173e-06
312.619  1.03376111e-05 -1.23752717e-06
313.344  9.06019299e-06  5.01143288e-06
314.069  4.40241119e-06  9.28020868e-06
314.795 -1.80243626e-06  1.00063260e-05
315.520 -7.19052048e-06  7.00311276e-06
316.245 -9.77638277e-06  1.49877504e-06
316.971 -8.68383634e-06 -4.38234908e-06
317.696 -4.44756511e-06 -8.45367805e-06
318.421  1.24637827e-06 -9.28167835e-06
319.147  6.24652099e-06 -6.70225720e-06
319.872  8.75281252e-06 -1.82590258e-06
320.597  7.98036779e-06  3.44784358e-06
321.323  4.40593500e-06  7.17287402e-06
322.048 -4.89977016e-07  8.09060206e-06
322.773 -4.83065466e-06  6.07027374e-06
323.499 -7.07199171e-06  2.07857486e-06
324.224 -6.57437982e-06 -2.25420692e-06
324.949 -3.77597579e-06 -5.29284850e-06
325.675  5.27520565e-08 -6.03330824e-06
326.400  3.35121431e-06 -4.43918479e-06
327.125  4.90682723e-06 -1.37851723e-06
327.851  4.30580917e-06  1.77615472e-06
328.576  2.03065281e-06  3.73839833e-06
329.301 -7.90275450e-07  3.82504753e-06
330.027 -2.89121946e-06  2.18524585e-06
330.752 -3.41071603e-06 -3.06769989e-07
331.477 -2.22265399e-06 -2.45792901e-06
332.203  4.02478007e-08 -3.28904431e-06
332.928  2.28030705e-06 -2.44120559e-06
333.653  3.43262388e-06 -3.16320983e-07
334.379  2.92415997e-06  2.09879178e-06
335.104  9.19316655e-07  3.67239561e-06
335.829 -1.73389327e-06  3.61802785e-06
336.555 -3.86345278e-06  1.83429412e-06
337.280 -4.46988101e-06 -1.02259469e-06
338.005 -3.14632545e-06 -3.79377246e-06
338.731 -2.79352238e-07 -5.28974441e-06
339.456  3.07645500e-06 -4.76932424e-06
340.181  5.60783858e-06 -2.26311663e-06
340.907  6.24807219e-06  1.40217414e-06
341.632  4.60528121e-06  4.90833123e-06
342.357  1.14524257e-06  6.93270929e-06
343.083 -2.96990184e-06  6.64739724e-06
343.808 -6.29924942e-06  4.05130736e-06
344.533 -7.64376483e-06 -2.16294610e-08
345.259 -6.49632093e-06 -4.20068989e-06
345.984 -3.22427466e-06 -7.06196527e-06
346.709  1.07142426e-06 -7.64493781e-06
347.435  4.94489924e-06 -5.78840551e-06
348.160  7.12432031e-06 -2.16306278e-06
348.885  6.95615116e-06  1.97679353e-06
349.611  4.60101111e-06  5.24925113e-06
350.336  9.48994628e-07  6.63575262e-06
351.061 -2.71984672e-06  5.80522241e-06
351.787 -5.20720664e-06  3.18998750e-06
352.512 -5.79627995e-06 -2.05451354e-07
353.237 -4.46060748e-06 -3.19949021e-06
353.963 -1.82680261e-06 -4.85017084e-06
354.688  1.10482707e-06 -4.75210550e-06
355.413  3.34092011e-06 -3.13398738e-06
356.139  4.22895051e-06 -7.10412356e-07
356.864  3.65275114e-06  1.62397002e-06
357.589  2.00804731e-06  3.11824073e-06
358.315 -9.45867279e-09  3.41418828e-06
359.040 -1.68322504e-06  2.62088231e-06
359.765 -2.53584405e-06  1.19677314e-06
360.491 -2.46882376e-06 -2.67235032e-07
361.216 -1.72420426e-06 -1.28693290e-06
361.941 -7.31094674e-07 -1.65592843e-06
362.667  9.57259200e-08 -1.46448501e-06
363.392  5.32158497e-07 -9.98477075e-07
364.117  5.98906282e-07 -5.77866497e-07
364.843  4.96406487e-07 -3.89534494e-07
365.568  4.74264796e-07 -4.13155532e-07
366.293  6.75692396e-07 -4.64381347e-07
367.019  1.04906327e-06 -3.07374494e-07
367.744  1.37555273e-06  1.95337393e-07
368.469  1.37328499e-06  9.76759556e-07
369.195  8.49148943e-07  1.77390278e-06
369.920 -1.69643178e-07  2.22488140e-06
370.645 -1.41311504e-06  2.02596661e-06
371.371 -2.44975138e-06  1.09444660e-06
372.096 -2.84353271e-06 -3.63873387e-07
372.821 -2.34655781e-06 -1.90365337e-06
373.547 -1.02141709e-06 -2.98248086e-06
374.272  7.57579866e-07 -3.17115143e-06
374.997  2.41197942e-06 -2.33076975e-06
375.723  3.36523528e-06 -6.77166019e-07
376.448  3.26152684e-06  1.27166121e-06
377.173  2.09576583e-06  2.87043762e-06
377.899  2.29726829e-07  3.58277791e-06
378.624 -1.72628782e-06  3.16603990e-06
379.349 -3.13644223e-06  1.75831072e-06
380.075 -3.55697618e-06 -1.66244260e-07
380.800 -2.88316619e-06 -1.97756094e-06
381.525 -1.38231404e-06 -3.11164318e-06
382.251  4.22100701e-07 -3.25614008e-06
382.976  1.94887114e-06 -2.45093920e-06
383.701  2.75680139e-06 -1.04511032e-06
384.427  2.69207505e-06  4.57578448e-07
385.152  1.91271530e-06  1.58403700e-06
385.877  7.87024410e-07  2.06046541e-06
386.603 -2.63135803e-07  1.88849992e-06
387.328 -9.29519953e-07  1.29400855e-06
388.053 -1.12513149e-06  6.04268768e-07
388.779 -9.72758521e-07  9.60740226e-08
389.504 -7.11315176e-07 -1.26087087e-07
390.229 -5.62041565e-07 -1.45836195e-07
390.955 -6.01722322e-07 -1.60231556e-07
391.680 -7.27520133e-07 -3.57522678e-07
392.405 -7.21472688e-07 -7.84982220e-07
393.131 -3.71763288e-07 -1.29390570e-06
393.856  3.81759588e-07 -1.59527214e-06
394.581  1.36342140e-06 -1.38743120e-06
395.307  2.19917464e-06 -5.24810358e-07
396.032  2.44876694e-06  8.53839633e-07
396.757  1.80226390e-06  2.32482523e-06
397.483  2.66321300e-07  3.30135721e-06
398.208 -1.77121185e-06  3.25128480e-06
398.933 -3.62530268e-06  1.94681641e-06
