0.670  2.18455653e-03 -3.45999763e-04
1.339  1.26459124e-03  3.29802635e-04
2.009  6.67359027e-04  6.15088729e-04
2.678  2.01013788e-04  6.64690847e-04
3.348 -1.65066235e-04  5.29395233e-04
4.017 -3.63404776e-04  3.12963719e-04
4.687 -4.05937178e-04  4.96040265e-05
5.356 -3.08530696e-04 -1.84759467e-04
6.026 -1.28146100e-04 -2.90588300e-04
6.695  4.95308729e-05 -2.82611434e-04
7.365  1.79113179e-04 -1.84290616e-04
8.034  2.16691373e-04 -3.98418483e-05
8.704  1.73472052e-04  9.48569272e-05
9.374  7.58273159e-05  1.67632193e-04
10.043 -4.34067289e-05  1.81864868e-04
10.713 -1.30161068e-04  1.32828906e-04
11.382 -1.62681958e-04  4.34072850e-05
12.052 -1.40425262e-04 -5.32556406e-05
12.721 -6.96586572e-05 -1.16443198e-04
13.391  1.66081889e-05 -1.24963859e-04
14.060  8.31433138e-05 -7.93643931e-05
14.730  1.07307564e-04 -7.95205315e-06
15.399  9.16501760e-05  5.81153776e-05
16.069  5.02202460e-05  1.04554104e-04
16.738 -8.38002642e-06  1.13604748e-04
17.408 -5.68352105e-05  7.84470059e-05
18.078 -7.68016629e-05  1.42049018e-05
18.747 -5.82989431e-05 -5.05469562e-05
19.417 -1.43138075e-05 -8.70923860e-05
20.086  3.38290385e-05 -8.94805028e-05
20.756  7.02150452e-05 -6.21264176e-05
21.425  8.30962454e-05 -1.47042968e-05
22.095  7.10448125e-05  3.19948359e-05
22.764  3.73645975e-05  6.09342639e-05
23.434 -5.77436180e-06  6.45329996e-05
24.103 -3.90470226e-05  4.08053448e-05
24.773 -5.06720196e-05  2.98825377e-06
25.442 -3.92905662e-05 -3.21962672e-05
26.112 -1.14729006e-05 -4.96912810e-05
26.782  1.87190485e-05 -4.54569033e-05
27.451  4.03085700e-05 -2.34743537e-05
28.121  4.51062133e-05  6.76756082e-06
28.790  3.29885749e-05  3.45043762e-05
29.460  8.33660666e-06  5.08305431e-05
30.129 -2.06160671e-05  4.96071522e-05
30.799 -4.21780728e-05  3.15893826e-05
31.468 -4.88892191e-05  5.44054033e-06
32.138 -3.93076325e-05 -1.74957317e-05
32.807 -1.89271724e-05 -2.82085395e-05
33.477  4.27288499e-06 -2.44758146e-05
34.146  2.28489402e-05 -8.55487895e-06
34.816  2.99026890e-05  1.38257527e-05
35.486  2.27908594e-05  3.34899980e-05
36.155  5.15633663e-06  4.23575775e-05
36.825 -1.60170851e-05  3.71161226e-05
37.494 -3.11486974e-05  2.00868769e-05
38.164 -3.42948035e-05 -1.15916923e-06
38.833 -2.60234875e-05 -1.89809529e-05
39.503 -1.00014788e-05 -2.79832509e-05
40.172  7.45759661e-06 -2.57493210e-05
40.842  1.94221306e-05 -1.44056367e-05
41.511  2.14823287e-05  7.78735635e-07
42.181  1.32700586e-05  1.27708986e-05
42.850 -1.21838867e-06  1.61436773e-05
43.520 -1.56965881e-05  9.54179657e-06
44.190 -2.39163952e-05 -4.28288242e-06
44.859 -2.27874615e-05 -1.95149817e-05
45.529 -1.35587898e-05 -3.01440236e-05
46.198 -1.49123140e-07 -3.28166373e-05
46.868  1.26196448e-05 -2.70988586e-05
47.537  2.00533540e-05 -1.50650198e-05
48.207  1.91227034e-05 -1.12342030e-06
48.876  1.05063214e-05  9.38970408e-06
49.546 -1.76874447e-06  1.29806275e-05
50.215 -1.25731658e-05  9.40545679e-06
50.885 -1.77044571e-05  1.25854268e-06
51.554 -1.54614444e-05 -7.59712317e-06
52.224 -6.97506098e-06 -1.33987241e-05
52.894  4.60535222e-06 -1.36144231e-05
53.563  1.50265183e-05 -7.83360273e-06
54.233  2.04546825e-05  2.09439587e-06
54.902  1.91569805e-05  1.27658128e-05
55.572  1.20383431e-05  2.04489671e-05
56.241  2.06446619e-06  2.27096872e-05
56.911 -6.94304853e-06  1.93140029e-05
57.580 -1.18142676e-05  1.19276519e-05
58.250 -1.11840654e-05  3.56367533e-06
58.919 -5.91667284e-06 -2.58801561e-06
59.589  1.43800871e-06 -4.54178882e-06
60.258  7.57374712e-06 -2.03860233e-06
60.928  9.71133738e-06  3.36370375e-06
61.598  6.80538627e-06  8.74231218e-06
62.267 -8.30483230e-09  1.12105218e-05
62.937 -7.96200114e-06  9.25459558e-06
63.606 -1.40071111e-05  3.18686540e-06
64.276 -1.60345395e-05 -5.13469807e-06
64.945 -1.34796413e-05 -1.30616006e-05
65.615 -7.47232784e-06 -1.81364908e-05
66.284 -4.04495424e-07 -1.89225101e-05
66.954  5.11012871e-06 -1.56036989e-05
67.623  7.26055794e-06 -9.84410516e-06
68.293  5.70443802e-06 -3.97914635e-06
68.962  1.64056551e-06 -9.05316084e-08
69.632 -2.89642332e-06  7.61219309e-07
70.302 -5.88719495e-06 -1.13964019e-06
70.971 -6.01162268e-06 -4.44255513e-06
71.641 -3.18406093e-06 -7.30092464e-06
72.310  1.48700273e-06 -8.05261226e-06
72.980  6.23142823e-06 -5.94696776e-06
73.649  9.26134854e-06 -1.41508733e-06
74.319  9.49055721e-06  4.17829920e-06
74.988  6.97583753e-06  9.02834481e-06
75.658  2.76199071e-06  1.16041427e-05
76.327 -1.54442225e-06  1.12651302e-05
76.997 -4.37813041e-06  8.38121640e-06
77.666 -4.82721818e-06  4.13754328e-06
78.336 -2.87100349e-06  1.36227259e-07
79.006  6.45304473e-07 -2.24846157e-06
79.675  4.28924977e-06 -2.38382879e-06
80.345  6.66713032e-06 -5.55510072e-07
81.014  6.97120097e-06  2.15226596e-06
81.684  5.20155178e-06  4.36236040e-06
82.353  2.15782001e-06  5.00375744e-06
83.023 -9.26904010e-07  3.67848156e-06
83.692 -2.92998625e-06  8.29130125e-07
84.362 -3.22460413e-06 -2.44106585e-06
85.031 -1.92549515e-06 -4.88227061e-06
85.701  1.51618971e-07 -5.57549641e-06
86.370  1.90637161e-06 -4.29481108e-06
87.040  2.40133042e-06 -1.62751480e-06
87.710  1.20985574e-06  1.34261641e-06
88.379 -1.38542145e-06  3.48689094e-06
89.049 -4.56055975e-06  4.02214565e-06
89.718 -7.31087760e-06  2.83477677e-06
90.388 -8.78288621e-06  4.75259650e-07
91.057 -8.61068745e-06 -2.13604248e-06
91.727 -7.03186314e-06 -4.03585758e-06
92.396 -4.70370976e-06 -4.60160070e-06
93.066 -2.45837058e-06 -3.80255375e-06
93.735 -9.83238822e-07 -2.11860210e-06
94.405 -5.28800774e-07 -3.29873529e-07
95.074 -8.91872616e-07  7.81525487e-07
95.744 -1.53670375e-06  7.84373518e-07
96.414 -1.79129472e-06 -2.76021787e-07
97.083 -1.16982111e-06 -1.93873485e-06
97.753  4.33578663e-07 -3.47816065e-06
98.422  2.73181645e-06 -4.23012443e-06
99.092  5.10733388e-06 -3.87088572e-06
99.761  6.86281690e-06 -2.49658215e-06
100.431  7.51894242e-06 -6.10383048e-07
101.100  6.94770986e-06  1.07843545e-06
101.770  5.43250444e-06  1.97451921e-06
102.439  3.57994678e-06  1.78552984e-06
103.109  2.04515963e-06  6.31419274e-07
103.778  1.31045406e-06 -9.70978370e-07
104.448  1.52624514e-06 -2.35284597e-06
105.118  2.42287125e-06 -2.94370263e-06
105.787  3.45805751e-06 -2.45175814e-06
106.457  4.04618631e-06 -1.00312402e-06
107.126  3.74375778e-06  9.36996464e-07
107.796  2.44550920e-06  2.78001965e-06
108.465  4.14893236e-07  3.99647050e-06
109.135 -1.87007859e-06  4.32062500e-06
109.804 -3.87109944e-06  3.84015072e-06
110.474 -5.18903813e-06  2.88145416e-06
111.143 -5.72450867e-06  1.87416193e-06
111.813 -5.63922203e-06  1.18130183e-06
112.482 -5.25845537e-06  9.19462852e-07
113.152 -4.93676303e-06  9.60368564e-07
113.822 -4.85949678e-06  1.02003707e-06
114.491 -4.98033608e-06  7.63653269e-07
115.161 -5.07266081e-06 -7.72072478e-09
115.830 -4.79604295e-06 -1.25886058e-06
116.500 -3.86830086e-06 -2.75405391e-06
117.169 -2.21665837e-06 -4.10305157e-06
117.839  6.86392710e-09 -4.90481531e-06
118.508  2.43426876e-06 -4.92365579e-06
119.178  4.58283368e-06 -4.13930392e-06
119.847  6.04856353e-06 -2.76412212e-06
120.517  6.60764280e-06 -1.19650209e-06
121.186  6.27444342e-06  1.50070777e-07
121.856  5.31801864e-06  9.67381502e-07
122.526  4.12789094e-06  1.12353768e-06
123.195  3.07372047e-06  7.26167889e-07
123.865  2.41484045e-06  4.61613022e-08
124.534  2.19606535e-06 -6.08294267e-07
125.204  2.26438329e-06 -9.69510434e-07
125.873  2.38156355e-06 -9.20301340e-07
126.543  2.30081878e-06 -5.27433900e-07
127.212  1.87791363e-06  4.16401336e-08
127.882  1.14462633e-06  5.76701819e-07
128.551  2.49396197e-07  9.09889511e-07
129.221 -6.00726204e-07  1.00963479e-06
129.890 -1.21230005e-06  9.52719074e-07
130.560 -1.51724913e-06  8.76695884e-07
131.230 -1.57514557e-06  9.35183694e-07
131.899 -1.52236079e-06  1.19142074e-06
132.569 -1.53386365e-06  1.58907129e-06
133.238 -1.71702506e-06  1.99675109e-06
133.908 -2.04974638e-06  2.23123218e-06
134.577 -2.41453931e-06  2.14533131e-06
135.247 -2.61926517e-06  1.71465617e-06
135.916 -2.47225719e-06  1.02490578e-06
136.586 -1.89290177e-06  2.62328061e-07
137.255 -9.25788518e-07 -3.32777041e-07
137.925  2.62748581e-07 -5.82103333e-07
138.594  1.40735386e-06 -4.14098456e-07
139.264  2.25655988e-06  1.22387400e-07
139.934  2.64498038e-06  8.43044889e-07
140.603  2.51777497e-06  1.51096185e-06
141.273  1.97014988e-06  1.92068253e-06
141.942  1.19754949e-06  1.93187830e-06
142.612  4.08234147e-07  1.53209841e-06
143.281 -2.12300861e-07  8.33805988e-07
143.951 -5.67002118e-07  1.46473758e-09
144.620 -6.77573139e-07 -7.81089115e-07
145.290 -6.27013681e-07 -1.37142819e-06
145.959 -5.31038770e-07 -1.72939869e-06
146.629 -4.96743514e-07 -1.88520681e-06
147.298 -5.53264496e-07 -1.91550844e-06
147.968 -6.67172865e-07 -1.91967769e-06
148.638 -7.70417930e-07 -1.94474058e-06
149.307 -7.69955240e-07 -1.97579944e-06
149.977 -6.15140153e-07 -1.96271451e-06
150.646 -3.23784799e-07 -1.81967426e-06
151.316  4.73912808e-08 -1.48253039e-06
151.985  4.00262479e-07 -9.55861124e-07
152.655  6.37300076e-07 -2.91507521e-07
153.324  7.21645977e-07  4.07635897e-07
153.994  6.65241533e-07  1.01329405e-06
154.663  5.30803030e-07  1.44304497e-06
155.333  4.25801570e-07  1.66784028e-06
156.002  4.34270190e-07  1.71566933e-06
156.672  5.94823182e-07  1.68423188e-06
157.342  8.98994361e-07  1.68160060e-06
158.011  1.26347803e-06  1.78620548e-06
158.681  1.56872220e-06  2.04093200e-06
159.350  1.70586925e-06  2.41204269e-06
160.020  1.58204150e-06  2.80086014e-06
160.689  1.16583483e-06  3.09185187e-06
161.359  5.05964300e-07  3.15932107e-06
162.028 -3.04413616e-07  2.91078385e-06
162.698 -1.12777477e-06  2.33152475e-06
163.367 -1.81019665e-06  1.46570760e-06
164.037 -2.24157653e-06  4.21919179e-07
164.706 -2.35976413e-06 -6.33822715e-07
165.376 -2.16858081e-06 -1.54005985e-06
166.046 -1.76286337e-06 -2.16163075e-06
166.715 -1.28503282e-06 -2.41340913e-06
167.385 -8.95737126e-07 -2.31197790e-06
168.054 -7.48909329e-07 -1.96136741e-06
168.724 -9.17518662e-07 -1.52753543e-06
169.393 -1.36734273e-06 -1.22272877e-06
170.063 -1.96402311e-06 -1.22463722e-06
170.732 -2.46923802e-06 -1.61165686e-06
171.402 -2.61176192e-06 -2.34100651e-06
172.071 -2.18313105e-06 -3.21311036e-06
172.741 -1.09439296e-06 -3.90823035e-06
173.410  5.49751201e-07 -4.08945233e-06
174.080  2.43462460e-06 -3.48717199e-06
174.750  4.11997902e-06 -2.01176943e-06
175.419  5.13730450e-06  1.60577532e-07
176.089  5.13020408e-06  2.61871593e-06
176.758  4.01032038e-06  4.79568946e-06
177.428  2.00429230e-06  6.11017187e-06
178.097 -3.76705712e-07  6.17558370e-06
178.767 -2.44572241e-06  4.93633870e-06
179.436 -3.56708000e-06  2.71399170e-06
180.106 -3.36954087e-06  1.66821824e-07
180.775 -1.87933005e-06 -1.91078865e-06
181.445  4.26597843e-07 -2.85030493e-06
182.114  2.74816828e-06 -2.32597124e-06
182.784  4.22661946e-06 -5.15985666e-07
183.454  4.21914959e-06  1.91229417e-06
184.123  2.55962500e-06  4.01839854e-06
184.793 -3.20918204e-07  4.88454099e-06
185.462 -3.51225416e-06  3.95471814e-06
186.132 -5.89294421e-06  1.29798717e-06
186.801 -6.50761253e-06 -2.36844205e-06
187.471 -4.95692919e-06 -5.86561145e-06
188.140 -1.58900074e-06 -7.91554607e-06
188.810  2.55175810e-06 -7.61977889e-06
189.479  6.00814201e-06 -4.82307520e-06
190.149  7.41467650e-06 -2.38844076e-07
190.818  6.00825602e-06  4.69124171e-06
191.488  1.95177425e-06  8.24992510e-06
192.158 -3.60518289e-06  9.04602545e-06
192.827 -8.83778720e-06  6.52677198e-06
193.497 -1.18513990e-05  1.27397889e-06
194.166 -1.13350627e-05 -5.08491971e-06
194.836 -7.09378883e-06 -1.03817272e-05
195.505 -2.41572702e-07 -1.26191401e-05
196.175  7.09531659e-06 -1.06978411e-05
196.844  1.24377951e-05 -4.91226637e-06
197.514  1.37934085e-05  3.04784869e-06
198.183  1.04284402e-05  1.05819196e-05
198.853  3.22235877e-06  1.50112967e-05
199.522 -5.52740539e-06  1.45468068e-05
200.192 -1.27942659e-05  8.99578060e-06
200.862 -1.58607839e-05 -6.27441347e-08
201.531 -1.33203402e-05 -9.68864812e-06
202.201 -5.65606562e-06 -1.65346696e-05
202.870  4.78167778e-06 -1.80261695e-05
203.540  1.44811747e-05 -1.33135966e-05
204.209  1.99654375e-05 -3.69951610e-06
204.879  1.90229768e-05  7.67426529e-06
205.548  1.15822339e-05  1.68538748e-05
206.218 -1.07584749e-07  2.04300918e-05
206.887 -1.21540807e-05  1.67877221e-05
207.557 -2.03136909e-05  6.81695759e-06
208.226 -2.14771968e-05 -6.26554388e-06
208.896 -1.48715220e-05 -1.79382820e-05
209.566 -2.46865204e-06 -2.39028404e-05
210.235  1.15777507e-05 -2.16548627e-05
210.905  2.22807682e-05 -1.14887068e-05
211.574  2.55705157e-05  3.46884434e-06
212.244  1.98129606e-05  1.82071661e-05
212.913  6.50404889e-06  2.75227955e-05
213.583 -1.00952589e-05  2.78825007e-05
214.252 -2.43363364e-05  1.87458632e-05
214.922 -3.11501897e-05  2.89742426e-06
215.591 -2.78659814e-05 -1.43859931e-05
216.261 -1.52567185e-05 -2.71292682e-05
216.930  2.58232083e-06 -3.07544650e-05
217.600  1.95823870e-05 -2.37517870e-05
218.270  2.97970311e-05 -8.34360101e-06
218.939  2.95106092e-05  1.01930013e-05
219.609  1.86504882e-05  2.53261145e-05
220.278  9.20846119e-07  3.15520050e-05
220.948 -1.74324826e-05  2.64090148e-05
221.617 -2.97782601e-05  1.14545729e-05
222.287 -3.14773183e-05 -8.20221260e-06
222.956 -2.16181749e-05 -2.56324144e-05
223.626 -3.42355381e-06 -3.45304203e-05
224.295  1.68033112e-05 -3.15165364e-05
224.965  3.18668031e-05 -1.74091912e-05
225.634  3.62705826e-05  2.97832719e-06
226.304  2.82286949e-05  2.24733322e-05
226.974  1.03773971e-05  3.40986465e-05
227.643 -1.10727992e-05  3.35931989e-05
228.313 -2.85226994e-05  2.09850596e-05
228.982 -3.57089907e-05  6.69668884e-07
229.652 -2.99689091e-05 -2.01121311e-05
230.321 -1.32654322e-05 -3.38602385e-05
230.991  8.45647330e-06 -3.55056638e-05
231.660  2.73846872e-05 -2.42794792e-05
232.330  3.66285972e-05 -4.05133552e-06
232.999  3.27174138e-05  1.80355188e-05
233.669  1.68996953e-05  3.41042675e-05
234.338 -5.28499514e-06  3.83725396e-05
235.008 -2.59761931e-05  2.92662373e-05
235.678 -3.78031637e-05  9.99481175e-06
236.347 -3.65582023e-05 -1.25989091e-05
237.017 -2.27119209e-05 -3.04864329e-05
237.686 -1.22779301e-06 -3.73599765e-05
238.356  2.02242546e-05 -3.09036031e-05
239.025  3.40526396e-05 -1.35929659e-05
239.695  3.54916406e-05  8.21943727e-06
240.364  2.42815801e-05  2.66343948e-05
241.034  4.72224845e-06  3.50955012e-05
241.703 -1.59350442e-05  3.07368509e-05
242.373 -3.01773009e-05  1.53775293e-05
243.042 -3.29588338e-05 -5.19536964e-06
243.712 -2.34987644e-05 -2.34122282e-05
244.382 -5.51133756e-06 -3.27104362e-05
245.051  1.42426189e-05 -2.99076442e-05
245.721  2.84921344e-05 -1.63216697e-05
246.390  3.21226528e-05  2.80503598e-06
247.060  2.40288195e-05  2.03191482e-05
247.729  7.44175611e-06  2.98156524e-05
248.399 -1.13649536e-05  2.79935777e-05
249.068 -2.54435458e-05  1.58146406e-05
249.738 -2.97579461e-05 -1.96253446e-06
250.407 -2.30145922e-05 -1.86230573e-05
251.077 -8.03729446e-06 -2.80293277e-05
251.746  9.37965603e-06 -2.69007607e-05
252.416  2.26933641e-05 -1.59505567e-05
253.086  2.70837815e-05  4.85377605e-07
253.755  2.11989944e-05  1.61490311e-05
254.425  7.55697547e-06  2.52621048e-05
255.094 -8.49171787e-06  2.46720329e-05
255.764 -2.08591677e-05  1.49434744e-05
256.433 -2.50317745e-05  4.76639351e-08
257.103 -1.97042613e-05 -1.42374659e-05
257.772 -7.18023190e-06 -2.25690801e-05
258.442  7.60873457e-06 -2.20254873e-05
259.111  1.90647798e-05 -1.31332726e-05
259.781  2.30519154e-05  4.41742254e-07
260.450  1.84101545e-05  1.34094305e-05
261.120  7.29969381e-06  2.09193132e-05
261.790 -5.75918026e-06  2.03880851e-05
262.459 -1.57052137e-05  1.24176358e-05
263.129 -1.88919461e-05  4.35459367e-07
263.798 -1.44557337e-05 -1.07396369e-05
264.468 -4.54457164e-06 -1.68051973e-05
265.137  6.63811293e-06 -1.56433966e-05
265.807  1.45393597e-05 -8.07742016e-06
266.476  1.60669275e-05  2.56195557e-06
267.146  1.07770798e-05  1.18192821e-05
267.815  9.65554331e-07  1.59142099e-05
268.485 -9.30608930e-06  1.32419727e-05
269.154 -1.58622126e-05  4.95437972e-06
269.824 -1.60950925e-05 -5.55147967e-06
270.494 -9.97081597e-06 -1.40180655e-05
271.163  2.61697892e-10 -1.70538691e-05
271.833  9.78697273e-06 -1.34732033e-05
272.502  1.54735743e-05 -4.73567864e-06
273.172  1.48215622e-05  5.64863302e-06
273.841  8.13368934e-06  1.35395647e-05
274.511 -1.87591865e-06  1.58239248e-05
275.180 -1.11768519e-05  1.16294496e-05
275.850 -1.60395131e-05  2.66150046e-06
276.519 -1.44968145e-05 -7.48315788e-06
277.189 -7.11264474e-06 -1.47609759e-05
277.858  3.24486513e-06 -1.62686477e-05
278.528  1.25561794e-05 -1.13737641e-05
279.198  1.72288362e-05 -1.95997160e-06
279.867  1.54901314e-05  8.33858550e-06
280.537  8.07528872e-06  1.55724836e-05
281.206 -2.09015008e-06  1.70084626e-05
281.876 -1.10608960e-05  1.21921948e-05
282.545 -1.54082318e-05  3.09827095e-06
283.215 -1.35567326e-05 -6.67917737e-06
283.884 -6.37914028e-06 -1.33360033e-05
284.554  3.18848969e-06 -1.43464372e-05
285.223  1.13113111e-05 -9.44106585e-06
285.893  1.47630150e-05 -6.71221543e-07
286.562  1.21926552e-05  8.41666323e-06
287.232  4.62379900e-06  1.41771965e-05
287.902 -4.96879938e-06  1.43050496e-05
288.571 -1.28264250e-05  8.71794526e-06
289.241 -1.58881791e-05 -4.35004480e-07
289.910 -1.29743882e-05 -9.61442229e-06
290.580 -5.21896065e-06 -1.52824956e-05
291.249  4.37767750e-06 -1.52764555e-05
291.919  1.21265627e-05 -9.61976501e-06
292.588  1.50859085e-05 -5.01421004e-07
293.258  1.21714043e-05  8.58451524e-06
293.927  4.55486732e-06  1.42030514e-05
294.597 -4.80533138e-06  1.42797157e-05
295.266 -1.23294730e-05  8.87133340e-06
295.936 -1.51823027e-05  1.21240776e-07
296.606 -1.23323115e-05 -8.60092268e-06
297.275 -4.92211865e-06 -1.39977879e-05
297.945  4.21359439e-06 -1.40812315e-05
298.614  1.16572701e-05 -8.90618943e-06
299.284  1.46973189e-05 -4.99240072e-07
299.953  1.23374265e-05  7.96145642e-06
300.623  5.62368146e-06  1.33597682e-05
301.292 -2.82104891e-06  1.38128102e-05
301.962 -9.82267349e-06  9.34228113e-06
302.631 -1.28648013e-05  1.78745435e-06
303.301 -1.10166085e-05 -5.94669213e-06
303.970 -5.20741481e-06 -1.10170402e-05
304.640  2.20071137e-06 -1.17183947e-05
305.310  8.35868242e-06 -8.06606331e-06
305.979  1.10404328e-05 -1.70532889e-06
306.649  9.45356892e-06  4.78135948e-06
307.318  4.46303074e-06  8.91315105e-06
307.988 -1.81149586e-06  9.25639079e-06
308.657 -6.87769407e-06  5.91323530e-06
309.327 -8.85704851e-06  4.14998934e-07
309.996 -7.17217335e-06 -4.94290953e-06
310.666 -2.71513166e-06 -8.04226329e-06
311.335  2.56679305e-06 -7.75413428e-06
312.005  6.49578142e-06 -4.34174858e-06
312.674  7.52679146e-06  6.93628903e-07
313.344  5.33297381e-06  5.26667319e-06
314.014  9.01334088e-07  7.55392289e-06
314.683 -3.91339281e-06  6.70340013e-06
315.353 -7.15598530e-06  3.15357677e-06
316.022 -7.54355671e-06 -1.58469113e-06
316.692 -4.96845115e-06 -5.56467350e-06
317.361 -5.11731721e-07 -7.17922492e-06
318.031  4.02152155e-06 -5.79873391e-06
318.700  6.82239058e-06 -2.00406191e-06
319.370  6.79481347e-06  2.67743835e-06
320.039  3.97999695e-06  6.38371461e-06
320.709 -4.92961231e-07  7.65231137e-06
321.378 -4.86600895e-06  5.99293652e-06
322.048 -7.44256654e-06  2.04867145e-06
322.718 -7.25280518e-06 -2.67884839e-06
323.387 -4.40310541e-06 -6.41956448e-06
324.057  1.92871422e-11 -7.82983969e-06
324.726  4.29422626e-06 -6.49026340e-06
325.396  6.92166267e-06 -3.02360020e-06
326.065  7.02164607e-06  1.17480038e-06
326.735  4.71867180e-06  4.50616575e-06
327.404  1.03631731e-06  5.79662402e-06
328.074 -2.53860465e-06  4.71694210e-06
328.743 -4.66294592e-06  1.86987486e-06
329.413 -4.64231078e-06 -1.48817483e-06
330.082 -2.66695363e-06 -3.98428505e-06
330.752  3.03022367e-07 -4.67159464e-06
331.422  2.96983857e-06 -3.37963819e-06
332.091  4.23502063e-06 -7.53946910e-07
332.761  3.62768016e-06  2.04979284e-06
333.430  1.47974269e-06  3.86148603e-06
334.100 -1.24372976e-06  3.96820164e-06
334.769 -3.37076307e-06  2.40139578e-06
335.439 -4.00587660e-06 -9.54215668e-08
336.108 -2.90358883e-06 -2.40143030e-06
336.778 -5.68342280e-07 -3.48579977e-06
337.447  1.97134221e-06 -2.84161290e-06
338.117  3.58794006e-06 -7.08647198e-07
338.786  3.52264259e-06  2.02918385e-06
339.456  1.71699840e-06  4.20014046e-06
340.126 -1.15576857e-06  4.81650601e-06
340.795 -3.95131625e-06  3.49418371e-06
341.465 -5.49662068e-06  6.21736401e-07
342.134 -5.06796321e-06 -2.77901154e-06
342.804 -2.69109566e-06 -5.42913249e-06
343.473  8.57258156e-07 -6.28988877e-06
344.143  4.32192944e-06 -4.97321217e-06
344.812  6.43856843e-06 -1.89211774e-06
345.482  6.41741955e-06  1.87672227e-06
346.151  4.23343441e-06  4.98439386e-06
346.821  6.42301485e-07  6.31636068e-06
347.490 -3.08894370e-06  5.39400492e-06
348.160 -5.65414001e-06  2.54413996e-06
348.830 -6.17577093e-06 -1.21766378e-06
349.499 -4.50716649e-06 -4.56953660e-06
350.169 -1.27891114e-06 -6.36111111e-06
350.838  2.35038057e-06 -6.00859013e-06
351.508  5.12417152e-06 -3.69122055e-06
352.177  6.12365997e-06 -2.58706001e-07
352.847  5.08027427e-06  3.10214075e-06
353.516  2.43949535e-06  5.28800961e-06
354.186 -8.43350608e-07  5.65866238e-06
354.855 -3.65924363e-06  4.23384590e-06
355.525 -5.13732052e-06  1.62871411e-06
356.194 -4.93361557e-06 -1.20351895e-06
356.864 -3.29410763e-06 -3.32602323e-06
357.534 -9.10207306e-07 -4.14947624e-06
358.203  1.36278800e-06 -3.59343583e-06
358.873  2.83223047e-06 -2.04862247e-06
359.542  3.18972100e-06 -1.84742820e-07
360.212  2.55887192e-06  1.33579230e-06
360.881  1.38982396e-06  2.10220896e-06
361.551  2.31941944e-07  2.06006338e-06
362.220 -5.05049463e-07  1.47572941e-06
362.890 -6.86385923e-07  7.69903192e-07
363.559 -4.64774413e-07  2.98918766e-07
364.229 -1.65116384e-07  2.05893463e-07
364.898 -8.85850553e-08  3.78725560e-07
365.568 -3.55977461e-07  5.27631199e-07
366.238 -8.45493997e-07  3.63113392e-07
366.907 -1.24231726e-06 -2.35930725e-07
367.577 -1.20386419e-06 -1.13785582e-06
368.246 -5.46677588e-07 -1.98056815e-06
368.916  6.36952582e-07 -2.32273855e-06
369.585  1.96490405e-06 -1.85258700e-06
370.255  2.89117835e-06 -5.48215856e-07
370.924  2.92945659e-06  1.25686745e-06
371.594  1.86225528e-06  2.95422166e-06
372.263 -1.27685168e-07  3.87883826e-06
372.933 -2.46762245e-06  3.55957523e-06
373.602 -4.37641331e-06  1.92229580e-06
374.272 -5.13265609e-06 -6.28867667e-07
374.942 -4.34015799e-06 -3.31965959e-06
375.611 -2.10943228e-06 -5.25413935e-06
376.281  9.45081095e-07 -5.71533512e-06
376.950  3.88992019e-06 -4.43694112e-06
377.620  5.76650659e-06 -1.72339574e-06
378.289  5.92220067e-06  1.63127247e-06
378.959  4.24879184e-06  4.58135297e-06
379.628  1.23082411e-06  6.17159027e-06
380.298 -2.19070526e-06  5.86492189e-06
380.967 -4.91483316e-06  3.72295883e-06
381.637 -6.04773626e-06  4.01865892e-07
382.306 -5.19225803e-06 -3.04518273e-06
382.976 -2.58348781e-06 -5.51292745e-06
383.646  9.71513155e-07 -6.19664086e-06
384.315  4.35508269e-06 -4.84847178e-06
384.985  6.49362623e-06 -1.86863110e-06
385.654  6.69123024e-06  1.82420253e-06
386.324  4.85777811e-06  5.08557637e-06
386.993  1.53546466e-06  6.89597113e-06
387.663 -2.27817128e-06  6.68436652e-06
388.332 -5.43304184e-06  4.50560252e-06
389.002 -6.98458717e-06  1.01150802e-06
389.671 -6.48714788e-06 -2.74708095e-06
390.341 -4.11673711e-06 -5.64423740e-06
391.010 -6.14520858e-07 -6.83025083e-06
391.680  2.94071631e-06 -5.97937435e-06
392.350  5.47246433e-06 -3.38312252e-06
393.019  6.22809291e-06  1.38049271e-07
393.689  5.00072107e-06  3.49675019e-06
394.358  2.19529808e-06  5.66908803e-06
395.028 -1.30491076e-06  5.99887114e-06
395.697 -4.41150377e-06  4.40299703e-06
396.367 -6.15550623e-06  1.39142967e-06
397.036 -5.98998699e-06 -2.09468447e-06
397.706 -3.95859153e-06 -4.96278441e-06
398.375 -6.76919746e-07 -6.30847033e-06
399.045  2.84651047e-06 -5.69951754e-06
