0.645  2.26857353e-03 -3.59306749e-04
1.289  1.30883803e-03  3.41415479e-04
1.934  6.96908689e-04  6.32359997e-04
2.579  2.05414920e-04  6.86026168e-04
3.224 -1.59332280e-04  5.67362458e-04
3.868 -3.99390428e-04  3.04771953e-04
4.513 -4.30737007e-04  2.98545665e-05
5.158 -3.20627546e-04 -1.75612317e-04
5.803 -1.36572950e-04 -2.83382092e-04
6.447  4.86138036e-05 -2.89748810e-04
7.092  1.87593477e-04 -1.88635237e-04
7.737  2.35067041e-04 -3.81056754e-05
8.382  1.86791488e-04  1.10035961e-04
9.026  8.36228872e-05  1.88953677e-04
9.671 -4.39218979e-05  1.97673910e-04
10.316 -1.36399316e-04  1.37581385e-04
10.961 -1.68473760e-04  4.19528688e-05
11.605 -1.41114649e-04 -5.95659036e-05
12.250 -6.36690585e-05 -1.21161569e-04
12.895  2.62275195e-05 -1.22040410e-04
13.540  9.28646695e-05 -7.91017972e-05
14.184  1.22944780e-04 -1.95748770e-05
14.829  1.08600081e-04  4.40024589e-05
15.474  5.39711831e-05  8.74434995e-05
16.119 -1.28728494e-05  8.93251202e-05
16.763 -6.18028892e-05  5.78426479e-05
17.408 -7.93906232e-05  8.05586570e-06
18.053 -6.43077122e-05 -4.32538904e-05
18.697 -2.04540553e-05 -7.69324660e-05
19.342  3.50161333e-05 -7.78712895e-05
19.987  7.56933294e-05 -4.79801974e-05
20.632  8.82286849e-05 -3.37835570e-06
21.276  7.11510616e-05  3.99082932e-05
21.921  3.03018954e-05  6.45868864e-05
22.566 -1.41498753e-05  6.36239759e-05
23.211 -4.48479505e-05  3.75847341e-05
23.855 -5.45476948e-05  2.46083325e-06
24.500 -4.08258311e-05 -3.04804590e-05
25.145 -1.03959945e-05 -4.91179047e-05
25.790  2.46115665e-05 -4.92996014e-05
26.434  5.01075779e-05 -3.02740566e-05
27.079  5.66661191e-05  8.92410335e-07
27.724  4.28032910e-05  3.16898062e-05
28.369  1.36255242e-05  4.90285872e-05
29.013 -1.92410273e-05  4.70697705e-05
29.658 -4.41287642e-05  2.84026768e-05
30.303 -5.22888933e-05  6.19297054e-07
30.948 -4.10776227e-05 -2.37360455e-05
31.592 -1.72230724e-05 -3.64746784e-05
32.237  8.62682113e-06 -3.36818288e-05
32.882  2.64337043e-05 -1.77819339e-05
33.527  2.99902267e-05  4.33926239e-06
34.171  1.93466842e-05  2.38596101e-05
34.816 -3.87603562e-07  3.39824040e-05
35.461 -2.13753083e-05  3.18942016e-05
36.105 -3.54469670e-05  1.92152975e-05
36.750 -3.76468271e-05  1.27425862e-06
37.395 -2.73899157e-05 -1.50404389e-05
38.040 -8.52805070e-06 -2.28826472e-05
38.684  1.11129241e-05 -1.97869484e-05
39.329  2.44884905e-05 -7.63352602e-06
39.974  2.72947728e-05  8.25471655e-06
40.619  1.90072164e-05  2.14406026e-05
41.263  3.58635892e-06  2.63436208e-05
41.908 -1.19606319e-05  2.09634410e-05
42.553 -2.13276570e-05  7.63849279e-06
43.198 -2.16167405e-05 -8.43301555e-06
43.842 -1.33806031e-05 -2.14328039e-05
44.487 -3.40422836e-07 -2.69258505e-05
45.132  1.20994698e-05 -2.34590040e-05
45.777  1.90873758e-05 -1.33938987e-05
46.421  1.82182279e-05 -1.00096449e-06
47.066  9.66682244e-06  9.02552266e-06
47.711 -3.32344936e-06  1.28231314e-05
48.356 -1.56168125e-05  8.86997323e-06
49.000 -2.23348626e-05 -9.23658339e-07
49.645 -2.09222590e-05 -1.22597960e-05
50.290 -1.21227182e-05 -2.03516511e-05
50.935  6.16047310e-07 -2.19344105e-05
51.579  1.25354842e-05 -1.63593502e-05
52.224  1.93496962e-05 -5.70493149e-06
52.869  1.90184042e-05  6.06559615e-06
53.513  1.26064847e-05  1.47287130e-05
54.158  3.27563186e-06  1.77176471e-05
54.803 -5.17692800e-06  1.48339952e-05
55.448 -9.63748503e-06  7.77304508e-06
56.092 -8.52269781e-06 -4.13026379e-07
56.737 -2.48247543e-06 -6.27203545e-06
57.382  5.72374090e-06 -7.48185841e-06
58.027  1.25113999e-05 -3.73215556e-06
58.671  1.50705653e-05  3.41419845e-06
59.316  1.22336705e-05  1.10120022e-05
59.961  4.89885564e-06  1.59345741e-05
60.606 -4.19137568e-06  1.62551922e-05
61.250 -1.17497251e-05  1.19772589e-05
61.895 -1.52954283e-05  4.89025547e-06
62.540 -1.39549086e-05 -2.27189947e-06
63.185 -8.75214806e-06 -6.93653705e-06
63.829 -2.14926756e-06 -7.61920239e-06
64.474  3.13723549e-06 -4.56383617e-06
65.119  5.20001580e-06  4.51116763e-07
65.764  3.57971582e-06  5.09485827e-06
66.408 -6.90800665e-07  7.36949563e-06
67.053 -5.64105920e-06  6.23590641e-06
67.698 -9.08249975e-06  2.00204959e-06
68.343 -9.38720723e-06 -3.80585221e-06
68.987 -6.24036842e-06 -9.00478702e-06
69.632 -7.75454681e-07 -1.16036274e-05
70.277  4.99251040e-06 -1.06817086e-05
70.921  8.90883664e-06 -6.69985278e-06
71.566  9.54078497e-06 -1.21485560e-06
72.211  6.78563089e-06  3.70826116e-06
72.856  1.80762610e-06  6.36450667e-06
73.500 -3.50151443e-06  6.10909054e-06
74.145 -7.27347085e-06  3.43782011e-06
74.790 -8.38953295e-06 -2.90454184e-07
75.435 -6.78445513e-06 -3.37830872e-06
76.079 -3.37770702e-06 -4.52063862e-06
76.724  2.75036747e-07 -3.24968121e-06
77.369  2.64857131e-06 -1.68564190e-08
78.014  2.81661856e-06  3.93465325e-06
78.658  7.46731431e-07  7.06550245e-06
79.303 -2.64429121e-06  8.18413117e-06
79.948 -5.88580943e-06  6.86348151e-06
80.593 -7.61501336e-06  3.62865992e-06
81.237 -7.07523689e-06 -2.64741836e-07
81.882 -4.42077169e-06 -3.42731245e-06
82.527 -6.49825249e-07 -4.84475740e-06
83.172  2.88469222e-06 -4.21624138e-06
83.816  4.98190021e-06 -2.07075662e-06
84.461  5.00550111e-06  5.34684711e-07
85.106  3.14362861e-06  2.47383323e-06
85.751  2.47869732e-07  2.94870470e-06
86.395 -2.57018830e-06  1.81385848e-06
87.040 -4.31526516e-06 -4.26747732e-07
87.685 -4.49411911e-06 -2.89078718e-06
88.329 -3.28140697e-06 -4.61644879e-06
88.974 -1.36165796e-06 -4.94605674e-06
89.619  3.24118837e-07 -3.81253686e-06
90.264  9.52956164e-07 -1.70697103e-06
90.908  2.06706419e-07  5.07769720e-07
91.553 -1.64704635e-06  1.92785991e-06
92.198 -3.88570015e-06  2.02336223e-06
92.843 -5.59685232e-06  8.06996166e-07
93.487 -6.09994470e-06 -1.21668810e-06
94.132 -5.20574084e-06 -3.23148542e-06
94.777 -3.22649836e-06 -4.48163352e-06
95.422 -8.74903475e-07 -4.57274838e-06
96.066  1.03244679e-06 -3.55063946e-06
96.711  1.91271569e-06 -1.89648446e-06
97.356  1.57254579e-06 -3.33106807e-07
98.001  2.77716469e-07  5.00631290e-07
98.645 -1.33893334e-06  2.46034451e-07
99.290 -2.56992886e-06 -1.04610331e-06
99.935 -2.87656056e-06 -2.89794119e-06
100.580 -2.07395048e-06 -4.63637599e-06
101.224 -4.35763976e-07 -5.65267977e-06
101.869  1.46523256e-06 -5.59921516e-06
102.514  3.01167460e-06 -4.54924356e-06
103.159  3.74109659e-06 -2.92699844e-06
103.803  3.54241061e-06 -1.29182503e-06
104.448  2.67527301e-06 -1.60566991e-07
105.093  1.60211008e-06  1.99275436e-07
105.737  8.29397678e-07 -1.30256208e-07
106.382  7.07272062e-07 -8.24120823e-07
107.027  1.26815835e-06 -1.43961106e-06
107.672  2.26856781e-06 -1.58348633e-06
108.316  3.28751799e-06 -1.11014450e-06
108.961  3.86704595e-06 -1.46931508e-07
109.606  3.73525447e-06  9.71375083e-07
110.251  2.89834708e-06  1.80074084e-06
110.895  1.61107359e-06  2.00063229e-06
111.540  3.16431943e-07  1.47730554e-06
112.185 -5.50301647e-07  3.89000778e-07
112.830 -7.52926196e-07 -8.80141501e-07
113.474 -2.99618591e-07 -1.87395579e-06
114.119  5.48485533e-07 -2.27064030e-06
114.764  1.37556940e-06 -1.95975000e-06
115.409  1.81521004e-06 -1.07959173e-06
116.053  1.65987176e-06  1.97620915e-08
116.698  9.22929435e-07  9.52933639e-07
117.343 -1.40224828e-07  1.42616893e-06
117.988 -1.16616180e-06  1.31244207e-06
118.632 -1.82161588e-06  7.22210538e-07
119.277 -1.88870486e-06 -7.10637930e-08
119.922 -1.37018875e-06 -7.61225632e-07
120.567 -4.72610468e-07 -1.09147750e-06
121.211  5.12717522e-07 -9.71949561e-07
121.856  1.29218344e-06 -5.15042726e-07
122.501  1.68950808e-06  5.97340900e-08
123.145  1.72587541e-06  4.99623869e-07
123.790  1.55469823e-06  6.20347759e-07
124.435  1.39327140e-06  4.11856667e-07
125.080  1.44060903e-06  5.14405001e-09
125.724  1.75477657e-06 -3.89927028e-07
126.369  2.24683980e-06 -5.44820584e-07
127.014  2.73287361e-06 -3.38654790e-07
127.659  2.97494860e-06  1.96288198e-07
128.303  2.80169974e-06  9.11757872e-07
128.948  2.19150708e-06  1.56634820e-06
129.593  1.25558163e-06  1.92767548e-06
130.238  2.29489545e-07  1.88452262e-06
130.882 -6.04401654e-07  1.45646152e-06
131.527 -1.04844230e-06  8.01401210e-07
132.172 -1.02981344e-06  1.74129610e-07
132.817 -6.22316413e-07 -2.02594413e-07
133.461 -4.11768162e-08 -2.00694712e-07
134.106  4.70520374e-07  1.83578076e-07
134.751  7.24480343e-07  8.01995806e-07
135.396  6.24415890e-07  1.43620356e-06
136.040  2.21158216e-07  1.88672480e-06
136.685 -3.28258488e-07  2.00945422e-06
137.330 -8.46857687e-07  1.78298473e-06
137.975 -1.17235917e-06  1.30748436e-06
138.619 -1.22576879e-06  7.29183528e-07
139.264 -1.04563789e-06  2.09413172e-07
139.909 -7.29273493e-07 -1.33701362e-07
140.553 -4.03368632e-07 -2.84686286e-07
141.198 -1.81310902e-07 -2.92060095e-07
141.843 -9.02253718e-08 -2.38576666e-07
142.488 -8.96313968e-08 -2.16362821e-07
143.132 -1.06629794e-07 -2.52249908e-07
143.777 -5.01834315e-08 -3.06174390e-07
144.422  1.16812429e-07 -3.10840216e-07
145.067  3.52984806e-07 -1.79326051e-07
145.711  5.78397296e-07  1.33064113e-07
146.356  6.82042421e-07  5.84174686e-07
147.001  5.73155243e-07  1.07975499e-06
147.646  2.47392913e-07  1.48391798e-06
148.290 -2.30563947e-07  1.65703498e-06
148.935 -7.37206354e-07  1.53676484e-06
149.580 -1.11135323e-06  1.14365264e-06
150.225 -1.24075312e-06  5.73040428e-07
150.869 -1.09406212e-06 -8.42348972e-09
151.514 -7.19057559e-07 -4.43607497e-07
152.159 -2.57076332e-07 -6.41109949e-07
152.804  1.20569817e-07 -5.82905852e-07
153.448  2.86284438e-07 -3.55183675e-07
154.093  1.74553623e-07 -1.12623437e-07
154.738 -1.75635305e-07  6.11575724e-10
155.383 -6.24589440e-07 -1.21997708e-07
156.027 -1.00610578e-06 -5.01655346e-07
156.672 -1.16313099e-06 -1.04545496e-06
157.317 -9.96427167e-07 -1.60277974e-06
157.961 -5.22826295e-07 -2.00289663e-06
158.606  1.53386000e-07 -2.09552059e-06
159.251  8.74628232e-07 -1.82669308e-06
159.896  1.45774524e-06 -1.24080440e-06
160.540  1.77599516e-06 -4.54107101e-07
161.185  1.79191385e-06  3.56704112e-07
161.830  1.54308509e-06  1.02834794e-06
162.475  1.14801158e-06  1.46736796e-06
163.119  7.52125543e-07  1.64840816e-06
163.764  4.57648737e-07  1.63327375e-06
164.409  3.13477693e-07  1.54265249e-06
165.054  2.88723882e-07  1.48153750e-06
165.698  2.74527732e-07  1.51648071e-06
166.343  1.54754417e-07  1.64454067e-06
166.988 -1.57699193e-07  1.76831371e-06
167.633 -6.86211758e-07  1.75200792e-06
168.277 -1.34075049e-06  1.46848145e-06
168.922 -1.94983309e-06  8.37292150e-07
169.567 -2.31333024e-06 -1.02928418e-07
170.212 -2.24417403e-06 -1.19039424e-06
170.856 -1.66025321e-06 -2.18480874e-06
171.501 -6.34179956e-07 -2.80477651e-06
172.146  6.25761992e-07 -2.82722087e-06
172.791  1.79630235e-06 -2.18229785e-06
173.435  2.52865034e-06 -9.74416449e-07
174.080  2.57791431e-06  5.07403083e-07
174.725  1.87209855e-06  1.84694112e-06
175.369  5.66010572e-07  2.64190773e-06
176.014 -9.61470870e-07  2.61622586e-06
176.659 -2.22810762e-06  1.72155359e-06
177.304 -2.78480337e-06  2.04838329e-07
177.948 -2.35624485e-06 -1.45871837e-06
178.593 -9.81673249e-07 -2.69788324e-06
179.238  9.71128562e-07 -3.00647284e-06
179.883  2.89951754e-06 -2.14778050e-06
180.527  4.11787457e-06 -2.67034055e-07
181.172  4.09947287e-06  2.12870448e-06
181.817  2.68580502e-06  4.27654008e-06
182.462  1.64981470e-07  5.39753755e-06
183.106 -2.75309611e-06  4.98184541e-06
183.751 -5.12735074e-06  2.97632380e-06
184.396 -6.10585183e-06 -1.29565100e-07
185.041 -5.21237357e-06 -3.39523763e-06
185.685 -2.55720275e-06 -5.72665543e-06
186.330  1.11346712e-06 -6.22681306e-06
186.975  4.62724565e-06 -4.52284785e-06
187.620  6.74378732e-06 -9.79370677e-07
188.264  6.56465827e-06  3.36242175e-06
188.909  3.90812503e-06  7.08068450e-06
189.554 -5.57675781e-07  8.80782749e-06
190.199 -5.47422255e-06  7.73284626e-06
190.843 -9.17553372e-06  3.94438551e-06
191.488 -1.02521164e-05 -1.53088825e-06
192.133 -8.08182937e-06 -6.97724516e-06
192.777 -3.10085473e-06 -1.05269855e-05
193.422  3.23797624e-06 -1.08190806e-05
194.067  8.87521669e-06 -7.50071105e-06
194.712  1.18363896e-05 -1.44224186e-06
195.356  1.09174952e-05  5.45111297e-06
196.001  6.16678208e-06  1.08480106e-05
196.646 -1.01269415e-06  1.27733443e-05
197.291 -8.27184336e-06  1.03223894e-05
197.935 -1.30785842e-05  4.08486587e-06
198.580 -1.35860544e-05 -3.96349758e-06
199.225 -9.36023994e-06 -1.10739613e-05
199.870 -1.63601235e-06 -1.46310093e-05
200.514  7.02204718e-06 -1.31134716e-05
201.159  1.35261701e-05 -6.72824994e-06
201.804  1.53448141e-05  2.55859579e-06
202.449  1.14703872e-05  1.15873569e-05
203.093  2.87291786e-06  1.70532751e-05
203.738 -7.69931426e-06  1.67063392e-05
204.383 -1.65714086e-05  1.02204632e-05
205.028 -2.04203537e-05 -5.53909311e-07
205.672 -1.74849942e-05 -1.20862110e-05
206.317 -8.29748208e-06 -2.03370917e-05
206.962  4.33303301e-06 -2.21709542e-05
207.607  1.61898612e-05 -1.65226645e-05
208.251  2.30733062e-05 -4.92888455e-06
208.896  2.22828363e-05  8.86658391e-06
209.541  1.36849008e-05  2.01318434e-05
210.185 -8.89677238e-08  2.47596632e-05
210.830 -1.44451819e-05  2.07755609e-05
211.475 -2.43445368e-05  9.16720566e-06
212.120 -2.60754312e-05 -6.33373735e-06
212.764 -1.86590772e-05 -2.04348198e-05
213.409 -4.31159185e-06 -2.80869932e-05
214.054  1.21966126e-05 -2.63154480e-05
214.699  2.51154445e-05 -1.53606354e-05
215.343  2.97441385e-05  1.27505461e-06
215.988  2.41477998e-05  1.79254945e-05
216.633  9.94625777e-06  2.87136221e-05
217.278 -8.11130847e-06  2.96464474e-05
217.922 -2.37392225e-05  2.00953799e-05
218.567 -3.13218056e-05  3.15506513e-06
219.212 -2.79306853e-05 -1.53402460e-05
219.857 -1.44740746e-05 -2.88351833e-05
220.501  4.50020960e-06 -3.23674267e-05
221.146  2.23445434e-05 -2.44031430e-05
221.791  3.26266489e-05 -7.50402347e-06
222.436  3.14456231e-05  1.24932862e-05
223.080  1.89241059e-05  2.84802779e-05
223.725 -7.40110824e-07  3.45902885e-05
224.370 -2.06793195e-05  2.83613065e-05
225.015 -3.37440475e-05  1.17007113e-05
225.659 -3.50834075e-05 -9.70313479e-06
226.304 -2.39408924e-05 -2.83213193e-05
226.949 -4.00047875e-06 -3.74601258e-05
227.593  1.78309908e-05 -3.36877659e-05
228.238  3.38469876e-05 -1.81095886e-05
228.883  3.83048870e-05  3.93994577e-06
229.528  2.94982094e-05  2.47430554e-05
230.172  1.04277508e-05  3.69502573e-05
230.817 -1.22111390e-05  3.62059504e-05
231.462 -3.04120016e-05  2.27378053e-05
232.107 -3.77123425e-05  1.32482360e-06
232.751 -3.15163054e-05 -2.04065284e-05
233.396 -1.40618579e-05 -3.47095568e-05
234.041  8.38005481e-06 -3.64912089e-05
234.686  2.77630010e-05 -2.51661437e-05
235.330  3.71498477e-05 -4.86461131e-06
235.975  3.32276382e-05  1.70750028e-05
236.620  1.74996133e-05  3.27499727e-05
237.265 -4.29010276e-06  3.65614338e-05
237.909 -2.42431433e-05  2.72420321e-05
238.554 -3.51830694e-05  8.27601991e-06
239.199 -3.32701472e-05 -1.33882972e-05
239.844 -1.93575586e-05 -2.98833533e-05
240.488  1.35719062e-06 -3.53091202e-05
241.133  2.12550592e-05 -2.78541224e-05
241.778  3.31149304e-05 -1.04095979e-05
242.423  3.27420185e-05  1.05233546e-05
243.067  2.04548845e-05  2.72648022e-05
243.712  9.26761446e-07  3.37828262e-05
244.357 -1.85912996e-05  2.78653464e-05
245.001 -3.09731372e-05  1.18881039e-05
245.646 -3.18132874e-05 -8.12747135e-06
246.291 -2.10074610e-05 -2.47961468e-05
246.936 -2.72255106e-06 -3.20897927e-05
247.580  1.62273013e-05 -2.75286504e-05
248.225  2.89260009e-05 -1.30338021e-05
248.870  3.08956777e-05  5.88616622e-06
249.515  2.17029163e-05  2.22373897e-05
250.159  5.00951759e-06  3.01414149e-05
250.804 -1.28831461e-05  2.69877021e-05
251.449 -2.54172826e-05  1.43017840e-05
252.094 -2.82219048e-05 -2.94425498e-06
252.738 -2.06643847e-05 -1.82615639e-05
253.383 -5.95497609e-06 -2.61082771e-05
254.028  1.01604707e-05 -2.39252490e-05
254.673  2.16334385e-05 -1.29751062e-05
255.317  2.43978821e-05  2.25382643e-06
255.962  1.78130277e-05  1.58448368e-05
256.607  4.78636821e-06  2.27480615e-05
257.252 -9.44647414e-06  2.06482279e-05
257.896 -1.94089822e-05  1.07433548e-05
258.541 -2.14738144e-05 -2.82679689e-06
259.186 -1.51784637e-05 -1.46830028e-05
259.831 -3.30601786e-06 -2.03161485e-05
260.475  9.30775199e-06 -1.77855402e-05
261.120  1.77189929e-05 -8.39802030e-06
261.765  1.87857350e-05  3.90674250e-06
262.409  1.23467315e-05  1.41817983e-05
263.054  1.19993061e-06  1.84221747e-05
263.699 -1.00885086e-05  1.51136138e-05
264.344 -1.70122646e-05  5.77094749e-06
264.988 -1.68962150e-05 -5.74470569e-06
265.633 -9.92120733e-06 -1.47929594e-05
266.278  1.01924555e-06 -1.77945625e-05
266.923  1.15121574e-05 -1.36366997e-05
267.567  1.73843100e-05 -4.05853834e-06
268.212  1.63583649e-05  7.08826004e-06
268.857  8.91700321e-06  1.53807398e-05
269.502 -1.93959016e-06  1.75880675e-05
270.146 -1.19015135e-05  1.29288079e-05
270.791 -1.70726850e-05  3.32960000e-06
271.436 -1.55068551e-05 -7.36320965e-06
272.081 -7.93224445e-06 -1.49276747e-05
272.725  2.56728988e-06 -1.64470041e-05
273.370  1.17966748e-05 -1.14289751e-05
274.015  1.61333588e-05 -1.96840581e-06
274.660  1.39410205e-05  8.10502895e-06
275.304  6.18707496e-06  1.47751344e-05
275.949 -3.95897696e-06  1.54257976e-05
276.594 -1.24146002e-05  9.85259779e-06
277.239 -1.58114204e-05  3.32656091e-07
277.883 -1.28113803e-05 -9.30490930e-06
278.528 -4.63223766e-06 -1.52136935e-05
279.173  5.45181753e-06 -1.50395362e-05
279.817  1.34271303e-05 -8.85076870e-06
280.462  1.61179547e-05  8.95207598e-07
281.107  1.24392142e-05  1.03431071e-05
281.752  3.82724431e-06  1.57537873e-05
282.396 -6.34309176e-06  1.49714616e-05
283.041 -1.40815408e-05  8.27857060e-06
283.686 -1.63373569e-05 -1.72889361e-06
284.331 -1.22011885e-05 -1.11592923e-05
284.975 -3.24907802e-06 -1.63313760e-05
285.620  7.08040780e-06 -1.52137164e-05
286.265  1.48088960e-05 -8.20522318e-06
286.910  1.69618471e-05  2.03709079e-06
287.554  1.27112386e-05  1.16178496e-05
288.199  3.66770970e-06  1.69058283e-05
288.844 -6.74407951e-06  1.59272123e-05
289.489 -1.46042529e-05  9.08950149e-06
290.133 -1.70035146e-05 -9.95384607e-07
290.778 -1.31219824e-05 -1.05228957e-05
291.423 -4.50656809e-06 -1.59648837e-05
292.068  5.54412919e-06 -1.53900658e-05
292.712  1.32689765e-05 -9.15481280e-06
293.357  1.58697461e-05  2.69711031e-07
294.002  1.25320048e-05  9.28700082e-06
294.647  4.69111225e-06  1.45626613e-05
295.291 -4.57491335e-06  1.42615200e-05
295.936 -1.17627037e-05  8.70342303e-06
296.581 -1.42671765e-05  1.76384050e-07
297.225 -1.13410444e-05 -8.00379221e-06
297.870 -4.32044852e-06 -1.27739975e-05
298.515  3.96704806e-06 -1.24766426e-05
299.160  1.03246502e-05 -7.44891822e-06
299.804  1.24128187e-05  1.89177878e-07
300.449  9.62233013e-06  7.40832864e-06
301.094  3.23554568e-06  1.14541797e-05
301.739 -4.13870717e-06  1.09047352e-05
302.383 -9.60595905e-06  6.16458615e-06
303.028 -1.11204826e-05 -7.64682498e-07
303.673 -8.24604535e-06 -7.10277890e-06
304.318 -2.25807885e-06 -1.03978185e-05
304.962  4.39873394e-06 -9.46994526e-06
305.607  9.09696421e-06 -4.81443720e-06
306.252  1.00600042e-05  1.63867440e-06
306.897  7.01292251e-06  7.31456337e-06
307.541  1.24366773e-06  1.00228375e-05
308.186 -4.93642548e-06  8.78599989e-06
308.831 -9.12959447e-06  4.17721296e-06
309.476 -9.77700375e-06 -1.93929476e-06
310.120 -6.72661411e-06 -7.17758946e-06
310.765 -1.25683567e-06 -9.56740867e-06
311.410  4.46893521e-06 -8.28878007e-06
312.055  8.27024787e-06 -3.95694039e-06
312.699  8.77687109e-06  1.66669272e-06
313.344  5.93092086e-06  6.40271617e-06
313.989  9.61129468e-07  8.49645091e-06
314.633 -4.15255697e-06  7.27653869e-06
315.278 -7.46444440e-06  3.37393044e-06
315.923 -7.80835041e-06 -1.58976812e-06
316.568 -5.22137568e-06 -5.66969949e-06
317.212 -8.63417538e-07 -7.35919927e-06
317.857  3.48850790e-06 -6.16377437e-06
318.502  6.15452229e-06 -2.73792250e-06
319.147  6.21452141e-06  1.43413733e-06
319.791  3.83130123e-06  4.65483477e-06
320.436  1.23930859e-07  5.70396842e-06
321.081 -3.31546285e-06  4.30647070e-06
321.726 -5.08681111e-06  1.18968355e-06
322.370 -4.54846470e-06 -2.24645752e-06
323.015 -2.03954756e-06 -4.52517523e-06
323.660  1.28823709e-06 -4.71166171e-06
324.305  3.96353715e-06 -2.77525979e-06
324.949  4.82305046e-06  4.17659665e-07
325.594  3.48461017e-06  3.46905825e-06
326.239  4.94557184e-07  5.04507043e-06
326.884 -2.89207214e-06  4.42788408e-06
327.528 -5.23677582e-06  1.80594499e-06
328.173 -5.51156762e-06 -1.78823324e-06
328.818 -3.51362178e-06 -4.89606414e-06
329.463  3.43440352e-08 -6.22709464e-06
330.107  3.76184040e-06 -5.17098298e-06
330.752  6.19845776e-06 -2.05564380e-06
331.397  6.34578688e-06  1.96452875e-06
332.041  4.07577584e-06  5.36174253e-06
332.686  1.98518898e-07  6.81914287e-06
333.331 -3.85170621e-06  5.73699774e-06
333.976 -6.55935406e-06  2.47679176e-06
334.620 -6.89530975e-06 -1.78015379e-06
335.265 -4.71444231e-06 -5.48021955e-06
335.910 -8.02723125e-07 -7.27048355e-06
336.555  3.42861907e-06 -6.50780834e-06
337.199  6.46201340e-06 -3.48806456e-06
337.844  7.23751722e-06  6.87582592e-07
338.489  5.53483472e-06  4.52394441e-06
339.134  2.02076652e-06  6.68716631e-06
339.778 -2.01511272e-06  6.49093770e-06
340.423 -5.14663816e-06  4.11086913e-06
341.068 -6.34107178e-06  4.86122125e-07
341.713 -5.30522967e-06 -3.04945124e-06
342.357 -2.54921346e-06 -5.27912616e-06
343.002  8.36531956e-07 -5.53201411e-06
343.647  3.62121440e-06 -3.88469418e-06
344.292  4.89092995e-06 -1.09045652e-06
344.936  4.34998016e-06  1.75126650e-06
345.581  2.38825244e-06  3.63076614e-06
346.226 -1.22053878e-07  3.98497246e-06
346.871 -2.20254501e-06  2.87429772e-06
347.515 -3.13969830e-06  9.05729442e-07
348.160 -2.73587201e-06 -1.06005453e-06
348.805 -1.34369761e-06 -2.26114843e-06
349.449  3.34385356e-07 -2.32542046e-06
350.094  1.55830840e-06 -1.39355163e-06
350.739  1.85363231e-06 -9.27148704e-09
351.384  1.19946383e-06  1.14121222e-06
352.028  1.98058750e-09  1.52570264e-06
352.673 -1.10988385e-06  9.98427031e-07
353.318 -1.56260398e-06 -1.51582877e-07
353.963 -1.09946312e-06 -1.34595774e-06
354.607  1.03220762e-07 -1.96902510e-06
355.252  1.51894556e-06 -1.64616857e-06
355.897  2.48894514e-06 -4.22349560e-07
356.542  2.50583038e-06  1.25193532e-06
357.186  1.44785693e-06  2.69343378e-06
357.831 -3.59351926e-07  3.26050291e-06
358.476 -2.25601958e-06  2.63196997e-06
359.121 -3.49424685e-06  9.48232658e-07
359.765 -3.54309162e-06 -1.22736334e-06
360.410 -2.30503950e-06 -3.10374958e-06
361.055 -1.63140962e-07 -3.96729675e-06
361.700  2.14112186e-06 -3.45885780e-06
362.344  3.78154465e-06 -1.70917780e-06
362.989  4.15858902e-06  6.93171122e-07
363.634  3.11334154e-06  2.91227060e-06
364.279  9.92096195e-07  4.17599377e-06
364.923 -1.47517834e-06  4.04615200e-06
365.568 -3.44842601e-06  2.57277181e-06
366.213 -4.27169588e-06  2.75374139e-07
366.857 -3.69654082e-06 -2.06004513e-06
367.502 -1.96442615e-06 -3.66280791e-06
368.147  3.03847683e-07 -4.03911592e-06
368.792  2.34401746e-06 -3.13830483e-06
369.436  3.51283818e-06 -1.34118282e-06
370.081  3.50897835e-06  7.05914285e-07
370.726  2.45078531e-06  2.32624682e-06
371.371  7.90694549e-07  3.05356028e-06
372.015 -8.67582147e-07  2.77689539e-06
372.660 -1.99762305e-06  1.73143821e-06
373.305 -2.33322583e-06  3.77885810e-07
373.950 -1.92060983e-06 -7.90489929e-07
374.594 -1.05680032e-06 -1.44090248e-06
375.239 -1.43015862e-07 -1.49429302e-06
375.884  4.97619321e-07 -1.11032357e-06
376.529  7.35276904e-07 -5.85371196e-07
377.173  6.49410785e-07 -1.91334348e-07
377.818  4.61199890e-07 -5.10203398e-08
378.463  3.93544161e-07 -1.03548466e-07
379.108  5.40687792e-07 -1.49731279e-07
379.752  8.19458699e-07  2.30088960e-08
380.397  1.00048762e-06  5.00767600e-07
381.042  8.24537926e-07  1.17543465e-06
381.687  1.58513585e-07  1.76096416e-06
382.331 -9.06293003e-07  1.90210364e-06
382.976 -2.04484656e-06  1.34998983e-06
383.621 -2.79093854e-06  1.03581951e-07
384.265 -2.72675348e-06 -1.53789691e-06
384.910 -1.67400205e-06 -3.03310127e-06
385.555  1.92633238e-07 -3.78426268e-06
386.200  2.34500101e-06 -3.37193248e-06
386.844  4.05408764e-06 -1.73989193e-06
387.489  4.64623416e-06  7.22494328e-07
388.134  3.75527586e-06  3.26414618e-06
388.779  1.50031969e-06  5.01281872e-06
389.423 -1.49586903e-06  5.27162823e-06
390.068 -4.28550843e-06  3.78869225e-06
390.713 -5.89609479e-06  8.99299591e-07
391.358 -5.66720531e-06 -2.54519245e-06
392.002 -3.51755812e-06 -5.42888541e-06
392.647 -1.51290263e-08 -6.73015029e-06
393.292  3.77137494e-06 -5.88932495e-06
393.937  6.59398662e-06 -3.03151605e-06
394.581  7.44471711e-06  1.03526888e-06
395.226  5.91375905e-06  5.04154395e-06
395.871  2.35586469e-06  7.65979312e-06
396.516 -2.17797625e-06  7.95127550e-06
397.160 -6.25417613e-06  5.69200079e-06
397.805 -8.52148620e-06  1.48806838e-06
398.450 -8.15541915e-06 -3.38206851e-06
399.095 -5.15588455e-06 -7.36832185e-06
