0.562  2.60463636e-03 -4.12533872e-04
1.123  1.46638244e-03  3.87921292e-04
1.685  8.13242228e-04  7.53198843e-04
2.246  2.20240107e-04  8.03877656e-04
2.808 -1.97668460e-04  6.33082301e-04
3.369 -4.43957386e-04  3.64346642e-04
3.931 -4.77689270e-04  3.33343552e-05
4.492 -3.54212390e-04 -2.07903339e-04
5.054 -1.50766953e-04 -3.30421006e-04
5.615  6.07948358e-05 -3.03217137e-04
6.177  2.21103682e-04 -2.01360954e-04
6.739  2.74119604e-04 -3.96469132e-05
7.300  2.32405878e-04  1.16073572e-04
7.862  1.12427859e-04  2.02567810e-04
8.423 -2.82524627e-05  2.02498550e-04
8.985 -1.43087358e-04  1.37181342e-04
9.546 -1.79763165e-04  3.26383933e-05
10.108 -1.53813806e-04 -7.42374069e-05
10.669 -7.52096503e-05 -1.48572676e-04
11.231  2.47829206e-05 -1.57491916e-04
11.793  1.05276191e-04 -1.12535433e-04
12.354  1.35131860e-04 -3.39545725e-05
12.916  1.17456233e-04  4.82248563e-05
13.477  5.77787067e-05  1.05617209e-04
14.039 -2.09247844e-05  1.15164157e-04
14.600 -8.47024134e-05  8.05866627e-05
15.162 -1.13344240e-04  1.28322925e-05
15.723 -9.99282860e-05 -5.47933642e-05
16.285 -5.00203456e-05 -9.93434637e-05
16.846  1.59003374e-05 -1.03484676e-04
17.408  7.16939572e-05 -6.91104488e-05
17.970  9.51285933e-05 -1.27689602e-05
18.531  8.06525857e-05  4.26477776e-05
19.093  4.00471210e-05  7.57698900e-05
19.654 -9.50306252e-06  7.78821128e-05
20.216 -4.68940399e-05  5.11065720e-05
20.777 -6.02197073e-05  8.41966440e-06
21.339 -4.59466579e-05 -3.37313128e-05
21.900 -1.10370790e-05 -5.83104102e-05
22.462  2.92439567e-05 -5.69841008e-05
23.023  5.69290878e-05 -3.38383345e-05
23.585  6.43926578e-05  1.55836001e-06
24.147  4.96431032e-05  3.35233041e-05
24.708  1.82213097e-05  5.04284627e-05
25.270 -1.93806805e-05  4.71328479e-05
25.831 -4.74596883e-05  2.58262516e-05
26.393 -5.72668032e-05 -5.42424157e-06
26.954 -4.53124792e-05 -3.50942105e-05
27.516 -1.89890060e-05 -5.19267889e-05
28.077  1.12913361e-05 -5.04645781e-05
28.639  3.46050526e-05 -3.10766180e-05
29.201  4.26063315e-05 -2.81843183e-06
29.762  3.36366172e-05  2.35099974e-05
30.324  1.15259334e-05  3.71413186e-05
30.885 -1.45172732e-05  3.38765378e-05
31.447 -3.38354988e-05  1.65108289e-05
32.008 -3.96140540e-05 -8.60119346e-06
32.570 -2.96760279e-05 -3.17656455e-05
33.131 -7.99662758e-06 -4.38321342e-05
33.693  1.64573137e-05 -4.10503907e-05
34.254  3.37836563e-05 -2.54597032e-05
34.816  3.73564039e-05 -3.68513179e-06
35.378  2.66728559e-05  1.52189479e-05
35.939  6.96605641e-06  2.41385483e-05
36.501 -1.34362523e-05  2.02951912e-05
37.062 -2.63261659e-05  5.68404803e-06
37.624 -2.70351584e-05 -1.28363804e-05
38.185 -1.59026895e-05 -2.74252992e-05
38.747  2.36948036e-06 -3.24546694e-05
39.308  2.06184659e-05 -2.58444029e-05
39.870  3.18265899e-05 -1.01000694e-05
40.431  3.21869120e-05  8.70498856e-06
40.993  2.23205759e-05  2.38756633e-05
41.555  6.44108117e-06  3.02516276e-05
42.116 -9.54993062e-06  2.62964560e-05
42.678 -1.99990235e-05  1.43987475e-05
43.239 -2.13695034e-05 -3.05606865e-07
43.801 -1.41191027e-05 -1.19669249e-05
44.362 -2.02675944e-06 -1.64846625e-05
44.924  9.58390046e-06 -1.28775067e-05
45.485  1.58434131e-05 -3.24011549e-06
46.047  1.43186692e-05  8.18630671e-06
46.609  5.77628273e-06  1.66959787e-05
47.170 -6.49876650e-06  1.90155543e-05
47.732 -1.79456941e-05  1.42306860e-05
48.293 -2.43213192e-05  4.05014649e-06
48.855 -2.35346226e-05 -7.72291743e-06
49.416 -1.61446513e-05 -1.67629893e-05
49.978 -5.09986499e-06 -1.98781207e-05
50.539  5.29536761e-06 -1.62511096e-05
51.101  1.11935295e-05 -7.77339042e-06
51.662  1.06217434e-05  1.69897784e-06
52.224  4.28699127e-06  8.13500001e-06
52.786 -4.73728150e-06  8.93865020e-06
53.347 -1.24665066e-05  3.79842355e-06
53.909 -1.56910566e-05 -5.21861185e-06
54.470 -1.30737902e-05 -1.45961384e-05
55.032 -5.59897366e-06 -2.08699701e-05
55.593  3.94061590e-06 -2.18502555e-05
56.155  1.21300068e-05 -1.73992835e-05
56.716  1.61507606e-05 -9.49636320e-06
57.278  1.48925625e-05 -1.28491104e-06
57.839  9.35180161e-06  4.21984727e-06
58.401  2.05309028e-06  5.22457082e-06
58.963 -4.02134927e-06  1.86389448e-06
59.524 -6.56587078e-06 -4.02474303e-06
60.086 -4.84155877e-06 -9.75466932e-06
60.647  1.21980929e-07 -1.27668612e-05
61.209  6.01604161e-06 -1.16847348e-05
61.770  1.01616847e-05 -6.86989897e-06
62.332  1.06914672e-05 -1.56559791e-07
62.893  7.30388766e-06  5.90974758e-06
63.455  1.14321508e-06  9.10106360e-06
64.017 -5.69233216e-06  8.36823004e-06
64.578 -1.08793197e-05  4.06589279e-06
65.140 -1.27787260e-05 -2.20516885e-06
65.701 -1.09923958e-05 -8.15746657e-06
66.263 -6.44935384e-06 -1.17754073e-05
66.824 -1.08232951e-06 -1.20239890e-05
67.386  2.99713562e-06 -9.12780676e-06
67.947  4.31617602e-06 -4.52271905e-06
68.509  2.50731399e-06 -2.35529883e-07
69.070 -1.51946311e-06  1.97948132e-06
69.632 -5.96520703e-06  1.26537526e-06
70.194 -8.96133879e-06 -2.00399772e-06
70.755 -9.23615057e-06 -6.41013059e-06
71.317 -6.58293567e-06 -1.01560520e-05
71.878 -1.96059211e-06 -1.17193465e-05
72.440  2.97039676e-06 -1.04124569e-05
73.001  6.48897027e-06 -6.70909786e-06
73.563  7.44498603e-06 -1.96973682e-06
74.124  5.75277554e-06  2.13499148e-06
74.686  2.34010374e-06  4.21701244e-06
75.247 -1.30501588e-06  3.75304333e-06
75.809 -3.67972709e-06  1.25098248e-06
76.371 -3.89508896e-06 -2.05283718e-06
76.932 -2.01337112e-06 -4.65753040e-06
77.494  1.09658170e-06 -5.40706671e-06
78.055  4.08496444e-06 -3.97664287e-06
78.617  5.65158075e-06 -9.05492021e-07
79.178  5.12483620e-06  2.63200083e-06
79.740  2.65469093e-06  5.27675803e-06
80.301 -8.96314589e-07  6.08770419e-06
80.863 -4.27265443e-06  4.84849203e-06
81.425 -6.37301296e-06  2.07082431e-06
81.986 -6.64271308e-06 -1.17438770e-06
82.548 -5.19961247e-06 -3.71890032e-06
83.109 -2.81315710e-06 -4.76410625e-06
83.671 -5.64816217e-07 -4.10491535e-06
84.232  6.30526156e-07 -2.21396407e-06
84.794  3.09484502e-07 -3.33043426e-08
85.355 -1.36766403e-06  1.46670226e-06
85.917 -3.67020517e-06  1.61328212e-06
86.478 -5.66032957e-06  2.77617223e-07
87.040 -6.54448308e-06 -2.04123395e-06
87.602 -5.95561807e-06 -4.48567988e-06
88.163 -4.13878865e-06 -6.18312069e-06
88.725 -1.80035528e-06 -6.53999363e-06
89.286  2.02638284e-07 -5.51749901e-06
89.848  1.14797107e-06 -3.61795153e-06
90.409  7.66594347e-07 -1.63081204e-06
90.971 -6.53803633e-07 -3.63225474e-07
91.532 -2.44935204e-06 -3.01439609e-07
92.094 -3.80577060e-06 -1.40094813e-06
92.655 -4.07577549e-06 -3.17402896e-06
93.217 -3.07229369e-06 -4.86395795e-06
93.779 -1.08318317e-06 -5.71911896e-06
94.340  1.24414955e-06 -5.33379396e-06
94.902  3.11707218e-06 -3.76185964e-06
95.463  3.95121453e-06 -1.46518248e-06
96.025  3.56841604e-06  8.29274249e-07
96.586  2.20520477e-06  2.45522877e-06
97.148  4.42606385e-07  3.06368213e-06
97.709 -1.06163590e-06  2.68374131e-06
98.271 -1.85895362e-06  1.71619822e-06
98.833 -1.81493601e-06  7.47542321e-07
99.394 -1.15950710e-06  2.64314206e-07
99.956 -3.90633040e-07  5.08575461e-07
100.517 -9.74932117e-09  1.38701856e-06
101.079 -3.45278074e-07  2.48479438e-06
101.640 -1.43432213e-06  3.28756912e-06
102.202 -2.96308191e-06  3.37757864e-06
102.763 -4.42645234e-06  2.57047495e-06
103.325 -5.32924451e-06  1.03866299e-06
103.886 -5.33195991e-06 -7.70651190e-07
104.448 -4.41816722e-06 -2.32691181e-06
105.010 -2.89721632e-06 -3.16463428e-06
105.571 -1.24662438e-06 -3.07520226e-06
106.133  2.31321178e-08 -2.19009467e-06
106.694  5.58227471e-07 -8.72378428e-07
107.256  3.10407332e-07  3.96447611e-07
107.817 -5.10231269e-07  1.18365717e-06
108.379 -1.51967232e-06  1.29814917e-06
108.940 -2.28810720e-06  8.06145185e-07
109.502 -2.54647517e-06 -2.27204100e-08
110.063 -2.25712526e-06 -7.98337885e-07
110.625 -1.58676015e-06 -1.20807865e-06
111.187 -8.64103898e-07 -1.13490097e-06
111.748 -4.08958328e-07 -6.56910066e-07
112.310 -3.80616218e-07 -3.93661606e-08
112.871 -7.55372158e-07  3.97118762e-07
113.433 -1.31300140e-06  4.49676970e-07
113.994 -1.72619366e-06  8.20841883e-08
114.556 -1.74170154e-06 -5.44013932e-07
115.117 -1.25708252e-06 -1.10957005e-06
115.679 -3.65350606e-07 -1.30811350e-06
116.241  6.38741032e-07 -9.49833774e-07
116.802  1.40273387e-06 -2.03460351e-08
117.364  1.64282632e-06  1.26792018e-06
117.925  1.21399269e-06  2.57480757e-06
118.487  1.97941875e-07  3.56611040e-06
119.048 -1.13915586e-06  3.98849080e-06
119.610 -2.47219695e-06  3.77866230e-06
120.171 -3.49117213e-06  3.07985367e-06
120.733 -4.01568207e-06  2.13999450e-06
121.294 -4.06376882e-06  1.24640182e-06
121.856 -3.78358138e-06  6.24794982e-07
122.418 -3.39846243e-06  3.35441064e-07
122.979 -3.12947515e-06  3.05714130e-07
123.541 -3.07361964e-06  3.76112076e-07
124.102 -3.20043052e-06  3.50503526e-07
124.664 -3.39088071e-06  1.18795371e-07
125.225 -3.46370271e-06 -3.06852472e-07
125.787 -3.28722194e-06 -8.25079629e-07
126.348 -2.84611941e-06 -1.25548815e-06
126.910 -2.21833646e-06 -1.43234050e-06
127.471 -1.57561651e-06 -1.29762180e-06
128.033 -1.11450684e-06 -8.93698241e-07
128.595 -9.45114665e-07 -3.70381142e-07
129.156 -1.07629066e-06  5.60579797e-08
129.718 -1.40279097e-06  2.22276890e-07
130.279 -1.71546977e-06  5.94200204e-08
130.841 -1.81342739e-06 -3.87496141e-07
131.402 -1.56947838e-06 -9.39390310e-07
131.964 -9.55528160e-07 -1.37346140e-06
132.525 -8.91329547e-08 -1.50649177e-06
133.087  8.22196119e-07 -1.22597966e-06
133.649  1.57061769e-06 -5.55556114e-07
134.210  1.98136163e-06  3.58922417e-07
134.772  1.98440381e-06  1.33270063e-06
135.333  1.64024939e-06  2.17429046e-06
135.895  1.07227867e-06  2.75088924e-06
136.456  4.37214120e-07  3.04583150e-06
137.018 -1.24022279e-07  3.11316782e-06
137.579 -5.61879792e-07  3.05038721e-06
138.141 -8.95736609e-07  2.96984318e-06
138.702 -1.18493583e-06  2.91797608e-06
139.264 -1.51739590e-06  2.87457720e-06
139.826 -1.93289186e-06  2.78465748e-06
140.387 -2.39924099e-06  2.55857481e-06
140.949 -2.84536692e-06  2.13794874e-06
141.510 -3.15723545e-06  1.54167852e-06
142.072 -3.22936114e-06  8.37805685e-07
142.633 -3.03088304e-06  1.48375343e-07
143.195 -2.59061850e-06 -3.83245390e-07
143.756 -2.00205825e-06 -6.70787888e-07
144.318 -1.41253535e-06 -6.88280625e-07
144.879 -9.43107445e-07 -4.74682370e-07
145.441 -6.65490845e-07 -1.44932255e-07
146.003 -5.97625908e-07  1.79880125e-07
146.564 -6.74057333e-07  4.12214708e-07
147.126 -7.95757326e-07  5.00896311e-07
147.687 -8.81487199e-07  4.71115238e-07
148.249 -8.69496462e-07  3.98909415e-07
148.810 -7.59564454e-07  3.53326202e-07
149.372 -6.12531824e-07  3.93607507e-07
149.933 -4.91842157e-07  5.32471055e-07
150.495 -4.56041867e-07  7.14669951e-07
151.057 -5.31191554e-07  8.70737762e-07
151.618 -6.71614095e-07  9.33395142e-07
152.180 -8.01998164e-07  8.56071477e-07
152.741 -8.43563390e-07  6.65218769e-07
153.303 -7.24585568e-07  4.36580397e-07
153.864 -4.39556772e-07  2.61204525e-07
154.426 -4.89956734e-08  2.40460756e-07
154.987  3.56797281e-07  4.26358192e-07
155.549  6.58271557e-07  7.95694321e-07
156.110  7.58683775e-07  1.28110394e-06
156.672  6.32736051e-07  1.76772162e-06
157.234  3.06713717e-07  2.13029104e-06
157.795 -1.35315438e-07  2.29742288e-06
158.357 -5.68407213e-07  2.24729234e-06
158.918 -8.96009510e-07  2.01573974e-06
159.480 -1.06188833e-06  1.70146581e-06
160.041 -1.05787998e-06  1.40283969e-06
160.603 -9.48150076e-07  1.19125217e-06
161.164 -8.20779161e-07  1.10488411e-06
161.726 -7.49299277e-07  1.11069466e-06
162.287 -7.87853978e-07  1.13146285e-06
162.849 -9.26308682e-07  1.09124047e-06
163.411 -1.09284273e-06  9.20147961e-07
163.972 -1.20062469e-06  6.00019256e-07
164.534 -1.15463865e-06  1.87392503e-07
165.095 -8.93198845e-07 -2.26078831e-07
165.657 -4.34837995e-07 -5.22185879e-07
166.218  1.45420028e-07 -5.88371517e-07
166.780  7.24001622e-07 -3.82766554e-07
167.341  1.14687280e-06  6.65213928e-08
167.903  1.30327494e-06  6.64202575e-07
168.465  1.15128732e-06  1.24660161e-06
169.026  7.24840549e-07  1.65043546e-06
169.588  1.57717479e-07  1.76114701e-06
170.149 -3.65653894e-07  1.53175068e-06
170.711 -6.72093610e-07  1.02978590e-06
171.272 -6.29263690e-07  4.20680464e-07
171.834 -2.11876448e-07 -9.34524913e-08
172.395  4.73911922e-07 -3.08436813e-07
172.957  1.23488774e-06 -9.46676574e-08
173.518  1.82146975e-06  5.36518539e-07
174.080  2.00244613e-06  1.44590800e-06
174.642  1.66652346e-06  2.38207936e-06
175.203  8.50783721e-07  3.03905362e-06
175.765 -2.48657270e-07  3.17754115e-06
176.326 -1.30138094e-06  2.69681351e-06
176.888 -1.96145135e-06  1.67962172e-06
177.449 -1.97515811e-06  4.13688781e-07
178.011 -1.26275456e-06 -6.98714309e-07
178.572  5.36059322e-09 -1.26662515e-06
179.134  1.44484534e-06 -1.02294640e-06
179.695  2.57512432e-06  4.49937181e-08
180.257  2.94743495e-06  1.65749312e-06
180.819  2.31910162e-06  3.32168426e-06
181.380  7.75292981e-07  4.45123194e-06
181.942 -1.28226093e-06  4.56218537e-06
182.503 -3.21681712e-06  3.47311067e-06
183.065 -4.34165740e-06  1.38272243e-06
183.626 -4.17610006e-06 -1.14368384e-06
184.188 -2.61855264e-06 -3.31021702e-06
184.749 -2.45610935e-08 -4.36385313e-06
185.311  2.84186215e-06 -3.85025806e-06
185.873  5.04899607e-06 -1.79362386e-06
186.434  5.80291899e-06  1.23469472e-06
186.996  4.72064929e-06  4.27069823e-06
187.557  2.03049063e-06  6.26292877e-06
188.119 -1.44868949e-06  6.40989197e-06
188.680 -4.55194641e-06  4.48526298e-06
189.242 -6.12163243e-06  9.82557978e-07
189.803 -5.42638520e-06 -3.00797425e-06
190.365 -2.47829909e-06 -6.10680241e-06
190.926  1.91913467e-06 -7.10399609e-06
191.488  6.36578251e-06 -5.42643380e-06
192.050  9.29177472e-06 -1.38452542e-06
192.611  9.52102714e-06  3.84944178e-06
193.173  6.71280658e-06  8.55569165e-06
193.734  1.55419977e-06  1.10460893e-05
194.296 -4.36558085e-06  1.02602437e-05
194.857 -9.05200259e-06  6.18273035e-06
195.419 -1.07798298e-05 -3.62096870e-08
195.980 -8.70703842e-06 -6.39447946e-06
196.542 -3.26678985e-06 -1.06875262e-05
197.103  3.87812815e-06 -1.12508245e-05
197.665  1.03428001e-05 -7.60582070e-06
198.227  1.37886551e-05 -7.35641136e-07
198.788  1.27598687e-05  7.16930305e-06
199.350  7.28660612e-06  1.33812895e-05
199.911 -1.03154970e-06  1.55564799e-05
200.473 -9.46956631e-06  1.26179400e-05
201.034 -1.50471429e-05  5.21720978e-06
201.596 -1.55902766e-05 -4.37415031e-06
202.157 -1.05534509e-05 -1.29360069e-05
202.719 -1.31641077e-06 -1.73948090e-05
203.281  9.15249661e-06 -1.59263510e-05
203.842  1.72552863e-05 -8.67067383e-06
204.404  2.00106972e-05  2.16926633e-06
204.965  1.61336025e-05  1.29805685e-05
205.527  6.61281306e-06  1.99521643e-05
206.088 -5.49417766e-06  2.03991868e-05
206.650 -1.60438174e-05  1.37931138e-05
207.211 -2.12023065e-05  2.09184431e-06
207.773 -1.88271097e-05 -1.08325604e-05
208.334 -9.34613182e-06 -2.04554729e-05
208.896  4.26683552e-06 -2.31652256e-05
209.458  1.74110579e-05 -1.76212567e-05
210.019  2.53940607e-05 -5.34409808e-06
210.581  2.51174080e-05  9.68262341e-06
211.142  1.62600437e-05  2.22845284e-05
211.704  1.51833796e-06  2.78929218e-05
212.265 -1.41870566e-05  2.42066896e-05
212.827 -2.53633660e-05  1.21013993e-05
213.388 -2.78871971e-05 -4.52018736e-06
213.950 -2.05149607e-05 -1.99796919e-05
214.511 -5.45972381e-06 -2.87849421e-05
215.073  1.22414865e-05 -2.75770751e-05
215.635  2.64255411e-05 -1.64147996e-05
216.196  3.19432151e-05  1.09599406e-06
216.758  2.65256787e-05  1.89690576e-05
217.319  1.17180239e-05  3.08794915e-05
217.881 -7.54842064e-06  3.23926352e-05
218.442 -2.46017573e-05  2.26283555e-05
219.004 -3.33332756e-05  4.68636404e-06
219.565 -3.04087420e-05 -1.53436467e-05
220.127 -1.65439409e-05 -3.04444284e-05
220.689  3.64835448e-06 -3.51566037e-05
221.250  2.31796477e-05 -2.75795758e-05
221.812  3.51189656e-05 -1.01270650e-05
222.373  3.50847519e-05  1.12141089e-05
222.935  2.28559193e-05  2.89306619e-05
223.496  2.55159646e-06  3.66516979e-05
224.058 -1.87339743e-05  3.14405193e-05
224.619 -3.34255569e-05  1.49148860e-05
225.181 -3.61634169e-05 -7.22417617e-06
225.742 -2.57554345e-05 -2.71711055e-05
226.304 -5.69740511e-06 -3.77754762e-05
226.866  1.70086886e-05 -3.51007241e-05
227.427  3.43162381e-05 -1.99022891e-05
227.989  3.99855038e-05  2.57517008e-06
228.550  3.18561495e-05  2.44297340e-05
229.112  1.26780747e-05  3.78851851e-05
229.673 -1.08358858e-05  3.80845230e-05
230.235 -3.03645363e-05  2.48718420e-05
230.796 -3.89453463e-05  2.87179691e-06
231.358 -3.34969303e-05 -2.01274551e-05
231.919 -1.59332097e-05 -3.59399692e-05
232.481  7.50085323e-06 -3.89345683e-05
233.043  2.84429221e-05 -2.80555552e-05
233.604  3.94277710e-05 -7.20326779e-06
234.166  3.65677935e-05  1.61483067e-05
234.727  2.09350349e-05  3.36524161e-05
235.289 -1.81942691e-06  3.90987779e-05
235.850 -2.35207047e-05  3.06258932e-05
236.412 -3.64383028e-05  1.13830633e-05
236.973 -3.60548033e-05 -1.16340013e-05
237.535 -2.26795246e-05 -3.01518134e-05
238.097 -1.30342009e-06 -3.76062396e-05
238.658  2.02690349e-05 -3.15009512e-05
239.220  3.42692206e-05 -1.42806123e-05
239.781  3.57760720e-05  7.63002559e-06
240.343  2.44829082e-05  2.62091672e-05
240.904  4.73450535e-06  3.47669825e-05
241.466 -1.61279776e-05  3.03789641e-05
242.027 -3.04765923e-05  1.48900093e-05
242.589 -3.32001783e-05 -5.84635186e-06
243.150 -2.35329563e-05 -2.41609697e-05
243.712 -5.24440915e-06 -3.34163755e-05
244.274  1.48125010e-05 -3.04285317e-05
244.835  2.92759549e-05 -1.65531116e-05
245.397  3.30018770e-05  2.89485375e-06
245.958  2.48939780e-05  2.06729151e-05
246.520  8.22086090e-06  3.03341999e-05
247.081 -1.06782742e-05  2.85736015e-05
247.643 -2.48211933e-05  1.63676949e-05
248.204 -2.91728184e-05 -1.47991104e-06
248.766 -2.24476406e-05 -1.82284930e-05
249.327 -7.49843309e-06 -2.77522008e-05
249.889  9.86764371e-06 -2.67836929e-05
250.451  2.31432437e-05 -1.60586838e-05
251.012  2.75534244e-05  8.10394980e-08
251.574  2.17952237e-05  1.54346209e-05
252.135  8.41981487e-06  2.43114434e-05
252.697 -7.26645388e-06  2.36566354e-05
253.258 -1.92835349e-05  1.41255882e-05
253.820 -2.32599326e-05 -3.02550535e-07
254.381 -1.80520267e-05 -1.39419772e-05
254.943 -6.06012847e-06 -2.16162281e-05
255.505  7.80765888e-06 -2.06366174e-05
256.066  1.80898313e-05 -1.17473252e-05
256.628  2.09081228e-05  1.27572013e-06
257.189  1.54194177e-05  1.31639121e-05
257.751  4.04499669e-06  1.92547458e-05
258.312 -8.54820782e-06  1.72965904e-05
258.874 -1.73324432e-05  8.25338709e-06
259.435 -1.89064650e-05 -4.13889645e-06
259.997 -1.27804210e-05 -1.48977134e-05
260.558 -1.51451482e-06 -1.97908328e-05
261.120  1.03388607e-05 -1.69758539e-05
261.682  1.80774497e-05 -7.68404937e-06
262.243  1.86975882e-05  4.30326455e-06
262.805  1.20477154e-05  1.41973327e-05
263.366  8.62200106e-07  1.81034049e-05
263.928 -1.03644571e-05  1.45361899e-05
264.489 -1.71766060e-05  4.99095711e-06
265.051 -1.69031148e-05 -6.68380950e-06
265.612 -9.70470513e-06 -1.58384857e-05
266.174  1.51432123e-06 -1.88518251e-05
266.735  1.22882884e-05 -1.45578641e-05
267.297  1.83530565e-05 -4.69380180e-06
267.859  1.73276843e-05  6.81998895e-06
268.420  9.65236342e-06  1.54328891e-05
268.982 -1.61469642e-06  1.77573673e-05
269.543 -1.20144358e-05  1.29115587e-05
270.105 -1.74414334e-05  2.84544046e-06
270.666 -1.57732300e-05 -8.44219001e-06
271.228 -7.69487417e-06 -1.64730676e-05
271.789  3.58645933e-06 -1.80643886e-05
272.351  1.35947379e-05 -1.25792771e-05
272.913  1.83523063e-05 -2.16217146e-06
273.474  1.59473913e-05  9.09287778e-06
274.036  7.27019622e-06  1.67481532e-05
274.597 -4.32613773e-06  1.77692144e-05
275.159 -1.43288901e-05  1.16985132e-05
275.720 -1.88362437e-05  8.38899751e-07
276.282 -1.60651442e-05 -1.06305336e-05
276.843 -7.04133844e-06 -1.82872829e-05
277.405  4.78528862e-06 -1.91713468e-05
277.966  1.48842078e-05 -1.29189873e-05
278.528  1.93901095e-05 -1.91206396e-06
279.090  1.65743411e-05  9.64966192e-06
279.651  7.51145410e-06  1.73691986e-05
280.213 -4.34574334e-06  1.83208289e-05
280.774 -1.45066905e-05  1.21654574e-05
281.336 -1.91471901e-05  1.26496461e-06
281.897 -1.65595329e-05 -1.02505351e-05
282.459 -7.78695647e-06 -1.80570540e-05
283.020  3.81618407e-06 -1.92738437e-05
283.582  1.38782719e-05 -1.35445974e-05
284.143  1.86695407e-05 -3.12330268e-06
284.705  1.65109503e-05  8.01998193e-06
285.267  8.36259873e-06  1.57170938e-05
285.828 -2.59638774e-06  1.71881359e-05
286.390 -1.22018340e-05  1.20572941e-05
286.951 -1.69053250e-05  2.42951920e-06
287.513 -1.51007935e-05 -7.95232895e-06
288.074 -7.66882653e-06 -1.51659296e-05
288.636  2.41348642e-06 -1.66038354e-05
289.197  1.12552341e-05 -1.19105527e-05
289.759  1.55618074e-05 -3.05757034e-06
290.321  1.38554731e-05  6.46624820e-06
290.882  6.98150635e-06  1.30364503e-05
291.444 -2.27450062e-06  1.42673454e-05
292.005 -1.03180333e-05  9.87619092e-06
292.567 -1.41382106e-05  1.73616642e-06
293.128 -1.24286637e-05 -6.91503064e-06
293.690 -6.04308640e-06 -1.27581730e-05
294.251  2.40482789e-06 -1.36526923e-05
294.813  9.60600766e-06 -9.42684603e-06
295.374  1.28343347e-05 -1.88043113e-06
295.936  1.09781277e-05  5.97999619e-06
296.498  4.91943240e-06  1.11237856e-05
297.059 -2.88191739e-06  1.16610018e-05
297.621 -9.37830058e-06  7.53979346e-06
298.182 -1.21207174e-05  4.93914154e-07
298.744 -1.01911176e-05 -6.68156609e-06
299.305 -4.49460951e-06 -1.12331970e-05
299.867  2.65469575e-06 -1.15181916e-05
300.428  8.46371321e-06 -7.59317585e-06
300.990  1.07629914e-05 -1.12410277e-06
301.551  8.82098940e-06  5.30411114e-06
302.113  3.56271552e-06  9.22590049e-06
302.675 -2.84104711e-06  9.24937533e-06
303.236 -7.86411892e-06  5.54302898e-06
303.798 -9.62874005e-06 -2.83350918e-07
304.359 -7.60068598e-06 -5.85813637e-06
304.921 -2.74821225e-06 -9.01440643e-06
305.482  2.88767106e-06 -8.62231783e-06
306.044  7.04691864e-06 -4.99136388e-06
306.605  8.14492007e-06  2.95224841e-07
307.167  5.86823981e-06  5.06205165e-06
307.729  1.26548761e-06  7.42552186e-06
308.290 -3.72144018e-06  6.52436627e-06
308.852 -7.06556489e-06  2.84125858e-06
309.413 -7.45804976e-06 -2.03144231e-06
309.975 -4.82147472e-06 -6.06924067e-06
310.536 -3.14073192e-07 -7.62999998e-06
311.098  4.17425509e-06 -6.11063255e-06
311.659  6.78973640e-06 -2.17802692e-06
312.221  6.46087616e-06  2.53118264e-06
312.782  3.33031408e-06  6.07893735e-06
313.344 -1.32487773e-06  7.00428205e-06
313.906 -5.61606104e-06  4.91805604e-06
314.467 -7.79579254e-06  6.46107603e-07
315.029 -6.96636983e-06 -4.11102989e-06
315.590 -3.43279931e-06 -7.44845039e-06
316.152  1.42952972e-06 -8.02139098e-06
316.713  5.71075871e-06 -5.57832696e-06
317.275  7.72344146e-06 -1.04714243e-06
317.836  6.67011760e-06  3.82342462e-06
318.398  2.94062170e-06  7.14834343e-06
318.959 -2.03994279e-06  7.64907573e-06
319.521 -6.36377562e-06  5.13540680e-06
320.083 -8.39029408e-06  5.71148750e-07
320.644 -7.36748134e-06 -4.29842062e-06
321.206 -3.70591576e-06 -7.63369948e-06
321.767  1.18336105e-06 -8.20208102e-06
322.329  5.44948209e-06 -5.83028857e-06
322.890  7.51529578e-06 -1.46137541e-06
323.452  6.66041289e-06  3.22963961e-06
324.013  3.28327212e-06  6.49351497e-06
324.575 -1.27709817e-06  7.16099876e-06
325.137 -5.28293235e-06  5.07535347e-06
325.698 -7.25901372e-06  1.12729914e-06
326.260 -6.54562870e-06 -3.12547741e-06
326.821 -3.53140140e-06 -6.06567881e-06
327.383  5.39224937e-07 -6.63135819e-06
327.944  4.06791338e-06 -4.71267282e-06
328.506  5.71983952e-06 -1.15385441e-06
329.067  4.93737953e-06  2.60566095e-06
329.629  2.12454720e-06  5.09668235e-06
330.190 -1.54692680e-06  5.39718255e-06
330.752 -4.60632450e-06  3.47191660e-06
331.314 -5.86959052e-06  1.49788525e-07
331.875 -4.89575425e-06 -3.21539669e-06
332.437 -2.12778908e-06 -5.28864317e-06
332.998  1.29725246e-06 -5.28169762e-06
333.560  4.00649124e-06 -3.23755223e-06
334.121  4.94216387e-06  2.80852827e-09
334.683  3.75993244e-06  3.13914750e-06
335.244  9.47414148e-07  4.93761563e-06
335.806 -2.37199402e-06  4.70510011e-06
336.367 -4.89451642e-06  2.54327334e-06
336.929 -5.64301335e-06 -6.94270766e-07
337.491 -4.32976726e-06 -3.74886677e-06
338.052 -1.46440576e-06 -5.45030678e-06
338.614  1.85618195e-06 -5.15248396e-06
339.175  4.38273693e-06 -2.97599159e-06
339.737  5.17959879e-06  2.50276634e-07
340.298  3.97303141e-06  3.32582464e-06
340.860  1.24375827e-06  5.12953758e-06
341.421 -1.98235353e-06  5.03443655e-06
341.983 -4.52715141e-06  3.13405323e-06
342.545 -5.49605523e-06  1.75184122e-07
343.106 -4.60660643e-06 -2.74129274e-06
343.668 -2.26124446e-06 -4.57171952e-06
344.229  6.35010764e-07 -4.71836248e-06
344.791  3.02153499e-06 -3.22384208e-06
345.352  4.08474885e-06 -7.13661353e-07
345.914  3.54268472e-06  1.85791469e-06
346.475  1.70483690e-06  3.58104124e-06
347.037 -6.75106510e-07  3.92587115e-06
347.598 -2.70858587e-06  2.89921430e-06
348.160 -3.71865115e-06  1.00305194e-06
348.722 -3.46472702e-06 -9.89775798e-07
349.283 -2.19321996e-06 -2.35812384e-06
349.845 -5.04849214e-07 -2.69435502e-06
350.406  9.18974735e-07 -2.02543554e-06
350.968  1.58711632e-06 -7.65928467e-07
351.529  1.36645341e-06  4.93271578e-07
352.091  5.06217811e-07  1.24412728e-06
352.652 -5.07919795e-07  1.25492875e-06
353.214 -1.18848076e-06  6.48742129e-07
353.775 -1.25060373e-06 -1.81205155e-07
354.337 -7.29342462e-07 -7.75590055e-07
354.899  5.03449655e-08 -8.16243093e-07
355.460  6.44651008e-07 -2.71955140e-07
356.022  6.97495039e-07  5.82464034e-07
356.583  1.09769922e-07  1.30161319e-06
357.145 -8.94896341e-07  1.47284206e-06
357.706 -1.86440773e-06  9.06994928e-07
358.268 -2.31279065e-06 -2.48665904e-07
358.829 -1.92988776e-06 -1.55438437e-06
359.391 -7.42189016e-07 -2.45268436e-06
359.953  8.69625921e-07 -2.49004489e-06
360.514  2.30879349e-06 -1.52293617e-06
361.076  2.98228124e-06  1.93895255e-07
361.637  2.54240624e-06  2.08878165e-06
362.199  1.04866274e-06  3.47041544e-06
362.760 -1.03834621e-06  3.78671174e-06
363.322 -3.00705069e-06  2.85259740e-06
363.883 -4.14487171e-06  9.30605251e-07
364.445 -4.01232450e-06 -1.34867521e-06
365.006 -2.60974561e-06 -3.19743934e-06
365.568 -3.84783627e-07 -3.96086165e-06
366.130  1.91076526e-06 -3.35526873e-06
366.691  3.49100670e-06 -1.56720848e-06
367.253  3.81787028e-06  8.01325377e-07
367.814  2.78199571e-06  2.94716654e-06
368.376  7.44267256e-07  4.15536381e-06
368.937 -1.59470722e-06  4.03874262e-06
369.499 -3.45327371e-06  2.66865972e-06
370.060 -4.23452971e-06  5.42934078e-07
370.622 -3.72534594e-06 -1.60937187e-06
371.183 -2.16144915e-06 -3.08454015e-06
371.745 -1.16922877e-07 -3.44097639e-06
372.307  1.71158254e-06 -2.64500221e-06
372.868  2.74571004e-06 -1.05153114e-06
373.430  2.72452651e-06  7.48838450e-07
373.991  1.76818474e-06  2.14466885e-06
374.553  2.97410437e-07  2.72424382e-06
375.114 -1.13417819e-06  2.40283469e-06
375.676 -2.05241346e-06  1.41169106e-06
376.237 -2.22845346e-06  1.87055276e-07
376.799 -1.72509052e-06 -8.12028976e-07
377.361 -8.40919439e-07 -1.28365141e-06
377.922  3.02727902e-08 -1.17005574e-06
378.484  5.74306417e-07 -6.47672716e-07
379.045  6.68446078e-07 -2.94145275e-08
379.607  4.05153058e-07  3.93640128e-07
380.168  3.16359194e-08  4.77564655e-07
380.730 -1.88092859e-07  2.72966662e-07
381.291 -1.06693390e-07 -6.10762508e-09
381.853  2.40166980e-07 -1.00473014e-07
382.414  6.40993737e-07  1.53132937e-07
382.976  8.08253215e-07  7.35320175e-07
383.538  5.27742554e-07  1.42721169e-06
384.099 -2.28891396e-07  1.88928016e-06
384.661 -1.25731468e-06  1.81664015e-06
385.222 -2.17019747e-06  1.08229851e-06
385.784 -2.54927142e-06 -1.76728911e-07
386.345 -2.11861754e-06 -1.56659145e-06
386.907 -8.77774866e-07 -2.56809861e-06
387.468  8.47826435e-07 -2.72959238e-06
388.030  2.49401911e-06 -1.84764177e-06
388.591  3.44865897e-06 -8.63861078e-08
389.153  3.26897511e-06  2.03986585e-06
389.715  1.87139509e-06  3.82442040e-06
390.276 -3.95940467e-07  4.59811943e-06
390.838 -2.84355864e-06  3.97696630e-06
391.399 -4.64804536e-06  2.03229044e-06
391.961 -5.12908678e-06 -7.02254734e-07
392.522 -4.00713472e-06 -3.37535221e-06
393.084 -1.52475331e-06 -5.08301767e-06
393.645  1.59859548e-06 -5.18383248e-06
394.207  4.37161570e-06 -3.53175421e-06
394.769  5.85699884e-06 -5.54231581e-07
395.330  5.48987044e-06  2.84811047e-06
395.892  3.28252149e-06  5.58115741e-06
396.453 -1.39746757e-07  6.71454521e-06
397.015 -3.71634291e-06  5.79168414e-06
397.576 -6.28657149e-06  3.01105362e-06
398.138 -6.96010067e-06 -8.06425239e-07
398.699 -5.42601720e-06 -4.46663372e-06
399.261 -2.08533766e-06 -6.77120746e-06
