0.512  2.85667753e-03 -4.52453272e-04
1.024  1.64977887e-03  4.27670077e-04
1.536  8.67620619e-04  8.35229981e-04
2.048  2.45495134e-04  8.93787036e-04
2.560 -2.07080446e-04  7.01534035e-04
3.072 -4.90179960e-04  3.75818948e-04
3.584 -5.25576412e-04  4.59092225e-05
4.096 -3.99796293e-04 -2.32051395e-04
4.608 -1.73409760e-04 -3.83709886e-04
5.120  6.46973461e-05 -3.73485242e-04
5.632  2.50361649e-04 -2.16578935e-04
6.144  3.10327901e-04 -3.23549070e-05
6.656  2.52877797e-04  1.33185937e-04
7.168  1.19111810e-04  2.24383253e-04
7.680 -3.22714847e-05  2.30294410e-04
8.192 -1.49183405e-04  1.43742372e-04
8.704 -2.09763384e-04  2.98911987e-05
9.216 -1.78721110e-04 -9.07559972e-05
9.728 -8.75339061e-05 -1.70645328e-04
10.240  2.44254373e-05 -1.84639307e-04
10.752  1.13150687e-04 -1.23617157e-04
11.264  1.48281088e-04 -2.91140607e-05
11.776  1.20961005e-04  6.42525827e-05
12.288  5.20100793e-05  1.26383386e-04
12.800 -3.06972364e-05  1.35097094e-04
13.312 -9.24174201e-05  8.87283601e-05
13.824 -1.19946403e-04  1.40080448e-05
14.336 -1.03440205e-04 -5.63050431e-05
14.848 -5.11349319e-05 -9.96662871e-05
15.360  1.61860821e-05 -1.00983709e-04
15.872  6.88621859e-05 -6.46644232e-05
16.384  9.00141785e-05 -6.87573381e-06
16.896  7.35712732e-05  4.35688161e-05
17.408  2.56824460e-05  7.15741537e-05
17.920 -3.25252505e-05  7.13486680e-05
18.432 -7.64325438e-05  4.52620421e-05
18.944 -9.46123662e-05 -1.23698250e-06
19.456 -8.18080493e-05 -4.79465883e-05
19.968 -4.32862381e-05 -7.51798205e-05
20.480  2.69444703e-06 -7.47135705e-05
20.992  3.75147503e-05 -4.93732383e-05
21.504  4.89491844e-05 -8.52909167e-06
22.016  3.59276393e-05  3.17526173e-05
22.528  6.06485121e-06  5.58341156e-05
23.040 -3.06539329e-05  5.43056286e-05
23.552 -6.17809604e-05  3.10089112e-05
24.064 -7.27989905e-05 -5.43170334e-06
24.576 -5.91950944e-05 -4.14117313e-05
25.088 -2.74911139e-05 -6.27378125e-05
25.600  9.67462183e-06 -6.05203487e-05
26.112  3.86455023e-05 -3.76261892e-05
26.624  4.89483269e-05 -4.49401040e-06
27.136  3.81856581e-05  2.58638610e-05
27.648  1.26977095e-05  4.32420205e-05
28.160 -1.71139352e-05  4.29332800e-05
28.672 -3.95349059e-05  2.61599781e-05
29.184 -4.59554375e-05 -1.31840942e-07
29.696 -3.50154610e-05 -2.59052507e-05
30.208 -1.19269034e-05 -4.10470537e-05
30.720  1.31886835e-05 -4.02087170e-05
31.232  3.14814391e-05 -2.41201009e-05
31.744  3.65314306e-05  2.13390671e-07
32.256  2.68556114e-05  2.24146539e-05
32.768  7.21412379e-06  3.41981772e-05
33.280 -1.44188288e-05  3.18573216e-05
33.792 -3.02547329e-05  1.64310174e-05
34.304 -3.42097075e-05 -5.29739557e-06
34.816 -2.45590797e-05 -2.45129525e-05
35.328 -4.84315399e-06 -3.43075522e-05
35.840  1.70386389e-05 -3.11493701e-05
36.352  3.25914994e-05 -1.65958201e-05
36.864  3.64637637e-05  2.96556100e-06
37.376  2.82380022e-05  1.97970623e-05
37.888  1.20857865e-05  2.78179793e-05
38.400 -5.08980108e-06  2.44786413e-05
38.912 -1.60905679e-05  1.16049425e-05
39.424 -1.68998703e-05 -5.24944090e-06
39.936 -7.75921213e-06 -1.91397534e-05
40.448  7.54291959e-06 -2.42207923e-05
40.960  2.27212120e-05 -1.85756715e-05
41.472  3.15124377e-05 -4.73564898e-06
41.984  3.07958225e-05  1.19695273e-05
42.496  2.13291321e-05  2.52296871e-05
43.008  6.88631362e-06  3.01211088e-05
43.520 -7.14112994e-06  2.54017831e-05
44.032 -1.55915249e-05  1.35595032e-05
44.544 -1.56148563e-05 -4.60613385e-07
45.056 -7.72430594e-06 -1.12095751e-05
45.568  4.47333931e-06 -1.48518813e-05
46.080  1.56938148e-05 -1.04163149e-05
46.592  2.12384324e-05 -1.60985792e-07
47.104  1.88029988e-05  1.14943556e-05
47.616  9.24515779e-06  1.99407449e-05
48.128 -3.79817371e-06  2.20067411e-05
48.640 -1.55252452e-05  1.68520883e-05
49.152 -2.18312185e-05  6.48648505e-06
49.664 -2.07764717e-05 -5.05348574e-06
50.176 -1.33110410e-05 -1.35222105e-05
50.688 -2.70863267e-06 -1.59480490e-05
51.200  6.88533590e-06 -1.17485276e-05
51.712  1.19196067e-05 -3.11001004e-06
52.224  1.07223171e-05  6.12903834e-06
52.736  4.19983282e-06  1.21222529e-05
53.248 -4.67711834e-06  1.24933644e-05
53.760 -1.22202517e-05  7.29284148e-06
54.272 -1.54723385e-05 -1.27249143e-06
54.784 -1.33204945e-05 -9.83841931e-06
55.296 -6.79053004e-06 -1.51154282e-05
55.808  1.45353911e-06 -1.52126237e-05
56.320  8.07895559e-06 -1.03040038e-05
56.832  1.05345805e-05 -2.35887325e-06
57.344  8.10312452e-06  5.59606370e-06
57.856  1.93190345e-06  1.06744239e-05
58.368 -5.49314445e-06  1.13031589e-05
58.880 -1.13053101e-05  7.60444810e-06
59.392 -1.34504090e-05  1.25084764e-06
59.904 -1.13828334e-05 -5.10468551e-06
60.416 -6.16389372e-06 -8.96320564e-06
60.928 -5.75173666e-08 -8.97073141e-06
61.440  4.44174763e-06 -5.35599160e-06
61.952  5.61039677e-06  1.45261762e-07
62.464  3.07505269e-06  5.10910855e-06
62.976 -2.04952237e-06  7.47975787e-06
63.488 -7.66541267e-06  6.26240893e-06
64.000 -1.15760048e-05  1.89328626e-06
64.512 -1.22071144e-05 -3.95299380e-06
65.024 -9.21822549e-06 -9.13322293e-06
65.536 -3.71354455e-06 -1.18097034e-05
66.048  2.32021184e-06 -1.11171463e-05
66.560  6.82496583e-06 -7.53812198e-06
67.072  8.41735771e-06 -2.59225875e-06
67.584  6.95424195e-06  1.81881778e-06
68.096  3.47533405e-06  4.07814056e-06
68.608 -3.29995894e-07  3.52155419e-06
69.120 -2.74262004e-06  6.54862924e-07
69.632 -2.70562109e-06 -3.16070154e-06
70.144 -2.23778888e-07 -6.19789322e-06
70.656  3.75587263e-06 -7.05229159e-06
71.168  7.68755747e-06 -5.23369679e-06
71.680  1.00078924e-05 -1.26759044e-06
72.192  9.80842431e-06  3.50065375e-06
72.704  7.11749645e-06  7.39798160e-06
73.216  2.85609946e-06  9.15938767e-06
73.728 -1.47512668e-06  8.34963019e-06
74.240 -4.44441763e-06  5.42591707e-06
74.752 -5.21494924e-06  1.58722972e-06
75.264 -3.75634247e-06 -1.74066986e-06
75.776 -8.76899458e-07 -3.47090391e-06
76.288  2.12984630e-06 -3.16591136e-06
76.800  4.05799467e-06 -1.20560669e-06
77.312  4.19319776e-06  1.37706003e-06
77.824  2.59468194e-06  3.39093693e-06
78.336  7.96183047e-08  3.91967615e-06
78.848 -2.20471851e-06  2.67669205e-06
79.360 -3.22508230e-06  1.64379900e-07
79.872 -2.43313350e-06 -2.60285539e-06
80.384 -3.48934908e-08 -4.51199882e-06
80.896  3.14066188e-06 -4.74044441e-06
81.408  5.99472353e-06 -3.13534217e-06
81.920  7.51186621e-06 -2.44088588e-07
82.432  7.17728160e-06  2.96588242e-06
82.944  5.16751259e-06  5.42383289e-06
83.456  2.19690077e-06  6.37345455e-06
83.968 -7.23032900e-07  5.67290309e-06
84.480 -2.66590463e-06  3.75087936e-06
84.992 -3.18811964e-06  1.43717443e-06
85.504 -2.41501027e-06 -3.46919170e-07
86.016 -9.51547518e-07 -1.00673108e-06
86.528  3.44111041e-07 -4.51630604e-07
87.040  7.74514086e-07  9.18695820e-07
87.552  6.57676350e-08  2.33642087e-06
88.064 -1.57810806e-06  3.02597270e-06
88.576 -3.51176224e-06  2.53290931e-06
89.088 -4.93608024e-06  8.52242734e-07
89.600 -5.25554534e-06 -1.52262485e-06
90.112 -4.25585459e-06 -3.79008427e-06
90.624 -2.21521935e-06 -5.20392845e-06
91.136  1.75269257e-07 -5.30904626e-06
91.648  2.13312090e-06 -4.11254153e-06
92.160  3.04562395e-06 -2.11313152e-06
92.672  2.67390167e-06 -4.47984746e-08
93.184  1.28214916e-06  1.39660121e-06
93.696 -5.20824596e-07  1.77196809e-06
94.208 -2.03863668e-06  1.09787330e-06
94.720 -2.70604386e-06 -2.08705837e-07
95.232 -2.33866759e-06 -1.54665311e-06
95.744 -1.18395741e-06 -2.32129793e-06
96.256  2.45040868e-07 -2.20038162e-06
96.768  1.33894105e-06 -1.25634532e-06
97.280  1.64112859e-06  1.30201629e-07
97.792  1.06082492e-06  1.40230615e-06
98.304 -1.55810253e-07  2.03882419e-06
98.816 -1.52576602e-06  1.81122435e-06
99.328 -2.49470752e-06  8.30180976e-07
99.840 -2.70618175e-06 -5.16764399e-07
100.352 -2.11524246e-06 -1.68011554e-06
100.864 -9.68014700e-07 -2.20959778e-06
101.376  2.54132974e-07 -1.92937387e-06
101.888  1.05490426e-06 -9.57556103e-07
102.400  1.13897294e-06  3.03875041e-07
102.912  4.75185459e-07  1.33714443e-06
103.424 -6.65041625e-07  1.74665658e-06
103.936 -1.80449874e-06  1.36114145e-06
104.448 -2.49460860e-06  3.05357306e-07
104.960 -2.45116608e-06 -1.02503163e-06
105.472 -1.64979006e-06 -2.16777213e-06
105.984 -3.67019527e-07 -2.74965623e-06
106.496  9.75860751e-07 -2.59399880e-06
107.008  1.97777181e-06 -1.81857521e-06
107.520  2.36675987e-06 -7.47270934e-07
108.032  2.13133538e-06  2.46308771e-07
108.544  1.49743498e-06  8.42146415e-07
109.056  7.88197923e-07  9.22018640e-07
109.568  3.29769234e-07  6.12124322e-07
110.080  3.07546869e-07  1.71511327e-07
110.592  6.71051333e-07 -9.31120875e-08
111.104  1.20855768e-06  4.45992889e-08
111.616  1.62243746e-06  5.96458376e-07
112.128  1.63373180e-06  1.39239053e-06
112.640  1.14260020e-06  2.14762883e-06
113.152  2.47849122e-07  2.54108402e-06
113.664 -8.03771316e-07  2.38264905e-06
114.176 -1.66784796e-06  1.68110522e-06
114.688 -2.06128717e-06  6.12458953e-07
115.200 -1.87655585e-06 -5.02300513e-07
115.712 -1.17790463e-06 -1.32750153e-06
116.224 -2.06049227e-07 -1.65738589e-06
116.736  7.10600696e-07 -1.44177268e-06
117.248  1.31277260e-06 -8.13480318e-07
117.760  1.46227524e-06 -4.92194346e-08
118.272  1.18281244e-06  5.80007388e-07
118.784  6.68708160e-07  8.84005325e-07
119.296  1.61056258e-07  8.01324886e-07
119.808 -1.41047679e-07  4.47377190e-07
120.320 -1.26419548e-07  2.64026179e-08
120.832  1.54923566e-07 -2.66609758e-07
121.344  5.37108587e-07 -2.88839428e-07
121.856  8.36998640e-07 -3.46062312e-08
122.368  8.93849824e-07  3.67123890e-07
122.880  6.54360638e-07  7.44949971e-07
123.392  2.10591379e-07  9.24206407e-07
123.904 -2.77208620e-07  8.02918258e-07
124.416 -6.22743027e-07  4.23211356e-07
124.928 -6.76740907e-07 -8.13710150e-08
125.440 -4.23169716e-07 -5.29380798e-07
125.952  4.19692187e-08 -7.36699354e-07
126.464  5.54357833e-07 -6.24525936e-07
126.976  9.09379190e-07 -2.34422796e-07
127.488  9.69193635e-07  3.09384045e-07
128.000  7.13052308e-07  8.10349766e-07
128.512  2.10271590e-07  1.09210235e-06
129.024 -3.75456491e-07  1.07793513e-06
129.536 -8.53035404e-07  7.78806272e-07
130.048 -1.10168393e-06  3.07324154e-07
130.560 -1.07692320e-06 -1.58418703e-07
131.072 -8.30282521e-07 -4.78263109e-07
131.584 -5.06266263e-07 -5.74036612e-07
132.096 -2.47017708e-07 -4.48767079e-07
132.608 -1.50928760e-07 -2.10927389e-07
133.120 -2.55694171e-07  2.83780085e-09
133.632 -4.93257806e-07  8.37572112e-08
134.144 -7.40375751e-07 -3.55098017e-08
134.656 -8.84619060e-07 -3.24858530e-07
135.168 -8.36122469e-07 -6.76501500e-07
135.680 -5.85254341e-07 -9.74658362e-07
136.192 -2.13853265e-07 -1.10851990e-06
136.704  1.70504157e-07 -1.02464270e-06
137.216  4.50836949e-07 -7.66935055e-07
137.728  5.41263536e-07 -4.23645287e-07
138.240  4.47747449e-07 -1.06050641e-07
138.752  2.33883552e-07  7.78674475e-08
139.264 -5.73963403e-09  9.66149336e-08
139.776 -1.57284667e-07 -1.48851158e-08
140.288 -1.62646831e-07 -1.85479293e-07
140.800 -3.47896528e-08 -3.07394612e-07
141.312  1.73147863e-07 -3.03418856e-07
141.824  3.59883502e-07 -1.65892268e-07
142.336  4.28545265e-07  7.05642720e-08
142.848  3.45762987e-07  3.17955052e-07
143.360  1.24030556e-07  4.67441712e-07
143.872 -1.67592302e-07  4.60596109e-07
144.384 -4.14374807e-07  2.85384667e-07
144.896 -5.30949224e-07 -1.61804903e-08
145.408 -4.74545023e-07 -3.38059273e-07
145.920 -2.49362964e-07 -5.78669192e-07
146.432  6.57469457e-08 -6.71090290e-07
146.944  3.69675800e-07 -5.84404365e-07
147.456  5.82965914e-07 -3.62977400e-07
147.968  6.47278706e-07 -9.64295985e-08
148.480  5.69109620e-07  1.33300060e-07
148.992  4.15577293e-07  2.52186220e-07
149.504  2.59882177e-07  2.35233182e-07
150.016  1.78620396e-07  1.26891289e-07
150.528  2.19612626e-07 -8.51335319e-09
151.040  3.61406822e-07 -9.46689904e-08
151.552  5.51058822e-07 -6.33946661e-08
152.064  7.18113769e-07  9.14917279e-08
152.576  7.81452734e-07  3.34708359e-07
153.088  7.07823390e-07  6.09027314e-07
153.600  5.11154309e-07  8.30060998e-07
154.112  2.28961879e-07  9.40660190e-07
154.624 -6.40493172e-08  9.30183764e-07
155.136 -2.98796847e-07  8.10160557e-07
155.648 -4.47873452e-07  6.32107858e-07
156.160 -5.03602349e-07  4.61840407e-07
156.672 -4.94542540e-07  3.32147904e-07
157.184 -4.78405168e-07  2.58675290e-07
157.696 -4.89783223e-07  2.28956384e-07
158.208 -5.46348639e-07  1.92153911e-07
158.720 -6.45622183e-07  1.09290066e-07
159.232 -7.40885782e-07 -4.08607781e-08
159.744 -7.82570894e-07 -2.66378211e-07
160.256 -7.36837639e-07 -5.29454781e-07
160.768 -5.75359075e-07 -7.73129013e-07
161.280 -3.11464411e-07 -9.50205873e-07
161.792  7.40120897e-09 -1.00983095e-06
162.304  3.33696807e-07 -9.30591482e-07
162.816  6.05257132e-07 -7.32867064e-07
163.328  7.68945619e-07 -4.45762593e-07
163.840  8.09594411e-07 -1.20949847e-07
164.352  7.23261260e-07  1.76002685e-07
164.864  5.28625929e-07  4.03830044e-07
165.376  2.76529355e-07  5.27962008e-07
165.888  1.23238021e-08  5.26787268e-07
166.400 -2.15406227e-07  4.18242547e-07
166.912 -3.52735106e-07  2.31650109e-07
167.424 -3.78752398e-07  9.52127723e-09
167.936 -2.93486367e-07 -1.79237046e-07
168.448 -1.16157968e-07 -2.80674686e-07
168.960  8.88666326e-08 -2.62002263e-07
169.472  2.45964329e-07 -1.09354838e-07
169.984  2.90425687e-07  1.34031167e-07
170.496  1.68058783e-07  3.84286172e-07
171.008 -1.16881138e-07  5.48573125e-07
171.520 -4.92700792e-07  5.27304878e-07
172.032 -8.51247179e-07  2.67318634e-07
172.544 -1.05066550e-06 -1.99406401e-07
173.056 -9.66770101e-07 -7.74217087e-07
173.568 -5.60296401e-07 -1.29036917e-06
174.080  1.17944274e-07 -1.55350795e-06
174.592  9.14302013e-07 -1.42982480e-06
175.104  1.59085426e-06 -8.81848855e-07
175.616  1.91981285e-06  2.66966987e-10
176.128  1.74963834e-06  9.84779934e-07
176.640  1.05912016e-06  1.77942835e-06
177.152  1.13757859e-08  2.11903063e-06
177.664 -1.09267305e-06  1.84134772e-06
178.176 -1.90644961e-06  9.82830117e-07
178.688 -2.12732183e-06 -2.14957944e-07
179.200 -1.62763958e-06 -1.37994610e-06
179.712 -5.24910492e-07 -2.09849352e-06
180.224  8.52431090e-07 -2.06718322e-06
180.736  2.03429830e-06 -1.22719306e-06
181.248  2.55969596e-06  2.10353755e-07
181.760  2.16331422e-06  1.79326529e-06
182.272  8.71174638e-07  2.95138658e-06
182.784 -9.69361089e-07  3.21136776e-06
183.296 -2.75730378e-06  2.36132672e-06
183.808 -3.84698749e-06  5.51987874e-07
184.320 -3.76618420e-06 -1.69085479e-06
184.832 -2.39007773e-06 -3.62930071e-06
185.344 -5.04411957e-08 -4.55461633e-06
185.856  2.54134841e-06 -4.02164950e-06
186.368  4.51681889e-06 -2.05793186e-06
186.880  5.11772039e-06  7.94844548e-07
187.392  3.99124130e-06  3.63660903e-06
187.904  1.36730023e-06  5.46778942e-06
188.416 -1.98493850e-06  5.53804006e-06
188.928 -4.95749938e-06  3.65496544e-06
189.440 -6.45656195e-06  2.86274361e-07
189.952 -5.81344741e-06 -3.53171813e-06
190.464 -3.04494886e-06 -6.49098403e-06
190.976  1.08766907e-06 -7.47173922e-06
191.488  5.25673635e-06 -5.94597026e-06
192.000  8.00511968e-06 -2.20923638e-06
192.512  8.24846290e-06  2.62473536e-06
193.024  5.67514604e-06  6.95742210e-06
193.536  9.47523939e-07  9.23569444e-06
194.048 -4.45142530e-06  8.48400073e-06
194.560 -8.68753538e-06  4.71660441e-06
195.072 -1.01734206e-05 -9.77853725e-07
195.584 -8.16057993e-06 -6.75178638e-06
196.096 -3.08824482e-06 -1.05723258e-05
196.608  3.49603930e-06 -1.09263637e-05
197.120  9.38381314e-06 -7.41927587e-06
197.632  1.24263783e-05 -9.86112894e-07
198.144  1.13242960e-05  6.33163580e-06
198.656  6.14243090e-06  1.20064702e-05
199.168 -1.61309637e-06  1.39048474e-05
199.680 -9.39737047e-06  1.10695050e-05
200.192 -1.44664781e-05  4.13424493e-06
200.704 -1.48394172e-05 -4.76043780e-06
201.216 -1.00372136e-05 -1.26234954e-05
201.728 -1.37924360e-06 -1.66234249e-05
202.240  8.35570563e-06 -1.50815072e-05
202.752  1.58292379e-05 -8.15782866e-06
203.264  1.82676407e-05  2.07067407e-06
203.776  1.44838120e-05  1.22374001e-05
204.288  5.41674936e-06  1.87789927e-05
204.800 -6.08443069e-06  1.91770856e-05
205.312 -1.61430186e-05  1.29339300e-05
205.824 -2.11497365e-05  1.85609777e-06
206.336 -1.90755880e-05 -1.04502354e-05
206.848 -1.02730307e-05 -1.97322619e-05
207.360  2.52440654e-06 -2.25763420e-05
207.872  1.50179171e-05 -1.76632057e-05
208.384  2.27927578e-05 -6.33231349e-06
208.896  2.28851960e-05  7.73345889e-06
209.408  1.48896380e-05  1.96955169e-05
209.920  1.24635467e-06  2.52325878e-05
210.432 -1.34776669e-05  2.20819608e-05
210.944 -2.41256018e-05  1.09503923e-05
211.456 -2.67399450e-05 -4.58180319e-06
211.968 -2.00239581e-05 -1.92173817e-05
212.480 -5.94332677e-06 -2.77376845e-05
212.992  1.08417116e-05 -2.68524139e-05
213.504  2.45135381e-05 -1.64748165e-05
214.016  3.01005081e-05  1.19556731e-07
214.528  2.52988847e-05  1.73225505e-05
215.040  1.13987200e-05  2.90728396e-05
215.552 -7.04405952e-06  3.10063253e-05
216.064 -2.36814771e-05  2.20784357e-05
216.576 -3.25686430e-05  5.04349750e-06
217.088 -3.03030283e-05 -1.43700247e-05
217.600 -1.73051103e-05 -2.93885609e-05
218.112  2.19169678e-06 -3.45812005e-05
218.624  2.15112298e-05 -2.78172875e-05
219.136  3.38483763e-05 -1.11287672e-05
219.648  3.46723978e-05  9.87166238e-06
220.160  2.33964609e-05  2.78994468e-05
220.672  3.71252295e-06  3.65378908e-05
221.184 -1.76225162e-05  3.25300954e-05
221.696 -3.31179035e-05  1.70342289e-05
222.208 -3.71810784e-05 -4.69056720e-06
222.720 -2.81667538e-05 -2.50751793e-05
223.232 -9.04865320e-06 -3.68703069e-05
223.744  1.35622437e-05 -3.57466337e-05
224.256  3.16901718e-05 -2.19038633e-05
224.768  3.88184477e-05 -6.47644023e-08
225.280  3.22560601e-05  2.21221565e-05
225.792  1.41452998e-05  3.67622709e-05
226.304 -9.22513086e-06  3.85503542e-05
226.816 -2.95973509e-05  2.66926968e-05
227.328 -3.96892581e-05  5.24916453e-06
227.840 -3.58061744e-05 -1.82429046e-05
228.352 -1.91953103e-05 -3.54410643e-05
228.864  4.33154700e-06 -4.01768479e-05
229.376  2.64452091e-05 -3.06711310e-05
229.888  3.92689631e-05 -1.02238913e-05
230.400  3.81873044e-05  1.39331423e-05
230.912  2.35312584e-05  3.32166398e-05
231.424  4.89625304e-07  4.07453692e-05
231.936 -2.27486420e-05  3.38186048e-05
232.448 -3.79104775e-05  1.49068353e-05
232.960 -3.96039364e-05 -9.24347022e-06
233.472 -2.72686561e-05 -3.00229277e-05
233.984 -5.35780545e-06 -4.00428870e-05
234.496  1.82728979e-05 -3.58024755e-05
235.008  3.51866160e-05 -1.89231650e-05
235.520  3.94165210e-05  4.46628141e-06
236.032  2.95943841e-05  2.59470144e-05
236.544  9.39632208e-06  3.78696013e-05
237.056 -1.38110235e-05  3.61081182e-05
237.568 -3.16701052e-05  2.14976049e-05
238.080 -3.78720391e-05 -5.11204718e-07
238.592 -3.03962202e-05 -2.18785351e-05
239.104 -1.21905746e-05 -3.49357484e-05
239.616  9.96203510e-06 -3.51463779e-05
240.128  2.79824074e-05 -2.27045527e-05
240.640  3.54452058e-05 -2.39844752e-06
241.152  2.98839613e-05  1.82287234e-05
241.664  1.36331462e-05  3.16779329e-05
242.176 -7.12776870e-06  3.32219573e-05
242.688 -2.47159825e-05  2.25949513e-05
243.200 -3.27778187e-05  3.99237307e-06
243.712 -2.86049751e-05 -1.55740235e-05
244.224 -1.40511068e-05 -2.89011668e-05
244.736  5.26805872e-06 -3.12588714e-05
245.248  2.21207823e-05 -2.20839616e-05
245.760  3.03708682e-05 -5.07273803e-06
246.272  2.72330833e-05  1.32831966e-05
246.784  1.42058872e-05  2.61689118e-05
247.296 -3.59373382e-06  2.89994349e-05
247.808 -1.94202180e-05  2.10545055e-05
248.320 -2.74727248e-05  5.63761821e-06
248.832 -2.50293733e-05 -1.12570668e-05
249.344 -1.33688169e-05 -2.32774488e-05
249.856  2.81167313e-06 -2.61076323e-05
250.368  1.72715638e-05 -1.90178729e-05
250.880  2.46331695e-05 -5.04517010e-06
251.392  2.23743927e-05  1.02704682e-05
251.904  1.17075473e-05  2.10741767e-05
252.416 -2.99048140e-06  2.34188664e-05
252.928 -1.59576813e-05  1.67171566e-05
253.440 -2.22830299e-05  3.87549596e-06
253.952 -1.97647629e-05 -9.93891158e-06
254.464 -9.69366988e-06 -1.93482422e-05
254.976  3.75560427e-06 -2.08406343e-05
255.488  1.52216911e-05 -1.40958325e-05
256.000  2.02609762e-05 -2.01956692e-06
256.512  1.70720569e-05  1.04756959e-05
257.024  7.13792962e-06  1.84258475e-05
257.536 -5.43712730e-06  1.87738639e-05
258.048 -1.55804572e-05  1.15391216e-05
258.560 -1.92726123e-05 -2.58435245e-07
259.072 -1.51276509e-05 -1.18282588e-05
259.584 -4.89089953e-06 -1.85273686e-05
260.096  7.28389091e-06 -1.77101063e-05
260.608  1.64979861e-05 -9.74450693e-06
261.120  1.90699860e-05  2.15859000e-06
261.632  1.39791678e-05  1.32261876e-05
262.144  3.25054501e-06  1.90356587e-05
262.656 -8.84554007e-06  1.72623541e-05
263.168 -1.74988308e-05  8.58335922e-06
263.680 -1.92646225e-05 -3.58227786e-06
264.192 -1.34090185e-05 -1.44305180e-05
264.704 -2.20789564e-06 -1.96751046e-05
265.216  9.94749692e-06 -1.72211228e-05
265.728  1.82877300e-05 -7.99567741e-06
266.240  1.95248947e-05  4.40729277e-06
266.752  1.31431249e-05  1.51469281e-05
267.264  1.61376548e-06  2.00206944e-05
267.776 -1.05805228e-05  1.71024132e-05
268.288 -1.86906492e-05  7.50894538e-06
268.800 -1.95422400e-05 -5.04253045e-06
269.312 -1.27851733e-05 -1.56826230e-05
269.824 -1.02599044e-06 -2.02695144e-05
270.336  1.11912697e-05 -1.70077738e-05
270.848  1.91335234e-05 -7.14515593e-06
271.360  1.97179024e-05  5.52290350e-06
271.872  1.27090479e-05  1.61105514e-05
272.384  7.94344759e-07  2.05304639e-05
272.896 -1.14478200e-05  1.70794324e-05
273.408 -1.93100046e-05  7.07793213e-06
273.920 -1.97789156e-05 -5.64068996e-06
274.432 -1.26785298e-05 -1.61996427e-05
274.944 -7.26489455e-07 -2.05645433e-05
275.456  1.15049875e-05 -1.70796184e-05
275.968  1.93554998e-05 -7.08276330e-06
276.480  1.98555645e-05  5.60749175e-06
276.992  1.28367158e-05  1.61683477e-05
277.504  9.87730778e-07  2.06195708e-05
278.016 -1.11907860e-05  1.73154382e-05
278.528 -1.91189672e-05  7.55569140e-06
279.040 -1.98600439e-05 -4.93313814e-06
279.552 -1.32149474e-05 -1.54468164e-05
280.064 -1.77032141e-06 -2.00825596e-05
280.576  1.01294717e-05 -1.71974458e-05
281.088  1.80416337e-05 -8.00300640e-06
281.600  1.90923118e-05  3.95089365e-06
282.112  1.30407082e-05  1.41555139e-05
282.624  2.30924418e-06  1.88478509e-05
283.136 -8.99038888e-06  1.64205251e-05
283.648 -1.66302752e-05  7.97398392e-06
284.160 -1.78673477e-05 -3.17344468e-06
284.672 -1.24398954e-05 -1.27799797e-05
285.184 -2.58643662e-06 -1.73062531e-05
285.696  7.85984937e-06 -1.52364890e-05
286.208  1.49629187e-05 -7.57782464e-06
286.720  1.61841841e-05  2.59243767e-06
287.232  1.12875956e-05  1.13500733e-05
287.744  2.35430438e-06  1.54497317e-05
288.256 -7.07425933e-06  1.35264580e-05
288.768 -1.34028275e-05  6.54598302e-06
289.280 -1.43506553e-05 -2.63150690e-06
289.792 -9.76710225e-06 -1.04165027e-05
290.304 -1.62607222e-06 -1.38903195e-05
290.816  6.80854486e-06 -1.18879737e-05
291.328  1.22877712e-05 -5.39273197e-06
291.840  1.28142306e-05  2.91642658e-06
292.352  8.37311785e-06  9.76628864e-06
292.864  8.74573135e-07  1.25627629e-05
293.376 -6.66270864e-06  1.03709095e-05
293.888 -1.13111230e-05  4.22950297e-06
294.400 -1.13623718e-05 -3.32942889e-06
294.912 -6.96150822e-06 -9.31132167e-06
295.424  1.88481360e-08 -1.14309664e-05
295.936  6.76631323e-06 -8.99076635e-06
296.448  1.06449435e-05 -3.09764777e-06
296.960  1.02282068e-05  3.83288740e-06
297.472  5.81946285e-06  9.05039752e-06
297.984 -7.29808761e-07  1.05619984e-05
298.496 -6.78222757e-06  7.89541318e-06
299.008 -9.97380916e-06  2.22753618e-06
299.520 -9.14324872e-06 -4.11916223e-06
300.032 -4.74314149e-06 -8.61959506e-06
300.544  1.38107846e-06 -9.55710522e-06
301.056  6.74990298e-06 -6.66974027e-06
301.568  9.25718493e-06 -1.21268106e-06
302.080  7.98896161e-06  4.56757146e-06
302.592  3.54936094e-06  8.35737496e-06
303.104 -2.20442844e-06  8.69555614e-06
303.616 -6.93458724e-06  5.52506193e-06
304.128 -8.76767775e-06  1.95604221e-07
304.640 -7.02055049e-06 -5.10365195e-06
305.152 -2.45807234e-06 -8.24066959e-06
305.664  3.03327256e-06 -7.97955153e-06
306.176  7.22577081e-06 -4.46358797e-06
306.688  8.43577355e-06  8.53199695e-07
307.200  6.18785706e-06  5.81238211e-06
307.712  1.40227321e-06  8.41396780e-06
308.224 -3.99270007e-06  7.60593158e-06
308.736 -7.83428891e-06  3.70686051e-06
309.248 -8.57592716e-06 -1.73472146e-06
309.760 -5.90673694e-06 -6.56365776e-06
310.272 -8.67167723e-07 -8.86103961e-06
310.784  4.57362342e-06 -7.70645333e-06
311.296  8.28348102e-06 -3.53837961e-06
311.808  8.80576941e-06  2.03248525e-06
312.320  5.93156289e-06  6.84743761e-06
312.832  7.64605385e-07  9.04047767e-06
313.344 -4.70808033e-06  7.76942298e-06
313.856 -8.38384857e-06  3.52560292e-06
314.368 -8.86568046e-06 -2.06421951e-06
314.880 -5.98623501e-06 -6.86344972e-06
315.392 -8.56084283e-07 -9.05878024e-06
315.904  4.56454518e-06 -7.84675502e-06
316.416  8.23122811e-06 -3.71931507e-06
316.928  8.79608175e-06  1.73190766e-06
317.440  6.09802532e-06  6.44153140e-06
317.952  1.21068619e-06  8.66795177e-06
318.464 -3.98811718e-06  7.63559919e-06
318.976 -7.55315356e-06  3.81236541e-06
319.488 -8.19939963e-06 -1.29169413e-06
320.000 -5.77205113e-06 -5.73160862e-06
320.512 -1.28298469e-06 -7.86784667e-06
321.024  3.51444663e-06 -6.97438478e-06
321.536  6.80820233e-06 -3.49657967e-06
322.048  7.40871143e-06  1.16075466e-06
322.560  5.19046339e-06  5.19806919e-06
323.072  1.10141211e-06  7.10773948e-06
323.584 -3.23852392e-06  6.24617800e-06
324.096 -6.16667695e-06  3.05043283e-06
324.608 -6.61859188e-06 -1.17344553e-06
325.120 -4.51892770e-06 -4.76960041e-06
325.632 -7.67012101e-07 -6.37904545e-06
326.144  3.13396249e-06 -5.45817045e-06
326.656  5.67087867e-06 -2.45067854e-06
327.168  5.91189029e-06  1.41252118e-06
327.680  3.83838666e-06  4.60555226e-06
328.192  3.21604166e-07  5.91393603e-06
328.704 -3.23168935e-06  4.88812646e-06
329.216 -5.44572864e-06  1.98756969e-06
329.728 -5.50423980e-06 -1.61408650e-06
330.240 -3.43927889e-06 -4.50765806e-06
330.752 -1.02295137e-07 -5.60124942e-06
331.264  3.18927619e-06 -4.52034437e-06
331.776  5.17887713e-06 -1.73622281e-06
332.288  5.14090232e-06  1.63820503e-06
332.800  3.14457046e-06  4.30364975e-06
333.312  7.87350867e-09  5.26920901e-06
333.824 -3.04912635e-06  4.21889916e-06
334.336 -4.87858439e-06  1.61710454e-06
334.848 -4.83389931e-06 -1.50480465e-06
335.360 -3.00579085e-06 -3.96157497e-06
335.872 -1.52615088e-07 -4.86239285e-06
336.384  2.61932616e-06 -3.94532681e-06
336.896  4.28195132e-06 -1.64678405e-06
337.408  4.27888006e-06  1.10401541e-06
337.920  2.71596393e-06  3.25379788e-06
338.432  2.77772544e-07  4.03656121e-06
338.944 -2.05810068e-06  3.25690141e-06
339.456 -3.41226167e-06  1.32394619e-06
339.968 -3.34568117e-06 -9.36900904e-07
340.480 -1.99639029e-06 -2.62450422e-06
340.992  7.92813502e-09 -3.12820548e-06
341.504  1.81892078e-06 -2.34592028e-06
342.016  2.72634737e-06 -6.92050043e-07
342.528  2.43330209e-06  1.08897898e-06
343.040  1.14802998e-06  2.24858244e-06
343.552 -5.17432040e-07  2.34231357e-06
344.064 -1.82156501e-06  1.39142659e-06
344.576 -2.21277734e-06 -1.36534486e-07
345.088 -1.54612453e-06 -1.53801121e-06
345.600 -1.39683395e-07 -2.18454366e-06
346.112  1.36375953e-06 -1.78057623e-06
346.624  2.28199513e-06 -4.88335670e-07
347.136  2.17828583e-06  1.13352766e-06
347.648  1.04688598e-06  2.37267931e-06
348.160 -6.68486480e-07  2.65975077e-06
348.672 -2.25833147e-06  1.80519067e-06
349.184 -3.03765108e-06  9.79519676e-08
349.696 -2.62163612e-06 -1.80334955e-06
350.208 -1.10092878e-06 -3.13287337e-06
350.720  9.79242531e-07 -3.31474765e-06
351.232  2.82982384e-06 -2.20521948e-06
351.744  3.71385996e-06 -1.67270399e-07
352.256  3.23821556e-06  2.06509185e-06
352.768  1.52236065e-06  3.65442010e-06
353.280 -8.43475279e-07  3.97595791e-06
353.792 -3.00927312e-06  2.86815041e-06
354.304 -4.17454611e-06  6.94491551e-07
354.816 -3.89657616e-06 -1.78581443e-06
355.328 -2.25332728e-06 -3.68687331e-06
355.840  1.87372683e-07 -4.32857410e-06
356.352  2.56591132e-06 -3.48412342e-06
356.864  4.04905327e-06 -1.45256584e-06
357.376  4.13323486e-06  1.04593669e-06
357.888  2.81131917e-06  3.13637827e-06
358.400  5.71192603e-07  4.11079567e-06
358.912 -1.78834091e-06  3.66710821e-06
359.424 -3.45861606e-06  2.00655357e-06
359.936 -3.90041469e-06 -2.50389432e-07
360.448 -3.02219147e-06 -2.30918662e-06
360.960 -1.19875959e-06 -3.48547315e-06
361.472  8.93068828e-07 -3.43605469e-06
361.984  2.53030116e-06 -2.26832728e-06
362.496  3.19504895e-06 -4.68131256e-07
363.008  2.75120982e-06  1.30194159e-06
363.520  1.46183292e-06  2.44317215e-06
364.032 -1.43684184e-07  2.63511487e-06
364.544 -1.47528674e-06  1.92806539e-06
365.056 -2.10481900e-06  6.82298614e-07
365.568 -1.91194757e-06 -5.88111563e-07
366.080 -1.08889470e-06 -1.42163828e-06
366.592 -3.82917274e-08 -1.58506784e-06
367.104  8.00949977e-07 -1.13118353e-06
367.616  1.13829924e-06 -3.47196547e-07
368.128  9.27949890e-07  3.80070668e-07
368.640  3.60037928e-07  7.42312519e-07
369.152 -2.34834454e-07  6.32204252e-07
369.664 -5.47883801e-07  1.69204308e-07
370.176 -4.31724740e-07 -3.60250805e-07
370.688  4.49374689e-08 -6.44517727e-07
371.200  6.25202825e-07 -4.97726268e-07
371.712  9.82497585e-07  5.87885198e-08
372.224  8.78573516e-07  7.93740718e-07
372.736  2.71984791e-07  1.35761989e-06
373.248 -6.46589223e-07  1.44193309e-06
373.760 -1.51326982e-06  9.14742267e-07
374.272 -1.94198802e-06 -1.07697683e-07
374.784 -1.68347313e-06 -1.27877326e-06
375.296 -7.35749064e-07 -2.15029834e-06
375.808  6.24143760e-07 -2.34508195e-06
376.320  1.92950463e-06 -1.70412091e-06
376.832  2.69317869e-06 -3.73088693e-07
377.344  2.58185097e-06  1.23049656e-06
377.856  1.55562602e-06  2.56076171e-06
378.368 -9.58594154e-08  3.12705022e-06
378.880 -1.84741670e-06  2.67548228e-06
379.392 -3.10685416e-06  1.29722711e-06
379.904 -3.41761254e-06 -5.96161924e-07
380.416 -2.63012643e-06 -2.39964792e-06
380.928 -9.56799327e-07 -3.51006023e-06
381.440  1.08998450e-06 -3.53871840e-06
381.952  2.85490599e-06 -2.44288791e-06
382.464  3.76165740e-06 -5.42790114e-07
382.976  3.50299802e-06  1.56976594e-06
383.488  2.13730263e-06  3.22606106e-06
384.000  8.02905256e-08  3.89865758e-06
384.512 -2.02835575e-06  3.36284787e-06
385.024 -3.53357395e-06  1.77424314e-06
385.536 -3.96321321e-06 -3.79179105e-07
386.048 -3.17778758e-06 -2.43844645e-06
386.560 -1.41648142e-06 -3.77224169e-06
387.072  7.87445424e-07 -3.97043711e-06
387.584  2.76799083e-06 -2.97433595e-06
388.096  3.92581035e-06 -1.08379807e-06
388.608  3.91592755e-06  1.13581408e-06
389.120  2.74321410e-06  3.01898831e-06
389.632  7.55057921e-07  4.00638974e-06
390.144 -1.45635033e-06  3.80717157e-06
390.656 -3.23576913e-06  2.47717937e-06
391.168 -4.05843407e-06  4.08875636e-07
391.680 -3.67556762e-06 -1.78722679e-06
392.192 -2.19377165e-06 -3.46479012e-06
392.704 -4.55029591e-08 -4.12163668e-06
393.216  2.14122046e-06 -3.55144423e-06
393.728  3.71647605e-06 -1.91072201e-06
394.240  4.19943174e-06  3.29339958e-07
394.752  3.42897590e-06  2.50983562e-06
395.264  1.61104769e-06  3.97211462e-06
395.776 -7.30132562e-07  4.26116868e-06
396.288 -2.89388799e-06  3.26185781e-06
396.800 -4.21623014e-06  1.24429532e-06
397.312 -4.26944474e-06 -1.19666863e-06
397.824 -2.99845425e-06 -3.31765971e-06
398.336 -7.61561662e-07 -4.44999077e-06
398.848  1.76761713e-06 -4.20487858e-06
399.360  3.80058962e-06 -2.61588703e-06
