0.497  2.94069002e-03 -4.65759543e-04
0.995  1.70072619e-03  4.39294229e-04
1.492  8.93081247e-04  8.50785525e-04
1.989  2.60166727e-04  9.16833136e-04
2.487 -2.15791194e-04  7.30711352e-04
2.984 -4.79829745e-04  3.99993376e-04
3.482 -5.64457562e-04  4.30306140e-05
3.979 -4.30497961e-04 -2.42196642e-04
4.476 -1.73078815e-04 -3.90278992e-04
4.974  7.04298484e-05 -3.84219852e-04
5.471  2.50434086e-04 -2.52023566e-04
5.968  3.07273655e-04 -5.07549499e-05
6.466  2.66036255e-04  1.41610657e-04
6.963  1.40520510e-04  2.50031928e-04
7.461 -3.52855567e-05  2.49329074e-04
7.958 -1.61793401e-04  1.63130363e-04
8.455 -2.20654267e-04  2.93315921e-05
8.953 -1.84077597e-04 -9.98843184e-05
9.450 -9.11765716e-05 -1.87227048e-04
9.947  1.54318824e-05 -1.96026138e-04
10.445  1.09576670e-04 -1.25653508e-04
10.942  1.53639274e-04 -2.58306601e-05
11.440  1.35818351e-04  6.68973120e-05
11.937  6.72062277e-05  1.30467979e-04
12.434 -2.70492334e-05  1.45397179e-04
12.932 -1.02719606e-04  1.09507916e-04
13.429 -1.38595469e-04  3.51385763e-05
13.926 -1.24831363e-04 -4.66385042e-05
14.424 -6.52573860e-05 -9.93543968e-05
14.921  1.06500274e-05 -1.05474901e-04
15.419  7.53835064e-05 -7.10781502e-05
15.916  1.03256157e-04 -1.63115308e-05
16.413  8.72930411e-05  4.25088749e-05
16.911  3.66492510e-05  8.44945667e-05
17.408 -2.78739247e-05  9.24651641e-05
17.905 -7.96220225e-05  6.31772194e-05
18.403 -9.99414605e-05  1.05342999e-05
18.900 -8.57631276e-05 -4.15687880e-05
19.397 -4.39872051e-05 -7.51151092e-05
19.895  8.51500876e-06 -8.20240667e-05
20.392  5.20044178e-05 -6.05852911e-05
20.890  7.24284963e-05 -1.84077221e-05
21.387  6.40413693e-05  2.83233977e-05
21.884  3.36077266e-05  5.96233441e-05
22.382 -7.23013720e-06  6.22160644e-05
22.879 -4.16292270e-05  3.95834850e-05
23.376 -5.60465903e-05  1.60373870e-06
23.874 -4.66713545e-05 -3.57407073e-05
24.371 -1.97639037e-05 -5.84548850e-05
24.869  1.17615096e-05 -5.83910357e-05
25.366  3.57784761e-05 -3.82209900e-05
25.863  4.40687589e-05 -6.22076925e-06
26.361  3.31960654e-05  2.50224568e-05
26.858  7.34406602e-06  4.39303055e-05
27.355 -2.38312850e-05  4.39457870e-05
27.853 -4.73822282e-05  2.67922999e-05
28.350 -5.43872690e-05 -1.86882564e-07
28.848 -4.33006280e-05 -2.62997069e-05
29.345 -1.90102195e-05 -4.10242346e-05
29.842  9.15580247e-06 -3.94846078e-05
30.340  3.12117134e-05 -2.28383822e-05
30.837  3.91937089e-05  8.04422845e-07
31.334  3.06032153e-05  2.15595772e-05
31.832  1.02551766e-05  3.18306729e-05
32.329 -1.25320798e-05  2.83045729e-05
32.827 -2.84409799e-05  1.31236254e-05
33.324 -3.22410040e-05 -6.99473628e-06
33.821 -2.32202045e-05 -2.44304733e-05
34.319 -5.12438719e-06 -3.26518698e-05
34.816  1.45421456e-05 -2.90807629e-05
35.313  2.81509131e-05 -1.55193539e-05
35.811  3.06243551e-05  2.71710854e-06
36.308  2.15244534e-05  1.85463282e-05
36.805  5.28558569e-06  2.59229347e-05
37.303 -1.13527258e-05  2.21681369e-05
37.800 -2.21209755e-05  9.27772804e-06
38.298 -2.30764482e-05 -7.46542927e-06
38.795 -1.42659126e-05 -2.13821538e-05
39.292  3.68879329e-07 -2.71798287e-05
39.790  1.47989452e-05 -2.31752457e-05
40.287  2.33563104e-05 -1.12044486e-05
40.784  2.28932929e-05  3.95828652e-06
41.282  1.41012534e-05  1.60342919e-05
41.779  8.19610327e-07  2.04294188e-05
42.277 -1.16876694e-05  1.60722134e-05
42.774 -1.86497554e-05  5.32773273e-06
43.271 -1.75101356e-05 -7.22642119e-06
43.769 -8.77228916e-06 -1.64882396e-05
44.266  4.03024843e-06 -1.86845768e-05
44.763  1.57357168e-05 -1.28524403e-05
45.261  2.17935307e-05 -1.19215539e-06
45.758  1.99163491e-05  1.16428109e-05
46.256  1.08590302e-05  2.05922341e-05
46.753 -1.77007007e-06  2.24621444e-05
47.250 -1.32286587e-05  1.69495765e-05
47.748 -1.95266211e-05  6.53674956e-06
48.245 -1.86860637e-05 -4.61423626e-06
48.742 -1.15340680e-05 -1.22844232e-05
49.240 -1.34298321e-06 -1.36682258e-05
49.737  7.73521723e-06 -8.53668920e-06
50.235  1.22094892e-05  7.03393711e-07
50.732  1.05364131e-05  1.02267790e-05
51.229  3.74510780e-06  1.63230903e-05
51.727 -5.16904513e-06  1.66825612e-05
52.224 -1.24125004e-05  1.12175459e-05
52.721 -1.48223624e-05  2.05268465e-06
53.219 -1.12882051e-05 -7.30270037e-06
53.716 -3.14001427e-06 -1.33219043e-05
54.213  6.60546354e-06 -1.39479410e-05
54.711  1.43833479e-05 -9.30097144e-06
55.208  1.74439971e-05 -1.37655074e-06
55.706  1.49382194e-05  6.68048817e-06
56.203  8.10816821e-06  1.17824574e-05
56.700 -2.62633167e-07  1.21870129e-05
57.198 -6.96857048e-06  8.01047323e-06
57.695 -9.67647401e-06  1.09940515e-06
58.192 -7.66192867e-06 -5.62838728e-06
58.690 -1.99044049e-06 -9.43682703e-06
59.187  4.83969044e-06 -8.84230898e-06
59.685  9.97251357e-06 -4.08099176e-06
60.182  1.13283601e-05  2.93860118e-06
60.679  8.30642634e-06  9.45034241e-06
61.177  2.02870152e-06  1.29743932e-05
61.674 -5.16417895e-06  1.21732107e-05
62.171 -1.07086162e-05  7.38197801e-06
62.669 -1.27099618e-05  4.74226038e-07
63.166 -1.06487395e-05 -6.01713093e-06
63.664 -5.59301417e-06 -9.83946075e-06
64.161  3.67729052e-07 -9.81164553e-06
64.658  4.95058582e-06 -6.28668523e-06
65.156  6.49197096e-06 -8.88138678e-07
65.653  4.62331551e-06  4.18698757e-06
66.150  3.19468437e-07  6.96133782e-06
66.648 -4.57919782e-06  6.48756190e-06
67.145 -8.02370998e-06  3.16224316e-06
67.643 -8.60676044e-06 -1.56773019e-06
68.140 -6.13644380e-06 -5.74254259e-06
68.637 -1.58760298e-06 -7.67225886e-06
69.135  3.26787531e-06 -6.63311411e-06
69.632  6.53923856e-06 -3.03630408e-06
70.129  7.01934295e-06  1.73900811e-06
70.627  4.57688350e-06  5.85880628e-06
71.124  1.56570094e-07  7.83885599e-06
71.621 -4.55255876e-06  7.05648878e-06
72.119 -7.85264003e-06  3.89657670e-06
72.616 -8.68116722e-06 -3.63452291e-07
73.114 -6.91040819e-06 -4.11015785e-06
73.611 -3.40094041e-06 -6.05372204e-06
74.108  3.91812520e-07 -5.63423811e-06
74.606  3.05866421e-06 -3.24425098e-06
75.103  3.70349176e-06 -4.76628002e-08
75.600  2.27747528e-06  2.57750735e-06
76.098 -3.99351053e-07  3.53107332e-06
76.595 -3.07377142e-06  2.40156122e-06
77.093 -4.54982422e-06 -3.27367279e-07
77.590 -4.12077305e-06 -3.55208289e-06
78.087 -1.89320682e-06 -6.00038044e-06
78.585  1.31889719e-06 -6.67137919e-06
79.082  4.35521768e-06 -5.27074355e-06
79.579  6.09461584e-06 -2.28769210e-06
80.077  5.92706435e-06  1.27120517e-06
80.574  3.98257548e-06  4.21984876e-06
81.072  9.82141236e-07  5.65934077e-06
81.569 -2.01345350e-06  5.33329067e-06
82.066 -4.00616368e-06  3.61495311e-06
82.564 -4.48466753e-06  1.34433783e-06
83.061 -3.53377297e-06 -4.98217756e-07
83.558 -1.76364592e-06 -1.24806839e-06
84.056 -8.63548710e-08 -7.64379051e-07
84.553  7.24722879e-07  5.71269664e-07
85.051  3.31497565e-07  1.98004659e-06
85.548 -1.09613147e-06  2.66501112e-06
86.045 -2.90727540e-06  2.15606497e-06
86.543 -4.26087501e-06  4.41392169e-07
87.040 -4.50264773e-06 -1.98185735e-06
87.537 -3.36353303e-06 -4.29766088e-06
88.035 -1.09047586e-06 -5.73825738e-06
88.532  1.62369880e-06 -5.82010050e-06
89.029  3.96839953e-06 -4.52043189e-06
89.527  5.28427055e-06 -2.32064340e-06
90.024  5.27562141e-06  4.16929867e-08
90.522  4.15367208e-06  1.84293852e-06
91.019  2.48690580e-06  2.59573478e-06
91.516  9.48366053e-07  2.26503500e-06
92.014  1.01388352e-07  1.22716025e-06
92.511  1.45951603e-07  5.79735612e-08
93.008  8.61710798e-07 -6.56836259e-07
93.506  1.77386710e-06 -5.85332699e-07
94.003  2.31875783e-06  2.00443295e-07
94.501  2.08911590e-06  1.32434568e-06
94.998  1.04600638e-06  2.24204409e-06
95.495 -5.17194447e-07  2.45409253e-06
95.993 -2.08115479e-06  1.76428303e-06
96.490 -3.06943083e-06  3.23055524e-07
96.987 -3.12614496e-06 -1.43868777e-06
97.485 -2.23311648e-06 -2.92669411e-06
97.982 -6.83875739e-07 -3.65426813e-06
98.480  9.79030890e-07 -3.42671532e-06
98.977  2.19662132e-06 -2.36151688e-06
99.474  2.62239893e-06 -8.77870044e-07
99.972  2.18945478e-06  4.77090616e-07
100.469  1.15047072e-06  1.27765701e-06
100.966 -2.00585989e-08  1.32670773e-06
101.464 -8.67438954e-07  7.29018697e-07
101.961 -1.09587960e-06 -1.34539237e-07
102.459 -6.65485281e-07 -8.19642892e-07
102.956  1.62106387e-07 -9.79818744e-07
103.453  9.81440796e-07 -4.73464967e-07
103.951  1.41304556e-06  5.39026953e-07
104.448  1.21529710e-06  1.69140490e-06
104.945  4.20996200e-07  2.58022746e-06
105.443 -6.86636543e-07  2.87601453e-06
105.940 -1.72549955e-06  2.47921559e-06
106.437 -2.32109749e-06  1.56591645e-06
106.935 -2.26459418e-06  4.67612642e-07
107.432 -1.61986627e-06 -4.26216968e-07
107.930 -6.46271339e-07 -8.12133148e-07
108.427  2.88603026e-07 -6.26430674e-07
108.924  8.30070251e-07 -2.18557243e-08
109.422  8.17520627e-07  7.00920506e-07
109.919  3.15899965e-07  1.17998047e-06
110.416 -4.34391942e-07  1.17783822e-06
110.914 -1.07241459e-06  6.66664966e-07
111.411 -1.28964052e-06 -1.95775007e-07
111.909 -9.60939644e-07 -1.08687183e-06
112.406 -1.49315248e-07 -1.65867496e-06
112.903  8.86462639e-07 -1.69894217e-06
113.401  1.78666580e-06 -1.16712219e-06
113.898  2.26370671e-06 -2.26535570e-07
114.395  2.16812654e-06  7.97422409e-07
114.893  1.53873894e-06  1.58198003e-06
115.390  6.14457159e-07  1.89866879e-06
115.888 -3.00815171e-07  1.67354090e-06
116.385 -9.44664757e-07  1.04334351e-06
116.882 -1.15759255e-06  2.62428258e-07
117.380 -9.70232218e-07 -4.10603332e-07
117.877 -5.61280065e-07 -7.72123006e-07
118.374 -1.49309900e-07 -7.76010162e-07
118.872  6.01312999e-08 -5.41118389e-07
119.369 -2.38442436e-08 -2.54327052e-07
119.867 -3.25854178e-07 -1.20174745e-07
120.364 -6.80856143e-07 -2.69339120e-07
120.861 -8.83365700e-07 -6.71313993e-07
121.359 -7.62500358e-07 -1.18294685e-06
121.856 -2.94534628e-07 -1.59731647e-06
122.353  4.09836664e-07 -1.69964206e-06
122.851  1.15118897e-06 -1.39231748e-06
123.348  1.67777220e-06 -7.22120244e-07
123.845  1.80989944e-06  1.56288928e-07
124.343  1.50732030e-06  9.95915261e-07
124.840  8.48814143e-07  1.56425155e-06
125.338  3.56803703e-08  1.74109551e-06
125.835 -6.85769169e-07  1.51753696e-06
126.332 -1.14050662e-06  1.01505241e-06
126.830 -1.24526344e-06  4.46536134e-07
127.327 -1.03748722e-06 -9.04610305e-10
127.824 -6.75468855e-07 -2.04655351e-07
128.322 -3.34391263e-07 -1.37790224e-07
128.819 -1.52140792e-07  9.75351949e-08
129.317 -2.00887857e-07  3.49123761e-07
129.814 -4.30655689e-07  4.80004361e-07
130.311 -7.16461668e-07  3.91654704e-07
130.809 -9.29263565e-07  9.16811641e-08
131.306 -9.53852241e-07 -3.18922721e-07
131.803 -7.56010454e-07 -7.17057445e-07
132.301 -4.02501721e-07 -9.73938822e-07
132.798  3.45324188e-09 -1.01416203e-06
133.296  3.39537398e-07 -8.64244046e-07
133.793  5.08184536e-07 -6.01986994e-07
134.290  5.04380524e-07 -3.34911791e-07
134.788  3.84116579e-07 -1.72770117e-07
135.285  2.37189590e-07 -1.48892259e-07
135.782  1.75129655e-07 -2.27441624e-07
136.280  2.51862615e-07 -3.34873356e-07
136.777  4.45009108e-07 -3.60243432e-07
137.275  6.88333677e-07 -2.26630857e-07
137.772  8.65139285e-07  6.47474095e-08
138.269  8.65013117e-07  4.61989947e-07
138.767  6.49936046e-07  8.52602045e-07
139.264  2.39168849e-07  1.09960905e-06
139.761 -2.79317383e-07  1.12104783e-06
140.259 -7.60580833e-07  8.91369817e-07
140.756 -1.08466213e-06  4.52225752e-07
141.253 -1.17680763e-06 -7.48310033e-08
141.751 -1.01715084e-06 -5.60232293e-07
142.248 -6.74834959e-07 -9.02513038e-07
142.746 -2.57047913e-07 -1.03454491e-06
143.243  1.37863144e-07 -9.70442460e-07
143.740  4.22415247e-07 -7.80917676e-07
144.238  5.69668061e-07 -5.41247843e-07
144.735  6.15507732e-07 -3.32478755e-07
145.232  6.06863932e-07 -1.98617604e-07
145.730  6.02970703e-07 -1.21369937e-07
146.227  6.46017307e-07 -6.71021486e-08
146.725  7.19626285e-07  9.62683137e-09
147.222  7.86966720e-07  1.51632133e-07
147.719  8.03368605e-07  3.47646116e-07
148.217  7.17904290e-07  5.56340960e-07
148.714  5.27963775e-07  7.28863594e-07
149.211  2.73072801e-07  8.01553747e-07
149.709  4.12424254e-09  7.47593338e-07
150.206 -2.05530181e-07  5.91379378e-07
150.704 -3.03315393e-07  3.74920610e-07
151.201 -2.91663868e-07  1.68861387e-07
151.698 -1.97789745e-07  4.23957956e-08
152.196 -8.12664963e-08  1.32244068e-08
152.693 -1.96123290e-08  6.82169130e-08
153.190 -4.88781883e-08  1.61239986e-07
153.688 -1.69581193e-07  2.11688348e-07
154.185 -3.49888585e-07  1.65256506e-07
154.683 -5.09863848e-07  5.54815973e-09
155.180 -5.74984188e-07 -2.53017607e-07
155.677 -5.05235458e-07 -5.38812628e-07
156.175 -2.87224532e-07 -7.61785930e-07
156.672  3.27001059e-08 -8.56779700e-07
157.169  3.66113437e-07 -7.77949262e-07
157.667  6.33089354e-07 -5.33508473e-07
158.164  7.60908112e-07 -1.91711142e-07
158.661  7.15075777e-07  1.68914218e-07
159.159  5.27668955e-07  4.63733678e-07
159.656  2.56668401e-07  6.24567152e-07
160.154 -2.34602136e-08  6.44987341e-07
160.651 -2.32424503e-07  5.54932745e-07
161.148 -3.37879039e-07  4.06612889e-07
161.646 -3.48425447e-07  2.76301976e-07
162.143 -2.95692756e-07  2.10957695e-07
162.640 -2.46176891e-07  2.15947257e-07
163.138 -2.55986761e-07  2.74367762e-07
163.635 -3.40890641e-07  3.28747262e-07
164.133 -4.93683804e-07  3.12072975e-07
164.630 -6.63639118e-07  1.91604457e-07
165.127 -7.69674454e-07 -4.20650475e-08
165.625 -7.52066402e-07 -3.54779110e-07
166.122 -5.71785648e-07 -6.61622000e-07
166.619 -2.28850036e-07 -8.77556957e-07
167.117  2.09971289e-07 -9.27924845e-07
167.614  6.50634570e-07 -7.63440383e-07
168.112  9.90979871e-07 -4.05551704e-07
168.609  1.13038009e-06  7.25479545e-08
169.106  1.02635472e-06  5.67866821e-07
169.604  7.01958554e-07  9.48777874e-07
170.101  2.28393962e-07  1.11268514e-06
170.598 -2.64419127e-07  1.01960937e-06
171.096 -6.34564926e-07  6.85295061e-07
171.593 -7.81756719e-07  2.05148872e-07
172.091 -6.54328862e-07 -2.70318343e-07
172.588 -2.86187397e-07 -5.97861591e-07
173.085  1.97152792e-07 -6.61736295e-07
173.583  6.35290650e-07 -4.20235562e-07
174.080  8.61839157e-07  5.44351044e-08
174.577  7.54624162e-07  6.12739032e-07
175.075  3.07013285e-07  1.05750185e-06
175.572 -3.76128426e-07  1.18968051e-06
176.069 -1.09843332e-06  9.02724520e-07
176.567 -1.60336557e-06  2.18556617e-07
177.064 -1.67723974e-06 -7.11587578e-07
177.562 -1.22516488e-06 -1.61330672e-06
178.059 -3.01658209e-07 -2.18175805e-06
178.556  8.60660074e-07 -2.18855222e-06
179.054  1.91219516e-06 -1.54595645e-06
179.551  2.50587498e-06 -3.76476707e-07
180.048  2.39051992e-06  9.96764845e-07
180.546  1.52050131e-06  2.15686486e-06
181.043  1.11402884e-07  2.70229691e-06
181.541 -1.42640039e-06  2.38739269e-06
182.038 -2.59139298e-06  1.24716692e-06
182.535 -2.94396031e-06 -4.03881146e-07
183.033 -2.29142147e-06 -2.04390782e-06
183.530 -7.67953448e-07 -3.08371300e-06
184.027  1.18029450e-06 -3.08978786e-06
184.525  2.89263025e-06 -1.94787381e-06
185.022  3.72128027e-06  7.43811676e-08
185.520  3.26487986e-06  2.35318953e-06
186.017  1.51805883e-06  4.09903646e-06
186.514 -1.05960605e-06  4.62940214e-06
187.012 -3.65376255e-06  3.59902816e-06
187.509 -5.36235506e-06  1.17472499e-06
188.006 -5.48242794e-06 -1.95699308e-06
188.504 -3.78501320e-06 -4.79777363e-06
189.001 -6.64313086e-07 -6.33895242e-06
189.499  2.95770990e-06 -5.91035669e-06
189.996  5.89292548e-06 -3.47327263e-06
190.493  7.06386097e-06  3.20363455e-07
190.991  5.91676788e-06  4.29057789e-06
191.488  2.65627492e-06  7.07318687e-06
191.985 -1.76569155e-06  7.60293363e-06
192.483 -5.89318289e-06  5.51532608e-06
192.980 -8.24778193e-06  1.32152889e-06
193.477 -7.85704957e-06 -3.67179427e-06
193.975 -4.62213098e-06 -7.75877186e-06
194.472  5.53662777e-07 -9.41905034e-06
194.970  5.99269612e-06 -7.85136494e-06
195.467  9.79153349e-06 -3.32865932e-06
195.964  1.04590475e-05  2.79309795e-06
196.462  7.47994968e-06  8.48559190e-06
196.959  1.59934815e-06  1.16999678e-05
197.456 -5.35555152e-06  1.10818973e-05
197.954 -1.10315675e-05  6.53065410e-06
198.451 -1.33233618e-05 -6.77010208e-07
198.949 -1.11588708e-05 -8.23570847e-06
199.446 -4.95387705e-06 -1.35254954e-05
199.943  3.43556840e-06 -1.45296312e-05
200.441  1.12399891e-05 -1.05958870e-05
200.938  1.56961504e-05 -2.74717945e-06
201.435  1.50352086e-05  6.54242527e-06
201.933  9.15579205e-06  1.41198249e-05
202.430 -2.15385308e-07  1.72384396e-05
202.928 -1.00028814e-05  1.45373431e-05
203.425 -1.68027558e-05  6.61594070e-06
203.922 -1.80529100e-05 -4.03663201e-06
204.420 -1.29877087e-05 -1.38238837e-05
204.917 -3.04050025e-06 -1.92425286e-05
205.414  8.54603747e-06 -1.81174727e-05
205.912  1.77649023e-05 -1.04740130e-05
206.409  2.12039549e-05  1.34901896e-06
206.907  1.73100352e-05  1.34055242e-05
207.404  7.04799184e-06  2.14313644e-05
207.901 -6.31577372e-06  2.23526243e-05
208.399 -1.82268966e-05  1.54525682e-05
208.896 -2.43935267e-05  2.73623805e-06
209.393 -2.23398000e-05 -1.16215991e-05
209.891 -1.23620082e-05 -2.26391400e-05
210.388  2.42719094e-06 -2.62732541e-05
210.885  1.70488303e-05 -2.08867918e-05
211.383  2.63518968e-05 -7.94592555e-06
211.880  2.68239628e-05  8.33353298e-06
212.378  1.79039280e-05  2.23697789e-05
212.875  2.33460152e-06  2.91321425e-05
213.372 -1.46751901e-05  2.59341404e-05
213.870 -2.71996237e-05  1.35048576e-05
214.367 -3.06494412e-05 -4.13088551e-06
214.864 -2.34673921e-05 -2.09609852e-05
215.362 -7.80417631e-06 -3.10230912e-05
215.859  1.11216973e-05 -3.05289056e-05
216.357  2.67485789e-05 -1.93005452e-05
216.854  3.34520535e-05 -9.43729603e-07
217.351  2.85912509e-05  1.82936225e-05
217.849  1.35301781e-05  3.16439222e-05
218.346 -6.71692060e-06  3.42265432e-05
218.843 -2.51398348e-05  2.48302549e-05
219.341 -3.51825167e-05  6.44727890e-06
219.838 -3.30841775e-05 -1.46520378e-05
220.336 -1.92821459e-05 -3.10724072e-05
220.833  1.61410826e-06 -3.68997166e-05
221.330  2.23639992e-05 -2.98280509e-05
221.828  3.56210323e-05 -1.20844063e-05
222.325  3.65303866e-05  1.02570448e-05
222.822  2.45247431e-05  2.93689696e-05
223.320  3.62742259e-06  3.84084844e-05
223.817 -1.89057887e-05  3.39801503e-05
224.315 -3.51011288e-05  1.74291737e-05
224.812 -3.90936278e-05 -5.56680806e-06
225.309 -2.92750457e-05 -2.69435051e-05
225.807 -8.92625252e-06 -3.90772847e-05
226.304  1.48808147e-05 -3.75311996e-05
226.801  3.37371335e-05 -2.26789416e-05
227.299  4.08956499e-05  3.73753783e-07
227.796  3.37014977e-05  2.35370941e-05
228.293  1.45707349e-05  3.86022122e-05
228.791 -9.80733654e-06  4.01792944e-05
229.288 -3.08252147e-05  2.76301091e-05
229.786 -4.10316287e-05  5.34150077e-06
230.283 -3.67853448e-05 -1.88074756e-05
230.780 -1.95794266e-05 -3.62624918e-05
231.278  4.46436044e-06 -4.08390100e-05
231.775  2.67933088e-05 -3.09383527e-05
232.272  3.94778481e-05 -1.01394602e-05
232.770  3.80443715e-05  1.40994788e-05
233.267  2.30912251e-05  3.31219808e-05
233.765  5.15786663e-08  4.01702522e-05
234.262 -2.27835181e-05  3.28212482e-05
234.759 -3.72445083e-05  1.38348099e-05
235.257 -3.82343159e-05 -9.88223591e-06
235.754 -2.55481923e-05 -2.97775371e-05
236.251 -3.89372192e-06 -3.87555396e-05
236.749  1.88397180e-05 -3.37365246e-05
237.246  3.44612750e-05 -1.67142127e-05
237.744  3.74591152e-05  6.01305170e-06
238.241  2.69511449e-05  2.61651793e-05
238.738  6.94650962e-06  3.65225716e-05
239.236 -1.51628037e-05  3.35222121e-05
239.733 -3.13508661e-05  1.84925059e-05
240.230 -3.58832334e-05 -2.89031681e-06
240.728 -2.73553651e-05 -2.27509542e-05
241.225 -9.14425052e-06 -3.39272958e-05
241.723  1.19167186e-05 -3.25561451e-05
242.220  2.81105837e-05 -1.94332789e-05
242.717  3.36624876e-05  3.70445942e-07
243.215  2.68213654e-05  1.94706260e-05
243.712  1.04211749e-05  3.09159600e-05
244.209 -9.28071002e-06  3.07331899e-05
244.707 -2.49786584e-05  1.93304193e-05
245.204 -3.10321412e-05  1.22421616e-06
245.701 -2.55206021e-05 -1.67300141e-05
246.199 -1.08450040e-05 -2.79252905e-05
246.696  7.28294849e-06 -2.84600482e-05
247.194  2.20413253e-05 -1.85064797e-05
247.691  2.80819321e-05 -2.12076679e-06
248.188  2.34843170e-05  1.43700288e-05
248.686  1.03594077e-05  2.48110264e-05
249.183 -6.05168382e-06  2.55312478e-05
249.680 -1.94476213e-05  1.66351589e-05
250.178 -2.48904542e-05  1.85655704e-06
250.675 -2.06209467e-05 -1.29624074e-05
251.173 -8.63426950e-06 -2.21701773e-05
251.670  6.18365884e-06 -2.24450945e-05
252.167  1.80252171e-05 -1.39955686e-05
252.665  2.24118771e-05 -3.92216763e-07
253.162  1.78744243e-05  1.29126598e-05
253.659  6.45469514e-06  2.07423711e-05
254.157 -7.18269634e-06  2.01827168e-05
254.654 -1.76326224e-05  1.16723956e-05
255.152 -2.08578464e-05 -1.24647164e-06
255.649 -1.57450428e-05 -1.33888446e-05
256.146 -4.48571238e-06 -1.99747494e-05
256.644  8.35798008e-06 -1.84991094e-05
257.141  1.76743742e-05 -9.68518213e-06
257.638  1.98185361e-05  2.86476004e-06
258.136  1.40384387e-05  1.41228657e-05
258.633  2.72165221e-06  1.96278014e-05
259.131 -9.58267898e-06  1.72512955e-05
259.628 -1.79697168e-05  8.00594051e-06
260.125 -1.91312637e-05 -4.38869955e-06
260.623 -1.26473075e-05 -1.49826031e-05
261.120 -1.12238969e-06 -1.95679835e-05
261.617  1.08464911e-05 -1.63406024e-05
262.115  1.84984721e-05 -6.58846791e-06
262.612  1.87974906e-05  5.81650286e-06
263.109  1.16123578e-05  1.59512890e-05
263.607 -2.29865620e-07  1.97970095e-05
264.104 -1.20533226e-05  1.58100058e-05
264.602 -1.91879704e-05  5.53016707e-06
265.099 -1.87983833e-05 -7.01181553e-06
265.596 -1.09949607e-05 -1.68877633e-05
266.094  1.19118623e-06 -2.02016439e-05
266.591  1.29995283e-05 -1.56089834e-05
267.088  1.98019489e-05 -4.86247755e-06
267.586  1.88991401e-05  7.86921927e-06
268.083  1.05902645e-05  1.76290343e-05
268.581 -1.93356279e-06  2.05867075e-05
269.078 -1.38329763e-05  1.55382136e-05
269.575 -2.04819947e-05  4.38727653e-06
270.073 -1.92618381e-05 -8.59653912e-06
270.570 -1.05890030e-05 -1.84142680e-05
271.067  2.25136904e-06 -2.12601613e-05
271.565  1.43623948e-05 -1.60015342e-05
272.062  2.11058512e-05 -4.60685988e-06
272.560  1.98929054e-05  8.61066320e-06
273.057  1.11677322e-05  1.86324547e-05
273.554 -1.77496075e-06  2.16620321e-05
274.052 -1.40403614e-05  1.65680530e-05
274.549 -2.10080385e-05  5.29222968e-06
275.046 -2.00900137e-05 -7.89289994e-06
275.544 -1.16849833e-05 -1.80206669e-05
276.041  9.88832964e-07 -2.13257584e-05
276.539  1.31334893e-05 -1.66440282e-05
277.036  2.02131125e-05 -5.82705400e-06
277.533  1.96530033e-05  6.98534412e-06
278.031  1.17819020e-05  1.69703489e-05
278.528 -3.23950925e-07  2.04454276e-05
279.025 -1.20554956e-05  1.62307246e-05
279.523 -1.90345705e-05  6.06235404e-06
280.020 -1.87487522e-05 -6.12312892e-06
280.517 -1.14724088e-05 -1.57211107e-05
281.015 -1.02994780e-07 -1.91961744e-05
281.512  1.09985486e-05 -1.53996661e-05
282.010  1.76745301e-05 -5.95128426e-06
282.507  1.75382293e-05  5.45047614e-06
283.004  1.08388467e-05  1.44673360e-05
283.502  2.87126307e-07  1.77754397e-05
283.999 -1.00299596e-05  1.43062250e-05
284.496 -1.62272937e-05  5.57864853e-06
284.994 -1.60997405e-05 -4.94859111e-06
285.491 -9.90311961e-06 -1.32342034e-05
285.989 -1.80252288e-07 -1.62163303e-05
286.486  9.26158359e-06 -1.29444513e-05
286.983  1.48452015e-05 -4.86802344e-06
287.481  1.45812252e-05  4.77767300e-06
287.978  8.76540748e-06  1.22641326e-05
288.475 -1.97102804e-07  1.48150273e-05
288.973 -8.77664303e-06  1.16241947e-05
289.470 -1.37152586e-05  4.10548447e-06
289.968 -1.32542841e-05 -4.71521071e-06
290.465 -7.75899865e-06 -1.14243291e-05
290.962  4.83320228e-07 -1.35358773e-05
291.460  8.21790602e-06 -1.04102941e-05
291.957  1.25047735e-05 -3.44825955e-06
292.454  1.18315968e-05  4.52776440e-06
292.952  6.65822748e-06  1.04144569e-05
293.449 -8.34761259e-07  1.20258435e-05
293.947 -7.65823585e-06  8.91634595e-06
294.444 -1.11915933e-05  2.49255000e-06
294.941 -1.01945795e-05 -4.60943974e-06
295.439 -5.24770203e-06 -9.58493309e-06
295.936  1.54918570e-06 -1.05640034e-05
296.433  7.44467334e-06 -7.32165746e-06
296.931  1.01352124e-05 -1.30102757e-06
297.428  8.66966237e-06  5.00620009e-06
297.925  3.77524654e-06  9.06904595e-06
298.423 -2.48183158e-06  9.33219294e-06
298.920 -7.54364953e-06  5.80215725e-06
299.418 -9.40048223e-06 -2.24530503e-09
299.915 -7.37898770e-06 -5.68064443e-06
300.412 -2.37183007e-06 -8.93483616e-06
300.910  3.54062541e-06 -8.49006901e-06
301.407  7.94545609e-06 -4.57522265e-06
301.904  9.07650146e-06  1.18591219e-06
302.402  6.50106306e-06  6.44103422e-06
302.899  1.27942860e-06  9.06977769e-06
303.397 -4.46760867e-06  8.01999123e-06
303.894 -8.42586265e-06  3.71619979e-06
304.391 -9.00658270e-06 -2.11117857e-06
304.889 -5.96742468e-06 -7.13215457e-06
305.386 -5.11738846e-07 -9.34495141e-06
305.883  5.20137232e-06 -7.85740149e-06
306.381  8.91825124e-06 -3.24391604e-06
306.878  9.16741151e-06  2.68924959e-06
307.376  5.84087146e-06  7.62683881e-06
307.873  2.32362660e-07  9.64272018e-06
308.370 -5.48566862e-06  7.95296548e-06
308.868 -9.10460195e-06  3.22077337e-06
309.365 -9.23631698e-06 -2.72194443e-06
309.862 -5.85405146e-06 -7.58848432e-06
310.360 -2.81236814e-07 -9.51987972e-06
310.857  5.33203663e-06 -7.80859943e-06
311.355  8.83757672e-06 -3.15206088e-06
311.852  8.92530448e-06  2.63655404e-06
312.349  5.61339796e-06  7.32905381e-06
312.847  2.14924788e-07  9.15071148e-06
313.344 -5.17479414e-06  7.45634462e-06
313.841 -8.49723042e-06  2.94962849e-06
314.339 -8.52479550e-06 -2.60048014e-06
314.836 -5.30576172e-06 -7.05473664e-06
315.333 -1.27766227e-07 -8.73811178e-06
315.831  4.99295281e-06 -7.06256339e-06
316.328  8.10700993e-06 -2.73175250e-06
316.826  8.06933245e-06  2.54526136e-06
317.323  4.95686840e-06  6.73733233e-06
317.820  2.38874080e-08  8.27139530e-06
318.318 -4.80944015e-06  6.61621119e-06
318.815 -7.70631162e-06  2.47268752e-06
319.312 -7.60260448e-06 -2.52462558e-06
319.810 -4.60359158e-06 -6.45773484e-06
320.307  8.26947592e-08 -7.85231528e-06
320.805  4.64018081e-06 -6.23389822e-06
321.302  7.34120214e-06 -2.28889999e-06
321.799  7.20224376e-06  2.43503709e-06
322.297  4.34648456e-06  6.13215557e-06
322.794 -8.14357102e-08  7.42730372e-06
323.291 -4.37406558e-06  5.89523020e-06
323.789 -6.91644609e-06  2.18753082e-06
324.286 -6.80395990e-06 -2.24657914e-06
324.784 -4.15839486e-06 -5.72259126e-06
325.281 -4.39578683e-08 -6.97203382e-06
325.778  3.95521747e-06 -5.60681416e-06
326.276  6.35519812e-06 -2.22624698e-06
326.773  6.33130762e-06  1.83581323e-06
327.270  3.99326560e-06  5.04274407e-06
327.768  3.12440095e-07  6.24918683e-06
328.265 -3.27794816e-06  5.10632267e-06
328.763 -5.45307295e-06  2.16070833e-06
329.260 -5.48425317e-06 -1.38742521e-06
329.757 -3.48456772e-06 -4.17950342e-06
330.255 -3.32548084e-07 -5.21775224e-06
330.752  2.70983168e-06 -4.22124218e-06
331.249  4.49929497e-06 -1.70490657e-06
331.747  4.43557973e-06  1.26623078e-06
332.244  2.67205101e-06  3.52136691e-06
332.741  1.33806110e-08  4.23418755e-06
333.239 -2.44065930e-06  3.23272038e-06
333.736 -3.73342650e-06  1.03396111e-06
334.234 -3.42474970e-06 -1.40539927e-06
334.731 -1.74569526e-06 -3.08425396e-06
335.228  5.35506959e-07 -3.35911628e-06
335.726  2.44280858e-06 -2.19576079e-06
336.223  3.19208834e-06 -1.50004609e-07
336.720  2.51331975e-06  1.87998012e-06
337.218  7.39438363e-07  3.02509020e-06
337.715 -1.34978881e-06  2.81088332e-06
338.213 -2.84957171e-06  1.34303852e-06
338.710 -3.11237188e-06 -7.51761949e-07
339.207 -2.01454180e-06 -2.58060171e-06
339.705  4.14396067e-09 -3.35715328e-06
340.202  2.11394536e-06 -2.73012663e-06
340.699  3.43300164e-06 -9.18827812e-07
341.197  3.39388810e-06  1.36796485e-06
341.694  1.96704716e-06  3.21040466e-06
342.192 -3.21384993e-07  3.85420718e-06
342.689 -2.58655276e-06  3.00680798e-06
343.186 -3.94030270e-06  9.54457335e-07
343.684 -3.83717404e-06 -1.53617603e-06
344.181 -2.28284240e-06 -3.52019571e-06
344.678  1.56247536e-07 -4.24038415e-06
345.176  2.57282135e-06 -3.40977650e-06
345.673  4.07019256e-06 -1.32856285e-06
346.171  4.09298576e-06  1.23185341e-06
346.668  2.63909311e-06  3.33099688e-06
347.165  2.58446516e-07  4.20585242e-06
347.663 -2.16956918e-06  3.55484674e-06
348.160 -3.76374430e-06  1.64879670e-06
348.657 -3.96588348e-06 -7.90925191e-07
349.155 -2.74812055e-06 -2.86880259e-06
349.652 -6.00760846e-07 -3.84585431e-06
350.149  1.66752608e-06 -3.41657207e-06
350.647  3.23237473e-06 -1.80202094e-06
351.144  3.56683725e-06  3.58190483e-07
351.642  2.62325904e-06  2.25257439e-06
352.139  8.20613556e-07  3.21211947e-06
352.636 -1.12739784e-06  2.95566231e-06
353.134 -2.49660483e-06  1.66532475e-06
353.631 -2.83161773e-06 -1.02506646e-07
354.128 -2.09376109e-06 -1.64747836e-06
354.626 -6.53076108e-07 -2.40903633e-06
355.123  8.73599579e-07 -2.16642901e-06
355.621  1.88552732e-06 -1.10225951e-06
356.118  2.02846100e-06  2.85984951e-07
356.615  1.31586671e-06  1.40871732e-06
357.113  1.11421550e-07  1.82484913e-06
357.610 -1.04103068e-06  1.40545292e-06
358.107 -1.65101460e-06  3.79851467e-07
358.605 -1.47307461e-06 -7.74784687e-07
359.102 -6.06741032e-07 -1.54565541e-06
359.600  5.51553216e-07 -1.59104874e-06
360.097  1.48738097e-06 -8.83849330e-07
360.594  1.77825607e-06  2.74435564e-07
361.092  1.27025356e-06  1.38866628e-06
361.589  1.51650995e-07  1.97135826e-06
362.086 -1.12860435e-06  1.74139759e-06
362.584 -2.04070760e-06  7.52231288e-07
363.081 -2.18226683e-06 -6.28385620e-07
363.579 -1.45251313e-06 -1.86282913e-06
364.076 -9.78736981e-08 -2.44670490e-06
364.573  1.38321705e-06 -2.11618373e-06
365.071  2.42156638e-06 -9.58669972e-07
365.568  2.60018542e-06  6.21458195e-07
366.065  1.82233582e-06  2.04504113e-06
366.563  3.44954097e-07  2.77556072e-06
367.060 -1.30920365e-06  2.52921664e-06
367.557 -2.54086954e-06  1.37541271e-06
368.055 -2.90434661e-06 -2.86333247e-07
368.552 -2.26573626e-06 -1.86687287e-06
369.050 -8.47620851e-07 -2.81148530e-06
369.547  8.47343510e-07 -2.79824526e-06
370.044  2.22839805e-06 -1.84469623e-06
370.542  2.83162880e-06 -3.02345392e-07
371.039  2.47445557e-06  1.28155245e-06
371.536  1.31795799e-06  2.36981682e-06
372.034 -2.04099434e-07  2.61733898e-06
372.531 -1.55855063e-06  1.98882669e-06
373.029 -2.29954747e-06  7.58215856e-07
373.526 -2.22253468e-06 -6.14900532e-07
374.023 -1.42691380e-06 -1.65558653e-06
374.521 -2.50657370e-07 -2.04176764e-06
375.018  8.67679144e-07 -1.71498880e-06
375.515  1.55091890e-06 -8.72594798e-07
376.013  1.62274948e-06  1.29264717e-07
376.510  1.14941599e-06  9.15992519e-07
377.008  3.85049628e-07  1.24350568e-06
377.505 -3.38747749e-07  1.07706726e-06
378.002 -7.55867234e-07  5.74686975e-07
378.500 -7.68555106e-07  8.12912993e-09
378.997 -4.61986793e-07 -3.64423191e-07
379.494 -5.33750251e-08 -4.14401738e-07
379.992  2.15984133e-07 -1.82169555e-07
380.489  2.02837495e-07  1.50710158e-07
380.987 -7.76729773e-08  3.50329929e-07
381.484 -4.59901049e-07  2.55064838e-07
381.981 -6.98805742e-07 -1.43389313e-07
382.479 -5.95070951e-07 -6.87596876e-07
382.976 -9.85905546e-08 -1.10715455e-06
383.473  6.54240264e-07 -1.14112903e-06
383.971  1.37049975e-06 -6.65103161e-07
384.468  1.71363785e-06  2.39811577e-07
384.965  1.45119398e-06  1.28579797e-06
385.463  5.61195372e-07  2.06995287e-06
385.960 -7.25374550e-07  2.23303513e-06
386.458 -1.97915016e-06  1.60362222e-06
386.955 -2.72478042e-06  2.90013462e-07
387.452 -2.61452325e-06 -1.32052727e-06
387.950 -1.57133928e-06 -2.68419864e-06
388.447  1.44886574e-07 -3.28526808e-06
388.944  2.00397901e-06 -2.82210185e-06
389.442  3.37395640e-06 -1.34488630e-06
389.939  3.73019467e-06  7.33032440e-07
390.437  2.85653541e-06  2.75597104e-06
390.934  9.46806019e-07  4.02825691e-06
391.431 -1.43889621e-06  4.05638091e-06
391.929 -3.53411449e-06  2.73776120e-06
392.426 -4.61433316e-06  4.14178386e-07
392.923 -4.25242795e-06 -2.21127397e-06
393.421 -2.47354321e-06 -4.28625757e-06
393.918  2.25745045e-07 -5.09440132e-06
394.416  3.01113966e-06 -4.29647338e-06
394.913  4.97751754e-06 -2.06096766e-06
395.410  5.44204680e-06  9.58301818e-07
395.908  4.17481417e-06  3.82001401e-06
396.405  1.50332642e-06  5.59143989e-06
396.902 -1.77292816e-06  5.64668053e-06
397.400 -4.62636257e-06  3.89089598e-06
397.897 -6.11776938e-06  8.13319491e-07
398.395 -5.70914104e-06 -2.65364238e-06
398.892 -3.45688822e-06 -5.41103134e-06
399.389 -9.45624357e-09 -6.54342494e-06
