0.470  3.10871305e-03 -4.92371776e-04
0.941  1.79686746e-03  4.64061354e-04
1.411  9.49421765e-04  8.81100945e-04
1.882  2.79362112e-04  9.58902330e-04
2.352 -2.25629939e-04  7.88248832e-04
2.823 -5.14705196e-04  4.26356476e-04
3.293 -5.89888931e-04  4.59868138e-05
3.764 -4.47323278e-04 -2.64951309e-04
4.234 -1.98279217e-04 -4.11359121e-04
4.705  5.71509483e-05 -3.88448052e-04
5.175  2.47600886e-04 -2.55942031e-04
5.646  3.29484050e-04 -4.79650751e-05
6.116  2.72719955e-04  1.33459008e-04
6.587  1.27781869e-04  2.46740567e-04
7.057 -4.01390469e-05  2.61769651e-04
7.528 -1.73783921e-04  1.75937620e-04
7.998 -2.17120015e-04  3.45088915e-05
8.469 -1.83534929e-04 -9.31576420e-05
8.939 -8.11056079e-05 -1.74657222e-04
9.410  3.67454003e-05 -1.82405008e-04
9.880  1.28999363e-04 -1.25734930e-04
10.351  1.74833036e-04 -2.61442371e-05
10.821  1.44344928e-04  7.74781351e-05
11.292  6.21821169e-05  1.40273743e-04
11.762 -3.28979543e-05  1.49694014e-04
12.233 -1.14269495e-04  1.09457024e-04
12.703 -1.52073732e-04  2.96474783e-05
13.174 -1.33780048e-04 -5.37772656e-05
13.644 -7.16369503e-05 -1.07443498e-04
14.115  1.02465901e-05 -1.13782175e-04
14.585  7.99183890e-05 -7.34572394e-05
15.056  1.14064534e-04 -8.30682445e-06
15.526  1.03153406e-04  5.59328092e-05
15.997  5.38259219e-05  9.63083625e-05
16.467 -1.12218723e-05  9.73206013e-05
16.938 -6.47748030e-05  6.48618496e-05
17.408 -8.86017832e-05  9.98486565e-06
17.878 -7.43128066e-05 -4.60007661e-05
18.349 -3.08637345e-05 -8.04858119e-05
18.819  2.31024653e-05 -8.26165912e-05
19.290  6.58504648e-05 -5.32935608e-05
19.760  8.09195568e-05 -5.21419353e-06
20.231  6.67730115e-05  4.32134817e-05
20.701  2.96104770e-05  7.36993591e-05
21.172 -1.67183159e-05  7.44394658e-05
21.642 -5.30700013e-05  4.70709635e-05
22.113 -6.72479397e-05  5.17859156e-06
22.583 -5.47340864e-05 -3.43042685e-05
23.054 -2.05709996e-05 -5.76547558e-05
23.524  1.97717821e-05 -5.65583726e-05
23.995  5.09971227e-05 -3.33141654e-05
24.465  6.25457969e-05  2.38923093e-06
24.936  5.19115692e-05  3.49442271e-05
25.406  2.46235360e-05  5.29662849e-05
25.877 -8.12142716e-06  5.13140143e-05
26.347 -3.41224581e-05  3.14780124e-05
26.818 -4.38177572e-05  1.19077776e-06
27.288 -3.48083242e-05 -2.73790527e-05
27.759 -1.18241698e-05 -4.27219979e-05
28.229  1.50069647e-05 -3.91355986e-05
28.700  3.40279927e-05 -1.89602582e-05
29.170  3.83094497e-05  9.20198668e-06
29.641  2.57217947e-05  3.44309472e-05
30.111  1.40414248e-06  4.71542937e-05
30.582 -2.52065120e-05  4.31155907e-05
31.052 -4.43466811e-05  2.46887036e-05
31.523 -4.88875496e-05 -5.24509046e-07
31.993 -3.82126984e-05 -2.24869143e-05
32.464 -1.73960388e-05 -3.37314874e-05
32.934  5.79491868e-06 -3.05910758e-05
33.405  2.27902453e-05 -1.49414560e-05
33.875  2.74743692e-05  6.27193686e-06
34.346  1.87440916e-05  2.47848015e-05
34.816  7.85556380e-07  3.36384482e-05
35.286 -1.86743673e-05  2.97820623e-05
35.757 -3.18078411e-05  1.55592841e-05
36.227 -3.40172787e-05 -3.20567176e-06
36.698 -2.49304749e-05 -1.93653365e-05
37.168 -8.54520584e-06 -2.65156796e-05
37.639  8.39328717e-06 -2.23032659e-05
38.109  1.93064844e-05 -9.07957342e-06
38.580  2.04715842e-05  7.49780486e-06
39.050  1.21982025e-05  2.06493697e-05
39.521 -1.86193995e-06  2.52352741e-05
39.991 -1.59172772e-05  1.95994110e-05
40.462 -2.41180040e-05  6.07740798e-06
40.932 -2.31725654e-05 -1.00215202e-05
41.403 -1.33434376e-05 -2.26261044e-05
41.873  1.48052419e-06 -2.72362964e-05
42.344  1.52971955e-05 -2.26075021e-05
42.814  2.29640905e-05 -1.09394278e-05
43.285  2.20022596e-05  3.06433660e-06
43.755  1.31594125e-05  1.39909314e-05
44.226  1.61911920e-07  1.78925052e-05
44.696 -1.19549794e-05  1.37330230e-05
45.167 -1.88110469e-05  3.64938227e-06
45.637 -1.80731583e-05 -7.92793923e-06
46.108 -1.04702024e-05 -1.62548641e-05
46.578  6.31447789e-07 -1.81021054e-05
47.049  1.08020582e-05 -1.28881932e-05
47.519  1.61552667e-05 -2.89639052e-06
47.990  1.48320172e-05  7.89365694e-06
48.460  7.69422430e-06  1.53598367e-05
48.931 -2.18416322e-06  1.66555130e-05
49.401 -1.07570135e-05  1.14348075e-05
49.872 -1.45981773e-05  1.88537075e-06
50.342 -1.23180058e-05 -8.28191250e-06
50.813 -4.98515164e-06 -1.52385860e-05
51.283  4.50304982e-06 -1.65663757e-05
51.754  1.24392336e-05 -1.20815929e-05
52.224  1.57219518e-05 -3.73791534e-06
52.694  1.31846231e-05  5.08721005e-06
53.165  5.91934488e-06  1.09814911e-05
53.635 -3.23516160e-06  1.18936283e-05
54.106 -1.08088506e-05  7.72699486e-06
54.576 -1.41563065e-05  2.96654848e-07
55.047 -1.23353509e-05 -7.36291727e-06
55.517 -6.30581339e-06 -1.22571845e-05
55.988  1.36725289e-06 -1.25658735e-05
56.458  7.60268369e-06 -8.30876602e-06
56.929  1.00612077e-05 -1.36851688e-06
57.399  7.91465137e-06  5.39010297e-06
57.870  2.17577849e-06  9.35180964e-06
58.340 -4.75493103e-06  9.03847105e-06
58.811 -1.01394286e-05  4.65060073e-06
59.281 -1.18861915e-05 -2.00043810e-06
59.752 -9.38382033e-06 -8.32744177e-06
60.222 -3.77187831e-06 -1.19534819e-05
60.693  2.68164101e-06 -1.15912601e-05
61.163  7.50170528e-06 -7.58146525e-06
61.634  8.90650775e-06 -1.63503460e-06
62.104  6.54671134e-06  3.88872497e-06
62.575  1.55196570e-06  6.82142903e-06
63.045 -4.00891713e-06  6.09654929e-06
63.516 -7.85711419e-06  2.13161002e-06
63.986 -8.41924329e-06 -3.47039393e-06
64.457 -5.46246383e-06 -8.49962614e-06
64.927 -7.24629709e-08 -1.10309565e-05
65.398  5.77032453e-06 -1.02317225e-05
65.868  9.96972162e-06 -6.53687482e-06
66.339  1.11950990e-05 -1.42716220e-06
66.809  9.27279516e-06  3.13382896e-06
67.280  5.15717170e-06  5.54907544e-06
67.750  5.87135051e-07  5.14320433e-06
68.221 -2.67335538e-06  2.32784891e-06
68.691 -3.51286001e-06 -1.51999489e-06
69.162 -1.79978444e-06 -4.66929127e-06
69.632  1.53098533e-06 -5.76097932e-06
70.102  4.88868891e-06 -4.25240072e-06
70.573  6.74437192e-06 -6.57030866e-07
71.043  6.16426595e-06  3.65479230e-06
71.514  3.18486950e-06  7.08316629e-06
71.984 -1.17076618e-06  8.36536244e-06
72.455 -5.39360509e-06  7.03223741e-06
72.925 -8.04977073e-06  3.62719515e-06
73.396 -8.26811253e-06 -5.99407854e-07
73.866 -6.11281550e-06 -4.18942539e-06
74.337 -2.48306392e-06 -5.96277084e-06
74.807  1.28724858e-06 -5.50976164e-06
75.278  3.87295735e-06 -3.29690775e-06
75.748  4.49815437e-06 -3.80348007e-07
76.219  3.22213780e-06  1.96806640e-06
76.689  8.02603202e-07  2.78334626e-06
77.160 -1.58613674e-06  1.82058466e-06
77.630 -2.82836738e-06 -4.45424682e-07
78.101 -2.37626621e-06 -3.00658059e-06
78.571 -3.94805340e-07 -4.70077906e-06
79.042  2.32650360e-06 -4.75044171e-06
79.512  4.64598403e-06 -3.03205266e-06
79.983  5.59122582e-06 -8.86568421e-08
80.453  4.72972087e-06  3.02469541e-06
80.924  2.27403095e-06  5.19883169e-06
81.394 -9.49233066e-07  5.70734576e-06
81.865 -3.84024971e-06  4.39994580e-06
82.335 -5.48230208e-06  1.78642350e-06
82.806 -5.40751222e-06 -1.16795449e-06
83.276 -3.77576280e-06 -3.47840097e-06
83.747 -1.31607271e-06 -4.45336526e-06
84.217  1.04425951e-06 -3.93136231e-06
84.688  2.50955326e-06 -2.35432210e-06
85.158  2.68284704e-06 -4.98206791e-07
85.629  1.75012786e-06  8.44713469e-07
86.099  3.28449146e-07  1.13620153e-06
86.570 -8.23806866e-07  3.53452076e-07
87.040 -1.06732604e-06 -1.04159711e-06
87.510 -1.88141521e-07 -2.34844528e-06
87.981  1.51661274e-06 -2.86497507e-06
88.451  3.42002014e-06 -2.20244193e-06
88.922  4.76828122e-06 -4.73072897e-07
89.392  4.98056790e-06  1.81167078e-06
89.863  3.92136038e-06  3.90283333e-06
90.333  1.89429103e-06  5.07482096e-06
90.804 -4.66736251e-07  4.95162280e-06
91.274 -2.39550357e-06  3.59724380e-06
91.745 -3.33049947e-06  1.46550624e-06
92.215 -3.09068181e-06 -7.24480450e-07
92.686 -1.88598063e-06 -2.30313689e-06
93.156 -2.70810332e-07 -2.89395629e-06
93.627  1.10961162e-06 -2.47891828e-06
94.097  1.79595450e-06 -1.41898698e-06
94.568  1.62224958e-06 -2.79626027e-07
95.038  7.86450814e-07  4.51162893e-07
95.509 -2.36872963e-07  5.02547783e-07
95.979 -9.58622777e-07 -7.56084379e-08
96.450 -1.04121517e-06 -9.15533519e-07
96.920 -4.21707612e-07 -1.55022091e-06
97.391  6.18897337e-07 -1.59668089e-06
97.861  1.61696753e-06 -8.89364932e-07
98.332  2.11997024e-06  3.92240546e-07
98.802  1.82561300e-06  1.81275141e-06
99.273  7.52296037e-07  2.87063731e-06
99.743 -7.66461895e-07  3.13869484e-06
100.214 -2.24483383e-06  2.45917676e-06
100.684 -3.17570439e-06  1.02151257e-06
101.155 -3.22798202e-06 -7.56626929e-07
101.625 -2.39729892e-06 -2.34439042e-06
102.096 -9.48194309e-07 -3.27622625e-06
102.566  6.73156019e-07 -3.35386188e-06
103.037  1.97678774e-06 -2.65565905e-06
103.507  2.64974489e-06 -1.48179173e-06
103.978  2.62528298e-06 -2.67423212e-07
104.448  2.05734105e-06  6.28751197e-07
104.918  1.28224836e-06  1.04386244e-06
105.389  6.39432415e-07  1.01205229e-06
105.859  3.18672362e-07  7.66108567e-07
106.330  3.38132141e-07  6.04171471e-07
106.800  5.18345247e-07  7.17420382e-07
107.271  5.67240370e-07  1.14613220e-06
107.741  2.61163295e-07  1.73912358e-06
108.212 -4.84110656e-07  2.18988297e-06
108.682 -1.56248250e-06  2.21121485e-06
109.153 -2.66622965e-06  1.63549112e-06
109.623 -3.43729046e-06  4.76141208e-07
110.094 -3.59360651e-06 -1.01551557e-06
110.564 -3.00200747e-06 -2.45868867e-06
111.035 -1.77540429e-06 -3.48339306e-06
111.505 -2.24784074e-07 -3.81148801e-06
111.976  1.27454105e-06 -3.38128271e-06
112.446  2.36263541e-06 -2.36614394e-06
112.917  2.82711486e-06 -1.06567903e-06
113.387  2.68213351e-06  1.64306515e-07
113.858  2.09764669e-06  1.03112086e-06
114.328  1.34459618e-06  1.42748142e-06
114.799  7.05135422e-07  1.40379529e-06
115.269  3.31130617e-07  1.12850797e-06
115.740  2.33362417e-07  8.34155994e-07
116.210  3.12435501e-07  6.76960627e-07
116.681  3.81997896e-07  6.91549093e-07
117.151  2.93742484e-07  8.15718101e-07
117.622  1.19712079e-08  8.91625186e-07
118.092 -4.05068474e-07  7.66337276e-07
118.563 -7.95227035e-07  3.90871351e-07
119.033 -9.65509424e-07 -1.86651764e-07
119.504 -8.11259411e-07 -8.05981587e-07
119.974 -3.31249125e-07 -1.23704548e-06
120.445  3.52311333e-07 -1.30841509e-06
120.915  1.00216252e-06 -9.49664785e-07
121.386  1.38859037e-06 -2.16989523e-07
121.856  1.35925701e-06  6.81120551e-07
122.326  8.71837968e-07  1.48372427e-06
122.797  5.10285530e-08  1.96793110e-06
123.267 -8.72378964e-07  1.98767914e-06
123.738 -1.65891965e-06  1.55358238e-06
124.208 -2.10043636e-06  8.19694723e-07
124.679 -2.10811004e-06 -6.67396686e-09
125.149 -1.74540767e-06 -7.01977620e-07
125.620 -1.15620001e-06 -1.10793870e-06
126.090 -5.32793225e-07 -1.20192491e-06
126.561 -5.31921205e-08 -1.05101626e-06
127.031  2.11598169e-07 -7.85207975e-07
127.502  2.79107523e-07 -5.60108483e-07
127.972  2.30029714e-07 -4.57982031e-07
128.443  1.94266468e-07 -4.79581589e-07
128.913  2.57783229e-07 -5.70593238e-07
129.384  4.28851294e-07 -6.18505595e-07
129.854  6.64680381e-07 -5.30694343e-07
130.325  8.59202681e-07 -2.90750176e-07
130.795  9.00898261e-07  6.47936564e-08
131.266  7.48074655e-07  4.32475618e-07
131.736  4.16211962e-07  6.76856494e-07
132.207 -9.57359438e-09  7.18073364e-07
132.677 -3.84973006e-07  5.36294526e-07
133.148 -5.96127536e-07  1.81512233e-07
133.618 -5.84625158e-07 -2.13370835e-07
134.089 -3.55124048e-07 -5.12990791e-07
134.559 -8.57016435e-09 -6.24934922e-07
135.030  3.17959550e-07 -5.06964027e-07
135.500  5.12221983e-07 -2.14695947e-07
135.971  4.94924474e-07  1.29995629e-07
136.441  2.73837644e-07  4.07725154e-07
136.912 -5.58743170e-08  5.12158001e-07
137.382 -3.79138674e-07  4.02536559e-07
137.853 -5.75443213e-07  1.34901527e-07
138.323 -5.62841940e-07 -1.94384366e-07
138.794 -3.54247469e-07 -4.67059287e-07
139.264 -1.98018582e-08 -5.72933302e-07
139.734  3.35239890e-07 -4.81422549e-07
140.205  5.84408020e-07 -2.27715650e-07
140.675  6.55718698e-07  1.11572888e-07
141.146  5.43504898e-07  4.16636198e-07
141.616  2.84368144e-07  5.92444902e-07
142.087 -2.85117927e-08  6.03166114e-07
142.557 -2.95915677e-07  4.50071314e-07
143.028 -4.63659358e-07  1.91961055e-07
143.498 -5.04798318e-07 -8.29192612e-08
143.969 -4.39422160e-07 -3.17334430e-07
144.439 -3.29968641e-07 -4.74130272e-07
144.910 -2.19436760e-07 -5.49010437e-07
145.380 -1.33037427e-07 -5.85060380e-07
145.851 -7.65010798e-08 -6.15618064e-07
146.321 -9.38612051e-09 -6.52965682e-07
146.792  1.07101155e-07 -6.96650384e-07
147.262  2.83180212e-07 -7.01022228e-07
147.733  5.14087403e-07 -6.09218627e-07
148.203  7.47054170e-07 -3.95396160e-07
148.674  8.97760967e-07 -5.26294183e-08
149.144  9.04099819e-07  3.76471818e-07
149.615  7.22235281e-07  7.95272679e-07
150.085  3.53621833e-07  1.10978481e-06
150.556 -1.27855699e-07  1.23555666e-06
151.026 -6.24167877e-07  1.11884220e-06
151.497 -1.02938185e-06  7.83287181e-07
151.967 -1.24198867e-06  2.99667025e-07
152.438 -1.22343259e-06 -2.35930581e-07
152.908 -9.91585954e-07 -7.02961228e-07
153.379 -5.98032080e-07 -1.01548566e-06
153.849 -1.39803762e-07 -1.13885301e-06
154.320  2.87957677e-07 -1.06865820e-06
154.790  6.25817623e-07 -8.51837967e-07
155.261  8.31008806e-07 -5.59263788e-07
155.731  9.00868259e-07 -2.42664163e-07
156.202  8.67704537e-07  4.84428835e-08
156.672  7.53859562e-07  2.84243990e-07
157.142  5.85526912e-07  4.68187184e-07
157.613  3.88022544e-07  5.95088944e-07
158.083  1.61156165e-07  6.58474305e-07
158.554 -8.43831465e-08  6.60518060e-07
159.024 -3.23207409e-07  5.84043339e-07
159.495 -5.36467712e-07  4.21358778e-07
159.965 -6.86309803e-07  1.92478968e-07
160.436 -7.34911683e-07 -8.06108813e-08
160.906 -6.77196711e-07 -3.54165376e-07
161.377 -5.18444050e-07 -5.69355404e-07
161.847 -2.87147480e-07 -6.95282091e-07
162.318 -4.24476968e-08 -7.15817744e-07
162.788  1.71905587e-07 -6.34843035e-07
163.259  3.26725970e-07 -4.96662269e-07
163.729  4.04921899e-07 -3.44439658e-07
164.200  4.31035646e-07 -2.07679685e-07
164.670  4.40365088e-07 -1.11098197e-07
165.141  4.54005968e-07 -4.15265471e-08
165.611  4.91235926e-07  3.55672002e-08
166.082  5.38525139e-07  1.40635913e-07
166.552  5.50427093e-07  2.90840666e-07
167.023  4.92079265e-07  4.74392280e-07
167.493  3.35717743e-07  6.35354550e-07
167.964  8.02733792e-08  7.17160109e-07
168.434 -2.17925187e-07  6.70219325e-07
168.905 -4.81948312e-07  4.66320444e-07
169.375 -6.33797263e-07  1.43053355e-07
169.846 -6.05378284e-07 -2.17749246e-07
170.316 -3.93542863e-07 -5.18113483e-07
170.787 -6.13401461e-08 -6.52304382e-07
171.257  2.91727296e-07 -5.67034448e-07
171.728  5.35003460e-07 -2.89508799e-07
172.198  5.64965032e-07  9.55877924e-08
172.669  3.59705868e-07  4.46923341e-07
173.139 -2.87359115e-08  6.15265978e-07
173.610 -4.67988952e-07  5.19465324e-07
174.080 -7.76682772e-07  1.61116279e-07
174.550 -8.12162363e-07 -3.58280030e-07
175.021 -5.10764876e-07 -8.44192131e-07
175.491  8.08486491e-08 -1.09514457e-06
175.962  7.82620884e-07 -9.67092749e-07
176.432  1.34968440e-06 -4.21372327e-07
176.903  1.55300620e-06  4.18849273e-07
177.373  1.24307305e-06  1.30289025e-06
177.844  4.38994138e-07  1.93494776e-06
178.314 -6.57463840e-07  2.04739630e-06
178.785 -1.72695251e-06  1.51597721e-06
179.255 -2.40370311e-06  4.30084983e-07
179.726 -2.40345888e-06 -9.34689576e-07
180.196 -1.64822309e-06 -2.16900602e-06
180.667 -2.92773807e-07 -2.85044749e-06
181.137  1.29119152e-06 -2.70899779e-06
181.608  2.60476575e-06 -1.71473451e-06
182.078  3.20333977e-06 -1.13149469e-07
182.549  2.84039916e-06  1.61053022e-06
183.019  1.56106872e-06  2.89657259e-06
183.490 -2.62029908e-07  3.29241209e-06
183.960 -2.04336589e-06  2.60075485e-06
184.431 -3.17487960e-06  9.94502108e-07
184.901 -3.21349366e-06 -1.01712688e-06
185.372 -2.07022577e-06 -2.75195451e-06
185.842 -7.73286971e-08 -3.55622917e-06
186.313  2.11104838e-06 -3.04989754e-06
186.783  3.70063160e-06 -1.30087814e-06
187.254  4.02795638e-06  1.17810302e-06
187.724  2.83070153e-06  3.55429174e-06
188.195  3.61812848e-07  4.93102899e-06
188.665 -2.64216107e-06  4.68486669e-06
189.136 -5.15569027e-06  2.70128644e-06
189.606 -6.22133572e-06 -5.35574662e-07
190.077 -5.28937604e-06 -4.02930374e-06
190.547 -2.44133253e-06 -6.58816654e-06
191.018  1.55013746e-06 -7.22721902e-06
191.488  5.43304744e-06 -5.51557694e-06
191.958  7.87825822e-06 -1.80270176e-06
192.429  7.91411611e-06  2.82944216e-06
192.899  5.31280268e-06  6.89310799e-06
193.370  7.45862660e-07  8.95532668e-06
193.840 -4.39164639e-06  8.14699103e-06
194.311 -8.38897662e-06  4.53040863e-06
194.781 -9.78498804e-06 -8.65479279e-07
195.252 -7.91929195e-06 -6.31682124e-06
195.722 -3.20972121e-06 -9.93832909e-06
196.193  2.91033532e-06 -1.03522357e-05
196.663  8.39696597e-06 -7.20003307e-06
197.134  1.12864368e-05 -1.33617464e-06
197.604  1.03906547e-05  5.35952280e-06
198.075  5.75738695e-06  1.05811650e-05
198.545 -1.23428423e-06  1.23865432e-05
199.016 -8.26817888e-06  9.89028530e-06
199.486 -1.28567223e-05  3.67072421e-06
199.957 -1.31892121e-05 -4.32381664e-06
200.427 -8.83152737e-06 -1.13854579e-05
200.898 -9.92261331e-07 -1.49349713e-05
201.368  7.80829099e-06 -1.34455233e-05
201.839  1.45272624e-05 -7.07763295e-06
202.309  1.66317862e-05  2.27667360e-06
202.780  1.30527904e-05  1.15404584e-05
203.250  4.65142648e-06  1.74436459e-05
203.721 -5.96076131e-06  1.76866188e-05
204.191 -1.52088385e-05  1.18125682e-05
204.662 -1.97700526e-05  1.47562597e-06
205.132 -1.77664982e-05 -9.98840085e-06
205.603 -9.49956730e-06 -1.86428818e-05
206.073  2.50693831e-06 -2.13139433e-05
206.544  1.42653360e-05 -1.67353584e-05
207.014  2.16631985e-05 -6.11629851e-06
207.485  2.18892913e-05  7.13763053e-06
207.955  1.45001536e-05  1.85254667e-05
208.426  1.71842107e-06  2.39685064e-05
208.896 -1.22318718e-05  2.12679350e-05
209.366 -2.25103973e-05  1.09969656e-05
209.837 -2.53291297e-05 -3.57820032e-06
210.307 -1.93638413e-05 -1.75249810e-05
210.778 -6.33289124e-06 -2.58938066e-05
211.248  9.47868584e-06 -2.54876878e-05
211.719  2.26007443e-05 -1.60761798e-05
212.189  2.82755237e-05 -5.95690178e-07
212.660  2.41851943e-05  1.57340613e-05
213.130  1.13624377e-05  2.71664791e-05
213.601 -6.01979694e-06  2.94597324e-05
214.071 -2.19935896e-05  2.14277651e-05
214.542 -3.08593914e-05  5.49288683e-06
215.012 -2.92059600e-05 -1.30179387e-05
215.483 -1.72092682e-05 -2.76694566e-05
215.953  1.27666358e-06 -3.31520542e-05
216.424  1.99676465e-05 -2.71989855e-05
216.894  3.22914259e-05 -1.15187084e-05
217.365  3.36950307e-05  8.68392696e-06
217.835  2.33452800e-05  2.64438182e-05
218.306  4.54123470e-06  3.54321451e-05
218.776 -1.63406165e-05  3.22347327e-05
219.247 -3.19992422e-05  1.76550841e-05
219.717 -3.67799907e-05 -3.46628574e-06
220.188 -2.87382266e-05 -2.38442550e-05
220.658 -1.04100323e-05 -3.62698218e-05
221.129  1.19665513e-05 -3.61880320e-05
221.599  3.05697820e-05 -2.33646682e-05
222.070  3.87551442e-05 -2.07053490e-06
222.540  3.34327074e-05  2.03237714e-05
223.011  1.62344439e-05  3.59208310e-05
223.481 -6.95543417e-06  3.90914911e-05
223.952 -2.80270719e-05  2.85086644e-05
224.422 -3.94958269e-05  7.71329310e-06
224.893 -3.71619615e-05 -1.60716680e-05
225.363 -2.16723252e-05 -3.44665954e-05
225.834  1.63847352e-06 -4.08871406e-05
226.304  2.46007987e-05 -3.29244290e-05
226.774  3.90723243e-05 -1.32640790e-05
227.245  3.98445479e-05  1.12302560e-05
227.715  2.65450343e-05  3.19118351e-05
228.186  3.79938385e-06  4.14153979e-05
228.656 -2.03749772e-05  3.63140946e-05
229.127 -3.73972127e-05  1.83594970e-05
229.597 -4.12027916e-05 -6.11558739e-06
230.068 -3.04177951e-05 -2.84230545e-05
230.538 -8.85958745e-06 -4.06318391e-05
231.009  1.57979689e-05 -3.84086953e-05
231.479  3.47741583e-05 -2.25621516e-05
231.950  4.13333981e-05  1.22869178e-06
232.420  3.31826910e-05  2.44539713e-05
232.891  1.32982799e-05  3.88418681e-05
233.361 -1.11511346e-05  3.93112069e-05
233.832 -3.14094465e-05  2.57894885e-05
234.302 -4.02749883e-05  3.22635277e-06
234.773 -3.46793897e-05 -2.02308756e-05
235.243 -1.67785216e-05 -3.61839903e-05
235.714  6.87819010e-06 -3.90019102e-05
236.184  2.77470341e-05 -2.78416235e-05
236.655  3.83783781e-05 -6.89592781e-06
237.125  3.51084926e-05  1.61819360e-05
237.596  1.93350050e-05  3.30698553e-05
238.066 -3.06690020e-06  3.78059379e-05
238.537 -2.39201987e-05  2.89170778e-05
239.007 -3.57495781e-05  9.86889131e-06
239.478 -3.44918349e-05 -1.22610734e-05
239.948 -2.08965943e-05 -2.94162406e-05
240.419 -1.70836401e-07 -3.55238388e-05
240.889  1.99979278e-05 -2.86550960e-05
241.360  3.23133330e-05 -1.16441291e-05
241.830  3.25199136e-05  9.03834117e-06
242.301  2.08874183e-05  2.57503116e-05
242.771  2.02132002e-06  3.25067111e-05
243.242 -1.69449948e-05  2.71290521e-05
243.712 -2.90441377e-05  1.19686268e-05
244.182 -3.00288104e-05 -7.08120809e-06
244.653 -1.98850027e-05 -2.28662064e-05
245.123 -2.72712946e-06 -2.96426215e-05
245.594  1.48544393e-05 -2.51814303e-05
246.064  2.63024637e-05 -1.15108352e-05
246.535  2.75414070e-05  5.97205886e-06
247.005  1.84461383e-05  2.06051910e-05
247.476  2.76556846e-06  2.69908536e-05
247.946 -1.33918474e-05  2.30044661e-05
248.417 -2.39164946e-05  1.04935290e-05
248.887 -2.50205561e-05 -5.53458908e-06
249.358 -1.66027527e-05 -1.88845370e-05
249.828 -2.17565280e-06 -2.45709075e-05
250.299  1.25577228e-05 -2.06840106e-05
250.769  2.19489246e-05 -9.02239142e-06
251.240  2.25720139e-05  5.68341995e-06
251.710  1.44659616e-05  1.76668023e-05
252.181  1.03865821e-06  2.23837942e-05
252.651 -1.23297616e-05  1.82238480e-05
253.122 -2.04325317e-05  7.06596710e-06
253.592 -2.02444598e-05 -6.52286242e-06
254.063 -1.20499390e-05 -1.71399187e-05
254.533  7.23843443e-07 -2.06687675e-05
255.004  1.29210944e-05 -1.58586404e-05
255.474  1.97117459e-05 -4.77865710e-06
255.945  1.84741342e-05  8.05655542e-06
256.415  9.80907692e-06  1.75065057e-05
256.886 -2.73948990e-06  1.98274658e-05
257.356 -1.41268067e-05  1.41457057e-05
257.827 -1.98024552e-05  2.78105186e-06
258.297 -1.75112574e-05 -9.70753532e-06
258.768 -8.18173505e-06 -1.83284963e-05
259.238  4.46823492e-06 -1.96332282e-05
259.709  1.54041248e-05 -1.30887264e-05
260.179  2.02603898e-05 -1.27246757e-06
260.650  1.70790670e-05  1.11465897e-05
261.120  7.07696278e-06  1.92383455e-05
261.590 -5.83402060e-06  1.97679288e-05
262.061 -1.65674441e-05  1.24716967e-05
262.531 -2.08684448e-05  1.60543298e-07
263.002 -1.69911793e-05 -1.23592822e-05
263.472 -6.38115033e-06 -2.01666899e-05
263.943  6.86550682e-06 -2.01599018e-05
264.413  1.75886912e-05 -1.22637292e-05
264.884  2.15836309e-05  5.20130882e-07
265.354  1.72306817e-05  1.32600190e-05
265.825  6.13758130e-06  2.10145418e-05
266.295 -7.45872399e-06  2.07405888e-05
266.766 -1.83332376e-05  1.24739555e-05
267.236 -2.22843963e-05 -6.60288060e-07
267.707 -1.77472662e-05 -1.36521618e-05
268.177 -6.41483594e-06 -2.15323361e-05
268.648  7.41128203e-06 -2.12680118e-05
269.118  1.84752567e-05 -1.29375940e-05
269.589  2.25651948e-05  2.98627392e-07
270.059  1.81277206e-05  1.34202929e-05
270.530  6.86152304e-06  2.14543950e-05
271.000 -6.95229604e-06  2.13710611e-05
271.471 -1.80815539e-05  1.32391831e-05
271.941 -2.23323757e-05  1.72831133e-07
272.412 -1.81482583e-05 -1.28662653e-05
272.882 -7.17319863e-06 -2.09552293e-05
273.353  6.39900917e-06 -2.10887015e-05
273.823  1.74242030e-05 -1.32957409e-05
274.294  2.17751150e-05 -5.92125172e-07
274.764  1.78926116e-05  1.21797515e-05
275.235  7.33484703e-06  2.02095356e-05
275.705 -5.83901885e-06  2.05420019e-05
276.176 -1.66368553e-05  1.31560363e-05
276.646 -2.10410698e-05  9.38706963e-07
277.117 -1.74976917e-05 -1.14445937e-05
277.587 -7.46573036e-06 -1.93503820e-05
278.058  5.17647117e-06 -1.98977214e-05
278.528  1.56490050e-05 -1.30195138e-05
278.998  2.00831413e-05 -1.44444385e-06
279.469  1.69525852e-05  1.03981763e-05
279.939  7.60949381e-06  1.80828257e-05
280.410 -4.29702108e-06  1.88433437e-05
280.880 -1.42550692e-05  1.25854416e-05
281.351 -1.85988110e-05  1.85286969e-06
281.821 -1.58750587e-05 -9.20979294e-06
282.292 -7.33320599e-06 -1.64520152e-05
282.762  3.63527861e-06 -1.72867109e-05
283.233  1.28321203e-05 -1.16281754e-05
283.703  1.68626045e-05 -1.83548760e-06
284.174  1.44056908e-05  8.25293228e-06
284.644  6.63696746e-06  1.48164145e-05
285.115 -3.30077557e-06  1.55139594e-05
285.585 -1.15502146e-05  1.03176569e-05
286.056 -1.50451439e-05  1.43875038e-06
286.526 -1.26516980e-05 -7.58371289e-06
286.997 -5.52549263e-06 -1.32922997e-05
287.467  3.40167224e-06 -1.36374403e-05
287.938  1.06160522e-05 -8.70444426e-06
288.408  1.34041591e-05 -6.13998913e-07
288.879  1.08615070e-05  7.36789803e-06
289.349  4.18517622e-06  1.21451997e-05
289.820 -3.85762503e-06  1.19781190e-05
290.290 -1.00711853e-05  7.11513428e-06
290.761 -1.20855171e-05 -3.60469785e-07
291.231 -9.25248351e-06 -7.41510629e-06
291.702 -2.85714827e-06 -1.12811621e-05
292.172  4.45336386e-06 -1.05279008e-05
292.643  9.75350294e-06 -5.59677850e-06
293.113  1.09897639e-05  1.42867635e-06
293.584  7.77754694e-06  7.69578418e-06
294.054  1.51189443e-06  1.07187730e-05
294.525 -5.23692723e-06  9.35968699e-06
294.995 -9.75824947e-06  4.25429504e-06
295.466 -1.02798733e-05 -2.48853444e-06
295.936 -6.66138305e-06 -8.14552040e-06
296.406 -4.09091196e-07 -1.04672700e-05
296.877  5.94739119e-06 -8.57341706e-06
297.347  9.86765430e-06 -3.27143981e-06
297.818  9.81904001e-06  3.29123936e-06
298.288  5.86529297e-06  8.48744037e-06
298.759 -3.86631870e-07  1.02666633e-05
299.229 -6.43155183e-06  7.95964327e-06
299.700 -9.87398106e-06  2.51675992e-06
300.170 -9.37862856e-06 -3.87665505e-06
300.641 -5.17517514e-06 -8.67891095e-06
301.111  1.04193107e-06 -1.00076076e-05
301.582  6.79369342e-06 -7.36511763e-06
302.052  9.81201575e-06 -1.82453732e-06
302.523  8.92308305e-06  4.40019673e-06
302.993  4.49858079e-06  8.84640300e-06
303.464 -1.69297934e-06  9.76862340e-06
303.934 -7.20075509e-06  6.81326729e-06
304.405 -9.85797975e-06  1.15854301e-06
304.875 -8.62027951e-06 -4.96325238e-06
305.346 -3.97744839e-06 -9.14996738e-06
305.816  2.24851098e-06 -9.75828405e-06
306.287  7.62911552e-06 -6.54746203e-06
306.757  1.00671339e-05 -7.68028214e-07
307.228  8.61216419e-06  5.34214334e-06
307.698  3.82870245e-06  9.42180413e-06
308.169 -2.44198991e-06  9.89801575e-06
308.639 -7.79515874e-06  6.59625027e-06
309.110 -1.01855270e-05  7.87604827e-07
309.580 -8.71870305e-06 -5.31024932e-06
310.051 -3.97583710e-06 -9.38141550e-06
310.521  2.22799991e-06 -9.90591285e-06
310.992  7.53932374e-06 -6.72624465e-06
311.462  9.97469030e-06 -1.08094500e-06
311.933  8.66922515e-06  4.87603346e-06
312.403  4.17523339e-06  8.90949946e-06
312.874 -1.76448210e-06  9.55561124e-06
313.344 -6.89778559e-06  6.64865895e-06
313.814 -9.33297179e-06  1.36028225e-06
314.285 -8.23454362e-06 -4.26853713e-06
314.755 -4.11265217e-06 -8.12864769e-06
315.226  1.39640953e-06 -8.83331654e-06
315.696  6.18784374e-06 -6.21753271e-06
316.167  8.49344447e-06 -1.37480391e-06
316.637  7.53160439e-06  3.80069076e-06
317.108  3.78158531e-06  7.35639719e-06
317.578 -1.24197532e-06  8.01184375e-06
318.049 -5.60227937e-06  5.62898418e-06
318.519 -7.67822638e-06  1.22614703e-06
318.990 -6.77320572e-06 -3.45689044e-06
319.460 -3.35144139e-06 -6.63604682e-06
319.931  1.19006189e-06 -7.16384543e-06
320.401  5.08106201e-06 -4.95087803e-06
320.872  6.86362940e-06 -9.51623921e-07
321.342  5.94684650e-06  3.23616247e-06
321.813  2.79324519e-06  5.99976573e-06
322.283 -1.29932029e-06  6.33945337e-06
322.754 -4.71773753e-06  4.22517575e-06
323.224 -6.17324314e-06  5.66473125e-07
323.695 -5.18530979e-06 -3.16265338e-06
324.165 -2.22855832e-06 -5.51767796e-06
324.636  1.47672149e-06 -5.64379325e-06
325.106  4.46447768e-06 -3.57483721e-06
325.577  5.60596934e-06 -1.94202991e-07
326.047  4.52513268e-06  3.13501052e-06
326.518  1.71995252e-06  5.12442852e-06
326.988 -1.65556513e-06  5.04982534e-06
327.459 -4.27189983e-06  3.01065976e-06
327.929 -5.14220732e-06 -1.29201363e-07
328.400 -3.98833324e-06 -3.11234554e-06
328.870 -1.33309293e-06 -4.79038357e-06
329.341  1.73716664e-06 -4.55879258e-06
329.811  4.01957428e-06 -2.58129077e-06
330.282  4.65843590e-06  3.03555555e-07
330.752  3.47282133e-06  2.94126786e-06
331.222  1.00475095e-06  4.31526857e-06
331.693 -1.72873608e-06  3.94291195e-06
332.163 -3.64508490e-06  2.05108750e-06
332.634 -4.02382205e-06 -5.48415347e-07
333.104 -2.78619415e-06 -2.79631584e-06
333.575 -4.95594381e-07 -3.80953163e-06
334.045  1.88787086e-06 -3.23539483e-06
334.516  3.39583561e-06 -1.36949773e-06
334.986  3.44817925e-06  9.86010124e-07
335.457  2.07300273e-06  2.85012168e-06
335.927 -1.27153109e-07  3.46945418e-06
336.398 -2.22316911e-06  2.61936065e-06
336.868 -3.34554354e-06  6.75643063e-07
337.339 -3.04167590e-06 -1.54066423e-06
337.809 -1.44490796e-06 -3.10228782e-06
338.280  7.81050364e-07 -3.36161386e-06
338.750  2.71109197e-06 -2.20368055e-06
339.221  3.54416669e-06 -9.17419779e-08
339.691  2.92183006e-06  2.11355519e-06
340.162  1.07086516e-06  3.50972454e-06
340.632 -1.27670980e-06  3.51322713e-06
341.103 -3.18087389e-06  2.08905050e-06
341.573 -3.86881708e-06 -2.22249541e-07
342.044 -3.03482657e-06 -2.51805016e-06
342.514 -9.72846167e-07 -3.89218767e-06
342.985  1.53339558e-06 -3.78184069e-06
343.455  3.52001958e-06 -2.19531215e-06
343.926  4.20766780e-06  2.82555694e-07
344.396  3.30503069e-06  2.72103767e-06
344.867  1.13054257e-06  4.19284145e-06
345.337 -1.51517369e-06  4.12542850e-06
345.808 -3.64940366e-06  2.52782942e-06
346.278 -4.47218587e-06 -1.94744888e-08
346.749 -3.67500083e-06 -2.58497171e-06
347.219 -1.54966797e-06 -4.22748245e-06
347.690  1.12971329e-06 -4.35339084e-06
348.160  3.38950921e-06 -2.93208596e-06
348.630  4.42281288e-06 -4.91462306e-07
349.101  3.88585004e-06  2.07784443e-06
349.571  2.00461035e-06  3.85737766e-06
350.042 -5.16508838e-07  4.24282344e-06
350.512 -2.76286789e-06  3.14579824e-06
350.983 -3.95702813e-06  1.01090347e-06
351.453 -3.72864171e-06 -1.36033099e-06
351.924 -2.23032902e-06 -3.12365292e-06
352.394 -6.57171785e-08 -3.69635943e-06
352.865  1.95982582e-06 -2.95108010e-06
353.335  3.14285915e-06 -1.24574064e-06
353.806  3.12546421e-06  7.40157514e-07
354.276  2.01263212e-06  2.27754350e-06
354.747  3.01874294e-07  2.85094776e-06
355.217 -1.33386246e-06  2.34032968e-06
355.688 -2.30129513e-06  1.03976124e-06
356.158 -2.30644138e-06 -4.91139094e-07
356.629 -1.44885639e-06 -1.65257404e-06
357.099 -1.45746145e-07 -2.03635351e-06
357.570  1.04950712e-06 -1.57676913e-06
358.040  1.66997673e-06 -5.43978330e-07
358.511  1.52225743e-06  5.86548942e-07
358.981  7.40827601e-07  1.33217393e-06
359.452 -2.89961228e-07  1.40733683e-06
359.922 -1.10001751e-06  8.28313038e-07
360.393 -1.33895481e-06 -1.13784896e-07
360.863 -9.20180947e-07 -9.77977940e-07
361.334 -4.21712131e-08 -1.36728577e-06
361.804  8.94619769e-07 -1.10130512e-06
362.275  1.45966173e-06 -2.82803584e-07
362.745  1.38245619e-06  7.41579340e-07
363.216  6.61096916e-07  1.52215997e-06
363.686 -4.31465496e-07  1.70189187e-06
364.157 -1.44856925e-06  1.16196692e-06
364.627 -1.95737788e-06  7.47892831e-08
365.098 -1.71345139e-06 -1.14950723e-06
365.568 -7.59485574e-07 -2.02694675e-06
366.038  5.74296781e-07 -2.19082109e-06
366.509  1.79423646e-06 -1.53132108e-06
366.979  2.43396976e-06 -2.52360502e-07
367.450  2.22473262e-06  1.19820716e-06
367.920  1.20554107e-06  2.29892677e-06
368.391 -2.82372744e-07  2.63990832e-06
368.861 -1.72522506e-06  2.07636375e-06
369.332 -2.61665865e-06  7.89735263e-07
369.802 -2.63782341e-06 -7.84493759e-07
370.273 -1.77844878e-06 -2.11018093e-06
370.743 -3.31758461e-07 -2.73536133e-06
371.214  1.21338564e-06 -2.45731417e-06
371.684  2.33868159e-06 -1.38444359e-06
372.155  2.68239536e-06  1.13413766e-07
372.625  2.15763612e-06  1.53174974e-06
373.096  9.64411581e-07  2.41207073e-06
373.566 -4.83499272e-07  2.49716751e-06
374.037 -1.70929115e-06  1.79854943e-06
374.507 -2.34078536e-06  5.81773811e-07
374.978 -2.21820863e-06 -7.36053929e-07
375.448 -1.43264570e-06 -1.74129704e-06
375.919 -2.80406886e-07 -2.15142142e-06
376.389  8.58792897e-07 -1.89253747e-06
376.860  1.64774503e-06 -1.10833236e-06
377.330  1.88900942e-06 -8.37566739e-08
377.801  1.57635955e-06  8.60974459e-07
378.271  8.66204851e-07  1.46713119e-06
378.742  2.78926084e-09  1.61291631e-06
379.212 -7.61454979e-07  1.32526341e-06
379.683 -1.24499499e-06  7.38878145e-07
380.153 -1.37506108e-06  4.31878608e-08
380.624 -1.17493798e-06 -5.82990399e-07
381.094 -7.38300715e-07 -1.01821461e-06
381.565 -1.88188644e-07 -1.20251070e-06
382.035  3.63162496e-07 -1.13179199e-06
382.506  8.21630168e-07 -8.42805373e-07
382.976  1.11294846e-06 -3.89560106e-07
383.446  1.18666429e-06  1.55549609e-07
383.917  1.01144140e-06  6.96560278e-07
384.387  5.90947550e-07  1.12374613e-06
384.858 -1.25557377e-08  1.32224151e-06
385.328 -6.78460277e-07  1.20187642e-06
385.799 -1.23831148e-06  7.44395497e-07
386.269 -1.51178913e-06  2.59995651e-08
386.740 -1.37471709e-06 -7.81145329e-07
387.210 -8.11640474e-07 -1.43829914e-06
387.681  5.83143092e-08 -1.71833209e-06
388.151  9.89930071e-07 -1.48735512e-06
388.622  1.68411063e-06 -7.62198591e-07
389.092  1.88913373e-06  2.65058886e-07
389.563  1.48971632e-06  1.27525232e-06
390.033  5.71254598e-07  1.92688791e-06
390.504 -5.88325509e-07  1.96898318e-06
390.974 -1.60725003e-06  1.34431908e-06
391.445 -2.12216375e-06  2.31604357e-07
391.915 -1.92195791e-06 -1.00796778e-06
392.386 -1.04256360e-06 -1.94408691e-06
392.856  2.36195639e-07 -2.22677068e-06
393.327  1.47599419e-06 -1.72738577e-06
393.797  2.22597239e-06 -5.93950430e-07
394.268  2.19572085e-06  7.89660801e-07
394.738  1.36878711e-06  1.92594199e-06
395.209  1.79954792e-08  2.38867790e-06
395.679 -1.37455759e-06  1.98590529e-06
396.150 -2.29141315e-06  8.36044442e-07
396.620 -2.37602831e-06 -6.55681401e-07
397.091 -1.56688322e-06 -1.93730080e-06
397.561 -1.38524770e-07 -2.51815863e-06
398.032  1.38466468e-06 -2.15083987e-06
398.502  2.42386763e-06 -9.38114019e-07
398.973  2.55901273e-06  6.84591841e-07
399.443  1.69575683e-06  2.10716825e-06
