0.446  3.27673334e-03 -5.18983577e-04
0.893  1.88825977e-03  4.85649306e-04
1.339  1.00910935e-03  9.16023292e-04
1.785  2.94179341e-04  1.01309707e-03
2.232 -2.58895616e-04  8.21033096e-04
2.678 -5.55198483e-04  4.41634474e-04
3.125 -6.03572097e-04  7.17412044e-05
3.571 -4.68179222e-04 -2.66572959e-04
4.017 -2.06614709e-04 -4.31027990e-04
4.464  5.94396383e-05 -4.00166303e-04
4.910  2.53692901e-04 -2.49244915e-04
5.356  3.43952711e-04 -4.35316522e-05
5.803  2.90267940e-04  1.51308507e-04
6.249  1.46818438e-04  2.57603954e-04
6.695 -2.72195145e-05  2.61904459e-04
7.142 -1.70249986e-04  1.69154960e-04
7.588 -2.24493088e-04  2.35878853e-05
8.034 -1.87649706e-04 -1.06641528e-04
8.481 -8.69290735e-05 -1.83820238e-04
8.927  3.20381056e-05 -1.98508752e-04
9.374  1.28873782e-04 -1.36776805e-04
9.820  1.66345239e-04 -3.14763295e-05
10.266  1.42398484e-04  7.33240959e-05
10.713  6.60206958e-05  1.50781268e-04
11.159 -2.78033532e-05  1.68818014e-04
11.605 -1.00141923e-04  1.24545750e-04
12.052 -1.33102713e-04  4.08953010e-05
12.498 -1.20763856e-04 -5.31325276e-05
12.944 -6.23874882e-05 -1.18061129e-04
13.391  1.55907667e-05 -1.29612440e-04
13.837  8.00692043e-05 -9.07341605e-05
14.283  1.10315485e-04 -2.33968282e-05
14.730  9.62604164e-05  4.68570624e-05
15.176  4.48999529e-05  9.23377183e-05
15.623 -2.21675492e-05  1.01019010e-04
16.069 -7.85669590e-05  7.11171862e-05
16.515 -1.02993832e-04  1.74348157e-05
16.962 -8.61034045e-05 -3.73316771e-05
17.408 -3.82590331e-05 -7.26146267e-05
17.854  2.25721661e-05 -7.62419608e-05
18.301  7.40464826e-05 -4.62205176e-05
18.747  9.58917805e-05  4.74784234e-06
19.193  8.37714676e-05  5.55749098e-05
19.640  4.47814294e-05  8.68703194e-05
20.086 -4.49887072e-06  8.53408287e-05
20.533 -4.31875848e-05  5.25776006e-05
20.979 -5.91138907e-05  3.63243216e-06
21.425 -4.79913339e-05 -4.38288787e-05
21.872 -1.54739745e-05 -7.21897958e-05
22.318  2.47672447e-05 -7.06052249e-05
22.764  5.86079087e-05 -4.28998965e-05
23.211  7.29107559e-05 -1.54345781e-06
23.657  6.24578617e-05  3.77051466e-05
24.103  3.34761513e-05  5.96987493e-05
24.550 -1.12576399e-06  5.85906746e-05
24.996 -2.83439414e-05  3.74265338e-05
25.442 -3.72677010e-05  5.52593565e-06
25.889 -2.54781859e-05 -2.42180782e-05
26.335  1.39378954e-06 -4.10683325e-05
26.782  3.14294418e-05 -3.88374236e-05
27.228  5.19915578e-05 -1.89892955e-05
27.674  5.49990553e-05  1.05106798e-05
28.121  3.99596863e-05  3.79796223e-05
28.567  1.29418772e-05  5.31255246e-05
29.013 -1.58958879e-05  5.05083037e-05
29.460 -3.63227498e-05  3.21732464e-05
29.906 -4.18215720e-05  6.20841239e-06
30.352 -3.12367838e-05 -1.74555178e-05
30.799 -9.04937960e-06 -2.96716798e-05
31.245  1.58503297e-05 -2.68128842e-05
31.691  3.42320149e-05 -1.13836506e-05
32.138  3.95087211e-05  9.55701456e-06
32.584  3.01659761e-05  2.72929857e-05
33.031  1.03484137e-05  3.49101688e-05
33.477 -1.23524209e-05  2.97152330e-05
33.923 -2.93239214e-05  1.39287228e-05
34.370 -3.43765558e-05 -6.05765017e-06
34.816 -2.67302773e-05 -2.25703280e-05
35.262 -1.03833377e-05 -2.95846507e-05
35.709  7.57939156e-06 -2.46673220e-05
36.155  1.97863704e-05 -9.94384969e-06
36.601  2.16166864e-05  9.14178374e-06
37.048  1.27460522e-05  2.55329211e-05
37.494 -3.07266123e-06  3.31484573e-05
37.941 -1.93307607e-05  2.93861287e-05
38.387 -2.95024427e-05  1.59157202e-05
38.833 -2.98713533e-05 -1.84655353e-06
39.280 -2.03995368e-05 -1.70844786e-05
39.726 -4.60424716e-06 -2.42186866e-05
40.172  1.14454815e-05 -2.10106306e-05
40.619  2.18136193e-05 -9.35381182e-06
41.065  2.29673021e-05  5.65053499e-06
41.511  1.48772463e-05  1.79705208e-05
41.958  1.26624185e-06  2.30300476e-05
42.404 -1.20851900e-05  1.94202439e-05
42.850 -1.98473534e-05  9.19653402e-06
43.297 -1.89739325e-05 -3.19683014e-06
43.743 -9.94240059e-06 -1.28008805e-05
44.190  3.54641410e-06 -1.59265207e-05
44.636  1.62330848e-05 -1.14864030e-05
45.082  2.33335417e-05 -1.46703282e-06
45.529  2.24254110e-05  1.00796230e-05
45.975  1.43130884e-05  1.86342212e-05
46.421  2.45862841e-06  2.08138550e-05
46.868 -8.40052745e-06  1.58832828e-05
47.314 -1.40943266e-05  6.07952827e-06
47.760 -1.28131517e-05 -4.48844488e-06
48.207 -5.55797626e-06 -1.15229720e-05
48.653  4.57780840e-06 -1.22596505e-05
49.099  1.35409059e-05 -6.51799929e-06
49.546  1.79017124e-05  3.43841218e-06
49.992  1.61772272e-05  1.37826785e-05
50.439  9.21216241e-06  2.06389535e-05
50.885 -1.82096144e-07  2.16792990e-05
51.331 -8.36301629e-06  1.67820482e-05
51.778 -1.23964110e-05  7.89243734e-06
52.224 -1.10520486e-05 -1.64097350e-06
52.670 -5.23051816e-06 -8.42916725e-06
53.117  2.31252978e-06 -1.03179908e-05
53.563  8.23711277e-06 -7.06276133e-06
54.009  1.00333713e-05 -4.24080966e-07
54.456  6.87312238e-06  6.65517967e-06
54.902 -9.08697735e-08  1.12923504e-05
55.349 -8.23675092e-06  1.16296784e-05
55.795 -1.46129072e-05  7.55335727e-06
56.241 -1.69728634e-05  7.38163047e-07
56.688 -1.45931381e-05 -6.17115726e-06
57.134 -8.56325689e-06 -1.05744083e-05
57.580 -1.21286863e-06 -1.08898062e-05
58.027  4.78252175e-06 -7.23145149e-06
58.473  7.31328143e-06 -1.21864570e-06
58.919  5.66638584e-06  4.73213694e-06
59.366  7.24486259e-07  8.25315414e-06
59.812 -5.44691999e-06  8.02861930e-06
60.258 -1.03311878e-05  4.32112667e-06
60.705 -1.20129133e-05 -1.27426036e-06
61.151 -9.95481231e-06 -6.43857072e-06
61.598 -5.05372529e-06 -9.06309108e-06
62.044  7.20895283e-07 -8.13387417e-06
62.490  5.10327659e-06 -4.00252197e-06
62.937  6.52088157e-06  1.75876143e-06
63.383  4.62837085e-06  6.91772222e-06
63.829  3.66796009e-07  9.54729160e-06
64.276 -4.38270247e-06  8.72504745e-06
64.722 -7.64444404e-06  4.80431423e-06
65.168 -8.12859653e-06 -6.56754692e-07
65.615 -5.62788571e-06 -5.55753190e-06
66.061 -1.13513357e-06 -8.12076253e-06
66.507  3.59060341e-06 -7.47512390e-06
66.954  6.80128971e-06 -3.99876157e-06
67.400  7.35091856e-06  8.52386936e-07
67.847  5.13222341e-06  5.23412660e-06
68.293  1.15630252e-06  7.58529835e-06
68.739 -2.94435110e-06  7.20264272e-06
69.186 -5.54423393e-06  4.54355455e-06
69.632 -5.61427128e-06  9.09282996e-07
70.078 -3.18707125e-06 -2.12829576e-06
70.525  7.27418984e-07 -3.29213151e-06
70.971  4.60743606e-06 -2.15455806e-06
71.417  6.94766209e-06  7.43661193e-07
71.864  6.88105067e-06  4.20827551e-06
72.310  4.51340933e-06  6.80546459e-06
72.757  7.68949832e-07  7.44429309e-06
73.203 -2.94232602e-06  5.84944234e-06
73.649 -5.26254495e-06  2.57821358e-06
74.096 -5.46312187e-06 -1.18372102e-06
74.542 -3.62637353e-06 -4.04484998e-06
74.988 -5.69271759e-07 -5.01965768e-06
75.435  2.43709185e-06 -3.86062094e-06
75.881  4.23591950e-06 -1.09565407e-06
76.327  4.21227626e-06  2.13421639e-06
76.774  2.43879149e-06  4.58403814e-06
77.220 -3.26630049e-07  5.40736364e-06
77.666 -2.98558873e-06  4.38632508e-06
78.113 -4.58898783e-06  2.02967445e-06
78.559 -4.63185111e-06 -6.45045439e-07
79.006 -3.26029939e-06 -2.58842375e-06
79.452 -1.23185850e-06 -3.06706314e-06
79.898  4.71488076e-07 -1.93011455e-06
80.345  1.00614999e-06  2.93205192e-07
80.791 -2.72098082e-08  2.67380348e-06
81.237 -2.35933355e-06  4.23789470e-06
81.684 -5.20232447e-06  4.28636870e-06
82.130 -7.57714972e-06  2.71632961e-06
82.576 -8.62443423e-06  2.81180615e-08
83.023 -7.97417752e-06 -2.92366268e-06
83.469 -5.88189934e-06 -5.19865859e-06
83.915 -3.05403923e-06 -6.15155640e-06
84.362 -4.21164526e-07 -5.69344581e-06
84.808  1.21428803e-06 -4.22731746e-06
85.255  1.51994282e-06 -2.49098797e-06
85.701  6.73372119e-07 -1.27204450e-06
86.147 -7.28634167e-07 -1.02982270e-06
86.594 -1.87785495e-06 -1.76342384e-06
87.040 -2.14167956e-06 -3.04621077e-06
87.486 -1.29463748e-06 -4.15493405e-06
87.933  4.39387197e-07 -4.41938673e-06
88.379  2.42583989e-06 -3.50805763e-06
88.825  3.90528243e-06 -1.51250088e-06
89.272  4.32849171e-06  1.03191121e-06
89.718  3.50957123e-06  3.34894420e-06
90.165  1.72381497e-06  4.76151221e-06
90.611 -3.84496164e-07  4.88497409e-06
91.057 -2.11314113e-06  3.76883189e-06
91.504 -2.92792972e-06  1.90665085e-06
91.950 -2.63665114e-06 -1.67787910e-08
92.396 -1.49264098e-06 -1.36679753e-06
92.843 -2.73690754e-08 -1.74996055e-06
93.289  1.17824670e-06 -1.19474345e-06
93.735  1.67244707e-06 -8.38870823e-08
94.182  1.34682500e-06  1.05019338e-06
94.628  4.57058419e-07  1.69383920e-06
95.074 -5.44603651e-07  1.58621775e-06
95.521 -1.15450832e-06  8.30039773e-07
95.967 -1.03706996e-06 -2.21295099e-07
96.414 -2.00053864e-07 -1.08352139e-06
96.860  1.06100734e-06 -1.33195384e-06
97.306  2.26239281e-06 -8.24100616e-07
97.753  2.88961315e-06  2.86357969e-07
98.199  2.65001447e-06  1.61535848e-06
98.645  1.56026456e-06  2.65123249e-06
99.092 -8.57646120e-08  2.99568559e-06
99.538 -1.77490236e-06  2.50884517e-06
99.984 -2.99375331e-06  1.31563236e-06
100.431 -3.42842762e-06 -1.97883684e-07
100.877 -3.01523883e-06 -1.54265374e-06
101.323 -1.98172893e-06 -2.34286406e-06
101.770 -7.56070203e-07 -2.41720696e-06
102.216  2.47859635e-07 -1.84899346e-06
102.663  7.40752789e-07 -9.66191216e-07
103.109  6.47483625e-07 -1.52518604e-07
103.555  1.54516245e-07  2.81405704e-07
104.002 -4.30169708e-07  1.91399277e-07
104.448 -8.11263458e-07 -3.07224221e-07
104.894 -7.93585732e-07 -9.29381426e-07
105.341 -4.06003773e-07 -1.36145319e-06
105.787  1.25710476e-07 -1.34822096e-06
106.233  5.08752386e-07 -8.34397982e-07
106.680  4.62490291e-07  8.90166168e-10
107.126 -1.41839495e-07  8.55006873e-07
107.573 -1.19222330e-06  1.37923503e-06
108.019 -2.41470977e-06  1.31091641e-06
108.465 -3.44502889e-06  6.13827197e-07
108.912 -3.93852646e-06 -5.48658841e-07
109.358 -3.73854005e-06 -1.86740372e-06
109.804 -2.89896214e-06 -2.96285827e-06
110.251 -1.64452801e-06 -3.56084747e-06
110.697 -3.28672946e-07 -3.56838626e-06
111.143  7.27408144e-07 -3.05990381e-06
111.590  1.34907824e-06 -2.27520624e-06
112.036  1.51280264e-06 -1.49766639e-06
112.482  1.36818468e-06 -9.18169263e-07
112.929  1.15905233e-06 -6.12747813e-07
113.375  1.07691723e-06 -5.05565237e-07
113.822  1.21902576e-06 -4.00982448e-07
114.268  1.54523469e-06 -1.24155321e-07
114.714  1.86810766e-06  4.19747964e-07
115.161  1.97752102e-06  1.20547385e-06
115.607  1.72204104e-06  2.04656138e-06
116.053  1.05185447e-06  2.69414578e-06
116.500  9.03065255e-08  2.93664588e-06
116.946 -9.22254283e-07  2.64429868e-06
117.392 -1.73413140e-06  1.85800464e-06
117.839 -2.12842541e-06  7.79190880e-07
118.285 -2.02012121e-06 -3.31932166e-07
118.731 -1.49675222e-06 -1.20471081e-06
119.178 -7.39528491e-07 -1.65189088e-06
119.624  1.83418969e-08 -1.65350384e-06
120.071  5.64178112e-07 -1.30919735e-06
120.517  8.13140284e-07 -8.01317032e-07
120.963  7.93323376e-07 -3.45985874e-07
121.410  6.13890437e-07 -7.44094993e-08
121.856  4.44213936e-07 -1.14923327e-08
122.302  4.05327183e-07 -1.01995172e-07
122.749  5.21851556e-07 -2.09686404e-07
123.195  7.46828211e-07 -2.07554194e-07
123.641  9.50388263e-07 -5.17461914e-08
124.088  9.86238635e-07  2.34323631e-07
124.534  7.85041869e-07  5.42114670e-07
124.981  3.52218699e-07  7.14729084e-07
125.427 -2.14329716e-07  6.49097010e-07
125.873 -7.33506914e-07  3.12353218e-07
126.320 -1.04437422e-06 -2.41346079e-07
126.766 -1.04755738e-06 -8.51457861e-07
127.212 -7.24468002e-07 -1.33863569e-06
127.659 -1.82814348e-07 -1.56454376e-06
128.105  4.03117777e-07 -1.45004294e-06
128.551  8.65296317e-07 -1.03683689e-06
128.998  1.06149939e-06 -4.62911733e-07
129.444  9.45866143e-07  1.12891436e-07
129.890  5.84543896e-07  5.29355623e-07
130.337  9.02913629e-08  6.87971813e-07
130.783 -3.93206135e-07  6.00244753e-07
131.230 -7.40793841e-07  3.36311421e-07
131.676 -9.15892534e-07  7.36373716e-09
132.122 -9.40441467e-07 -2.64774135e-07
132.569 -8.76194314e-07 -4.28306346e-07
133.015 -8.16012461e-07 -4.93163985e-07
133.461 -8.05802434e-07 -5.06150883e-07
133.908 -8.30938474e-07 -5.55268652e-07
134.354 -8.45920934e-07 -6.99308249e-07
134.800 -7.62600074e-07 -9.30021735e-07
135.247 -5.05366506e-07 -1.20054398e-06
135.693 -6.91975346e-08 -1.41162022e-06
136.139  5.02266137e-07 -1.44809483e-06
136.586  1.10588861e-06 -1.25338974e-06
137.032  1.59502388e-06 -8.23719457e-07
137.479  1.86138180e-06 -2.18157879e-07
137.925  1.84874334e-06  4.32591807e-07
138.371  1.56054845e-06  1.00093131e-06
138.818  1.08903322e-06  1.39364237e-06
139.264  5.56859798e-07  1.55647236e-06
139.710  7.06357785e-08  1.51841115e-06
140.157 -2.81616211e-07  1.35947027e-06
140.603 -4.81049545e-07  1.15756373e-06
141.049 -5.73909418e-07  9.89745742e-07
141.496 -6.16532853e-07  8.87185886e-07
141.942 -6.75349131e-07  8.15154048e-07
142.389 -7.91812456e-07  7.24881015e-07
142.835 -9.41094005e-07  5.58466176e-07
143.281 -1.07316002e-06  2.69618425e-07
143.728 -1.12494989e-06 -1.22331791e-07
144.174 -1.02751028e-06 -5.58958826e-07
144.620 -7.66710287e-07 -9.64378789e-07
145.067 -3.78030512e-07 -1.24205648e-06
145.513  7.97232335e-08 -1.33441290e-06
145.959  5.11812621e-07 -1.24035210e-06
146.406  8.36049555e-07 -9.87826765e-07
146.852  1.01951688e-06 -6.50931607e-07
147.298  1.05397448e-06 -3.17985361e-07
147.745  9.73127589e-07 -4.03538090e-08
148.191  8.41686890e-07  1.50386939e-07
148.638  6.99205853e-07  2.55291829e-07
149.084  5.68867290e-07  3.16639009e-07
149.530  4.54770331e-07  3.63239312e-07
149.977  3.20090078e-07  4.06689032e-07
150.423  1.35081424e-07  4.47926964e-07
150.869 -1.04404331e-07  4.46950942e-07
151.316 -3.90433771e-07  3.58242081e-07
151.762 -6.71080464e-07  1.63851672e-07
152.208 -8.70684184e-07 -1.41326480e-07
152.655 -9.36019227e-07 -5.19110370e-07
153.101 -8.27443747e-07 -8.88388172e-07
153.547 -5.45933107e-07 -1.17566811e-06
153.994 -1.53940062e-07 -1.31385848e-06
154.440  2.70864879e-07 -1.26181183e-06
154.887  6.43656909e-07 -1.04302690e-06
155.333  8.83267533e-07 -7.12278588e-07
155.779  9.63442503e-07 -3.40509476e-07
156.226  8.99035069e-07 -1.55717830e-08
156.672  7.26884065e-07  2.10728717e-07
157.118  5.17638276e-07  3.28180004e-07
157.565  3.30287792e-07  3.45781991e-07
158.011  1.88848078e-07  3.09978438e-07
158.457  1.04881486e-07  2.73012165e-07
158.904  5.73656071e-08  2.56191521e-07
159.350  6.38420379e-09  2.70313384e-07
159.797 -6.26183371e-08  3.00363711e-07
160.243 -1.53623765e-07  3.03113914e-07
160.689 -2.52993500e-07  2.54912355e-07
161.136 -3.13066093e-07  1.47976378e-07
161.582 -2.96702566e-07 -1.04813465e-08
162.028 -1.86553808e-07 -1.71152539e-07
162.475  2.25840977e-08 -2.77805505e-07
162.921  2.90655119e-07 -2.90237366e-07
163.367  5.52418750e-07 -1.74153923e-07
163.814  7.50391143e-07  6.29364943e-08
164.260  8.24549566e-07  3.71318461e-07
164.706  7.44965127e-07  6.94717364e-07
165.153  5.32406483e-07  9.61047654e-07
165.599  2.26333394e-07  1.10626357e-06
166.046 -1.08296370e-07  1.11203561e-06
166.492 -3.91623900e-07  9.84246552e-07
166.938 -5.76186435e-07  7.57867007e-07
167.385 -6.38921947e-07  5.03054575e-07
167.831 -5.82861739e-07  2.78247640e-07
168.277 -4.58439733e-07  1.24496630e-07
168.724 -3.25203384e-07  6.74397710e-08
169.170 -2.33679294e-07  8.41123262e-08
169.616 -2.30381676e-07  1.24772900e-07
170.063 -3.18157340e-07  1.38727190e-07
170.509 -4.57202510e-07  6.62607528e-08
170.955 -5.93366310e-07 -1.22253367e-07
171.402 -6.48635782e-07 -4.05523303e-07
171.848 -5.54201609e-07 -7.35139423e-07
172.295 -2.91855761e-07 -1.02423690e-06
172.741  1.17531644e-07 -1.16763116e-06
173.187  5.99075253e-07 -1.09671227e-06
173.634  1.02503249e-06 -7.84463302e-07
174.080  1.27290140e-06 -2.65261774e-07
174.526  1.24825280e-06  3.43036586e-07
174.973  9.10931881e-07  8.86899442e-07
175.419  3.22807831e-07  1.21260342e-06
175.865 -3.75158709e-07  1.19628044e-06
176.312 -1.00057680e-06  8.13410785e-07
176.758 -1.35786161e-06  1.50542512e-07
177.205 -1.32077713e-06 -6.22498986e-07
177.651 -8.83195755e-07 -1.27140664e-06
178.097 -1.53849021e-07 -1.57958242e-06
178.544  6.43580777e-07 -1.43360404e-06
178.990  1.23557594e-06 -8.48560898e-07
179.436  1.40619713e-06  6.06919901e-09
179.883  1.05521834e-06  8.39192432e-07
180.329  2.54052981e-07  1.34931004e-06
180.775 -7.41445483e-07  1.31119303e-06
181.222 -1.58290017e-06  6.61783419e-07
181.668 -1.93173624e-06 -4.33684627e-07
182.114 -1.56828229e-06 -1.63124791e-06
182.561 -5.11065365e-07 -2.50735198e-06
183.007  9.70726002e-07 -2.67871124e-06
183.454  2.42921189e-06 -1.96635680e-06
183.900  3.34856410e-06 -4.82651052e-07
184.346  3.33410767e-06  1.38849340e-06
184.793  2.27313414e-06  3.06865385e-06
185.239  3.86551915e-07  3.97030008e-06
185.685 -1.78965324e-06  3.71625121e-06
186.132 -3.55122126e-06  2.27202828e-06
186.578 -4.27294554e-06  6.60325389e-09
187.024 -3.61475246e-06 -2.37963317e-06
187.471 -1.67072701e-06 -4.08704962e-06
187.917  9.99552435e-07 -4.47233481e-06
188.363  3.54066612e-06 -3.27975467e-06
188.810  5.06738537e-06 -7.91587459e-07
189.256  4.95501753e-06  2.23417723e-06
189.703  3.10576035e-06  4.79052736e-06
190.149  2.57887839e-08  5.93102093e-06
190.595 -3.31095687e-06  5.12731075e-06
191.042 -5.74103802e-06  2.49764161e-06
191.488 -6.31608962e-06 -1.19465659e-06
191.934 -4.67041266e-06 -4.73241100e-06
192.381 -1.18248029e-06 -6.83544471e-06
192.827  3.07774071e-06 -6.62743617e-06
193.273  6.65685100e-06 -3.96380266e-06
193.720  8.22049898e-06  4.45432273e-07
194.166  7.02232694e-06  5.19371921e-06
194.613  3.21666797e-06  8.63489223e-06
195.059 -2.09516122e-06  9.43716533e-06
195.505 -7.18835369e-06  7.06861924e-06
195.952 -1.02716922e-05  2.07608548e-06
196.398 -1.00951512e-05 -4.02620205e-06
196.844 -6.45481497e-06 -9.22001193e-06
197.291 -3.48864693e-07 -1.16316009e-05
197.737  6.29470471e-06 -1.02160404e-05
198.183  1.12041944e-05 -5.19754969e-06
198.630  1.25426067e-05  1.93251779e-06
199.076  9.60253330e-06  8.83044860e-06
199.522  3.11880452e-06  1.30588700e-05
199.969 -4.87781716e-06  1.29590039e-05
200.415 -1.16719388e-05  8.27508798e-06
200.862 -1.47945937e-05  3.42989354e-07
201.308 -1.29025713e-05 -8.25253455e-06
201.754 -6.32169576e-06 -1.45235090e-05
202.201  2.93383368e-06 -1.61058023e-05
202.647  1.17724517e-05 -1.21214492e-05
203.093  1.70533532e-05 -3.60767354e-06
203.540  1.66744822e-05  6.72880568e-06
203.986  1.03982326e-05  1.53743134e-05
204.432  5.83416694e-08  1.91790373e-05
204.879 -1.09762721e-05  1.65009876e-05
205.325 -1.88803112e-05  7.89060529e-06
205.771 -2.06949387e-05 -3.99070441e-06
206.218 -1.54408610e-05 -1.51747087e-05
206.664 -4.56120208e-06 -2.17028331e-05
207.111  8.44786825e-06 -2.10436899e-05
207.557  1.91422091e-05 -1.30533505e-05
208.003  2.36657873e-05 -1.49989969e-07
208.450  2.01380450e-05  1.33853357e-05
208.896  9.40755901e-06  2.28387265e-05
209.342 -5.09044642e-06  2.47099284e-05
209.789 -1.84280733e-05  1.79922853e-05
210.235 -2.58653978e-05  4.66603790e-06
210.681 -2.45173810e-05 -1.08600459e-05
211.128 -1.44720867e-05 -2.32117881e-05
211.574  1.09646589e-06 -2.78911829e-05
212.021  1.69326016e-05 -2.29121513e-05
212.467  2.74570573e-05 -9.62945550e-06
212.913  2.87255541e-05  7.61467252e-06
213.360  1.99145344e-05  2.28972163e-05
213.806  3.72897649e-06  3.07364033e-05
214.252 -1.44148378e-05  2.80716165e-05
214.699 -2.81846286e-05  1.54369877e-05
215.145 -3.25568618e-05 -3.09741091e-06
215.591 -2.56464219e-05 -2.12153934e-05
216.038 -9.47549134e-06 -3.25201778e-05
216.484  1.05859254e-05 -3.28047595e-05
216.930  2.76091503e-05 -2.16002079e-05
217.377  3.55217073e-05 -2.47948364e-06
217.823  3.12680295e-05  1.80727678e-05
218.270  1.59912879e-05  3.28829823e-05
218.716 -5.23469592e-06  3.65944796e-05
219.162 -2.51074629e-05  2.76151499e-05
219.609 -3.66133976e-05  8.80072656e-06
220.055 -3.55118707e-05 -1.34555798e-05
220.501 -2.19258800e-05 -3.13994821e-05
220.948 -3.93020213e-07 -3.86186749e-05
221.394  2.16493942e-05 -3.23651938e-05
221.840  3.64237929e-05 -1.46078172e-05
222.287  3.85799502e-05  8.58071325e-06
222.733  2.71487895e-05  2.90827222e-05
223.179  5.95465958e-06  3.95889362e-05
223.626 -1.76437160e-05  3.62238864e-05
224.072 -3.53093975e-05  1.99679839e-05
224.519 -4.06941529e-05 -3.60267603e-06
224.965 -3.17155396e-05 -2.62218207e-05
225.411 -1.13634516e-05 -3.98546091e-05
225.858  1.32809763e-05 -3.95532659e-05
226.304  3.35312730e-05 -2.52546760e-05
226.750  4.21679730e-05 -1.87802016e-06
227.197  3.60160210e-05  2.23856127e-05
227.643  1.71328269e-05  3.89632794e-05
228.089 -7.88533820e-06  4.19370663e-05
228.536 -3.02297864e-05  3.01874837e-05
228.982 -4.19894354e-05  7.82417410e-06
229.429 -3.89853175e-05 -1.72665937e-05
229.875 -2.22838619e-05 -3.62056367e-05
230.321  2.18522832e-06 -4.22890049e-05
230.768  2.57283721e-05 -3.33981728e-05
231.214  3.99882632e-05 -1.27436850e-05
231.660  3.99475456e-05  1.22823338e-05
232.107  2.57062280e-05  3.27479272e-05
232.553  2.42848443e-06  4.14001215e-05
232.999 -2.15134554e-05  3.52513551e-05
233.446 -3.75716783e-05  1.66210308e-05
233.892 -4.00927407e-05 -7.71309332e-06
234.338 -2.83155958e-05 -2.89899427e-05
234.785 -6.62072876e-06 -3.96386762e-05
235.231  1.70947868e-05 -3.59780026e-05
235.678  3.43095332e-05 -1.95144542e-05
236.124  3.89430850e-05  3.65283130e-06
236.570  2.95268708e-05  2.51032828e-05
237.017  9.68621175e-06  3.71560252e-05
237.463 -1.32564171e-05  3.56364577e-05
237.909 -3.09811482e-05  2.13507347e-05
238.356 -3.71948482e-05 -2.97342488e-07
238.802 -2.98973921e-05 -2.13440299e-05
239.248 -1.20250903e-05 -3.41924645e-05
239.695  9.71505255e-06 -3.43848465e-05
240.141  2.73478420e-05 -2.21640634e-05
240.587  3.45767252e-05 -2.27882439e-06
241.034  2.90541845e-05  1.78328533e-05
241.480  1.31406068e-05  3.08308992e-05
241.927 -7.05681980e-06  3.21729171e-05
242.373 -2.40145953e-05  2.17031376e-05
242.819 -3.16103389e-05  3.61058150e-06
243.266 -2.73338606e-05 -1.52164151e-05
243.712 -1.31238974e-05 -2.78196749e-05
244.158  5.45354059e-06 -2.97419449e-05
244.605  2.13810028e-05 -2.06098582e-05
245.051  2.88367900e-05 -4.17717996e-06
245.497  2.53227955e-05  1.31979088e-05
245.944  1.25204095e-05  2.50049468e-05
246.390 -4.46130996e-06  2.70115017e-05
246.837 -1.91104660e-05  1.88004455e-05
247.283 -2.59907517e-05  3.82011626e-06
247.729 -2.27711709e-05 -1.20405734e-05
248.176 -1.10279221e-05 -2.27396240e-05
248.622  4.47876807e-06 -2.43828592e-05
249.068  1.76990872e-05 -1.66594176e-05
249.515  2.36370701e-05 -2.84890564e-06
249.961  2.02521891e-05  1.15298072e-05
250.407  9.15736193e-06  2.08907692e-05
250.854 -5.09829128e-06  2.17527399e-05
251.300 -1.68485870e-05  1.40316979e-05
251.746 -2.15480090e-05  9.88254293e-07
252.193 -1.75194396e-05 -1.20996962e-05
252.639 -6.54104537e-06 -2.00452437e-05
253.086  6.89941740e-06 -1.97881646e-05
253.532  1.74106106e-05 -1.15477252e-05
253.978  2.08404095e-05  1.30165259e-06
254.425  1.58815902e-05  1.35937199e-05
254.871  4.55977649e-06  2.04385408e-05
255.317 -8.58637848e-06  1.91378126e-05
255.764 -1.83280210e-05  1.02303538e-05
256.210 -2.08076749e-05 -2.72785169e-06
256.656 -1.50467399e-05 -1.45925306e-05
257.103 -3.33449052e-06 -2.06660759e-05
257.549  9.69035390e-06 -1.85370843e-05
257.995  1.88773530e-05 -9.03943801e-06
258.442  2.05802004e-05  4.08028753e-06
258.888  1.41014999e-05  1.56475263e-05
259.335  1.97389776e-06  2.10812378e-05
259.781 -1.10427985e-05  1.81999831e-05
260.227 -1.98155773e-05  8.09363317e-06
260.674 -2.08498514e-05 -5.30719473e-06
261.120 -1.36778729e-05 -1.67554232e-05
261.566 -1.04377845e-06 -2.17292733e-05
262.013  1.21535247e-05 -1.82172412e-05
262.459  2.07507976e-05 -7.50904927e-06
262.905  2.13438914e-05  6.29419067e-06
263.352  1.36199514e-05  1.78469660e-05
263.798  4.86683335e-07  2.26376216e-05
264.245 -1.30242337e-05  1.87452912e-05
264.691 -2.16969295e-05  7.58445969e-06
265.137 -2.21527953e-05 -6.61429791e-06
265.584 -1.41479912e-05 -1.84207248e-05
266.030 -6.85899872e-07 -2.33005257e-05
266.476  1.31184132e-05 -1.93480265e-05
266.923  2.20056900e-05 -8.02436137e-06
267.369  2.25764873e-05  6.38436637e-06
267.815  1.45868293e-05  1.84127242e-05
268.262  1.05470300e-06  2.34967167e-05
268.708 -1.28998720e-05  1.97012801e-05
269.154 -2.20069265e-05  8.46397231e-06
269.601 -2.28348655e-05 -5.96392078e-06
270.047 -1.50943150e-05 -1.81465274e-05
270.494 -1.73338684e-06 -2.35136815e-05
270.940  1.22070888e-05 -2.00894275e-05
271.386  2.15006300e-05 -9.22556256e-06
271.833  2.27090412e-05  4.94853905e-06
272.279  1.54709347e-05  1.71009431e-05
272.725  2.59275927e-06  2.27136540e-05
273.172 -1.10425755e-05  1.97850451e-05
273.618 -2.03311448e-05  9.54018147e-06
274.064 -2.18822013e-05 -4.07906885e-06
274.511 -1.52609015e-05 -1.59269824e-05
274.957 -3.09432918e-06 -2.16182697e-05
275.403  9.95920170e-06 -1.91627313e-05
275.850  1.90065488e-05 -9.65635488e-06
276.296  2.07696713e-05  3.18301240e-06
276.743  1.47716534e-05  1.44718491e-05
277.189  3.46061896e-06  2.00344759e-05
277.635 -8.77726185e-06  1.79473211e-05
278.082 -1.73297836e-05  9.21189786e-06
278.528 -1.90951965e-05 -2.68879560e-06
278.974 -1.36120027e-05 -1.31817406e-05
279.421 -3.17378642e-06 -1.83565836e-05
279.867  8.12382055e-06 -1.64203536e-05
280.313  1.59848183e-05 -8.32933239e-06
280.760  1.75373815e-05  2.65802789e-06
281.206  1.23934743e-05  1.22895327e-05
281.653  2.72170000e-06  1.69525861e-05
282.099 -7.66281965e-06  1.50370864e-05
282.545 -1.47899427e-05  7.49132241e-06
282.992 -1.60562792e-05 -2.62929626e-06
283.438 -1.11839950e-05 -1.13852452e-05
283.884 -2.24210914e-06 -1.54848720e-05
284.331  7.21539320e-06 -1.35339109e-05
284.777  1.35535919e-05 -6.49865566e-06
285.223  1.44661579e-05  2.74196309e-06
285.670  9.81200645e-06  1.05570053e-05
286.116  1.59325126e-06  1.39979717e-05
286.562 -6.87787903e-06  1.19125617e-05
287.009 -1.23120372e-05  5.32242123e-06
287.455 -1.27207552e-05 -3.03403292e-06
287.902 -8.13631200e-06 -9.82620458e-06
288.348 -5.42887662e-07 -1.24558921e-05
288.794  6.95931325e-06 -1.00384735e-05
289.241  1.14131176e-05 -3.70215361e-06
289.687  1.11520701e-05  3.90919032e-06
290.133  6.42049684e-06  9.73134352e-06
290.580 -7.65601930e-07  1.14938275e-05
291.026 -7.47163365e-06  8.59327498e-06
291.472 -1.10268734e-05  2.30311130e-06
291.919 -1.00702137e-05 -4.78189742e-06
292.365 -5.07433033e-06 -9.80663823e-06
292.811  1.88161232e-06 -1.07857875e-05
293.258  7.97457183e-06 -7.38755558e-06
293.704  1.07627845e-05 -1.04000666e-06
294.151  9.15833872e-06  5.67291463e-06
294.597  3.84827476e-06  1.00458597e-05
295.043 -3.01023744e-06  1.03318228e-05
295.490 -8.65639973e-06  6.43663556e-06
295.936 -1.08253511e-05 -6.82736539e-08
296.382 -8.65487555e-06 -6.57994804e-06
296.829 -3.01051732e-06 -1.04956188e-05
297.275  3.86871013e-06 -1.02544276e-05
297.721  9.25199469e-06 -5.94547756e-06
298.168  1.10053660e-05  7.40358436e-07
298.614  8.43011801e-06  7.17134909e-06
299.061  2.52300749e-06  1.08178489e-05
299.507 -4.41054671e-06  1.02483311e-05
299.953 -9.66405502e-06  5.67459938e-06
300.400 -1.11958314e-05 -1.13017808e-06
300.846 -8.41072829e-06 -7.52511916e-06
301.292 -2.38739161e-06 -1.10419241e-05
301.739  4.54166408e-06 -1.03326861e-05
302.185  9.71057298e-06 -5.68296829e-06
302.631  1.11474012e-05  1.09981818e-06
303.078  8.32324506e-06  7.40366559e-06
303.524  2.35429245e-06  1.08240717e-05
303.970 -4.44815165e-06  1.00773686e-05
304.417 -9.48125017e-06  5.49183209e-06
304.863 -1.08413280e-05 -1.13729612e-06
305.310 -8.05184094e-06 -7.26037727e-06
305.756 -2.23085868e-06 -1.05481982e-05
306.202  4.36727442e-06 -9.78262327e-06
306.649  9.22065030e-06 -5.31320464e-06
307.095  1.05048097e-05  1.10930102e-06
307.541  7.78712921e-06  7.01720172e-06
307.988  2.16063474e-06  1.01719358e-05
308.434 -4.19702755e-06  9.42260014e-06
308.880 -8.86194325e-06  5.11883768e-06
309.327 -1.00987025e-05 -1.05316814e-06
309.773 -7.50408895e-06 -6.72591400e-06
310.219 -2.12596583e-06 -9.76880513e-06
310.666  3.95405322e-06 -9.09274613e-06
311.112  8.43442728e-06 -5.02986418e-06
311.559  9.67543394e-06  8.16832539e-07
312.005  7.29277073e-06  6.20906629e-06
312.451  2.27554607e-06  9.14381325e-06
312.898 -3.41871863e-06  8.59458342e-06
313.344 -7.63999491e-06  4.87235741e-06
313.790 -8.85700133e-06 -5.22501101e-07
314.237 -6.71304533e-06 -5.51190253e-06
314.683 -2.13364580e-06 -8.24082555e-06
315.129  3.07176124e-06 -7.76383854e-06
315.576  6.92559498e-06 -4.38164095e-06
316.022  8.02680310e-06  5.19272391e-07
316.469  6.06871527e-06  5.03608518e-06
316.915  1.91589590e-06  7.47989269e-06
317.361 -2.77633943e-06  7.01326928e-06
317.808 -6.21250147e-06  3.94032057e-06
318.254 -7.14636567e-06 -4.63474885e-07
318.700 -5.34157817e-06 -4.47021914e-06
319.147 -1.61162703e-06 -6.57448546e-06
319.593  2.53252059e-06 -6.06942143e-06
320.039  5.48437206e-06 -3.27735790e-06
320.486  6.17296157e-06  6.19384123e-07
320.932  4.44933705e-06  4.06196171e-06
321.378  1.09951298e-06  5.74162661e-06
321.825 -2.49046240e-06  5.09719556e-06
322.271 -4.90401776e-06  2.49409787e-06
322.718 -5.25285962e-06 -9.47895042e-07
323.164 -3.49467826e-06 -3.82494124e-06
323.610 -4.23117683e-07 -5.01966146e-06
324.057  2.67364238e-06 -4.12258612e-06
324.503  4.54941104e-06 -1.57190649e-06
324.949  4.48634037e-06  1.54232902e-06
325.396  2.56286955e-06  3.94143386e-06
325.842 -3.91775671e-07  4.66939741e-06
326.288 -3.15624562e-06  3.46095519e-06
326.735 -4.61438632e-06  8.40288885e-07
327.181 -4.19106828e-06 -2.11088890e-06
327.627 -2.07961761e-06 -4.20040308e-06
328.074  8.50918372e-07 -4.59429716e-06
328.520  3.42065250e-06 -3.14955606e-06
328.967  4.60458070e-06 -4.62676146e-07
329.413  3.94070033e-06  2.38721951e-06
329.859  1.71147153e-06  4.26626735e-06
330.306 -1.18726481e-06  4.43488494e-06
330.752 -3.60449719e-06  2.84355325e-06
331.198 -4.58716699e-06  1.35666668e-07
331.645 -3.76273693e-06 -2.61449622e-06
332.091 -1.47332690e-06 -4.32259598e-06
332.537  1.37115520e-06 -4.32923214e-06
332.984  3.64839760e-06 -2.65178977e-06
333.430  4.47285326e-06  3.75393566e-08
333.877  3.54170161e-06  2.67451845e-06
334.323  1.23722504e-06  4.22742381e-06
334.769 -1.52434344e-06  4.10547171e-06
335.216 -3.65698138e-06  2.37465174e-06
335.662 -4.33891180e-06 -2.72519643e-07
336.108 -3.32148811e-06 -2.79115511e-06
336.555 -1.01882923e-06 -4.20497093e-06
337.001  1.65546243e-06 -3.98005713e-06
337.447  3.65934708e-06 -2.22334718e-06
337.894  4.22757939e-06  3.59307388e-07
338.340  3.15914481e-06  2.75258434e-06
338.786  8.96218405e-07  4.03266876e-06
339.233 -1.66001242e-06  3.71687529e-06
339.679 -3.51119241e-06  1.95253669e-06
340.126 -3.94231535e-06 -5.48175849e-07
340.572 -2.80050063e-06 -2.79988192e-06
341.018 -5.51655164e-07 -3.92219682e-06
341.465  1.91620252e-06 -3.48128220e-06
341.911  3.63627347e-06 -1.66029801e-06
342.357  3.93547896e-06  8.25979251e-07
342.804  2.70055137e-06  3.01016110e-06
343.250  4.10390589e-07  4.04172614e-06
343.696 -2.05459939e-06  3.52200110e-06
344.143 -3.74553461e-06  1.64989770e-06
344.589 -4.01574651e-06 -8.64046974e-07
345.035 -2.76458775e-06 -3.06419281e-06
345.482 -4.62939944e-07 -4.11951257e-06
345.928  2.02306968e-06 -3.64009988e-06
346.375  3.76418538e-06 -1.80999656e-06
346.821  4.12397036e-06  6.84124532e-07
347.267  2.98363668e-06  2.91496490e-06
347.714  7.79384760e-07  4.07230555e-06
348.160 -1.66504944e-06  3.75456024e-06
348.606 -3.46024407e-06  2.10663718e-06
349.053 -3.97690055e-06 -2.39767512e-07
349.499 -3.06509155e-06 -2.41944292e-06
349.945 -1.10252675e-06 -3.65811729e-06
350.392  1.16664835e-06 -3.54545150e-06
350.838  2.92090542e-06 -2.17873602e-06
351.285  3.55578520e-06 -1.05051345e-07
351.731  2.89990708e-06  1.90440751e-06
352.177  1.25853518e-06  3.13784835e-06
352.624 -7.30290731e-07  3.20130899e-06
353.070 -2.34025360e-06  2.14950990e-06
353.516 -3.02566874e-06  4.30838845e-07
353.963 -2.61634582e-06 -1.29783219e-06
354.409 -1.34721707e-06 -2.42133093e-06
354.855  2.56943166e-07 -2.59691182e-06
355.302  1.59040180e-06 -1.85501884e-06
355.748  2.20477044e-06 -5.54701974e-07
356.194  1.96141982e-06  7.70366787e-07
356.641  1.05026865e-06  1.63355534e-06
357.087 -1.05055697e-07  1.77780334e-06
357.534 -1.03494924e-06  1.24527369e-06
357.980 -1.41651143e-06  3.38048999e-07
358.426 -1.17976974e-06 -5.26338706e-07
358.873 -5.15313935e-07 -1.00186537e-06
359.319  2.24690899e-07 -9.43738988e-07
359.765  6.96928787e-07 -4.52756983e-07
360.212  7.10112723e-07  1.80829887e-07
360.658  2.97121616e-07  6.24851016e-07
361.104 -3.02954678e-07  6.55111862e-07
361.551 -7.65848908e-07  2.49270818e-07
361.997 -8.34145787e-07 -3.97187144e-07
362.443 -4.29765186e-07 -9.62599286e-07
362.890  2.98645278e-07 -1.14887910e-06
363.336  1.03432036e-06 -8.10923233e-07
363.783  1.43367338e-06 -3.45304122e-08
364.229  1.27014842e-06  8.84372195e-07
364.675  5.42013065e-07  1.56350607e-06
365.122 -5.05545715e-07  1.68709480e-06
365.568 -1.47500460e-06  1.14108503e-06
366.014 -1.96870258e-06  8.14854518e-08
366.461 -1.74537979e-06 -1.11842732e-06
366.907 -8.34253794e-07 -2.00598316e-06
367.353  4.65172299e-07 -2.21621622e-06
367.800  1.69068565e-06 -1.62550669e-06
368.246  2.37996834e-06 -4.10021292e-07
368.693  2.25128262e-06  1.01615452e-06
369.139  1.31934221e-06  2.14154808e-06
369.585 -1.09325423e-07  2.54695842e-06
370.032 -1.53756024e-06  2.06916375e-06
370.478 -2.45485164e-06  8.58213570e-07
370.924 -2.53145210e-06 -6.70686581e-07
371.371 -1.73371191e-06 -1.98079709e-06
371.817 -3.36298404e-07 -2.61542155e-06
372.263  1.17024967e-06 -2.35875654e-06
372.710  2.26376861e-06 -1.30751997e-06
373.156  2.57743000e-06  1.59749266e-07
373.602  2.02154028e-06  1.52716912e-06
374.049  8.16329704e-07  2.33153356e-06
374.495 -5.96468572e-07  2.31833505e-06
374.942 -1.72394044e-06  1.53088385e-06
375.388 -2.19250575e-06  2.85602355e-07
375.834 -1.87902437e-06 -9.59842118e-07
376.281 -9.48195574e-07 -1.77153229e-06
376.727  2.28717726e-07 -1.89389937e-06
377.173  1.21626374e-06 -1.33958319e-06
377.620  1.67377715e-06 -3.63241857e-07
378.066  1.48266147e-06  6.46150966e-07
378.512  7.72730712e-07  1.31202972e-06
378.959 -1.44532866e-07  1.41774030e-06
379.405 -8.98300804e-07  9.77608264e-07
379.851 -1.20972702e-06  2.12303518e-07
380.298 -9.96998087e-07 -5.41972658e-07
380.744 -3.90316491e-07 -9.75076702e-07
381.191  3.24609592e-07 -9.30376052e-07
381.637  8.28463731e-07 -4.54949376e-07
382.083  9.07137904e-07  2.22628020e-07
382.530  5.32147720e-07  7.87796946e-07
382.976 -1.28466549e-07  9.80134802e-07
383.422 -7.74776759e-07  6.98873525e-07
383.869 -1.10695995e-06  4.56593105e-08
384.315 -9.50277461e-07 -7.05778679e-07
384.761 -3.28508936e-07 -1.22398712e-06
385.208  5.29069086e-07 -1.25700775e-06
385.654  1.27432612e-06 -7.34514173e-07
386.101  1.57978770e-06  1.85571581e-07
386.547  1.26515033e-06  1.16557159e-06
386.993  3.83991914e-07  1.81658597e-06
387.440 -7.77019641e-07  1.84106010e-06
387.886 -1.79964061e-06  1.15636943e-06
388.332 -2.27936593e-06 -5.17758544e-08
388.779 -1.97722171e-06 -1.38694966e-06
389.225 -9.28154157e-07 -2.37214808e-06
389.671  5.58190625e-07 -2.61472141e-06
390.118  1.99194330e-06 -1.96247807e-06
390.564  2.86017205e-06 -5.71150828e-07
391.010  2.81421784e-06  1.13497986e-06
391.457  1.80240815e-06  2.58812939e-06
391.903  9.96722154e-08  3.27064073e-06
392.350 -1.76168657e-06  2.89968266e-06
392.796 -3.16153465e-06  1.52987814e-06
393.242 -3.60371406e-06 -4.42088978e-07
393.689 -2.88289383e-06 -2.39206369e-06
394.135 -1.17049964e-06 -3.67375478e-06
394.581  1.01965000e-06 -3.82765658e-06
395.028  2.99330086e-06 -2.74184331e-06
395.474  4.09360364e-06 -7.11587844e-07
395.920  3.91544718e-06  1.64591933e-06
396.367  2.45693265e-06  3.57931677e-06
396.813  1.33329220e-07  4.43689273e-06
397.259 -2.34279899e-06  3.89026217e-06
397.706 -4.17324251e-06  2.05359718e-06
398.152 -4.73461703e-06 -5.39550653e-07
398.599 -3.78933439e-06 -3.08380332e-06
399.045 -1.57222357e-06 -4.75323861e-06
399.491  1.25897844e-06 -4.97160316e-06
