0.425  3.44475076e-03 -5.45594921e-04
0.849  1.97580204e-03  5.00874732e-04
1.274  1.06304243e-03  9.67616794e-04
1.698  2.80842748e-04  1.06697765e-03
2.123 -2.62634397e-04  8.58317569e-04
2.548 -5.87914268e-04  4.91387227e-04
2.972 -6.13614486e-04  7.51960122e-05
3.397 -4.75264134e-04 -2.62884663e-04
3.821 -1.99865657e-04 -4.45836442e-04
4.246  7.97578330e-05 -4.32259061e-04
4.670  2.76780319e-04 -2.91145776e-04
5.095  3.41788399e-04 -7.73307007e-05
5.520  2.89556844e-04  1.39369047e-04
5.944  1.44788995e-04  2.82408862e-04
6.369 -3.14755415e-05  2.97273842e-04
6.793 -1.74431751e-04  2.04619584e-04
7.218 -2.39131683e-04  4.43153181e-05
7.643 -2.04191016e-04 -1.18363947e-04
8.067 -1.07121127e-04 -2.11203279e-04
8.492  2.38105371e-05 -2.19938781e-04
8.916  1.30547745e-04 -1.50744197e-04
9.341  1.87903179e-04 -3.29528840e-05
9.765  1.66718235e-04  8.58558963e-05
10.190  8.60549321e-05  1.55495707e-04
10.615 -1.84638426e-05  1.63472947e-04
11.039 -1.05342636e-04  1.11364296e-04
11.464 -1.45233317e-04  2.17356505e-05
11.888 -1.28540269e-04 -6.63562537e-05
12.313 -7.01542233e-05 -1.19619951e-04
12.738  1.27233853e-05 -1.23568311e-04
13.162  8.51830588e-05 -7.78637717e-05
13.587  1.17034866e-04 -5.81594549e-06
14.011  1.00298337e-04  6.31463627e-05
14.436  4.73223887e-05  1.03865582e-04
14.860 -2.11818133e-05  1.05533496e-04
15.285 -7.86550446e-05  6.92759653e-05
15.710 -1.03842433e-04  7.11505781e-06
16.134 -8.80942858e-05 -5.71052824e-05
16.559 -3.70685161e-05 -9.71718197e-05
16.983  2.60428977e-05 -9.84721766e-05
17.408  7.68856886e-05 -6.42467640e-05
17.833  9.79210204e-05 -8.76543122e-06
18.257  8.21137017e-05  4.76766096e-05
18.682  3.68215608e-05  8.42411623e-05
19.106 -1.92071254e-05  8.87619439e-05
19.531 -6.30983402e-05  6.21193322e-05
19.956 -7.80946540e-05  1.75199147e-05
20.380 -6.14037973e-05 -2.61741201e-05
20.805 -2.28638448e-05 -5.32024008e-05
21.229  2.15401434e-05 -5.50631370e-05
21.654  5.54867399e-05 -3.38560247e-05
22.078  6.68854012e-05  3.07765565e-06
22.503  5.36744596e-05  4.10116031e-05
22.928  2.06047449e-05  6.41223926e-05
23.352 -1.89448726e-05  6.45761212e-05
23.777 -4.91171477e-05  4.31443164e-05
24.201 -5.92269593e-05  8.66902793e-06
24.626 -4.74745043e-05 -2.55336998e-05
25.051 -1.90291884e-05 -4.60726028e-05
25.475  1.50226853e-05 -4.58364007e-05
25.900  4.21082925e-05 -2.57340858e-05
26.324  5.20652489e-05  5.77032063e-06
26.749  4.23305740e-05  3.58587316e-05
27.173  1.76260397e-05  5.31032034e-05
27.598 -1.12036796e-05  5.13078037e-05
28.023 -3.28138662e-05  3.25128426e-05
28.447 -3.94289076e-05  4.55462667e-06
28.872 -2.89324449e-05 -2.10453152e-05
29.296 -6.26065644e-06 -3.38017607e-05
29.721  1.90385027e-05 -2.91634996e-05
30.146  3.65743889e-05 -9.85917975e-06
30.570  3.95811672e-05  1.55818451e-05
30.995  2.71726275e-05  3.69144646e-05
31.419  4.26834882e-06  4.61689830e-05
31.844 -2.04709864e-05  3.99490636e-05
32.268 -3.78765054e-05  2.10639122e-05
32.693 -4.18096089e-05 -3.03850001e-06
33.118 -3.15357787e-05 -2.32489716e-05
33.542 -1.16873766e-05 -3.25063982e-05
33.967  9.98862768e-06 -2.82513050e-05
34.391  2.52276202e-05 -1.27065649e-05
34.816  2.85633194e-05  7.94588833e-06
35.241  1.93932559e-05  2.57610850e-05
35.665  1.66525582e-06  3.40502613e-05
36.090 -1.74439050e-05  3.00864632e-05
36.514 -3.03727753e-05  1.59384979e-05
36.939 -3.24592774e-05 -2.51949837e-06
37.364 -2.34945626e-05 -1.81081409e-05
37.788 -7.36616914e-06 -2.51992188e-05
38.213  9.20661920e-06 -2.15208781e-05
38.637  1.96444506e-05 -9.08723178e-06
39.062  2.01804766e-05  6.62735463e-06
39.486  1.10320519e-05  1.92707083e-05
39.911 -3.76199201e-06  2.40166910e-05
40.336 -1.81501476e-05  1.92282045e-05
40.760 -2.66262971e-05  6.96726276e-06
41.185 -2.60929790e-05 -8.01465492e-06
41.609 -1.69924338e-05 -2.02854201e-05
42.034 -2.96414385e-06 -2.55434866e-05
42.459  1.07237418e-05 -2.21721707e-05
42.883  1.90695953e-05 -1.20164539e-05
43.308  1.93402644e-05  5.85675408e-07
43.732  1.21425941e-05  1.06538308e-05
44.157  7.98651122e-07  1.43735153e-05
44.581 -9.98934654e-06  1.05938698e-05
45.006 -1.57874213e-05  1.15616420e-06
45.431 -1.43364574e-05 -9.87863182e-06
45.855 -6.37572265e-06 -1.77898593e-05
46.280  4.84515302e-06 -1.92116271e-05
46.704  1.47934837e-05 -1.35139555e-05
47.129  1.94892390e-05 -2.82905884e-06
47.554  1.71461347e-05  8.78474194e-06
47.978  8.68576120e-06  1.69535646e-05
48.403 -2.67236788e-06  1.88402820e-05
48.827 -1.27073631e-05  1.40743665e-05
49.252 -1.79504497e-05  4.76759741e-06
49.676 -1.68878713e-05 -5.27176877e-06
50.101 -1.03987464e-05 -1.21859600e-05
50.526 -1.41475208e-06 -1.35480912e-05
50.950  6.37958985e-06 -9.10091873e-06
51.375  9.97262655e-06 -8.41755025e-07
51.799  7.99095879e-06  7.82941103e-06
52.224  1.27187300e-06  1.35105315e-05
52.649 -7.49637908e-06  1.40196816e-05
53.073 -1.49964586e-05  9.23880462e-06
53.498 -1.84817276e-05  1.12578113e-06
53.922 -1.67809386e-05 -7.24184907e-06
54.347 -1.07754113e-05 -1.28195791e-05
54.772 -2.88109098e-06 -1.36903880e-05
55.196  3.90175221e-06 -9.84718653e-06
55.621  7.06308993e-06 -3.07540425e-06
56.045  5.66015144e-06  3.82192295e-06
56.470  6.07323953e-07  8.07209370e-06
56.894 -5.84769791e-06  8.09839239e-06
57.319 -1.09577027e-05  4.07753765e-06
57.744 -1.25937070e-05 -2.31231130e-06
58.168 -1.01039597e-05 -8.51293509e-06
58.593 -4.42400026e-06 -1.20953973e-05
59.017  2.28214588e-06 -1.17860777e-05
59.442  7.47644152e-06 -7.83257381e-06
59.867  9.36037895e-06 -1.84393371e-06
60.291  7.47113051e-06  3.82739990e-06
60.716  2.77034760e-06  7.10675863e-06
61.140 -2.68661578e-06  6.93903635e-06
61.565 -6.65875971e-06  3.58434308e-06
61.989 -7.60959043e-06 -1.43963574e-06
62.414 -5.19192897e-06 -6.01983770e-06
62.839 -4.27936613e-07 -8.32838455e-06
63.263  4.72804073e-06 -7.43260533e-06
63.688  8.26079534e-06 -3.68897881e-06
64.112  8.80020206e-06  1.39131557e-06
64.537  6.14591205e-06  5.84480025e-06
64.962  1.38130597e-06  7.96074561e-06
65.386 -3.66088214e-06  6.91296896e-06
65.811 -7.09568733e-06  3.14827403e-06
66.235 -7.65296736e-06 -1.88583908e-06
66.660 -5.22535178e-06 -6.33931651e-06
67.084 -8.24186398e-07 -8.60463073e-06
67.509  3.89764527e-06 -7.99227850e-06
67.934  7.21533186e-06 -4.95029143e-06
68.358  8.03384117e-06 -7.71602675e-07
68.783  6.30448472e-06  2.86480864e-06
69.207  2.90715852e-06  4.57324203e-06
69.632 -6.83170525e-07  3.84338233e-06
70.057 -2.97268559e-06  1.11549025e-06
70.481 -3.09708767e-06 -2.41116499e-06
70.906 -1.06243266e-06 -5.22503754e-06
71.330  2.29826363e-06 -6.17663103e-06
71.755  5.60066259e-06 -4.87668454e-06
72.180  7.52774544e-06 -1.78828586e-06
72.604  7.33487551e-06  1.89678998e-06
73.029  5.05801220e-06  4.78404452e-06
73.453  1.54813135e-06  5.84542210e-06
73.878 -1.89077517e-06  4.72429104e-06
74.302 -4.06380281e-06  1.90191614e-06
74.727 -4.26204404e-06 -1.49626647e-06
75.152 -2.53948141e-06 -4.22421683e-06
75.576  2.94652840e-07 -5.33984866e-06
76.001  3.09492175e-06 -4.54684417e-06
76.425  4.80606962e-06 -2.34078041e-06
76.850  4.83437222e-06  2.86427980e-07
77.275  3.32834240e-06  2.25652396e-06
77.699  1.04398245e-06  2.77813461e-06
78.124 -1.00566942e-06  1.71433127e-06
78.548 -1.89652510e-06 -4.00511765e-07
78.973 -1.21143508e-06 -2.64303989e-06
79.397  7.88713294e-07 -4.01077983e-06
79.822  3.34326789e-06 -3.84481784e-06
80.247  5.44046537e-06 -2.12222324e-06
80.671  6.20757070e-06  6.12878907e-07
81.096  5.30206941e-06  3.43046192e-06
81.520  2.97469855e-06  5.33750756e-06
81.945 -2.78280034e-08  5.71376698e-06
82.370 -2.69924554e-06  4.48866927e-06
82.794 -4.21646310e-06  2.12547469e-06
83.219 -4.22083266e-06 -5.09325161e-07
83.643 -2.88219567e-06 -2.53221106e-06
84.068 -8.66666145e-07 -3.38348942e-06
84.492  9.69023751e-07 -2.95800571e-06
84.917  1.95485816e-06 -1.66594170e-06
85.342  1.79600189e-06 -2.43829234e-07
85.766  6.98870363e-07  6.09471227e-07
86.191 -7.09489933e-07  4.58236366e-07
86.615 -1.71332184e-06 -6.96186628e-07
87.040 -1.76306916e-06 -2.37950972e-06
87.465 -6.75342070e-07 -3.90126936e-06
87.889  1.23935306e-06 -4.61648892e-06
88.314  3.34765920e-06 -4.13865375e-06
88.738  4.94984536e-06 -2.54724133e-06
89.163  5.48959283e-06 -3.28340754e-07
89.588  4.80642815e-06  1.84704850e-06
90.012  3.18296796e-06  3.31585081e-06
90.437  1.17426894e-06  3.69525489e-06
90.861 -5.55484596e-07  3.03367561e-06
91.286 -1.48871794e-06  1.71149153e-06
91.710 -1.47906755e-06  3.14173419e-07
92.135 -7.26813018e-07 -5.86311823e-07
92.560  3.08375841e-07 -7.04114311e-07
92.984  1.06873463e-06 -9.20420271e-08
93.409  1.18121369e-06  9.08045613e-07
93.833  5.78076054e-07  1.76931170e-06
94.258 -5.15080878e-07  2.05018227e-06
94.683 -1.62439491e-06  1.57601433e-06
95.107 -2.25597316e-06  4.64354876e-07
95.532 -2.12032899e-06 -8.72381927e-07
95.956 -1.19733391e-06 -1.90031326e-06
96.381  2.16402884e-07 -2.21490288e-06
96.805  1.60646051e-06 -1.64652087e-06
97.230  2.48704439e-06 -3.41926659e-07
97.655  2.54071283e-06  1.25861169e-06
98.079  1.72627312e-06  2.64028780e-06
98.504  3.33737521e-07  3.37931356e-06
98.928 -1.17671731e-06  3.26454539e-06
99.353 -2.34697806e-06  2.41329155e-06
99.778 -2.84348557e-06  1.18047292e-06
100.202 -2.61534871e-06 -6.64968288e-09
100.627 -1.88358750e-06 -7.62081538e-07
101.051 -1.00039492e-06 -9.14744254e-07
101.476 -3.50273318e-07 -5.69017845e-07
101.900 -1.81108218e-07  3.22121232e-09
102.325 -4.82185643e-07  4.46215762e-07
102.750 -1.04872614e-06  4.66278330e-07
103.174 -1.55131361e-06 -4.75747946e-09
103.599 -1.65174590e-06 -8.26014669e-07
104.023 -1.19218063e-06 -1.70240742e-06
104.448 -2.32868341e-07 -2.26364637e-06
104.873  9.85454234e-07 -2.25557268e-06
105.297  2.08529006e-06 -1.62909126e-06
105.722  2.72848376e-06 -5.24821783e-07
106.146  2.75058065e-06  7.34108798e-07
106.571  2.17149127e-06  1.77996152e-06
106.996  1.21745321e-06  2.36226884e-06
107.420  2.31564672e-07  2.38523938e-06
107.845 -4.98743321e-07  1.95280438e-06
108.269 -8.04263128e-07  1.33642264e-06
108.694 -6.90406969e-07  8.14548271e-07
109.118 -3.55858809e-07  5.89694417e-07
109.543 -5.79555086e-08  7.28194988e-07
109.968 -1.27557089e-08  1.09813103e-06
110.392 -3.36630728e-07  1.46320846e-06
110.817 -9.55633974e-07  1.59258527e-06
111.241 -1.65250593e-06  1.31681850e-06
111.666 -2.17895590e-06  6.35443246e-07
112.091 -2.30959829e-06 -2.77459158e-07
112.515 -1.95255026e-06 -1.17550210e-06
112.940 -1.20486555e-06 -1.79245516e-06
113.364 -2.72654259e-07 -1.94507241e-06
113.789  5.78136122e-07 -1.63160421e-06
114.213  1.10514598e-06 -9.85714497e-07
114.638  1.21570667e-06 -2.32184075e-07
115.063  9.60188140e-07  3.71221102e-07
115.487  4.95066393e-07  6.70676025e-07
115.912  5.33291071e-08  6.50087904e-07
116.336 -1.84094347e-07  4.02684242e-07
116.761 -1.57431469e-07  1.25449590e-07
117.186  8.96180592e-08  1.17316168e-08
117.610  3.96931239e-07  1.53433206e-07
118.035  5.63217351e-07  5.44640104e-07
118.459  4.61248182e-07  1.05826095e-06
118.884  5.20343248e-08  1.48578211e-06
119.308 -5.86217148e-07  1.65877284e-06
119.733 -1.26002964e-06  1.48425837e-06
120.158 -1.77284002e-06  9.75211910e-07
120.582 -1.98049012e-06  2.82220598e-07
121.007 -1.82114531e-06 -3.96564823e-07
121.431 -1.37434515e-06 -8.87319078e-07
121.856 -8.05448570e-07 -1.06807109e-06
122.281 -2.85716120e-07 -9.43462816e-07
122.705  3.20625602e-08 -6.28340056e-07
123.130  9.21533752e-08 -2.67998229e-07
123.554 -4.12260952e-08 -1.62933781e-08
123.979 -2.54543262e-07  3.46831444e-08
124.404 -4.06854519e-07 -9.00126492e-08
124.828 -3.84784612e-07 -3.02592560e-07
125.253 -1.81796806e-07 -4.76907165e-07
125.677  1.33316825e-07 -4.84043532e-07
126.102  4.44979982e-07 -2.83808804e-07
126.526  6.08475741e-07  7.94005793e-08
126.951  5.43273073e-07  5.07653215e-07
127.376  2.58867028e-07  8.51265521e-07
127.800 -1.75099798e-07  9.92161829e-07
128.225 -6.19704689e-07  8.97439163e-07
128.649 -9.31624569e-07  5.96193528e-07
129.074 -1.03895204e-06  1.95699438e-07
129.499 -9.29924242e-07 -1.57449403e-07
129.923 -6.70998516e-07 -3.65203996e-07
130.348 -3.95866944e-07 -3.82540046e-07
130.772 -2.16378038e-07 -2.34074345e-07
131.197 -2.00259847e-07 -3.00094700e-08
131.621 -3.58566442e-07  1.12219491e-07
132.046 -6.08597672e-07  1.07403556e-07
132.471 -8.32183488e-07 -8.89586142e-08
132.895 -9.29300427e-07 -4.29511478e-07
133.320 -8.23713020e-07 -8.05790587e-07
133.744 -5.19230951e-07 -1.10994471e-06
134.169 -9.94137236e-08 -1.23991790e-06
134.594  3.34507394e-07 -1.15255967e-06
135.018  6.70469389e-07 -8.92727777e-07
135.443  8.27860406e-07 -5.39223038e-07
135.867  8.09926386e-07 -1.94202965e-07
136.292  6.64755689e-07  4.36502718e-08
136.716  4.69704062e-07  1.45888781e-07
137.141  3.21718975e-07  1.35148446e-07
137.566  2.67008562e-07  6.37784702e-08
137.990  2.98238222e-07  1.85574731e-08
138.415  3.80634156e-07  5.60476230e-08
138.839  4.37680985e-07  1.77815348e-07
139.264  4.02290872e-07  3.58339999e-07
139.689  2.60884308e-07  5.27544969e-07
140.113  2.86443853e-08  6.04190540e-07
140.538 -2.34823561e-07  5.54796900e-07
140.962 -4.38594161e-07  3.77931781e-07
141.387 -5.26746780e-07  1.14557242e-07
141.812 -4.76488509e-07 -1.45454854e-07
142.236 -3.02077880e-07 -3.28591564e-07
142.661 -7.84667307e-08 -3.92399022e-07
143.085  1.13609373e-07 -3.23458397e-07
143.510  2.18371527e-07 -1.72960237e-07
143.934  1.99058477e-07 -1.95331348e-08
144.359  7.92377263e-08  7.42856219e-08
144.784 -7.15574433e-08  5.50159441e-08
145.208 -1.88340833e-07 -8.16723724e-08
145.633 -2.05859932e-07 -2.81366383e-07
146.057 -9.17047116e-08 -4.81292476e-07
146.482  1.22285714e-07 -6.10430550e-07
146.907  3.82752856e-07 -6.11124150e-07
147.331  6.21700669e-07 -4.86478991e-07
147.756  7.64695434e-07 -2.71638212e-07
148.180  7.86352819e-07 -1.98921902e-08
148.605  6.99740238e-07  1.92273326e-07
149.029  5.36254201e-07  3.19470758e-07
149.454  3.60721499e-07  3.55964632e-07
149.879  2.26312301e-07  3.11410633e-07
150.303  1.48483087e-07  2.31195885e-07
150.728  1.30427325e-07  1.66562950e-07
151.152  1.43639658e-07  1.35062258e-07
151.577  1.40351880e-07  1.43165687e-07
152.002  1.01502912e-07  1.72805524e-07
152.426  2.15693025e-08  1.76879442e-07
152.851 -8.71092349e-08  1.29506858e-07
153.275 -1.76063487e-07  2.25063260e-08
153.700 -2.06940646e-07 -1.39588872e-07
154.124 -1.62203597e-07 -3.11731888e-07
154.549 -3.29589339e-08 -4.44241518e-07
154.974  1.48853458e-07 -5.07514458e-07
155.398  3.30904721e-07 -4.76314451e-07
155.823  4.76060231e-07 -3.61120187e-07
156.247  5.47041250e-07 -2.05983289e-07
156.672  5.31792871e-07 -4.74077251e-08
157.097  4.59239079e-07  7.44405763e-08
157.521  3.58866010e-07  1.31268534e-07
157.946  2.64820292e-07  1.36899088e-07
158.370  2.12209772e-07  1.13472779e-07
158.795  1.98158113e-07  8.63179997e-08
159.220  2.04239268e-07  9.13181212e-08
159.644  2.11343676e-07  1.33785742e-07
160.069  1.84176278e-07  1.96356863e-07
160.493  1.08191780e-07  2.62267945e-07
160.918 -2.61980224e-09  2.96309090e-07
161.342 -1.34093158e-07  2.72569605e-07
161.767 -2.54050141e-07  1.96853800e-07
162.192 -3.27410530e-07  7.77948024e-08
162.616 -3.49756770e-07 -6.09119890e-08
163.041 -3.22747750e-07 -1.82015433e-07
163.465 -2.57591693e-07 -2.74372396e-07
163.890 -1.85687682e-07 -3.36889835e-07
164.315 -1.18607305e-07 -3.71582577e-07
164.739 -5.24819785e-08 -4.02316880e-07
165.164  1.52401084e-08 -4.39328593e-07
165.588  1.07286085e-07 -4.69896942e-07
166.013  2.39132070e-07 -4.81713742e-07
166.437  3.95274029e-07 -4.43876658e-07
166.862  5.53449673e-07 -3.24242608e-07
167.287  6.71414112e-07 -1.26375812e-07
167.711  6.93025545e-07  1.28511441e-07
168.136  5.94728282e-07  3.94871171e-07
168.560  3.80145503e-07  5.96997544e-07
168.985  8.19567212e-08  6.78697731e-07
169.410 -2.20234435e-07  6.14324088e-07
169.834 -4.44553484e-07  4.08737188e-07
170.259 -5.34377889e-07  1.26202426e-07
170.683 -4.59541121e-07 -1.40800506e-07
171.108 -2.53964903e-07 -3.11665238e-07
171.532 -4.89908567e-09 -3.22448489e-07
171.957  1.92725623e-07 -1.68632884e-07
172.382  2.45895754e-07  8.10753312e-08
172.806  1.07208625e-07  3.26929525e-07
173.231 -1.86049690e-07  4.51971768e-07
173.655 -5.40940059e-07  3.62102351e-07
174.080 -8.24245381e-07  4.74317159e-08
174.505 -8.94219406e-07 -4.24748613e-07
174.929 -6.77441182e-07 -9.21855134e-07
175.354 -1.89856765e-07 -1.26429663e-06
175.778  4.65180942e-07 -1.30727474e-06
176.203  1.09652299e-06 -9.91069385e-07
176.628  1.49848392e-06 -3.55101735e-07
177.052  1.52515219e-06  4.38635779e-07
177.477  1.12382697e-06  1.15566400e-06
177.901  3.83334025e-07  1.57567517e-06
178.326 -4.79942331e-07  1.54415685e-06
178.750 -1.20460396e-06  1.04352502e-06
179.175 -1.54760755e-06  2.23586300e-07
179.600 -1.37150651e-06 -6.58735999e-07
180.024 -7.20768094e-07 -1.30363378e-06
180.449  1.99852060e-07 -1.46095681e-06
180.873  1.07663911e-06 -1.04607565e-06
181.298  1.57089938e-06 -1.68317681e-07
181.723  1.46055348e-06  8.93015919e-07
182.147  7.22578297e-07  1.74877145e-06
182.572 -4.50818090e-07  2.04724362e-06
182.996 -1.67326795e-06  1.60535353e-06
183.421 -2.49273765e-06  4.73363297e-07
183.845 -2.55591529e-06 -1.03430162e-06
184.270 -1.72236940e-06 -2.42254318e-06
184.695 -1.54956922e-07 -3.18784560e-06
185.119  1.69459332e-06 -2.97255719e-06
185.544  3.23307569e-06 -1.71397961e-06
185.968  3.89944261e-06  2.84124467e-07
186.393  3.36028576e-06  2.43902790e-06
186.818  1.67177441e-06  4.05126474e-06
187.242 -7.17547504e-07  4.52183528e-06
187.667 -3.08137860e-06  3.59281489e-06
188.091 -4.61956616e-06  1.45864445e-06
188.516 -4.74841761e-06 -1.26621398e-06
188.940 -3.32050401e-06 -3.69744246e-06
189.365 -6.99935869e-07 -4.97724690e-06
189.790  2.29526350e-06 -4.58153607e-06
190.214  4.64323784e-06 -2.51201909e-06
190.639  5.47147721e-06  6.39369623e-07
191.063  4.35428895e-06  3.84127072e-06
191.488  1.51251209e-06  5.96511326e-06
191.913 -2.19361152e-06  6.15454751e-06
192.337 -5.53099965e-06  4.15230864e-06
192.762 -7.28197395e-06  4.63698220e-07
193.186 -6.66621116e-06 -3.77209874e-06
193.611 -3.67676025e-06 -7.12219249e-06
194.036  8.62515268e-07 -8.32210635e-06
194.460  5.51809765e-06 -6.75659469e-06
194.885  8.67658795e-06 -2.72639287e-06
195.309  9.11248754e-06  2.59126847e-06
195.734  6.45374509e-06  7.45970794e-06
196.158  1.36501369e-06  1.01546702e-05
196.583 -4.58161811e-06  9.58073829e-06
197.008 -9.38535215e-06  5.68531178e-06
197.432 -1.13013811e-05 -4.27829083e-07
197.857 -9.45349852e-06 -6.78762345e-06
198.281 -4.21233489e-06 -1.12012803e-05
198.706  2.82558907e-06 -1.19930059e-05
199.131  9.32762804e-06 -8.62650960e-06
199.555  1.29840091e-05 -1.99654116e-06
199.980  1.23093918e-05  5.79854240e-06
200.404  7.24483484e-06  1.21108623e-05
200.829 -7.30580742e-07  1.46185584e-05
201.253 -9.02351566e-06  1.21840254e-05
201.678 -1.47434221e-05  5.33457139e-06
202.103 -1.57132474e-05 -3.82686411e-06
202.527 -1.12914733e-05 -1.22390567e-05
202.952 -2.67978388e-06 -1.69032625e-05
203.376  7.36710444e-06 -1.59589110e-05
203.801  1.54101049e-05 -9.39318388e-06
204.226  1.85147620e-05  8.31133612e-07
204.650  1.53022996e-05  1.13345341e-05
205.075  6.53022927e-06  1.84471897e-05
205.499 -5.02983604e-06  1.94778082e-05
205.924 -1.54693821e-05  1.37132449e-05
206.348 -2.10558195e-05  2.80514328e-06
206.773 -1.95464293e-05 -9.68996778e-06
207.198 -1.10835433e-05 -1.94661657e-05
207.622  1.72766917e-06 -2.29297263e-05
208.047  1.46182386e-05 -1.85224225e-05
208.471  2.30558957e-05 -7.38532014e-06
208.896  2.38403538e-05  6.91924379e-06
209.321  1.63142300e-05  1.95251875e-05
209.745  2.70596485e-06  2.59152148e-05
210.170 -1.25037491e-05  2.35503387e-05
210.594 -2.40466838e-05  1.28465235e-05
211.019 -2.77089425e-05 -2.82894579e-06
211.444 -2.18565199e-05 -1.81949130e-05
211.868 -8.12422289e-06 -2.78522735e-05
212.293  8.99893589e-06 -2.81807030e-05
212.717  2.36457590e-05 -1.86820363e-05
213.142  3.05882593e-05 -2.30582806e-06
213.566  2.70942765e-05  1.54589313e-05
213.991  1.40078902e-05  2.84321812e-05
214.416 -4.40996206e-06  3.18823084e-05
214.840 -2.18740962e-05  2.42637318e-05
215.265 -3.22071330e-05  7.88833989e-06
215.689 -3.15315654e-05 -1.17719735e-05
216.114 -1.97357807e-05 -2.78997796e-05
216.539 -6.24303121e-07 -3.46950235e-05
216.963  1.92948209e-05 -2.94795600e-05
217.388  3.30168880e-05 -1.37325462e-05
217.812  3.55242216e-05  7.30598474e-06
218.237  2.56168515e-05  2.63620047e-05
218.661  6.44089706e-06  3.66606252e-05
219.086 -1.54853192e-05  3.43413287e-05
219.511 -3.24989298e-05  1.98923606e-05
219.935 -3.84856114e-05 -1.89076530e-06
220.360 -3.10700961e-05 -2.34982614e-05
220.784 -1.25621790e-05 -3.73148324e-05
221.209  1.07475211e-05 -3.83010709e-05
221.634  3.07449101e-05 -2.58443025e-05
222.058  4.03177783e-05 -4.08192799e-06
222.483  3.58975441e-05  1.94858328e-05
222.907  1.88092914e-05  3.65838067e-05
223.332 -5.12317275e-06  4.10755292e-05
223.756 -2.75656102e-05  3.11949387e-05
224.181 -4.05775434e-05  1.02344003e-05
224.606 -3.94532665e-05 -1.45538694e-05
225.030 -2.44354237e-05 -3.44615943e-05
225.455 -6.81196475e-07 -4.24111000e-05
225.879  2.34958998e-05 -3.54940044e-05
226.304  3.95532782e-05 -1.60351298e-05
226.729  4.17656352e-05  9.16995409e-06
227.153  2.92708196e-05  3.12327586e-05
227.578  6.42233132e-06  4.23346422e-05
228.002 -1.87185062e-05  3.85048974e-05
228.427 -3.72505295e-05  2.10592650e-05
228.852 -4.25931471e-05 -3.83121512e-06
229.276 -3.28375604e-05 -2.73388002e-05
229.701 -1.14570094e-05 -4.11195093e-05
230.125  1.39353652e-05 -4.02833618e-05
230.550  3.43069790e-05 -2.51608318e-05
230.974  4.24212924e-05 -1.17853474e-06
231.399  3.54382407e-05  2.30969739e-05
231.824  1.59231192e-05  3.90167519e-05
232.248 -9.10200300e-06  4.09559954e-05
232.673 -3.06789616e-05  2.83255168e-05
233.097 -4.11376692e-05  5.74271035e-06
233.522 -3.68534438e-05 -1.86467922e-05
233.947 -1.95059509e-05 -3.61140985e-05
234.371  4.56289148e-06 -4.05037285e-05
234.796  2.66612953e-05 -3.04129330e-05
235.220  3.89147747e-05 -9.64617254e-06
235.645  3.70877213e-05  1.41990466e-05
236.069  2.20577644e-05  3.25301533e-05
236.494 -5.53255723e-07  3.88740196e-05
236.919 -2.24857922e-05  3.11723760e-05
237.343 -3.58766578e-05  1.24723543e-05
237.768 -3.60848888e-05 -1.02620609e-05
238.192 -2.33282416e-05 -2.87542394e-05
238.617 -2.51955800e-06 -3.64295764e-05
239.042  1.86243078e-05 -3.07772640e-05
239.466  3.24381556e-05 -1.41923878e-05
239.891  3.41012147e-05  7.01575895e-06
240.315  2.33497922e-05  2.50088483e-05
240.740  4.45795697e-06  3.33158137e-05
241.164 -1.54365336e-05  2.91890109e-05
241.589 -2.90125081e-05  1.45162893e-05
242.014 -3.14796989e-05 -4.99500271e-06
242.438 -2.22806464e-05 -2.20070454e-05
242.863 -5.17689869e-06 -3.03178571e-05
243.287  1.32452228e-05 -2.71350888e-05
243.712  2.61021292e-05 -1.40095318e-05
244.137  2.87949355e-05  3.84846170e-06
244.561  2.06511945e-05  1.96126912e-05
244.986  5.07598775e-06  2.74542300e-05
245.410 -1.18305685e-05  2.46905676e-05
245.835 -2.36574226e-05  1.27100311e-05
246.260 -2.61029710e-05 -3.65132350e-06
246.684 -1.85408875e-05 -1.80461810e-05
247.109 -4.17349017e-06 -2.50627984e-05
247.533  1.12973698e-05 -2.22498235e-05
247.958  2.19142472e-05 -1.09888718e-05
248.382  2.37372718e-05  4.13558492e-06
248.807  1.63173706e-05  1.71827464e-05
249.232  2.78718011e-06  2.31599028e-05
249.656 -1.14419141e-05  1.99333655e-05
250.081 -2.08110432e-05  8.99775676e-06
250.505 -2.17735494e-05 -5.19315766e-06
250.930 -1.41450742e-05 -1.70081709e-05
251.355 -1.10041013e-06 -2.18499582e-05
251.779  1.21211508e-05 -1.79461851e-05
252.204  2.02892796e-05 -6.98903900e-06
252.628  2.02468723e-05  6.58049541e-06
253.053  1.21191788e-05  1.73394636e-05
253.477 -7.79718648e-07  2.10385591e-05
253.902 -1.32691173e-05  1.62661431e-05
254.327 -2.03663058e-05  4.97154904e-06
254.751 -1.92586876e-05 -8.31263492e-06
255.176 -1.03920674e-05 -1.82734171e-05
255.600  2.70578974e-06 -2.09292282e-05
256.025  1.48180463e-05 -1.51888702e-05
256.450  2.11115433e-05 -3.28695363e-06
256.874  1.90353529e-05  1.00832035e-05
257.299  9.33127831e-06  1.96261976e-05
257.723 -4.23269189e-06  2.15227194e-05
258.148 -1.63404872e-05  1.49318351e-05
258.572 -2.22072307e-05  2.35164465e-06
258.997 -1.94474431e-05 -1.13460092e-05
259.422 -9.03688758e-06 -2.08118995e-05
259.846  5.04661614e-06 -2.22926618e-05
260.271  1.73625546e-05 -1.51142873e-05
260.695  2.31017305e-05 -1.97044527e-06
261.120  1.99622668e-05  1.21122803e-05
261.545  9.06786463e-06  2.16968302e-05
261.969 -5.45710616e-06  2.30346897e-05
262.394 -1.80560197e-05  1.55358407e-05
262.818 -2.38665185e-05  2.00358929e-06
263.243 -2.06079298e-05 -1.24259059e-05
263.668 -9.46222687e-06 -2.22344988e-05
264.092  5.37028195e-06 -2.36479737e-05
264.517  1.82558797e-05 -1.60844387e-05
264.941  2.42851927e-05 -2.37539534e-06
265.366  2.11509379e-05  1.22962538e-05
265.790  1.00171514e-05  2.23725652e-05
266.215 -4.91383362e-06  2.40431129e-05
266.640 -1.79994431e-05  1.66785230e-05
267.064 -2.43121566e-05  3.06893442e-06
267.489 -2.14944242e-05 -1.16369243e-05
267.913 -1.06419921e-05 -2.19029535e-05
268.338  4.11696810e-06 -2.38946693e-05
268.763  1.72113345e-05 -1.69139661e-05
269.187  2.37385379e-05 -3.65379860e-06
269.612  2.13005985e-05  1.08529262e-05
270.036  1.08987545e-05  2.11547235e-05
270.461 -3.48085595e-06  2.34285839e-05
270.885 -1.64079927e-05  1.69124116e-05
271.310 -2.30571463e-05  4.15739808e-06
271.735 -2.10212980e-05 -9.98457012e-06
272.159 -1.11900827e-05 -2.02063607e-05
272.584  2.64529030e-06 -2.27480820e-05
273.008  1.52552603e-05 -1.67952516e-05
273.433  2.19564723e-05 -4.72362631e-06
273.858  2.03726633e-05  8.84808007e-06
274.282  1.12742127e-05  1.88272621e-05
274.707 -1.77775498e-06  2.15813199e-05
275.131 -1.38178658e-05  1.62664181e-05
275.556 -2.03835982e-05  5.07423786e-06
275.980 -1.91815449e-05 -7.65228571e-06
276.405 -1.08857801e-05 -1.71119345e-05
276.830  1.18236918e-06 -1.98700251e-05
277.254  1.23781228e-05 -1.51041483e-05
277.679  1.85314514e-05 -4.84897411e-06
278.103  1.74973943e-05  6.85027454e-06
278.528  9.91047633e-06  1.55382396e-05
278.953 -1.13134415e-06  1.80408172e-05
279.377 -1.13290082e-05  1.36277641e-05
279.802 -1.68490714e-05  4.22445603e-06
280.226 -1.57615446e-05 -6.41474803e-06
280.651 -8.72627316e-06 -1.41973285e-05
281.076  1.34901750e-06 -1.62574180e-05
281.500  1.05003060e-05 -1.20232856e-05
281.925  1.52513449e-05 -3.36026770e-06
282.349  1.39415698e-05  6.23497826e-06
282.774  7.31019450e-06  1.30243513e-05
283.198 -1.87797120e-06  1.44830064e-05
283.623 -9.95941081e-06  1.02455250e-05
284.048 -1.38202663e-05  2.16846184e-06
284.472 -1.21008595e-05 -6.45595650e-06
284.897 -5.66345927e-06 -1.22206305e-05
285.321  2.80978681e-06 -1.29494630e-05
285.746  9.90927405e-06 -8.50851096e-06
286.171  1.28656594e-05 -7.98253160e-07
286.595  1.06199215e-05  7.03555822e-06
287.020  4.18926967e-06  1.18787700e-05
287.444 -3.77250990e-06  1.18787981e-05
287.869 -1.00627762e-05  7.13694319e-06
288.293 -1.22143694e-05 -3.64742236e-07
288.718 -9.44572810e-06 -7.58385380e-06
289.143 -2.94329637e-06 -1.16518070e-05
289.567  4.63751840e-06 -1.09975091e-05
289.992  1.02598046e-05 -5.94887211e-06
290.416  1.17085898e-05  1.41732116e-06
290.841  8.45323398e-06  8.13381879e-06
291.266  1.84655290e-06  1.15291435e-05
291.690 -5.44164359e-06  1.02754259e-05
292.115 -1.04998518e-05  4.91079933e-06
292.539 -1.13208235e-05 -2.39577173e-06
292.964 -7.59726849e-06 -8.72459476e-06
293.388 -8.31118892e-07 -1.15560010e-05
293.813  6.28250330e-06 -9.76914238e-06
294.238  1.09178412e-05 -4.08153601e-06
294.662  1.12349102e-05  3.25464602e-06
295.087  7.10849911e-06  9.34080718e-06
295.511  1.60165850e-07  1.17713080e-05
295.936 -6.88297826e-06  9.58698842e-06
296.361 -1.12539272e-05  3.63858115e-06
296.785 -1.12393698e-05 -3.75441995e-06
297.210 -6.84173521e-06 -9.70469776e-06
297.634  2.33619553e-07 -1.18933813e-05
298.059  7.23722603e-06 -9.47105422e-06
298.484  1.14524093e-05 -3.37311966e-06
298.908  1.12530206e-05  4.04039467e-06
299.333  6.71725441e-06  9.90499921e-06
299.757 -4.04192854e-07  1.19683189e-05
300.182 -7.36831629e-06  9.44468421e-06
300.606 -1.15107663e-05  3.31098869e-06
301.031 -1.12602100e-05 -4.07303810e-06
301.456 -6.73013724e-06 -9.88951582e-06
301.880  3.29226391e-07 -1.19396507e-05
302.305  7.22297624e-06 -9.47119887e-06
302.729  1.13484717e-05 -3.46021641e-06
303.154  1.11754392e-05  3.78572241e-06
303.579  6.82274329e-06  9.52550138e-06
304.003 -1.11259817e-08  1.16200431e-05
304.428 -6.72350253e-06  9.34007661e-06
304.852 -1.07977003e-05  3.62179627e-06
305.277 -1.07558426e-05 -3.32662808e-06
305.701 -6.70415432e-06 -8.87604402e-06
306.126 -2.50595148e-07 -1.09762408e-05
306.551  6.13033227e-06 -8.92660529e-06
306.975  1.00456989e-05 -3.60134367e-06
307.400  1.00952324e-05  2.91802606e-06
307.824  6.36943172e-06  8.14993368e-06
308.249  3.72428701e-07  1.01688750e-05
308.674 -5.57429230e-06  8.31568863e-06
309.098 -9.23811604e-06  3.40342038e-06
309.523 -9.31881923e-06 -2.62308766e-06
309.947 -5.90261330e-06 -7.45922023e-06
310.372 -3.94278226e-07 -9.32967805e-06
310.796  5.05521586e-06 -7.63385502e-06
311.221  8.39664559e-06 -3.13939904e-06
311.646  8.44778046e-06  2.34938007e-06
312.070  5.31289796e-06  6.72140160e-06
312.495  3.06553058e-07  8.36615397e-06
312.919 -4.59823340e-06  6.76507444e-06
313.344 -7.54350733e-06  2.65955347e-06
313.769 -7.48402470e-06 -2.28420212e-06
314.193 -4.56620720e-06 -6.14800959e-06
314.618 -2.49636612e-08 -7.49598130e-06
315.042  4.33604740e-06 -5.91447498e-06
315.467  6.84860737e-06 -2.13355764e-06
315.892  6.62078821e-06  2.30511140e-06
316.316  3.85602671e-06  5.66438243e-06
316.741 -2.76079564e-07  6.68986956e-06
317.165 -4.12266220e-06  5.08435532e-06
317.590 -6.20253278e-06  1.57815228e-06
318.014 -5.78379268e-06 -2.39076263e-06
318.439 -3.13396147e-06 -5.25557296e-06
318.864  6.23078542e-07 -5.94514378e-06
319.288  3.96847815e-06 -4.28103433e-06
319.713  5.60473851e-06 -1.00981100e-06
320.137  4.95770813e-06  2.51314523e-06
320.562  2.36956724e-06  4.88231801e-06
320.987 -1.05835997e-06  5.20238105e-06
321.411 -3.92620018e-06  3.41661649e-06
321.836 -5.10676154e-06  3.09419093e-07
322.260 -4.17660204e-06 -2.82674524e-06
322.685 -1.56753673e-06 -4.72867904e-06
323.109  1.62112949e-06 -4.65872594e-06
323.534  4.08653966e-06 -2.68536147e-06
323.959  4.84420775e-06  3.53159383e-07
324.383  3.61071603e-06  3.20707340e-06
324.808  9.14105675e-07  4.72320369e-06
325.232 -2.13512511e-06  4.29771080e-06
325.657 -4.30081840e-06  2.11883357e-06
326.082 -4.70860189e-06 -9.18926462e-07
326.506 -3.19811792e-06 -3.58670517e-06
326.931 -3.83905148e-07 -4.80643778e-06
327.355  2.60379002e-06 -4.08264131e-06
327.780  4.56509047e-06 -1.70270291e-06
328.204  4.70644697e-06  1.38957460e-06
328.629  2.96230267e-06  3.96641374e-06
329.054  1.16343944e-08  4.99738117e-06
329.478 -2.99097713e-06  4.06437647e-06
329.903 -4.86227967e-06  1.52001261e-06
330.327 -4.86219028e-06 -1.65527620e-06
330.752 -2.98048867e-06 -4.22813706e-06
331.177  6.74830076e-08 -5.19874081e-06
331.601  3.11155593e-06 -4.19008251e-06
332.026  4.98340922e-06 -1.58276387e-06
332.450  4.97225507e-06  1.62834376e-06
332.875  3.08611458e-06  4.21892081e-06
333.300  4.73672205e-08  5.21374459e-06
333.724 -2.98501511e-06  4.24929036e-06
334.149 -4.87055474e-06  1.70620910e-06
334.573 -4.91564369e-06 -1.43714026e-06
334.998 -3.12742388e-06 -3.99240780e-06
335.422 -2.09054775e-07 -5.01318027e-06
335.847  2.72422611e-06 -4.14278494e-06
336.272  4.57640505e-06 -1.74682611e-06
336.696  4.67614706e-06  1.24224625e-06
337.121  3.02807557e-06  3.69469057e-06
337.545  2.96296741e-07  4.70574472e-06
337.970 -2.46988864e-06  3.93568832e-06
338.395 -4.23433013e-06  1.72779891e-06
338.819 -4.36542728e-06 -1.04819771e-06
339.244 -2.87026827e-06 -3.33428997e-06
339.668 -3.65334033e-07 -4.28661023e-06
340.093  2.17325307e-06 -3.59666041e-06
340.517  3.78460404e-06 -1.58560254e-06
340.942  3.89540213e-06  9.39166796e-07
341.367  2.52225453e-06  2.99838102e-06
341.791  2.41312871e-07  3.82589502e-06
342.216 -2.04103272e-06  3.15422323e-06
342.640 -3.44901538e-06  1.29314704e-06
343.065 -3.47518945e-06 -9.99861807e-07
343.490 -2.15459383e-06 -2.82471063e-06
343.914 -3.94490935e-08 -3.49475825e-06
344.339  2.02603810e-06 -2.78574790e-06
344.763  3.24679326e-06 -1.00989950e-06
345.188  3.17472602e-06  1.11435471e-06
345.612  1.86924848e-06  2.75849279e-06
346.037 -1.32560358e-07  3.30212432e-06
346.462 -2.04268216e-06  2.56058190e-06
346.886 -3.13185813e-06  8.51682686e-07
347.311 -3.00045895e-06 -1.14468566e-06
347.735 -1.72957979e-06 -2.66082781e-06
348.160  1.64865518e-07 -3.12927144e-06
348.585  1.94825492e-06 -2.39901088e-06
349.009  2.94626145e-06 -7.83060647e-07
349.434  2.80220699e-06  1.08294550e-06
349.858  1.60811701e-06  2.48675464e-06
350.283 -1.53049853e-07  2.91157620e-06
350.708 -1.80076108e-06  2.23303000e-06
351.132 -2.71773436e-06  7.45542517e-07
351.557 -2.58964743e-06 -9.64800626e-07
351.981 -1.50802314e-06 -2.24690771e-06
352.406  8.42820255e-08 -2.64128115e-06
352.830  1.56798253e-06 -2.04464983e-06
353.255  2.39533329e-06 -7.27136995e-07
353.680  2.29673421e-06  7.80174591e-07
354.104  1.36193022e-06  1.90235615e-06
354.529 -6.61537889e-09  2.24703106e-06
354.953 -1.26337156e-06  1.73680287e-06
355.378 -1.94414592e-06  6.24952683e-07
355.803 -1.83388739e-06 -6.17067570e-07
356.227 -1.03592297e-06 -1.50311874e-06
356.652  8.07368061e-08 -1.71891004e-06
357.076  1.04956684e-06 -1.23281974e-06
357.501  1.49630757e-06 -2.99724916e-07
357.925  1.27846686e-06  6.62652980e-07
358.350  5.38271802e-07  1.25367613e-06
358.775 -3.72117188e-07  1.24590743e-06
359.199 -1.05034799e-06  6.77746321e-07
359.624 -1.20633208e-06 -1.71939086e-07
360.048 -7.84833926e-07 -9.15416931e-07
360.473  1.24714486e-08 -1.21640551e-06
360.898  8.24128388e-07 -9.33579690e-07
361.322  1.27965221e-06 -1.86521124e-07
361.747  1.15570482e-06  7.01516383e-07
362.171  4.81276946e-07  1.33738894e-06
362.596 -4.74952575e-07  1.41882272e-06
363.020 -1.31322773e-06  8.72794349e-07
363.445 -1.65921150e-06 -1.09065702e-07
363.870 -1.32745327e-06 -1.14481556e-06
364.294 -4.05839674e-07 -1.80412362e-06
364.719  7.75340464e-07 -1.78588462e-06
365.143  1.75897598e-06 -1.04873091e-06
365.568  2.13883079e-06  1.69062148e-07
365.993  1.72778249e-06  1.42656675e-06
366.417  6.32040053e-07  2.24135141e-06
366.842 -7.76435485e-07  2.28118932e-06
367.266 -1.98696842e-06  1.48996593e-06
367.691 -2.54583479e-06  1.16455806e-07
368.116 -2.22384762e-06 -1.36266897e-06
368.540 -1.10220096e-06 -2.41980230e-06
368.965  4.43182706e-07 -2.66839521e-06
369.389  1.87742781e-06 -1.99881957e-06
369.814  2.70039688e-06 -6.27962224e-07
370.238  2.61768294e-06  9.76989980e-07
370.663  1.65027841e-06  2.26914322e-06
371.088  1.28501370e-07  2.80691739e-06
371.512 -1.43285027e-06  2.40949676e-06
371.937 -2.50942181e-06  1.22118636e-06
372.361 -2.74696426e-06 -3.51409804e-07
372.786 -2.08549934e-06 -1.78119655e-06
373.211 -7.65210086e-07 -2.59910761e-06
373.635  7.64531707e-07 -2.55810417e-06
374.060  1.99787595e-06 -1.70346428e-06
374.484  2.55051121e-06 -3.41783716e-07
374.909  2.27982497e-06  1.06644133e-06
375.333  1.31283740e-06  2.07197037e-06
375.758 -5.14268828e-09  2.38498503e-06
376.183 -1.23989426e-06  1.95123293e-06
376.607 -2.01962015e-06  9.57099446e-07
377.032 -2.14140429e-06 -2.49206603e-07
377.456 -1.62306977e-06 -1.28924637e-06
377.881 -6.79168575e-07 -1.87001367e-06
378.306  3.74218924e-07 -1.86555031e-06
378.730  1.22454644e-06 -1.34133496e-06
379.155  1.65383651e-06 -5.03045042e-07
379.579  1.59660361e-06  3.83423442e-07
380.004  1.13037097e-06  1.07342406e-06
380.428  4.27320677e-07  1.41563506e-06
380.853 -3.04114298e-07  1.37386684e-06
381.278 -8.86331229e-07  1.00833150e-06
381.702 -1.21024149e-06  4.45630120e-07
382.127 -1.23703408e-06 -1.68865182e-07
382.551 -9.93136203e-07 -7.08454252e-07
382.976 -5.48745567e-07 -1.07422097e-06
383.401  6.69473061e-09 -1.20434360e-06
383.825  5.67727956e-07 -1.07659309e-06
384.250  1.02199571e-06 -7.02903435e-07
384.674  1.26675937e-06 -1.41541988e-07
385.099  1.22095415e-06  4.97499891e-07
385.524  8.55851415e-07  1.06832676e-06
385.948  2.24969070e-07  1.40999363e-06
386.373 -5.35623809e-07  1.39129429e-06
386.797 -1.22369001e-06  9.67963794e-07
387.222 -1.61880414e-06  2.11022870e-07
387.646 -1.56118092e-06 -6.90878759e-07
388.071 -1.01311549e-06 -1.46768343e-06
388.496 -9.14368468e-08 -1.85509964e-06
388.920  9.41582356e-07 -1.68558470e-06
389.345  1.75548322e-06 -9.56213790e-07
389.769  2.06019146e-06  1.41280871e-07
390.194  1.70667894e-06  1.26843364e-06
390.619  7.61617292e-07  2.04793217e-06
391.043 -4.94814442e-07  2.18639742e-06
391.468 -1.65500592e-06  1.59081088e-06
391.892 -2.31167426e-06  4.21796743e-07
392.317 -2.20475944e-06 -9.50756021e-07
392.741 -1.33089790e-06 -2.05973214e-06
393.166  4.44997261e-08 -2.49989376e-06
393.591  1.46291486e-06 -2.08453945e-06
394.015  2.42161479e-06 -9.20698732e-07
394.440  2.55980032e-06  6.13162934e-07
394.864  1.79391865e-06  1.98276083e-06
395.289  3.59102134e-07  2.68972224e-06
395.714 -1.25303742e-06  2.45437573e-06
396.138 -2.46504372e-06  1.32272331e-06
396.563 -2.82308248e-06 -3.28242532e-07
396.987 -2.16201779e-06 -1.91441447e-06
397.412 -6.84147946e-07 -2.85439528e-06
397.836  1.09685524e-06 -2.77660268e-06
398.261  2.53764906e-06 -1.66801084e-06
398.686  3.09129263e-06  1.00597251e-07
399.110  2.51330221e-06  1.90119529e-06
399.535  9.72132119e-07  3.06599694e-06
