0.414  3.52875834e-03 -5.58900414e-04
0.829  2.01524957e-03  5.08180064e-04
1.243  1.08056185e-03  1.00901245e-03
1.658  2.96124976e-04  1.09382227e-03
2.072 -2.57872312e-04  8.86122930e-04
2.487 -5.78225101e-04  4.80855310e-04
2.901 -6.53075157e-04  7.03579759e-05
3.316 -4.83095522e-04 -2.67131797e-04
3.730 -2.08590272e-04 -4.41304579e-04
4.145  7.05263053e-05 -4.56738739e-04
4.559  2.85431468e-04 -3.04172880e-04
4.974  3.66510314e-04 -7.00138776e-05
5.388  3.11967641e-04  1.53198224e-04
5.803  1.50374919e-04  2.78102421e-04
6.217 -4.76646373e-05  2.93337503e-04
6.632 -1.92300374e-04  2.08388314e-04
7.046 -2.57730491e-04  5.48073475e-05
7.461 -2.12783905e-04 -1.07489604e-04
7.875 -1.02880986e-04 -2.13312569e-04
8.290  3.72506705e-05 -2.25127606e-04
8.704  1.43327803e-04 -1.61261401e-04
9.118  1.89315199e-04 -4.42146584e-05
9.533  1.62350673e-04  7.56666305e-05
9.947  7.82314462e-05  1.53040867e-04
10.362 -2.38145038e-05  1.66673886e-04
10.776 -1.06091109e-04  1.18751751e-04
11.191 -1.44522129e-04  3.19315822e-05
11.605 -1.31062490e-04 -5.75867506e-05
12.020 -7.20732084e-05 -1.20765580e-04
12.434  1.19765055e-05 -1.31400631e-04
12.849  8.52339605e-05 -8.86446222e-05
13.263  1.17152802e-04 -1.67271374e-05
13.678  1.02690550e-04  5.56886418e-05
14.092  4.78967932e-05  1.03636627e-04
14.507 -2.20912887e-05  1.11546638e-04
14.921 -7.75788458e-05  7.60403774e-05
15.336 -9.79608212e-05  1.48306432e-05
15.750 -8.10972440e-05 -4.55442729e-05
16.165 -3.55279033e-05 -8.35148670e-05
16.579  2.32337746e-05 -8.83504916e-05
16.994  7.28608596e-05 -5.79212014e-05
17.408  9.33223772e-05 -5.52176386e-06
17.822  7.85566066e-05  4.71517167e-05
18.237  3.63795400e-05  7.95805562e-05
18.651 -1.54181980e-05  8.07559819e-05
19.066 -5.89971813e-05  5.21593350e-05
19.480 -7.92384844e-05  6.47659604e-06
19.895 -6.82483709e-05 -3.85035602e-05
20.309 -3.29643782e-05 -6.61830692e-05
20.724  1.18146400e-05 -6.64563752e-05
21.138  4.79996283e-05 -4.01216191e-05
21.553  6.17040046e-05  2.65509095e-06
21.967  4.91147019e-05  4.32823871e-05
22.382  1.60607966e-05  6.59193378e-05
22.796 -2.22236705e-05  6.45613402e-05
23.211 -5.07358222e-05  4.04583068e-05
23.625 -5.97880329e-05  3.60410971e-06
24.040 -4.71456564e-05 -3.23060034e-05
24.454 -1.74969726e-05 -5.38979950e-05
24.869  1.78055932e-05 -5.42176549e-05
25.283  4.50779389e-05 -3.39515587e-05
25.698  5.41572516e-05 -1.71177801e-06
26.112  4.23211264e-05  2.95483381e-05
26.526  1.42673921e-05  4.73125656e-05
26.941 -1.86380028e-05  4.47932450e-05
27.355 -4.35632744e-05  2.39050165e-05
27.770 -5.12566431e-05 -5.79982831e-06
28.184 -3.97892962e-05 -3.24659707e-05
28.599 -1.46644372e-05 -4.65954902e-05
29.013  1.40195543e-05 -4.33208162e-05
29.428  3.52631170e-05 -2.45601284e-05
29.842  4.16824645e-05  1.80485441e-06
30.257  3.18083722e-05  2.54895231e-05
30.671  1.05963683e-05  3.80598470e-05
31.086 -1.30413082e-05  3.55146765e-05
31.500 -3.00161142e-05  1.95756956e-05
31.915 -3.40296438e-05 -3.00764383e-06
32.329 -2.41694188e-05 -2.29797102e-05
32.744 -4.90688455e-06 -3.26051451e-05
33.158  1.61671799e-05 -2.85015552e-05
33.573  3.07331514e-05 -1.25794347e-05
33.987  3.31044229e-05  8.81192342e-06
34.402  2.26303417e-05  2.72738579e-05
34.816  3.52038280e-06  3.57944596e-05
35.230 -1.66541874e-05  3.14180672e-05
35.645 -3.00994577e-05  1.63977993e-05
36.059 -3.22925483e-05 -2.94061854e-06
36.474 -2.31619089e-05 -1.89528916e-05
36.888 -7.03695380e-06 -2.57539379e-05
37.303  9.16447165e-06 -2.14280352e-05
37.717  1.91148471e-05 -8.29416977e-06
38.132  1.92365507e-05  8.03287526e-06
38.546  9.75946759e-06  2.09607440e-05
38.961 -5.27969841e-06  2.54547398e-05
39.375 -1.97041234e-05  1.98101944e-05
39.790 -2.78341080e-05  6.41465357e-06
40.204 -2.65277277e-05 -9.47517329e-06
40.619 -1.62705637e-05 -2.20002825e-05
41.033 -9.88646925e-07 -2.66625814e-05
41.448  1.37137101e-05 -2.20885993e-05
41.862  2.26098587e-05 -1.05458779e-05
42.277  2.27418079e-05  3.19914090e-06
42.691  1.47039296e-05  1.37306648e-05
43.106  2.17537608e-06  1.70589487e-05
43.520 -9.67998877e-06  1.22629883e-05
43.934 -1.61441087e-05  1.60305633e-06
44.349 -1.47978901e-05 -1.05059338e-05
44.763 -6.37877983e-06 -1.91431891e-05
45.178  5.77015736e-06 -2.09512466e-05
45.592  1.70255763e-05 -1.53352103e-05
46.007  2.32801771e-05 -4.40253275e-06
46.421  2.25106843e-05  7.81360569e-06
46.836  1.53024643e-05  1.68658559e-05
47.250  4.65378967e-06  1.97101171e-05
47.665 -5.15683363e-06  1.57619440e-05
48.079 -1.04557491e-05  7.00784516e-06
48.494 -9.50528170e-06 -2.77805510e-06
48.908 -3.01776630e-06 -9.64892150e-06
49.323  6.08796322e-06 -1.09922932e-05
49.737  1.39687333e-05 -6.40177211e-06
50.152  1.74265338e-05  2.13140843e-06
50.566  1.50207666e-05  1.11522456e-05
50.981  7.62683915e-06  1.72246779e-05
51.395 -1.96794338e-06  1.81049883e-05
51.810 -1.03182908e-05  1.35891775e-05
52.224 -1.45568063e-05  5.57206923e-06
52.638 -1.34288264e-05 -2.87423675e-06
53.053 -7.81620205e-06 -8.65210938e-06
53.467 -2.37493703e-07 -9.77586496e-06
53.882  6.18986245e-06 -6.21559899e-06
54.296  8.91036509e-06  2.56100111e-07
54.711  6.98773445e-06  6.86548151e-06
55.125  1.37056243e-06  1.08229257e-05
55.540 -5.60597941e-06  1.04779019e-05
55.954 -1.10546314e-05  5.95472162e-06
56.369 -1.27260025e-05 -1.03629583e-06
56.783 -9.94337318e-06 -7.82116809e-06
57.198 -3.71363404e-06 -1.18353121e-05
57.612  3.66798542e-06 -1.17022197e-05
58.027  9.49932045e-06 -7.62290386e-06
58.441  1.18194197e-05 -1.24842462e-06
58.856  1.00567336e-05  4.92854960e-06
59.270  5.15993612e-06  8.65895425e-06
59.685 -7.32281187e-07  8.76750279e-06
60.099 -5.24184819e-06  5.49095322e-06
60.514 -6.69888252e-06  4.20632192e-07
60.928 -4.66495008e-06 -4.20793162e-06
61.342 -1.31314765e-07 -6.45362646e-06
61.757  4.90873949e-06 -5.31351771e-06
62.171  8.34056184e-06 -1.14855431e-06
62.586  8.67549348e-06  4.43412943e-06
63.000  5.64084603e-06  9.32233225e-06
63.415  3.34225455e-07  1.16693059e-05
63.829 -5.32405727e-06  1.05767425e-05
64.244 -9.33096511e-06  6.50294579e-06
64.658 -1.03102897e-05  9.71672032e-07
65.073 -8.09817799e-06 -4.06087647e-06
65.487 -3.71761020e-06 -6.88124896e-06
65.902  1.10820075e-06 -6.72578510e-06
66.316  4.55240431e-06 -4.01979154e-06
66.731  5.42640156e-06 -8.16387971e-08
67.145  3.63608336e-06  3.34665296e-06
67.560  8.68283168e-08  4.80184573e-06
67.974 -3.64883431e-06  3.72289679e-06
68.389 -5.94701964e-06  5.59918898e-07
68.803 -5.84973158e-06 -3.41172375e-06
69.218 -3.35181162e-06 -6.56320484e-06
69.632  6.36083744e-07 -7.63771020e-06
70.046  4.58852174e-06 -6.19293878e-06
70.461  7.03637418e-06 -2.71227049e-06
70.875  7.12750714e-06  1.51982649e-06
71.290  4.86835348e-06  4.97419259e-06
71.704  1.16429676e-06  6.49596524e-06
72.119 -2.57223041e-06  5.64789278e-06
72.533 -5.03473953e-06  2.89431956e-06
72.948 -5.43615850e-06 -5.99523326e-07
73.362 -3.80297325e-06 -3.51880906e-06
73.777 -9.67894088e-07 -4.84902056e-06
74.191  1.86937636e-06 -4.23832077e-06
74.606  3.59438153e-06 -2.16294425e-06
75.020  3.57213012e-06  3.66118452e-07
75.435  1.94908865e-06  2.22506264e-06
75.849 -4.76554416e-07  2.56862690e-06
76.264 -2.61879854e-06  1.22641413e-06
76.678 -3.47093217e-06 -1.25670225e-06
77.093 -2.55454726e-06 -3.89837877e-06
77.507 -1.18738283e-07 -5.60025903e-06
77.922  3.03303848e-06 -5.60198248e-06
78.336  5.80384519e-06 -3.81208816e-06
78.750  7.21951634e-06 -7.58727669e-07
79.165  6.85183526e-06  2.59216423e-06
79.579  4.89746709e-06  5.17639302e-06
79.994  2.08159892e-06  6.29690274e-06
80.408 -5.84503618e-07  5.82234099e-06
80.823 -2.26205195e-06  4.17710921e-06
81.237 -2.57896257e-06  2.20832620e-06
81.652 -1.69611840e-06  7.85673629e-07
82.066 -2.75530491e-07  4.44731166e-07
82.481  8.31384759e-07  1.25185130e-06
82.895  9.73183445e-07  2.74440539e-06
83.310 -1.06777510e-07  4.12888978e-06
83.724 -2.13923502e-06  4.66452555e-06
84.139 -4.40826661e-06  3.90512497e-06
84.553 -6.09737831e-06  1.88518383e-06
84.968 -6.56669046e-06 -8.38732574e-07
85.382 -5.57648119e-06 -3.45986404e-06
85.797 -3.43503233e-06 -5.21040789e-06
86.211 -8.27683482e-07 -5.60073441e-06
86.626  1.45797208e-06 -4.64998382e-06
87.040  2.76550326e-06 -2.83415025e-06
87.454  2.84969576e-06 -8.53403625e-07
87.869  1.94308749e-06  5.77533750e-07
88.283  5.85378158e-07  1.02351304e-06
88.698 -5.49837789e-07  4.99826396e-07
89.112 -9.28951171e-07 -6.22248869e-07
89.527 -4.04824829e-07 -1.74720362e-06
89.941  7.98996698e-07 -2.28606519e-06
90.356  2.17937701e-06 -1.94904659e-06
90.770  3.12701967e-06 -8.10827531e-07
91.185  3.23177778e-06  7.37703061e-07
91.599  2.42187775e-06  2.09920078e-06
92.014  9.57534112e-07  2.75824848e-06
92.428 -6.16977846e-07  2.48513444e-06
92.843 -1.71753443e-06  1.37502882e-06
93.257 -1.96901098e-06 -1.40895586e-07
93.672 -1.28904353e-06 -1.47181964e-06
94.086  5.06909862e-08 -2.13545784e-06
94.501  1.51889638e-06 -1.88294804e-06
94.915  2.58281692e-06 -7.99428108e-07
95.330  2.86463515e-06  7.03590331e-07
95.744  2.26583491e-06  2.10717789e-06
96.158  1.03783497e-06  2.95963538e-06
96.573 -3.75220339e-07  3.01017821e-06
96.987 -1.51432805e-06  2.34129703e-06
97.402 -2.03553863e-06  1.28721202e-06
97.816 -1.87970920e-06  2.66507143e-07
98.231 -1.26866333e-06 -3.37012885e-07
98.645 -5.60121236e-07 -3.58287002e-07
99.060 -1.42340378e-07  7.99613860e-08
99.474 -2.56742752e-07  6.78652066e-07
99.889 -8.67875101e-07  1.05436470e-06
100.303 -1.73091138e-06  8.96032435e-07
100.718 -2.46997147e-06  1.41113057e-07
101.132 -2.70405161e-06 -1.03809802e-06
101.547 -2.25006538e-06 -2.29594040e-06
101.961 -1.16850890e-06 -3.20247373e-06
102.376  2.75423452e-07 -3.45152496e-06
102.790  1.66001010e-06 -2.96452600e-06
103.205  2.59523476e-06 -1.88009341e-06
103.619  2.87314456e-06 -5.46470160e-07
104.034  2.48811491e-06  6.25583790e-07
104.448  1.66465046e-06  1.34193896e-06
104.862  7.66708945e-07  1.47563591e-06
105.277  1.12755015e-07  1.12063264e-06
105.691 -9.98674149e-08  5.62369857e-07
106.106  1.37959391e-07  1.07560145e-07
106.520  6.20538372e-07 -1.19815233e-08
106.935  1.06574455e-06  2.89694876e-07
107.349  1.22570513e-06  8.81264539e-07
107.764  9.55090119e-07  1.50838919e-06
108.178  3.12508219e-07  1.91229716e-06
108.593 -4.82205369e-07  1.89377989e-06
109.007 -1.16558454e-06  1.43016153e-06
109.422 -1.49079721e-06  6.87101935e-07
109.836 -1.34668219e-06 -8.66588935e-08
110.251 -8.21635622e-07 -6.16669647e-07
110.665 -1.23443251e-07 -7.12044825e-07
111.080  4.74232503e-07 -3.72797683e-07
111.494  7.21290791e-07  2.54406445e-07
111.909  5.27647622e-07  9.24076879e-07
112.323 -3.79324383e-08  1.35513710e-06
112.738 -7.86403939e-07  1.37862482e-06
113.152 -1.44210186e-06  9.80711196e-07
113.566 -1.78203371e-06  2.76405441e-07
113.981 -1.71767029e-06 -4.96438476e-07
114.395 -1.28354062e-06 -1.09151967e-06
114.810 -6.53546636e-07 -1.36458716e-06
115.224 -6.34302985e-08 -1.27881531e-06
115.639  3.14670032e-07 -9.35277625e-07
116.053  3.95270484e-07 -5.37126374e-07
116.468  2.15669208e-07 -2.63396244e-07
116.882 -5.97045589e-08 -2.27605203e-07
117.297 -2.52704747e-07 -4.42333186e-07
117.711 -2.30711127e-07 -7.81170006e-07
118.126  6.17174064e-08 -1.06780804e-06
118.540  5.40222657e-07 -1.15076712e-06
118.955  1.03618960e-06 -9.31534754e-07
119.369  1.38131773e-06 -4.41517431e-07
119.784  1.43413682e-06  1.74277406e-07
120.198  1.16095442e-06  7.43081576e-07
120.613  6.60076764e-07  1.09147349e-06
121.027  8.54716909e-08  1.12069030e-06
121.442 -3.81965821e-07  8.67240501e-07
121.856 -5.95803372e-07  4.46375646e-07
122.270 -5.31648014e-07  2.15978587e-08
122.685 -2.58258252e-07 -2.37515572e-07
123.099  9.38611677e-08 -2.57017305e-07
123.514  3.53853429e-07 -6.14679337e-08
123.928  4.12397873e-07  2.56595486e-07
124.343  2.56403895e-07  5.39487961e-07
124.757 -5.76523386e-08  6.53808960e-07
125.172 -3.92787577e-07  5.53152266e-07
125.586 -5.98734027e-07  2.59366340e-07
126.001 -5.95531111e-07 -1.18610242e-07
126.415 -3.67408982e-07 -4.23765790e-07
126.830  1.55738729e-08 -5.45464756e-07
127.244  4.06021582e-07 -4.29618982e-07
127.659  6.72424408e-07 -9.89938728e-08
128.073  7.27024978e-07  3.26893242e-07
128.488  5.42239014e-07  7.11900659e-07
128.902  1.93170055e-07  9.47569393e-07
129.317 -1.99255544e-07  9.64668373e-07
129.731 -5.24888860e-07  7.89419656e-07
130.146 -6.91570822e-07  5.15970468e-07
130.560 -6.84883035e-07  2.43105546e-07
130.974 -5.71518084e-07  6.87468201e-08
131.389 -4.36039761e-07  3.56505640e-08
131.803 -3.73405136e-07  9.95988268e-08
132.218 -4.46428162e-07  1.85275429e-07
132.632 -6.31095276e-07  1.99267612e-07
133.047 -8.57602439e-07  5.78932430e-08
133.461 -1.03056871e-06 -2.42909768e-07
133.876 -1.04199906e-06 -6.47126077e-07
134.290 -8.47214582e-07 -1.06493181e-06
134.705 -4.71119556e-07 -1.37235176e-06
135.119  2.03739256e-08 -1.48297756e-06
135.534  5.09443195e-07 -1.38009371e-06
135.948  8.84045670e-07 -1.09041786e-06
136.363  1.09149105e-06 -7.01429710e-07
136.777  1.11894130e-06 -3.25015959e-07
137.192  1.01213886e-06 -3.03992963e-08
137.606  8.63567818e-07  1.46520420e-07
138.021  7.41313267e-07  2.18098857e-07
138.435  6.85630200e-07  2.55972860e-07
138.850  7.01256644e-07  3.24792028e-07
139.264  7.28632200e-07  4.64206209e-07
139.678  6.97578700e-07  6.88928622e-07
140.093  5.60125509e-07  9.48958726e-07
140.507  2.85142514e-07  1.16448796e-06
140.922 -9.77018867e-08  1.27108431e-06
141.336 -5.09780064e-07  1.21293988e-06
141.751 -8.75551613e-07  9.84586904e-07
142.165 -1.11828296e-06  6.43414047e-07
142.580 -1.19389667e-06  2.58286331e-07
142.994 -1.12537548e-06 -9.14483193e-08
143.409 -9.59778865e-07 -3.37578179e-07
143.823 -7.60265678e-07 -4.73021539e-07
144.238 -5.98609173e-07 -5.23271153e-07
144.652 -4.98090659e-07 -5.30603045e-07
145.067 -4.43845916e-07 -5.59397748e-07
145.481 -4.05893367e-07 -6.40529053e-07
145.896 -3.25056512e-07 -7.61973705e-07
146.310 -1.59878659e-07 -8.96507115e-07
146.725  8.48928647e-08 -9.84158980e-07
147.139  3.86006135e-07 -9.65237121e-07
147.554  6.85499019e-07 -8.24811673e-07
147.968  9.06666733e-07 -5.70790401e-07
148.382  1.00875299e-06 -2.45495049e-07
148.797  9.75937597e-07  7.21636318e-08
149.211  8.22485125e-07  3.23509921e-07
149.626  6.11495110e-07  4.72929862e-07
150.040  4.04569808e-07  5.05969793e-07
150.455  2.44744009e-07  4.60282800e-07
150.869  1.64728537e-07  3.89098780e-07
151.284  1.50192662e-07  3.31796876e-07
151.698  1.57929145e-07  3.26353499e-07
152.113  1.54146278e-07  3.73901044e-07
152.527  1.01454662e-07  4.37186283e-07
152.942 -1.27871739e-08  4.83006859e-07
153.356 -1.56599613e-07  4.72950600e-07
153.771 -2.94169552e-07  3.81056381e-07
154.185 -3.83961930e-07  2.28410834e-07
154.600 -3.84482341e-07  5.02307433e-08
155.014 -2.98182665e-07 -1.11406133e-07
155.429 -1.51942878e-07 -2.02214684e-07
155.843  1.88560429e-08 -2.02181532e-07
156.258  1.56199604e-07 -1.22962749e-07
156.672  2.21262467e-07  1.42453165e-08
157.086  2.09243160e-07  1.59281489e-07
157.501  1.24604054e-07  2.63712359e-07
157.915  1.40973062e-09  3.10515627e-07
158.330 -1.11942585e-07  2.90654410e-07
158.744 -1.92316432e-07  2.19768432e-07
159.159 -2.23612989e-07  1.39623346e-07
159.573 -2.06024665e-07  7.48526672e-08
159.988 -1.72397692e-07  4.26770594e-08
160.402 -1.47736385e-07  5.31891758e-08
160.817 -1.48146347e-07  8.23256821e-08
161.231 -1.90527669e-07  1.03839229e-07
161.646 -2.60527240e-07  1.01770625e-07
162.060 -3.31595699e-07  5.35303004e-08
162.475 -3.87496399e-07 -3.90777391e-08
162.889 -4.01709137e-07 -1.53641126e-07
163.304 -3.61815136e-07 -2.76410612e-07
163.718 -2.80722117e-07 -3.82114422e-07
164.133 -1.65034885e-07 -4.47302967e-07
164.547 -3.08034275e-08 -4.73592999e-07
164.962  9.64137711e-08 -4.58219492e-07
165.376  2.11640749e-07 -4.01856088e-07
165.790  3.06973285e-07 -3.21784241e-07
166.205  3.68885740e-07 -2.21121867e-07
166.619  4.01281356e-07 -1.03867757e-07
167.034  3.99692886e-07  1.07630009e-08
167.448  3.56566148e-07  1.15719586e-07
167.863  2.86381033e-07  1.99301414e-07
168.277  2.00585145e-07  2.40591700e-07
168.692  1.13652876e-07  2.42427227e-07
169.106  5.64439642e-08  2.14964575e-07
169.521  3.99862552e-08  1.71582124e-07
169.935  5.85107409e-08  1.48967704e-07
170.350  1.00931097e-07  1.73084621e-07
170.764  1.26674327e-07  2.46380382e-07
171.179  9.21252780e-08  3.62077127e-07
171.593 -2.11513543e-08  4.78385776e-07
172.008 -2.17937661e-07  5.32487695e-07
172.422 -4.63557844e-07  4.80581670e-07
172.837 -6.81397337e-07  2.94302644e-07
173.251 -7.97936753e-07 -1.40687903e-08
173.666 -7.50251295e-07 -3.70005446e-07
174.080 -5.10483880e-07 -6.77314737e-07
174.494 -1.27167342e-07 -8.36380328e-07
174.909  3.00362954e-07 -7.67256066e-07
175.323  6.46605091e-07 -4.68357860e-07
175.738  7.79628911e-07 -1.52375714e-08
176.152  6.31277191e-07  4.62782268e-07
176.567  2.26089911e-07  7.95415585e-07
176.981 -3.31509994e-07  8.43887940e-07
177.396 -8.58313932e-07  5.60304427e-07
177.810 -1.15539728e-06 -6.00963285e-09
178.225 -1.09178336e-06 -6.92874397e-07
178.639 -6.35504655e-07 -1.26639558e-06
179.054  1.10084039e-07 -1.51659067e-06
179.468  9.14170654e-07 -1.31374602e-06
179.883  1.50901934e-06 -6.66867530e-07
180.297  1.66604074e-06  2.42854020e-07
180.712  1.27403845e-06  1.12817560e-06
181.126  4.16779579e-07  1.67972413e-06
181.541 -6.50448209e-07  1.65694263e-06
181.955 -1.57567316e-06  1.00568570e-06
182.370 -2.00180113e-06 -1.08903376e-07
182.784 -1.71246182e-06 -1.34864386e-06
183.198 -7.26668020e-07 -2.27817117e-06
183.613  7.00487166e-07 -2.51976368e-06
184.027  2.11943847e-06 -1.90433244e-06
184.442  3.02480629e-06 -5.31907709e-07
184.856  3.04513782e-06  1.21825406e-06
185.271  2.06627370e-06  2.78233325e-06
185.685  3.05427878e-07  3.61172027e-06
186.100 -1.71360685e-06  3.34962924e-06
186.514 -3.33392695e-06  1.97206614e-06
186.929 -3.97231529e-06 -1.48530371e-07
187.343 -3.31762168e-06 -2.35227360e-06
187.758 -1.48906712e-06 -3.89447355e-06
188.172  9.75374156e-07 -4.17861281e-06
188.587  3.27679154e-06 -2.99972553e-06
189.001  4.58840573e-06 -6.50627946e-07
189.416  4.35754479e-06  2.15097592e-06
189.830  2.53203112e-06  4.45367247e-06
190.245 -3.96120800e-07  5.39133103e-06
190.659 -3.49687263e-06  4.51050361e-06
191.074 -5.68616229e-06  1.94651960e-06
191.488 -6.11373284e-06 -1.56103800e-06
191.902 -4.46581220e-06 -4.86205736e-06
192.317 -1.12449151e-06 -6.78582597e-06
192.731  2.88610795e-06 -6.54003672e-06
193.146  6.22316315e-06 -4.01509815e-06
193.560  7.66691100e-06  9.54339572e-08
193.975  6.54534175e-06  4.48294251e-06
194.389  3.03934519e-06  7.63700658e-06
194.804 -1.81372095e-06  8.33982467e-06
195.218 -6.42572903e-06  6.13652587e-06
195.633 -9.14935344e-06  1.56250542e-06
196.047 -8.86212946e-06 -3.98098831e-06
196.462 -5.41562623e-06 -8.63014526e-06
196.876  2.53729059e-07 -1.06766700e-05
197.291  6.35457913e-06 -9.19766480e-06
197.705  1.07940253e-05 -4.42268073e-06
198.120  1.19091040e-05  2.25362083e-06
198.534  9.06897879e-06  8.65691843e-06
198.949  2.96842811e-06  1.25576485e-05
199.363 -4.49939327e-06  1.24426608e-05
199.778 -1.08372066e-05  8.08519990e-06
200.192 -1.37799208e-05  7.35587115e-07
200.606 -1.20888972e-05 -7.22487196e-06
201.021 -6.07540307e-06 -1.30541436e-05
201.435  2.40527272e-06 -1.45705305e-05
201.850  1.05206130e-05 -1.09707589e-05
202.264  1.53766582e-05 -3.21186418e-06
202.679  1.50394393e-05  6.23036808e-06
203.093  9.29464704e-06  1.41228082e-05
203.508 -1.84675921e-07  1.75637370e-05
203.922 -1.03013770e-05  1.50475753e-05
204.337 -1.75260199e-05  7.06957872e-06
204.751 -1.91355120e-05 -3.92501917e-06
205.166 -1.42147150e-05 -1.42665309e-05
205.580 -4.08005441e-06 -2.02980825e-05
205.995  8.03216007e-06 -1.96644331e-05
206.409  1.80057631e-05 -1.22031488e-05
206.824  2.22512489e-05 -1.45673340e-07
207.238  1.89813712e-05  1.25388068e-05
207.653  8.95337320e-06  2.14595153e-05
208.067 -4.65752456e-06  2.33097304e-05
208.482 -1.72675534e-05  1.70957845e-05
208.896 -2.44121979e-05  4.61699930e-06
209.310 -2.33252266e-05 -1.00469605e-05
209.725 -1.40140005e-05 -2.18531089e-05
210.139  6.25891946e-07 -2.65192740e-05
210.554  1.56939556e-05 -2.20897367e-05
210.968  2.59073381e-05 -9.72195700e-06
211.383  2.74664329e-05  6.58637510e-06
211.797  1.94584981e-05  2.12649714e-05
212.212  4.29386557e-06  2.90836654e-05
212.626 -1.29855838e-05  2.70182391e-05
213.041 -2.63852173e-05  1.53949627e-05
213.455 -3.10477155e-05 -2.07239306e-06
213.870 -2.49977637e-05 -1.94593475e-05
214.284 -9.96268771e-06 -3.06541914e-05
214.699  9.08918806e-06 -3.14957708e-05
215.113  2.56025520e-05 -2.13199937e-05
215.528  3.36845033e-05 -3.33522981e-06
215.942  3.02072542e-05  1.63927078e-05
216.357  1.60267031e-05  3.09833607e-05
216.771 -4.20053706e-06  3.51371834e-05
217.186 -2.35441174e-05  2.70795247e-05
217.600 -3.51651076e-05  9.29243581e-06
218.014 -3.47541461e-05 -1.22432963e-05
218.429 -2.21316851e-05 -3.00445016e-05
218.843 -1.41517842e-06 -3.77414991e-05
219.258  2.03043397e-05 -3.23713462e-05
219.672  3.53967704e-05 -1.55009287e-05
220.087  3.83942825e-05  7.20027088e-06
220.501  2.79649590e-05  2.78625469e-05
220.916  7.48761349e-06  3.91679802e-05
221.330 -1.60277510e-05  3.69425414e-05
221.745 -3.43621710e-05  2.17009980e-05
222.159 -4.09681961e-05 -1.42396116e-06
222.574 -3.33145405e-05 -2.44253572e-05
222.988 -1.38742756e-05 -3.92071567e-05
223.403  1.06747067e-05 -4.04399999e-05
223.817  3.17563334e-05 -2.75121668e-05
224.232  4.18942945e-05 -4.81572611e-06
224.646  3.73930074e-05  1.97534189e-05
225.061  1.97040821e-05  3.75373562e-05
225.475 -5.04195043e-06  4.21882882e-05
225.890 -2.81492342e-05  3.19611453e-05
226.304 -4.14210697e-05  1.03655070e-05
226.718 -4.00953944e-05 -1.50262510e-05
227.133 -2.45549169e-05 -3.52319675e-05
227.547 -2.30536330e-07 -4.30638372e-05
227.962  2.42870512e-05 -3.56915762e-05
228.376  4.03061056e-05 -1.56701074e-05
228.791  4.21290839e-05  9.93028216e-06
229.205  2.90847132e-05  3.20399755e-05
229.620  5.79687982e-06  4.28241366e-05
230.034 -1.94621122e-05  3.84667540e-05
230.449 -3.77324803e-05  2.05489226e-05
230.863 -4.25526229e-05 -4.51660884e-06
231.278 -3.22730278e-05 -2.77979502e-05
231.692 -1.06420600e-05 -4.10308431e-05
232.107  1.45695412e-05 -3.95750076e-05
232.521  3.43598820e-05 -2.40717275e-05
232.936  4.17230734e-05 -1.70215095e-07
233.350  3.41631680e-05  2.35275688e-05
233.765  1.45443035e-05  3.85655618e-05
234.179 -9.98740670e-06  3.96841378e-05
234.594 -3.05999219e-05  2.66738365e-05
235.008 -3.99831901e-05  4.38751084e-06
235.422 -3.49642180e-05 -1.90518598e-05
235.837 -1.75847143e-05 -3.52288857e-05
236.251  5.69453941e-06 -3.84834916e-05
236.666  2.63951745e-05 -2.79000748e-05
237.080  3.71319014e-05 -7.57300852e-06
237.495  3.42553087e-05  1.49558914e-05
237.909  1.91133716e-05  3.15085522e-05
238.324 -2.52105542e-06  3.62426572e-05
238.738 -2.26511869e-05  2.77296675e-05
239.153 -3.40099613e-05  9.39977024e-06
239.567 -3.26895540e-05 -1.18244224e-05
239.982 -1.95121783e-05 -2.81355635e-05
240.396  3.84711380e-07 -3.37093069e-05
240.811  1.95397070e-05 -2.68094278e-05
241.225  3.09519243e-05 -1.03276247e-05
241.640  3.06586523e-05  9.40516815e-06
242.054  1.91271639e-05  2.50277249e-05
242.469  9.55977786e-07  3.09020486e-05
242.883 -1.69258508e-05  2.51688029e-05
243.298 -2.78926401e-05  1.03253437e-05
243.712 -2.80948816e-05 -7.81403025e-06
244.126 -1.78103201e-05 -2.23702615e-05
244.541 -1.22878057e-06 -2.80172371e-05
244.955  1.52144035e-05 -2.29306873e-05
245.370  2.53334354e-05 -9.37386457e-06
245.784  2.55167111e-05  7.25328076e-06
246.199  1.60132603e-05  2.05507688e-05
246.613  7.48400288e-07  2.55767746e-05
247.028 -1.42709344e-05  2.06759012e-05
247.442 -2.33108611e-05  8.03600049e-06
247.857 -2.30839506e-05 -7.24523145e-06
248.271 -1.39563747e-05 -1.92009882e-05
248.686  2.73571526e-07 -2.33010754e-05
249.100  1.39343878e-05 -1.81682325e-05
249.515  2.17103451e-05 -6.05341586e-06
249.929  2.06928389e-05  8.12577799e-06
250.344  1.14795044e-05  1.87484207e-05
250.758 -2.13094351e-06  2.16867061e-05
251.173 -1.46798271e-05  1.59095568e-05
251.587 -2.11998250e-05  3.83708912e-06
252.002 -1.91701395e-05 -9.66245007e-06
252.416 -9.48189794e-06 -1.92014075e-05
252.830  3.95658893e-06 -2.10059178e-05
253.245  1.57719265e-05 -1.43978979e-05
253.659  2.12552763e-05 -2.03091508e-06
254.074  1.82288066e-05  1.11633465e-05
254.488  7.88612867e-06  1.99235360e-05
254.903 -5.67987350e-06  2.07488603e-05
255.317 -1.70821845e-05  1.32713495e-05
255.732 -2.17751745e-05  4.03115979e-07
256.146 -1.78431614e-05 -1.27900131e-05
256.561 -6.75663591e-06 -2.10853510e-05
256.975  7.17698154e-06 -2.11565997e-05
257.390  1.84958557e-05 -1.28787082e-05
257.804  2.27239248e-05  5.92061340e-07
258.219  1.81161787e-05  1.40335137e-05
258.633  6.36745010e-06  2.21940269e-05
259.048 -8.02025812e-06  2.18282959e-05
259.462 -1.94831405e-05  1.29785847e-05
259.877 -2.35407701e-05 -1.00941085e-06
260.291 -1.85398011e-05 -1.47741062e-05
260.706 -6.32552110e-06 -2.29954846e-05
261.120  8.45926917e-06 -2.24448945e-05
261.534  2.01488194e-05 -1.32570586e-05
261.949  2.42204702e-05  1.10897920e-06
262.363  1.90520824e-05  1.51878794e-05
262.778  6.55746203e-06  2.35843088e-05
263.192 -8.54173698e-06  2.30501722e-05
263.607 -2.05007469e-05  1.37396693e-05
264.021 -2.47478049e-05 -8.51294419e-07
264.436 -1.96399769e-05 -1.52016320e-05
264.850 -7.08155247e-06 -2.38638561e-05
265.265  8.19216856e-06 -2.35484010e-05
265.679  2.04073810e-05 -1.43629990e-05
266.094  2.49561034e-05  2.30938173e-07
266.508  2.01334469e-05  1.47255604e-05
266.923  7.76997374e-06  2.36682235e-05
267.337 -7.46120607e-06  2.37205644e-05
267.752 -1.98308652e-05  1.48998450e-05
268.166 -2.47241315e-05  5.64877473e-07
268.581 -2.03601448e-05 -1.38765606e-05
268.995 -8.44936738e-06 -2.30280067e-05
269.410  6.48046267e-06 -2.35222135e-05
269.824  1.88264487e-05 -1.52715770e-05
270.238  2.40174544e-05 -1.46969425e-06
270.653  2.02180866e-05  1.26614864e-05
271.067  8.98980939e-06  2.18528890e-05
271.482 -5.35708140e-06  2.27617489e-05
271.896 -1.74228068e-05  1.52065278e-05
272.311 -2.27540975e-05  2.17202917e-06
272.725 -1.95091724e-05 -1.13717147e-05
273.140 -9.09376353e-06 -2.03620769e-05
273.554  4.44107211e-06 -2.15554448e-05
273.969  1.59660049e-05 -1.47066267e-05
274.383  2.12307661e-05 -2.58200597e-06
274.798  1.84468859e-05  1.01421327e-05
275.212  8.88773434e-06  1.86873405e-05
275.627 -3.66300694e-06  1.99847285e-05
276.041 -1.44006278e-05  1.37755362e-05
276.456 -1.93524342e-05  2.63416900e-06
276.870 -1.68476343e-05 -9.07641414e-06
277.285 -8.08100078e-06 -1.69189142e-05
277.699  3.41338864e-06 -1.80617896e-05
278.114  1.31830107e-05 -1.22995111e-05
278.528  1.75785669e-05 -2.06271453e-06
278.942  1.51094938e-05  8.59394276e-06
279.357  6.95620072e-06  1.55943239e-05
279.771 -3.56511569e-06  1.63881610e-05
280.186 -1.23478741e-05  1.08869792e-05
280.600 -1.60844489e-05  1.42473031e-06
281.015 -1.35150760e-05 -8.22599837e-06
281.429 -5.85669268e-06 -1.43434135e-05
281.844  3.75470527e-06 -1.46888596e-05
282.258  1.15314613e-05 -9.33683896e-06
282.673  1.45151904e-05 -5.66194015e-07
283.087  1.17114345e-05  8.09143183e-06
283.502  4.41257553e-06  1.32531623e-05
283.916 -4.37721454e-06  1.30094325e-05
284.331 -1.11529824e-05  7.62703054e-06
284.745 -1.33018454e-05 -6.23498914e-07
285.160 -1.01074456e-05 -8.40087710e-06
285.574 -2.97251789e-06 -1.26361655e-05
285.989  5.17660872e-06 -1.17412917e-05
286.403  1.10773288e-05 -6.18978325e-06
286.818  1.24361135e-05  1.71111948e-06
287.232  8.80567717e-06  8.76473932e-06
287.646  1.72585146e-06  1.21783393e-05
288.061 -5.91362110e-06  1.06560990e-05
288.475 -1.10517199e-05  4.88304447e-06
288.890 -1.16717200e-05 -2.76697794e-06
289.304 -7.57886819e-06 -9.20505916e-06
289.719 -4.64741835e-07 -1.18660917e-05
290.133  6.78961215e-06 -9.71136481e-06
290.548  1.12769179e-05 -3.63405698e-06
290.962  1.12075613e-05  3.91111275e-06
291.377  6.61616984e-06  9.90336685e-06
291.791 -6.58113643e-07  1.19479117e-05
292.206 -7.72021468e-06  9.22152110e-06
292.620 -1.17625457e-05  2.80019010e-06
293.035 -1.11693733e-05 -4.78232312e-06
293.449 -6.16087348e-06 -1.05354455e-05
293.864  1.30519044e-06 -1.21817809e-05
294.278  8.30817203e-06 -9.06027565e-06
294.693  1.21006565e-05 -2.37872040e-06
295.107  1.11907391e-05  5.26832701e-06
295.522  5.92254204e-06  1.09037971e-05
295.936 -1.67098096e-06  1.23327696e-05
296.350 -8.65259833e-06  8.99820070e-06
296.765 -1.23225440e-05  2.18153309e-06
297.179 -1.12702869e-05 -5.49297247e-06
297.594 -5.90385550e-06 -1.10729340e-05
298.008  1.71376866e-06 -1.24269052e-05
298.423  8.65964892e-06 -9.05186606e-06
298.837  1.22883183e-05 -2.25375085e-06
299.252  1.12395293e-05  5.35629652e-06
299.666  5.94191087e-06  1.08797049e-05
300.081 -1.55674532e-06  1.22406398e-05
300.495 -8.39192099e-06  8.96033091e-06
300.910 -1.19871551e-05  2.33074940e-06
301.324 -1.10203478e-05 -5.09935437e-06
301.739 -5.91584725e-06 -1.05175085e-05
302.153  1.33826344e-06 -1.19091373e-05
302.568  7.97797477e-06 -8.81173540e-06
302.982  1.15160038e-05 -2.47156812e-06
303.397  1.06769546e-05  4.66809368e-06
303.811  5.86680016e-06  9.90991433e-06
304.226 -1.02194972e-06  1.13220276e-05
304.640 -7.35681025e-06  8.46273776e-06
305.054 -1.07678760e-05  2.51002372e-06
305.469 -1.00465531e-05 -4.22472081e-06
305.883 -5.57368436e-06 -9.18704516e-06
306.298  8.71026084e-07 -1.05571074e-05
306.712  6.80775982e-06 -7.92169108e-06
307.127  1.00149763e-05 -2.38377720e-06
307.541  9.36874077e-06  3.88835911e-06
307.956  5.22710897e-06  8.50948330e-06
308.370 -7.44277142e-07  9.79481585e-06
308.785 -6.23615224e-06  7.36836396e-06
309.199 -9.19932145e-06  2.26497441e-06
309.614 -8.60729477e-06 -3.49803092e-06
310.028 -4.80808998e-06 -7.72615122e-06
310.443  6.43987525e-07 -8.88453422e-06
310.857  5.62595864e-06 -6.65089540e-06
311.272  8.27545239e-06 -2.00493825e-06
311.686  7.68086241e-06  3.19362332e-06
312.101  4.20149621e-06  6.95173628e-06
312.515 -7.15223235e-07  7.89895678e-06
312.930 -5.13626782e-06  5.79206609e-06
313.344 -7.39340068e-06  1.57047101e-06
313.758 -6.71324263e-06 -3.05883078e-06
314.173 -3.48792703e-06 -6.30160646e-06
314.587  9.29677729e-07 -6.96727532e-06
315.002  4.78382484e-06 -4.91450472e-06
315.416  6.60409907e-06 -1.05901321e-06
315.831  5.77407413e-06  3.02460029e-06
316.245  2.73564954e-06  5.73162480e-06
316.660 -1.22879139e-06  6.06164979e-06
317.074 -4.51966718e-06  3.98855574e-06
317.489 -5.86332353e-06  4.27556361e-07
317.903 -4.80628701e-06 -3.14951590e-06
318.318 -1.85740364e-06 -5.31392963e-06
318.732  1.73878848e-06 -5.25113531e-06
319.147  4.51450715e-06 -3.05636257e-06
319.561  5.37726197e-06  3.27378544e-07
319.976  4.02816693e-06  3.50085071e-06
320.390  1.05945335e-06  5.18674489e-06
320.805 -2.29370380e-06  4.73351251e-06
321.219 -4.66745674e-06  2.35719826e-06
321.634 -5.11742576e-06 -9.52157326e-07
322.048 -3.48115441e-06 -3.84396963e-06
322.462 -4.39274165e-07 -5.15663136e-06
322.877  2.76861319e-06 -4.36988720e-06
323.291  4.85252074e-06 -1.81045407e-06
323.706  4.97822358e-06  1.48422914e-06
324.120  3.09728949e-06  4.19445067e-06
324.535 -3.39966583e-08  5.23838919e-06
324.949 -3.16956672e-06  4.19787794e-06
325.364 -5.06667307e-06  1.48782489e-06
325.778 -4.97170900e-06 -1.82039167e-06
326.193 -2.92341801e-06 -4.42536815e-06
326.607  2.71605846e-07 -5.30115631e-06
327.022  3.36374797e-06 -4.10643784e-06
327.436  5.14333306e-06 -1.31306949e-06
327.851  4.91881734e-06  1.99005158e-06
328.265  2.78576281e-06  4.51688704e-06
328.680 -4.24262362e-07  5.28843784e-06
329.094 -3.46522830e-06  4.01661585e-06
329.509 -5.16156565e-06  1.20174137e-06
329.923 -4.87058019e-06 -2.06395676e-06
330.338 -2.71850723e-06 -4.51882988e-06
330.752  4.55528721e-07 -5.22899035e-06
331.166  3.42266651e-06 -3.93989514e-06
331.581  5.04939752e-06 -1.16330186e-06
331.995  4.73072166e-06  2.01951186e-06
332.410  2.60945513e-06  4.38556060e-06
332.824 -4.79555295e-07  5.04328446e-06
333.239 -3.34103460e-06  3.76142386e-06
333.653 -4.88729451e-06  1.05521712e-06
334.068 -4.54400526e-06 -2.02017835e-06
334.482 -2.46591668e-06 -4.28849574e-06
334.897  5.28748148e-07 -4.89567481e-06
335.311  3.28921781e-06 -3.63070805e-06
335.726  4.77081878e-06 -1.00271779e-06
336.140  4.42723881e-06  1.97266068e-06
336.555  2.41785815e-06  4.16627032e-06
336.969 -4.71312244e-07  4.75957470e-06
337.384 -3.13920394e-06  3.55721776e-06
337.798 -4.58435199e-06  1.04590568e-06
338.213 -4.28790741e-06 -1.80872725e-06
338.627 -2.39977169e-06 -3.92828114e-06
339.042  3.40485959e-07 -4.53440019e-06
339.456  2.88852495e-06 -3.43871210e-06
339.870  4.29579330e-06 -1.09052040e-06
340.285  4.06983833e-06  1.60352578e-06
340.699  2.33853557e-06  3.62890175e-06
341.114 -2.13996890e-07  4.25439779e-06
341.528 -2.61430349e-06  3.29108183e-06
341.943 -3.98073901e-06  1.14369545e-06
342.357 -3.84654370e-06 -1.35278335e-06
342.772 -2.31415746e-06 -3.26663991e-06
343.186 -3.74733941e-09 -3.92095611e-06
343.601  2.20259724e-06 -3.12852666e-06
344.015  3.50451362e-06 -1.24824150e-06
344.430  3.47001584e-06  9.73658984e-07
344.844  2.18448504e-06  2.70660928e-06
345.259  1.96133507e-07  3.34257296e-06
345.673 -1.72083567e-06  2.71416005e-06
346.088 -2.86305906e-06  1.13950602e-06
346.502 -2.85735902e-06 -7.32308591e-07
346.917 -1.79026386e-06 -2.18251285e-06
347.331 -1.41546285e-07 -2.69493085e-06
347.746  1.42283469e-06 -2.14857613e-06
348.160  2.31078030e-06 -8.35775152e-07
348.574  2.23508303e-06  6.79874116e-07
348.989  1.30523201e-06  1.79164380e-06
349.403 -4.61314898e-08  2.09494875e-06
349.818 -1.24631220e-06  1.53722482e-06
350.232 -1.82100666e-06  4.10465696e-07
350.647 -1.58461621e-06 -7.79903602e-07
351.061 -6.92462269e-07 -1.53019678e-06
351.476  4.36350908e-07 -1.55170506e-06
351.890  1.29926051e-06 -8.74012624e-07
352.305  1.53034641e-06  1.79308917e-07
352.719  1.04525588e-06  1.12877150e-06
353.134  6.69716327e-08  1.55174240e-06
353.548 -9.65554680e-07  1.25905763e-06
353.963 -1.59028540e-06  3.67432150e-07
354.377 -1.51980664e-06 -7.42573223e-07
354.792 -7.56322264e-07 -1.58814005e-06
355.206  3.99649018e-07 -1.79109857e-06
355.621  1.46906755e-06 -1.23007607e-06
356.035  1.99673506e-06 -9.99083771e-08
356.450  1.73265944e-06  1.15710370e-06
356.864  7.39894010e-07  2.03349270e-06
357.278 -6.16163898e-07  2.15579467e-06
357.693 -1.81367122e-06  1.43510205e-06
358.107 -2.37619118e-06  1.17634161e-07
358.522 -2.05589548e-06 -1.30947877e-06
358.936 -9.43344517e-07 -2.30472825e-06
359.351  5.63267136e-07 -2.47348285e-06
359.765  1.91038141e-06 -1.72860805e-06
360.180  2.59012706e-06 -3.28987254e-07
360.594  2.33706945e-06  1.22132372e-06
361.009  1.23403603e-06  2.35395369e-06
361.423 -3.24848527e-07  2.64924147e-06
361.838 -1.77579657e-06  1.99898698e-06
362.252 -2.59201066e-06  6.38665614e-07
362.667 -2.48544630e-06 -9.39814144e-07
363.081 -1.50499232e-06 -2.16607403e-06
363.496 -1.24592452e-08 -2.60890971e-06
363.910  1.44799191e-06 -2.12883207e-06
364.325  2.35839041e-06 -9.18331607e-07
364.739  2.41549314e-06  5.68969817e-07
365.154  1.62847361e-06  1.79466195e-06
365.568  3.12122732e-07  2.33778126e-06
365.982 -1.03944219e-06  2.03646016e-06
366.397 -1.94589716e-06  1.04132254e-06
366.811 -2.10860451e-06 -2.50424383e-07
367.226 -1.51343454e-06 -1.35894980e-06
367.640 -4.27240379e-07 -1.89684519e-06
368.055  7.22160279e-07 -1.70602991e-06
368.469  1.51045999e-06 -9.10984620e-07
368.884  1.67074765e-06  1.49102750e-07
369.298  1.19214630e-06  1.05993779e-06
369.713  3.05768072e-07  1.48674090e-06
370.127 -6.20187326e-07  1.30372033e-06
370.542 -1.22229706e-06  6.29920184e-07
370.956 -1.28693677e-06 -2.35688410e-07
371.371 -8.28150564e-07 -9.33473097e-07
371.785 -6.41841450e-08 -1.18965967e-06
372.200  6.72922596e-07 -9.26086429e-07
372.614  1.07365123e-06 -2.76798645e-07
373.029  9.81597458e-07  4.70087031e-07
373.443  4.46824320e-07  9.89404037e-07
373.858 -2.98478164e-07  1.05922047e-06
374.272 -9.30895180e-07  6.46215223e-07
374.686 -1.17480024e-06 -8.45141822e-08
375.101 -9.13557310e-07 -8.29122245e-07
375.515 -2.32823764e-07 -1.27197510e-06
375.930  6.04148265e-07 -1.21462971e-06
376.344  1.26088477e-06 -6.50514898e-07
376.759  1.46414592e-06  2.22579235e-07
377.173  1.10553692e-06  1.07446865e-06
377.588  2.91196930e-07  1.57397788e-06
378.002 -6.89677741e-07  1.50985349e-06
378.417 -1.47720276e-06  8.74486718e-07
378.831 -1.76988863e-06 -1.22192027e-07
379.246 -1.43521755e-06 -1.13226351e-06
379.660 -5.69019169e-07 -1.79301692e-06
380.075  5.39974068e-07 -1.85296743e-06
380.489  1.51209283e-06 -1.27089705e-06
380.904  2.00329247e-06 -2.30821857e-07
381.318  1.83188174e-06  9.24591295e-07
381.733  1.04321073e-06  1.80457383e-06
382.147 -1.11415971e-07  2.10755716e-06
382.562 -1.25373450e-06  1.72697692e-06
382.976 -2.00646989e-06  7.79245038e-07
383.390 -2.12436334e-06 -4.32175898e-07
383.805 -1.56673200e-06 -1.51594798e-06
384.219 -5.09457995e-07 -2.12819227e-06
384.634  7.10189348e-07 -2.07720407e-06
385.048  1.71085871e-06 -1.37995905e-06
385.463  2.18540670e-06 -2.58715264e-07
385.877  1.99030488e-06  9.38770308e-07
386.292  1.19235192e-06  1.84969579e-06
386.706  3.90383902e-08  2.20048802e-06
387.121 -1.12403112e-06  1.89231645e-06
387.535 -1.95116509e-06  1.02450888e-06
387.950 -2.20179523e-06 -1.45676272e-07
388.364 -1.80915329e-06 -1.27489040e-06
388.779 -8.88056426e-07 -2.03532101e-06
389.193  2.96256007e-07 -2.21140475e-06
389.608  1.40343922e-06 -1.75097169e-06
390.022  2.11947182e-06 -7.80455165e-07
390.437  2.23685310e-06  4.26813416e-07
390.851  1.71147518e-06  1.53213349e-06
391.266  6.82454723e-07  2.21952804e-06
391.680 -5.68871508e-07  2.27973477e-06
392.094 -1.69134152e-06  1.67799082e-06
392.509 -2.35344585e-06  5.65536717e-07
392.923 -2.34420288e-06 -7.56186138e-07
393.338 -1.63752208e-06 -1.90619382e-06
393.752 -4.06419269e-07 -2.53442735e-06
394.167  1.00705051e-06 -2.42704944e-06
394.581  2.18430740e-06 -1.57325639e-06
394.996  2.75418886e-06 -1.90112578e-07
395.410  2.50286100e-06  1.32606750e-06
395.825  1.45679434e-06  2.51380999e-06
396.239 -1.03201938e-07  2.97915800e-06
396.654 -1.71712288e-06  2.52745115e-06
397.068 -2.87356354e-06  1.24718694e-06
397.483 -3.16935663e-06 -5.02458259e-07
397.897 -2.45655878e-06 -2.18475747e-06
398.312 -9.05788761e-07 -3.24369822e-06
398.726  1.02614621e-06 -3.29381955e-06
399.141  2.72072529e-06 -2.25859110e-06
399.555  3.59946265e-06 -4.15773101e-07
