0.387  3.78077635e-03 -5.98816146e-04
0.774  2.16993188e-03  5.71945179e-04
1.161  1.14195648e-03  1.09402456e-03
1.547  3.34113906e-04  1.14831565e-03
1.934 -2.72144199e-04  9.15795124e-04
2.321 -6.18653805e-04  5.37371891e-04
2.708 -6.93832269e-04  7.40274955e-05
3.095 -5.45881333e-04 -2.87979333e-04
3.482 -2.32690017e-04 -4.98073261e-04
3.868  1.01391695e-04 -4.94882955e-04
4.255  3.17914115e-04 -3.14364861e-04
4.642  3.92783853e-04 -6.11923161e-05
5.029  3.25002591e-04  1.55738163e-04
5.416  1.60321811e-04  2.95246382e-04
5.803 -5.09121792e-05  3.12091273e-04
6.190 -2.19139880e-04  2.16852377e-04
6.576 -2.85803336e-04  5.43025719e-05
6.963 -2.39645974e-04 -1.12801490e-04
7.350 -1.15454537e-04 -2.17948624e-04
7.737  3.26332503e-05 -2.28968345e-04
8.124  1.50991523e-04 -1.55807418e-04
8.511  1.99352123e-04 -4.00962319e-05
8.897  1.75899179e-04  8.17370188e-05
9.284  8.36165952e-05  1.68420036e-04
9.671 -2.95551957e-05  1.87296580e-04
10.058 -1.21635246e-04  1.32314070e-04
10.445 -1.64153026e-04  3.02888796e-05
10.832 -1.42812620e-04 -7.67065604e-05
11.218 -7.05412366e-05 -1.43956274e-04
11.605  2.39265055e-05 -1.49731464e-04
11.992  1.06336469e-04 -1.01180445e-04
12.379  1.40398710e-04 -1.80391526e-05
12.766  1.19242840e-04  6.83186043e-05
13.153  5.82943282e-05  1.24208060e-04
13.540 -1.82559292e-05  1.32025479e-04
13.926 -8.26555440e-05  9.61857163e-05
14.313 -1.10821735e-04  3.12356542e-05
14.700 -9.33181612e-05 -3.53554354e-05
15.087 -3.88828202e-05 -7.91010757e-05
15.474  2.79032725e-05 -8.62083730e-05
15.861  8.14452122e-05 -5.66820690e-05
16.247  1.03313264e-04 -3.40932560e-06
16.634  8.71106999e-05  5.03191227e-05
17.021  4.04525804e-05  8.18959708e-05
17.408 -1.67750854e-05  7.99575952e-05
17.795 -6.23717818e-05  4.66790594e-05
18.182 -7.97971337e-05 -5.54639979e-06
18.569 -6.39712772e-05 -5.68470018e-05
18.955 -2.38776995e-05 -8.71331337e-05
19.342  2.44454352e-05 -8.67680442e-05
19.729  6.25005251e-05 -5.82652560e-05
20.116  7.68599774e-05 -1.44114220e-05
20.503  6.30237269e-05  2.78210709e-05
20.890  2.64839704e-05  5.37711565e-05
21.276 -1.83850963e-05  5.45370383e-05
21.663 -5.45216235e-05  3.03266286e-05
22.050 -6.80468623e-05 -8.81849081e-06
22.437 -5.50173732e-05 -4.74309814e-05
22.824 -2.24893813e-05 -6.93937859e-05
23.211  1.67207307e-05 -6.70065708e-05
23.598  4.74405843e-05 -4.22962493e-05
23.984  5.84717839e-05 -4.99975820e-06
24.371  4.65789473e-05  3.13104342e-05
24.758  1.83147266e-05  5.28903743e-05
25.145 -1.42408894e-05  5.25991703e-05
25.532 -3.83166551e-05  3.20333432e-05
25.919 -4.52887001e-05  1.18618224e-06
26.305 -3.31811858e-05 -2.72440031e-05
26.692 -7.19448851e-06 -4.28497931e-05
27.079  2.21908102e-05 -4.06175108e-05
27.466  4.38179428e-05 -2.17124608e-05
27.853  4.92602379e-05  6.32548663e-06
28.240  3.66403681e-05  3.23778662e-05
28.626  1.12466156e-05  4.60949889e-05
29.013 -1.64487214e-05  4.22809533e-05
29.400 -3.55852862e-05  2.36730839e-05
29.787 -3.91654501e-05 -1.62235011e-06
30.174 -2.66193713e-05 -2.38210367e-05
30.561 -3.43975569e-06 -3.45504064e-05
30.948  2.17392001e-05 -3.02090173e-05
31.334  3.97590131e-05 -1.29029484e-05
31.721  4.44036752e-05  1.03209973e-05
32.108  3.49755649e-05  3.03317094e-05
32.495  1.58782571e-05  3.97933352e-05
32.882 -5.10568693e-06  3.57034735e-05
33.269 -1.96355826e-05  2.01870423e-05
33.655 -2.25407088e-05 -4.21040498e-07
34.042 -1.32321672e-05 -1.82330007e-05
34.429  4.35733321e-06 -2.66937551e-05
34.816  2.29913742e-05 -2.30231255e-05
35.203  3.52301850e-05 -9.30694851e-06
35.590  3.63298083e-05  8.46467822e-06
35.977  2.59206483e-05  2.31098867e-05
36.363  8.25346798e-06  2.89556318e-05
36.750 -9.76809005e-06  2.38575779e-05
37.137 -2.17127545e-05  1.00673314e-05
37.524 -2.37257558e-05 -6.91107718e-06
37.911 -1.57886082e-05 -2.06140071e-05
38.298 -1.76398451e-06 -2.58755847e-05
38.684  1.23122419e-05 -2.08554249e-05
39.071  2.05152355e-05 -7.76447771e-06
39.458  1.93623629e-05  8.19238569e-06
39.845  9.29344249e-06  2.08538282e-05
40.232 -5.82173503e-06  2.54072760e-05
40.619 -2.03013512e-05  2.03991057e-05
41.006 -2.87416763e-05  8.12734563e-06
41.392 -2.82355500e-05 -6.56957436e-06
41.779 -1.94008977e-05 -1.81420907e-05
42.166 -5.88342421e-06 -2.25257790e-05
42.553  7.05605078e-06 -1.86712092e-05
42.940  1.46373630e-05 -8.61220770e-06
43.327  1.44172541e-05  3.32743973e-06
43.713  6.99949851e-06  1.22427442e-05
44.100 -4.27626546e-06  1.47549783e-05
44.487 -1.46735212e-05  1.00970960e-05
44.874 -2.00519571e-05  2.39819259e-07
45.261 -1.83303304e-05 -1.07815080e-05
45.648 -1.01747567e-05 -1.85627948e-05
46.034  1.19152826e-06 -2.00744463e-05
46.421  1.14413619e-05 -1.47135160e-05
46.808  1.68965312e-05 -4.58222816e-06
47.195  1.57399054e-05  6.42755023e-06
47.582  8.75438394e-06  1.42739415e-05
47.969 -9.96796244e-07  1.61975820e-05
48.356 -9.57126190e-06  1.18129670e-05
48.742 -1.36440630e-05  3.22616968e-06
49.129 -1.17153578e-05 -6.04681127e-06
49.516 -4.68493376e-06 -1.23949819e-05
49.903  4.67037786e-06 -1.34027215e-05
50.290  1.27761828e-05 -8.86626233e-06
50.677  1.65446842e-05 -7.34524083e-07
51.063  1.46770120e-05  7.74550043e-06
51.450  8.09490585e-06  1.31906763e-05
51.837 -5.85903815e-07  1.34779708e-05
52.224 -8.01495424e-06  8.54468964e-06
52.611 -1.14566410e-05  2.36182028e-07
52.998 -9.89035927e-06 -8.36665169e-06
53.385 -4.23095142e-06 -1.41666597e-05
53.771  3.04835294e-06 -1.53522900e-05
54.158  8.90684036e-06 -1.19366136e-05
54.545  1.10671041e-05 -5.65878289e-06
54.932  8.79348354e-06  6.85478229e-07
55.319  3.07324840e-06  4.47719588e-06
55.706 -3.71506723e-06  4.25892623e-06
56.092 -8.83851834e-06  1.74615094e-07
56.479 -1.02929474e-05 -6.04097203e-06
56.866 -7.44864724e-06 -1.18162754e-05
57.253 -1.34988811e-06 -1.48181710e-05
57.640  5.71258517e-06 -1.37456188e-05
58.027  1.12048983e-05 -8.86177273e-06
58.414  1.32338595e-05 -1.90236147e-06
58.800  1.12504097e-05  4.73761595e-06
59.187  6.28333110e-06  8.87784838e-06
59.574  3.85014121e-07  9.33363773e-06
59.961 -4.17273953e-06  6.42156377e-06
60.348 -5.71205731e-06  1.70624390e-06
60.735 -3.86742294e-06 -2.67618065e-06
61.121  3.69456582e-07 -4.77459866e-06
61.508  5.14825155e-06 -3.64315892e-06
61.895  8.40543475e-06  3.25008110e-07
62.282  8.71172381e-06  5.67267131e-06
62.669  5.85316675e-06  1.03839407e-05
63.056  7.91693003e-07  1.26839076e-05
63.442 -4.67475744e-06  1.17895248e-05
63.829 -8.59267546e-06  8.09857536e-06
64.216 -9.69799726e-06  3.02529499e-06
64.603 -7.81084789e-06 -1.51743200e-06
64.990 -3.83951675e-06 -3.96329959e-06
65.377  5.35441842e-07 -3.64357820e-06
65.764  3.61266498e-06 -9.50080870e-07
66.150  4.32904298e-06  2.77138675e-06
66.537  2.56942857e-06  5.81930285e-06
66.924 -7.45864912e-07  6.84827966e-06
67.311 -4.06492581e-06  5.29901413e-06
67.698 -5.90186806e-06  1.65090482e-06
68.085 -5.34059864e-06 -2.76537858e-06
68.471 -2.40143173e-06 -6.38611586e-06
68.858  1.92750002e-06 -7.95473107e-06
69.245  6.16629289e-06 -6.97504748e-06
69.632  8.87994470e-06 -3.95485566e-06
70.019  9.17321132e-06 -1.14286159e-07
70.406  7.09382708e-06  3.10709177e-06
70.793  3.53582450e-06  4.54004277e-06
71.179 -1.71517477e-07  3.79034749e-06
71.566 -2.70809544e-06  1.34088404e-06
71.953 -3.31089442e-06 -1.73902586e-06
72.340 -2.05699543e-06 -4.16094372e-06
72.727  2.86552270e-07 -4.94746199e-06
73.114  2.53963104e-06 -3.85211372e-06
73.500  3.57879903e-06 -1.35396138e-06
73.887  2.84839810e-06  1.52146191e-06
74.274  5.01430032e-07  3.57535961e-06
74.661 -2.67519824e-06  3.98163727e-06
75.048 -5.51521163e-06  2.55907847e-06
75.435 -6.99954638e-06 -2.02443579e-07
75.822 -6.63650094e-06 -3.27077497e-06
76.208 -4.58471164e-06 -5.52874043e-06
76.595 -1.64700000e-06 -6.22578731e-06
76.982  1.07538917e-06 -5.18499696e-06
77.369  2.65865976e-06 -2.90470945e-06
77.756  2.62968435e-06 -3.52573424e-07
78.143  1.15662460e-06  1.48609265e-06
78.529 -1.00433779e-06  1.92669128e-06
78.916 -2.89195293e-06  8.37450631e-07
79.303 -3.67965411e-06 -1.27149431e-06
79.690 -2.96152832e-06 -3.52891909e-06
80.077 -9.61493074e-07 -5.03834851e-06
80.464  1.62000190e-06 -5.17177431e-06
80.850  3.90997767e-06 -3.86578940e-06
81.237  5.14115159e-06 -1.60565292e-06
81.624  4.99496781e-06  8.23447558e-07
82.011  3.71591753e-06  2.58411224e-06
82.398  1.93603378e-06  3.14025292e-06
82.785  4.68774823e-07  2.48595245e-06
83.172 -1.86971059e-08  1.06122930e-06
83.558  6.83047850e-07 -4.01790258e-07
83.945  2.31418337e-06 -1.15277180e-06
84.332  4.24582774e-06 -7.82473228e-07
84.719  5.68454921e-06  6.67302000e-07
85.106  6.04163232e-06  2.74338870e-06
85.493  5.13228222e-06  4.70309758e-06
85.879  3.19694790e-06  5.85185455e-06
86.266  8.61480981e-07  5.81063435e-06
86.653 -1.13705319e-06  4.59477243e-06
87.040 -2.25980666e-06  2.64798572e-06
87.427 -2.29706875e-06  6.56574814e-07
87.814 -1.46313399e-06 -7.67729268e-07
88.201 -3.11914648e-07 -1.25896143e-06
88.587  5.54809755e-07 -8.33310899e-07
88.974  6.86668425e-07  9.65115652e-08
89.361 -5.52865888e-08  9.60475751e-07
89.748 -1.39772067e-06  1.24600554e-06
90.135 -2.81958658e-06  6.67315423e-07
90.522 -3.76716539e-06 -6.66212915e-07
90.908 -3.82128530e-06 -2.32539890e-06
91.295 -2.90963873e-06 -3.75946330e-06
91.682 -1.32633582e-06 -4.45241691e-06
92.069  4.30626442e-07 -4.15382134e-06
92.456  1.79708600e-06 -2.98809700e-06
92.843  2.36646145e-06 -1.34377317e-06
93.230  2.07329799e-06  2.40156132e-07
93.616  1.14714022e-06  1.26902878e-06
94.003  2.87727878e-08  1.52559614e-06
94.390 -7.78015072e-07  1.09284256e-06
94.777 -9.58633869e-07  3.01096188e-07
95.164 -4.76280448e-07 -3.67528358e-07
95.551  4.49691111e-07 -5.23246639e-07
95.937  1.38675329e-06 -1.55226770e-08
96.324  1.89949085e-06  1.05574120e-06
96.711  1.73937725e-06  2.33567167e-06
97.098  8.88093439e-07  3.37125505e-06
97.485 -4.00546048e-07  3.82511797e-06
97.872 -1.69301810e-06  3.55141783e-06
98.258 -2.59256833e-06  2.66621731e-06
98.645 -2.84543603e-06  1.52497617e-06
99.032 -2.42923272e-06  5.27986976e-07
99.419 -1.59554744e-06 -8.63524482e-09
99.806 -7.17190632e-07  5.13231435e-08
100.193 -1.44538439e-07  5.68588186e-07
100.580 -1.08774435e-07  1.22380556e-06
100.966 -5.88680661e-07  1.66371825e-06
101.353 -1.33918288e-06  1.59313160e-06
101.740 -2.02616042e-06  9.26218450e-07
102.127 -2.31040121e-06 -1.75086698e-07
102.514 -1.99889312e-06 -1.41133268e-06
102.901 -1.14365448e-06 -2.41988275e-06
103.287  3.08821195e-08 -2.91030542e-06
103.674  1.19015379e-06 -2.80950494e-06
104.061  1.99604629e-06 -2.23568211e-06
104.448  2.27814071e-06 -1.44985474e-06
104.835  2.05726410e-06 -7.85200350e-07
105.222  1.51171336e-06 -4.71803000e-07
105.609  9.42962530e-07 -5.66174688e-07
105.995  6.16483116e-07 -9.69315389e-07
106.382  6.51419332e-07 -1.42940089e-06
106.769  1.02066004e-06 -1.66892109e-06
107.156  1.52919343e-06 -1.52357806e-06
107.543  1.89837711e-06 -9.62718999e-07
107.930  1.91899546e-06 -1.26832409e-07
108.316  1.49469238e-06  7.09538660e-07
108.703  6.88752806e-07  1.28937266e-06
109.090 -2.65708331e-07  1.44087962e-06
109.477 -1.09799386e-06  1.12926678e-06
109.864 -1.58776103e-06  5.09346471e-07
110.251 -1.61710671e-06 -1.71446224e-07
110.638 -1.25453619e-06 -6.73939304e-07
111.024 -7.03662328e-07 -8.17174669e-07
111.411 -1.98949812e-07 -5.80667884e-07
111.798  4.08540608e-08 -1.04193174e-07
112.185 -8.14349630e-08  4.07750690e-07
112.572 -4.93149878e-07  7.28042230e-07
112.959 -1.02815688e-06  7.02416469e-07
113.345 -1.46551125e-06  3.37220250e-07
113.732 -1.60528668e-06 -2.48919126e-07
114.119 -1.38318401e-06 -8.60623380e-07
114.506 -8.56861014e-07 -1.27611309e-06
114.893 -1.74186916e-07 -1.37233094e-06
115.280  4.50617238e-07 -1.14739491e-06
115.666  8.56587483e-07 -6.93281663e-07
116.053  9.92458844e-07 -1.94501734e-07
116.440  8.96323520e-07  1.72664367e-07
116.827  7.10606753e-07  3.24758581e-07
117.214  6.09852031e-07  2.61344126e-07
117.601  6.96964475e-07  8.88345170e-08
117.988  9.98127234e-07 -1.85075006e-08
118.374  1.43621790e-06  6.92759548e-08
118.761  1.83596496e-06  4.13524033e-07
119.148  2.03205155e-06  9.80809390e-07
119.535  1.91468073e-06  1.61654961e-06
119.922  1.45445465e-06  2.13545351e-06
120.309  7.55060942e-07  2.38572255e-06
120.695 -7.16244780e-09  2.27231239e-06
121.082 -6.59101374e-07  1.82703257e-06
121.469 -1.05240292e-06  1.18591434e-06
121.856 -1.13993188e-06  5.11091319e-07
122.243 -9.92924137e-07 -2.92045129e-08
122.630 -7.30971248e-07 -3.31800087e-07
123.017 -5.03225326e-07 -4.10652941e-07
123.403 -4.32683046e-07 -3.43215385e-07
123.790 -5.39588624e-07 -2.50925479e-07
124.177 -7.73241092e-07 -2.63921898e-07
124.564 -1.03446676e-06 -4.31729961e-07
124.951 -1.19042292e-06 -7.29215044e-07
125.338 -1.16456917e-06 -1.08205910e-06
125.724 -9.57726320e-07 -1.36427299e-06
126.111 -6.21192954e-07 -1.47783456e-06
126.498 -2.70378781e-07 -1.39908995e-06
126.885 -2.33158706e-08 -1.15455183e-06
127.272  6.70689196e-08 -8.39606888e-07
127.659 -2.61783797e-09 -5.80741667e-07
128.046 -1.67274452e-07 -4.54241033e-07
128.432 -3.04963149e-07 -4.88045374e-07
128.819 -3.21889739e-07 -6.46210075e-07
129.206 -1.68045357e-07 -8.15760300e-07
129.593  1.51828637e-07 -8.84651614e-07
129.980  5.44003324e-07 -7.75955591e-07
130.367  8.85935013e-07 -4.54887419e-07
130.753  1.07601711e-06  2.20377087e-08
131.140  1.03798417e-06  5.40933183e-07
131.527  7.76780924e-07  9.89659333e-07
131.914  3.75181486e-07  1.26132995e-06
132.301 -6.65465427e-08  1.30796393e-06
132.688 -4.35017485e-07  1.16687770e-06
133.074 -6.46901668e-07  9.07479885e-07
133.461 -6.99169791e-07  6.24195039e-07
133.848 -6.29674681e-07  4.09514093e-07
134.235 -5.05178327e-07  2.89365076e-07
134.622 -4.12004826e-07  2.44415611e-07
135.009 -3.87141281e-07  2.28659552e-07
135.396 -4.18748939e-07  1.64028056e-07
135.782 -4.70845324e-07  4.52962833e-09
136.169 -4.68399516e-07 -2.42668000e-07
136.556 -3.49395283e-07 -5.44932755e-07
136.943 -1.05937230e-07 -8.25782280e-07
137.330  2.41140326e-07 -9.99958024e-07
137.717  6.25325842e-07 -1.03052357e-06
138.103  9.49513592e-07 -9.12182528e-07
138.490  1.15177459e-06 -6.83885684e-07
138.877  1.20213494e-06 -4.34538477e-07
139.264  1.10900054e-06 -2.38034429e-07
139.651  9.43005842e-07 -1.40793909e-07
140.038  7.81992916e-07 -1.61823650e-07
140.425  6.83075094e-07 -2.55869328e-07
140.811  6.87775402e-07 -3.50654572e-07
141.198  7.78997677e-07 -3.87029976e-07
141.585  8.95657925e-07 -3.10972593e-07
141.972  9.79892853e-07 -1.15106130e-07
142.359  9.69518147e-07  1.52470045e-07
142.746  8.31634064e-07  4.36254169e-07
143.132  5.92520953e-07  6.69810753e-07
143.519  2.95572907e-07  7.97069332e-07
143.906 -1.76456908e-09  8.17708319e-07
144.293 -2.35013146e-07  7.57011741e-07
144.680 -3.85723122e-07  6.54602485e-07
145.067 -4.67326963e-07  5.70454281e-07
145.454 -5.05558457e-07  5.32195840e-07
145.840 -5.53558507e-07  5.31023010e-07
146.227 -6.46560815e-07  5.47461972e-07
146.614 -7.79504910e-07  5.32358702e-07
147.001 -9.34791173e-07  4.39498794e-07
147.388 -1.06450148e-06  2.63936711e-07
147.775 -1.10719599e-06  1.77942409e-08
148.161 -1.03749306e-06 -2.56968840e-07
148.548 -8.51118359e-07 -4.88412936e-07
148.935 -5.70890397e-07 -6.28411853e-07
149.322 -2.62941308e-07 -6.50858968e-07
149.709  1.28269427e-08 -5.50467212e-07
150.096  2.15141893e-07 -3.71615293e-07
150.482  3.13591792e-07 -1.70780197e-07
150.869  3.24357321e-07  8.57311199e-09
151.256  2.90021279e-07  1.23483811e-07
151.643  2.45292968e-07  1.67264759e-07
152.030  2.31458626e-07  1.68779621e-07
152.417  2.67254286e-07  1.53656310e-07
152.804  3.31628355e-07  1.56882999e-07
153.190  4.02107273e-07  2.04910392e-07
153.577  4.48204982e-07  2.84335404e-07
153.964  4.36453277e-07  3.74557193e-07
154.351  3.70375632e-07  4.50093902e-07
154.738  2.68373223e-07  4.73632497e-07
155.125  1.51416565e-07  4.38291625e-07
155.511  5.87389055e-08  3.59516646e-07
155.898  9.31809871e-09  2.53892911e-07
156.285 -5.82143515e-09  1.59015893e-07
156.672  2.99687027e-09  1.03873148e-07
157.059  4.72746218e-09  8.60138749e-08
157.446 -3.54044914e-08  9.88249697e-08
157.833 -1.21124050e-07  1.16905344e-07
158.219 -2.47882604e-07  9.89579551e-08
158.606 -3.95887859e-07  2.95268891e-08
158.993 -5.19540693e-07 -9.45208995e-08
159.380 -5.89765108e-07 -2.65667406e-07
159.767 -5.92738628e-07 -4.44244893e-07
160.154 -5.20134093e-07 -5.94638712e-07
160.540 -3.97140203e-07 -6.96870989e-07
160.927 -2.57837263e-07 -7.30626512e-07
161.314 -1.22235323e-07 -7.04198669e-07
161.701 -1.53173851e-08 -6.44603588e-07
162.088  5.72691543e-08 -5.66417604e-07
162.475  1.14500310e-07 -4.89936851e-07
162.862  1.64835087e-07 -4.25956447e-07
163.248  2.19173844e-07 -3.57564481e-07
163.635  2.86843433e-07 -2.74752817e-07
164.022  3.48383064e-07 -1.70701621e-07
164.409  3.84956402e-07 -3.54060072e-08
164.796  3.86293900e-07  1.12563820e-07
165.183  3.36980796e-07  2.45803642e-07
165.569  2.48216728e-07  3.47614385e-07
165.956  1.51133245e-07  3.95332793e-07
166.343  6.82352990e-08  3.88118943e-07
166.730  2.83101122e-08  3.55139036e-07
167.117  4.55594355e-08  3.22874274e-07
167.504  9.68199677e-08  3.24440958e-07
167.890  1.52197790e-07  3.87447848e-07
168.277  1.73656373e-07  4.99147480e-07
168.664  1.18088023e-07  6.28678846e-07
169.051 -2.00193169e-08  7.33807486e-07
169.438 -2.16899811e-07  7.55714444e-07
169.825 -4.32256717e-07  6.63825555e-07
170.212 -5.97132694e-07  4.64770417e-07
170.598 -6.54417491e-07  1.87470896e-07
170.985 -5.85330326e-07 -9.95966803e-08
171.372 -3.96989597e-07 -3.18344386e-07
171.759 -1.42946892e-07 -4.22032072e-07
172.146  9.10394469e-08 -3.89749276e-07
172.533  2.36298043e-07 -2.48509626e-07
172.919  2.45677744e-07 -7.79353588e-08
173.306  1.15649219e-07  3.91255745e-08
173.693 -8.94823246e-08  3.19792142e-08
174.080 -2.78040552e-07 -1.36946141e-07
174.467 -3.55814384e-07 -4.30166851e-07
174.854 -2.45049526e-07 -7.57977341e-07
175.241  5.99410660e-08 -1.00825984e-06
175.627  4.90963877e-07 -1.06215543e-06
176.014  9.33598810e-07 -8.56940971e-07
176.401  1.23717779e-06 -4.16022154e-07
176.788  1.27641450e-06  1.68189551e-07
177.175  1.00827641e-06  7.35177526e-07
177.562  4.73107793e-07  1.10674980e-06
177.948 -1.93299036e-07  1.16385633e-06
178.335 -7.88661524e-07  8.70630917e-07
178.722 -1.12863995e-06  3.02443624e-07
179.109 -1.09345680e-06 -3.52994389e-07
179.496 -6.72539671e-07 -8.71857252e-07
179.883 -5.95436475e-10 -1.05747235e-06
180.270  6.93800861e-07 -7.98919307e-07
180.656  1.15701271e-06 -1.41975354e-07
181.043  1.17646528e-06  7.22997417e-07
181.430  6.80399074e-07  1.52049696e-06
181.817 -2.25751581e-07  1.95336876e-06
182.204 -1.29340436e-06  1.81921439e-06
182.591 -2.17890198e-06  1.09661273e-06
182.977 -2.55930940e-06 -4.95441290e-08
183.364 -2.26049770e-06 -1.28709918e-06
183.751 -1.31035868e-06 -2.21125757e-06
184.138  3.94426851e-08 -2.49701307e-06
184.525  1.36610043e-06 -2.00016774e-06
184.912  2.22720893e-06 -8.26725603e-07
185.298  2.29939308e-06  6.60389363e-07
185.685  1.49472069e-06  1.96260852e-06
186.072  3.70917832e-08  2.60183035e-06
186.459 -1.59987363e-06  2.27406473e-06
186.846 -2.83838255e-06  9.95673969e-07
187.233 -3.16797629e-06 -8.76523639e-07
187.620 -2.34962959e-06 -2.74825728e-06
188.006 -5.30069137e-07 -3.94958621e-06
188.393  1.78822920e-06 -3.97230278e-06
188.780  3.86646583e-06 -2.67517831e-06
189.167  4.96464393e-06 -3.49507823e-07
189.554  4.61666436e-06  2.32543674e-06
189.941  2.79959148e-06  4.47274271e-06
190.327 -1.03899865e-08  5.32451104e-06
190.714 -2.94077450e-06  4.48399727e-06
191.101 -5.00982550e-06  2.09404528e-06
191.488 -5.45040290e-06 -1.14318974e-06
191.875 -3.98405252e-06 -4.17734293e-06
192.262 -9.82597526e-07 -5.94633012e-06
192.649  2.61498471e-06 -5.72811857e-06
193.035  5.59137476e-06 -3.44163343e-06
193.422  6.83277214e-06  2.71114617e-07
193.809  5.74169444e-06  4.22408068e-06
194.196  2.49819041e-06  7.03729175e-06
194.583 -1.95656455e-06  7.61011023e-06
194.970 -6.17098383e-06  5.54599695e-06
195.356 -8.64619059e-06  1.33137507e-06
195.743 -8.37748298e-06 -3.75336218e-06
196.130 -5.23147097e-06 -8.00614756e-06
196.517 -6.36524883e-08 -9.88667668e-06
196.904  5.48471745e-06 -8.55989630e-06
197.291  9.51828936e-06 -4.23653276e-06
197.678  1.05307533e-05  1.79881550e-06
198.064  7.94849048e-06  7.56834570e-06
198.451  2.42224797e-06  1.10488552e-05
198.838 -4.31448848e-06  1.08601233e-05
199.225 -9.98748515e-06  6.81272833e-06
199.612 -1.25223087e-05  6.54704795e-08
199.999 -1.07965942e-05 -7.20199178e-06
200.385 -5.11437331e-06 -1.24660819e-05
200.772  2.81867376e-06 -1.37225249e-05
201.159  1.03861333e-05 -1.02444628e-05
201.546  1.49096881e-05 -2.90930030e-06
201.933  1.46057683e-05  5.99729273e-06
202.320  9.26020893e-06  1.34755115e-05
202.706  4.01992449e-07  1.68369316e-05
203.093 -9.10256935e-06  1.46641517e-05
203.480 -1.59864533e-05  7.37765914e-06
203.867 -1.77079197e-05 -2.77810817e-06
204.254 -1.33718710e-05 -1.24198415e-05
204.641 -4.16035074e-06 -1.81567213e-05
205.028  6.96005270e-06 -1.77646700e-05
205.414  1.61937198e-05 -1.10483489e-05
205.801  2.01881601e-05 -3.47804350e-08
206.188  1.72439363e-05  1.16325424e-05
206.575  8.02076625e-06  1.98747319e-05
206.962 -4.58162059e-06  2.15870064e-05
207.349 -1.63174698e-05  1.58048171e-05
207.735 -2.30079078e-05  4.14586142e-06
208.122 -2.20363495e-05 -9.62460404e-06
208.509 -1.33449215e-05 -2.07923362e-05
208.896  4.22644091e-07 -2.53226794e-05
209.283  1.46983799e-05 -2.13162585e-05
209.670  2.45151901e-05 -9.76918018e-06
210.057  2.62448594e-05  5.62123075e-06
210.443  1.89226364e-05  1.96348650e-05
210.830  4.72307857e-06  2.73111163e-05
211.217 -1.16598815e-05  2.56920883e-05
211.604 -2.45727833e-05  1.49602472e-05
211.991 -2.93406874e-05 -1.47859128e-06
212.378 -2.39561987e-05 -1.80769781e-05
212.764 -9.91430836e-06 -2.90055577e-05
213.151  8.18751274e-06 -3.01899043e-05
213.538  2.41468568e-05 -2.08358301e-05
213.925  3.22686979e-05 -3.82741951e-06
214.312  2.94108775e-05  1.51568064e-05
214.699  1.61844010e-05  2.95272920e-05
215.086 -3.13854035e-06  3.40883670e-05
215.472 -2.19868438e-05  2.69248910e-05
215.859 -3.37374566e-05  1.01745661e-05
216.246 -3.40621264e-05 -1.05784308e-05
216.633 -2.25129128e-05 -2.81630621e-05
217.020 -2.81011717e-06 -3.63193872e-05
217.407  1.83375273e-05 -3.19229667e-05
217.793  3.35323364e-05 -1.61828181e-05
218.180  3.72727275e-05  5.64881535e-06
218.567  2.79454322e-05  2.60372104e-05
218.954  8.51668821e-06  3.77647452e-05
219.341 -1.44098765e-05  3.64807605e-05
219.728 -3.28411987e-05  2.23291175e-05
220.114 -4.01739621e-05  2.63780629e-10
220.501 -3.35771917e-05 -2.28317306e-05
220.888 -1.50795146e-05 -3.81415682e-05
221.275  9.05836490e-06 -4.03936673e-05
221.662  3.04581575e-05 -2.85597944e-05
222.049  4.15500432e-05 -6.55485400e-06
222.436  3.82800447e-05  1.80474712e-05
222.822  2.15916141e-05  3.66275097e-05
223.209 -2.82217924e-06  4.25707909e-05
223.596 -2.64513087e-05  3.36306108e-05
223.983 -4.09595844e-05  1.27848480e-05
224.370 -4.11359917e-05 -1.27344631e-05
224.757 -2.67731035e-05 -3.39655309e-05
225.143 -2.81459081e-06 -4.33762561e-05
225.530  2.23525110e-05 -3.75390941e-05
225.917  3.98484868e-05 -1.84019637e-05
226.304  4.34345613e-05  7.35835046e-06
226.691  3.17600078e-05  3.06830300e-05
227.078  8.88019802e-06  4.33192871e-05
227.465 -1.71682213e-05  4.07632407e-05
227.851 -3.71943992e-05  2.38900668e-05
228.238 -4.41165269e-05 -1.35187103e-06
228.625 -3.55025116e-05 -2.60375558e-05
229.012 -1.44317110e-05 -4.14301338e-05
229.399  1.15977383e-05 -4.21095846e-05
229.786  3.33303829e-05 -2.78964785e-05
230.172  4.30714861e-05 -3.90401399e-06
230.559  3.74287607e-05  2.12834709e-05
230.946  1.85002616e-05  3.86977837e-05
231.333 -6.88270127e-06  4.21986627e-05
231.720 -2.96268814e-05  3.06426074e-05
232.107 -4.16551637e-05  8.27495040e-06
232.494 -3.87787669e-05 -1.68253516e-05
232.880 -2.21757812e-05 -3.56847843e-05
233.267  2.06999870e-06 -4.16498867e-05
233.654  2.52151942e-05 -3.27543994e-05
234.041  3.90185820e-05 -1.23883582e-05
234.428  3.86936887e-05  1.19966934e-05
234.815  2.46027970e-05  3.16188724e-05
235.201  2.04652259e-06  3.95382407e-05
235.588 -2.07240835e-05  3.31478706e-05
235.975 -3.55202024e-05  1.50436742e-05
236.362 -3.71873940e-05 -8.00903758e-06
236.749 -2.54213378e-05 -2.75839300e-05
237.136 -4.77730480e-06 -3.66867592e-05
237.522  1.70646168e-05 -3.22759354e-05
237.909  3.21562739e-05 -1.62765914e-05
238.296  3.51946682e-05  5.21492827e-06
238.683  2.53878693e-05  2.42401037e-05
239.070  6.64769708e-06  3.39429121e-05
239.457 -1.39403139e-05  3.10460464e-05
239.844 -2.88051932e-05  1.69663995e-05
240.230 -3.26812116e-05 -2.80612700e-06
240.617 -2.44826497e-05 -2.08432302e-05
241.004 -7.61281329e-06 -3.05712438e-05
241.391  1.14178847e-05 -2.86700552e-05
241.778  2.54953081e-05 -1.62319031e-05
242.165  2.95501470e-05  1.76272650e-06
242.551  2.24022661e-05  1.84171413e-05
242.938  7.10261457e-06  2.75359576e-05
243.325 -1.03372088e-05  2.59325303e-05
243.712 -2.32745097e-05  1.45564744e-05
244.099 -2.69541368e-05 -1.98699939e-06
244.486 -2.02694998e-05 -1.72689416e-05
244.873 -6.07703383e-06 -2.55133386e-05
245.259  9.99091100e-06 -2.37899179e-05
245.646  2.17307372e-05 -1.30539278e-05
246.033  2.47650135e-05  2.31913366e-06
246.420  1.81764239e-05  1.62780250e-05
246.807  4.77172367e-06  2.34683713e-05
247.194 -1.00685124e-05  2.12858130e-05
247.580 -2.05262188e-05  1.08131706e-05
247.967 -2.26182320e-05 -3.66124008e-06
248.354 -1.56977810e-05 -1.63658887e-05
248.741 -2.65584243e-06 -2.23309777e-05
249.128  1.12538903e-05 -1.93054970e-05
249.515  2.05152974e-05 -8.60056907e-06
249.902  2.15076050e-05  5.45585075e-06
250.288  1.39013106e-05  1.72604047e-05
250.675  7.72088360e-07  2.21454796e-05
251.062 -1.26414207e-05  1.81988382e-05
251.449 -2.10152997e-05  7.01396564e-06
251.836 -2.10253500e-05 -6.95472478e-06
252.223 -1.26621575e-05 -1.81621401e-05
252.609  7.66207900e-07 -2.21459038e-05
252.996  1.39474963e-05 -1.72909332e-05
253.383  2.16431988e-05 -5.47805748e-06
253.770  2.07516274e-05  8.65811642e-06
254.157  1.15483985e-05  1.95333903e-05
254.544 -2.41505271e-06  2.27986896e-05
254.930 -1.56824311e-05  1.70681942e-05
255.317 -2.30084485e-05  4.47576844e-06
255.704 -2.14261235e-05 -1.01353392e-05
256.091 -1.14216977e-05 -2.10698380e-05
256.478  3.23218227e-06 -2.40040864e-05
256.865  1.69024817e-05 -1.76830723e-05
257.252  2.42728865e-05 -4.42491509e-06
257.638  2.24143871e-05  1.07344800e-05
258.025  1.19274643e-05  2.19664831e-05
258.412 -3.25202505e-06  2.49042922e-05
258.799 -1.73378452e-05  1.83267875e-05
259.186 -2.49175940e-05  4.65552523e-06
259.573 -2.30256603e-05 -1.09396033e-05
259.959 -1.22941193e-05 -2.25160455e-05
260.346  3.25523873e-06 -2.56242019e-05
260.733  1.77388245e-05 -1.90084569e-05
261.120  2.56478489e-05 -5.11389649e-06
261.507  2.39372516e-05  1.08358602e-05
261.894  1.32024800e-05  2.28221700e-05
262.281 -2.53889784e-06  2.63027609e-05
262.667 -1.73755160e-05  1.99436008e-05
263.054 -2.57284732e-05  6.12980265e-06
263.441 -2.44638877e-05 -9.95034054e-06
263.828 -1.40816058e-05 -2.22612154e-05
264.215  1.49463759e-06 -2.61975867e-05
264.602  1.64047201e-05 -2.03272590e-05
264.988  2.50618901e-05 -6.90637814e-06
265.375  2.42665769e-05  8.99128327e-06
265.762  1.43885296e-05  2.13914211e-05
266.149 -8.04757452e-07  2.56829206e-05
266.536 -1.55810674e-05  2.03377926e-05
266.923 -2.44224740e-05  7.44619438e-06
267.310 -2.40982353e-05 -8.09533422e-06
267.696 -1.48389496e-05 -2.04566123e-05
268.083 -2.14688291e-07 -2.50804171e-05
268.470  1.42474944e-05 -2.03621085e-05
268.857  2.31753470e-05 -8.21166472e-06
269.244  2.33529291e-05  6.71180212e-06
269.631  1.48887014e-05  1.88050008e-05
270.017  1.12422071e-06  2.36321282e-05
270.404 -1.26915922e-05  1.95604796e-05
270.791 -2.14088124e-05  8.32726563e-06
271.178 -2.18982842e-05 -5.69168618e-06
271.565 -1.41924822e-05 -1.71875744e-05
271.952 -1.39671432e-06 -2.19243461e-05
272.338  1.15606444e-05 -1.83144342e-05
272.725  1.98177882e-05 -7.95186336e-06
273.112  2.04143229e-05  5.08101589e-06
273.499  1.33635170e-05  1.58103562e-05
273.886  1.55454290e-06  2.02736692e-05
274.273 -1.04149677e-05  1.69993922e-05
274.660 -1.80246323e-05  7.48238266e-06
275.046 -1.85547993e-05 -4.46861456e-06
275.433 -1.20588711e-05 -1.42389179e-05
275.820 -1.25590143e-06 -1.81997241e-05
276.207  9.57753993e-06 -1.50589209e-05
276.594  1.62984391e-05 -6.27585343e-06
276.981  1.64817541e-05  4.57175170e-06
277.367  1.02886057e-05  1.32314001e-05
277.754  3.34360430e-07  1.64386691e-05
278.141 -9.39473337e-06  1.31353113e-05
278.528 -1.51324827e-05  4.81834622e-06
278.915 -1.47752382e-05 -5.11085128e-06
279.302 -8.65240132e-06 -1.27327428e-05
279.689  6.62428135e-07 -1.51417799e-05
280.075  9.42692841e-06 -1.15485388e-05
280.462  1.42197052e-05 -3.54188383e-06
280.849  1.32644126e-05  5.60263272e-06
281.236  7.09622480e-06  1.22501791e-05
281.623 -1.70817111e-06  1.38335780e-05
282.010 -9.59608243e-06  9.84871432e-06
282.396 -1.34493328e-05  2.00861048e-06
282.783 -1.18126362e-05 -6.48595081e-06
283.170 -5.44154259e-06 -1.22294426e-05
283.557  3.04523946e-06 -1.29647258e-05
283.944  1.02250678e-05 -8.46619129e-06
284.331  1.32368961e-05 -5.89309750e-07
284.718  1.09179035e-05  7.48856836e-06
285.104  4.23589948e-06  1.25371654e-05
285.491 -4.11767386e-06  1.25649308e-05
285.878 -1.08014675e-05  7.59157263e-06
286.265 -1.31626864e-05 -3.81474057e-07
286.652 -1.02816352e-05 -8.16749594e-06
287.039 -3.31639568e-06 -1.26693593e-05
287.425  4.95636215e-06 -1.21070824e-05
287.812  1.12479334e-05 -6.70478113e-06
288.199  1.30643718e-05  1.39772567e-06
288.586  9.67665209e-06  8.99205143e-06
288.973  2.40719318e-06  1.30761281e-05
289.360 -5.88769642e-06  1.20249272e-05
289.746 -1.19509710e-05  6.22545466e-06
290.133 -1.33954270e-05 -2.06831141e-06
290.520 -9.63115651e-06 -9.62758387e-06
290.907 -2.10405431e-06 -1.35080457e-05
291.294  6.27587758e-06 -1.21876864e-05
291.681  1.22701905e-05 -6.16594164e-06
292.068  1.35582132e-05  2.23601562e-06
292.454  9.64072016e-06  9.78417760e-06
292.841  2.02968364e-06  1.35730056e-05
293.228 -6.35024539e-06  1.21485774e-05
293.615 -1.22839359e-05  6.06828142e-06
294.002 -1.35019209e-05 -2.33225587e-06
294.389 -9.55440007e-06 -9.83841610e-06
294.775 -1.96360939e-06 -1.35879972e-05
295.162  6.36968301e-06 -1.21726621e-05
295.549  1.22756996e-05 -6.15771539e-06
295.936  1.35350437e-05  2.15284863e-06
296.323  9.71100408e-06  9.59960191e-06
296.710  2.29007927e-06  1.33843021e-05
297.097 -5.89445906e-06  1.21284661e-05
297.483 -1.17574790e-05  6.36841080e-06
297.870 -1.31384336e-05 -1.66615274e-06
298.257 -9.59441027e-06 -8.92110287e-06
298.644 -2.54482134e-06 -1.26936581e-05
299.031  5.29332746e-06 -1.16378861e-05
299.418  1.09649181e-05 -6.24901250e-06
299.804  1.23899560e-05  1.35256823e-06
300.191  9.12748420e-06  8.26449562e-06
300.578  2.51530094e-06  1.19113339e-05
300.965 -4.88289610e-06  1.10022935e-05
301.352 -1.02749157e-05  5.99693316e-06
301.739 -1.16903655e-05 -1.11616894e-06
302.126 -8.71097822e-06 -7.61429924e-06
302.512 -2.58626950e-06 -1.10783368e-05
302.899  4.29266082e-06 -1.03030888e-05
303.286  9.32051345e-06 -5.72108973e-06
303.673  1.06707587e-05  8.19095935e-07
304.060  7.96963607e-06  6.78914672e-06
304.447  2.38270381e-06  9.95760855e-06
304.833 -3.87357487e-06  9.23519354e-06
305.220 -8.40193481e-06  5.04319271e-06
305.607 -9.55084732e-06 -8.98101400e-07
305.994 -7.01332604e-06 -6.26003141e-06
306.381 -1.89299322e-06 -9.02224440e-06
306.768  3.75704652e-06 -8.23254748e-06
307.154  7.75803672e-06 -4.32582366e-06
307.541  8.64755831e-06  1.08304477e-06
307.928  6.20574986e-06  5.86267409e-06
308.315  1.50163964e-06  8.20917597e-06
308.702 -3.56292485e-06  7.31968374e-06
309.089 -7.02549557e-06  3.66908123e-06
309.476 -7.61630786e-06 -1.21422869e-06
309.862 -5.22467369e-06 -5.38737587e-06
310.249 -9.08586634e-07 -7.25767081e-06
310.636  3.56628440e-06 -6.18591072e-06
311.023  6.43919268e-06 -2.71182712e-06
311.410  6.63569142e-06  1.70253161e-06
311.797  4.17488065e-06  5.27940216e-06
312.183  1.24893012e-07  6.62527500e-06
312.570 -3.85621637e-06  5.27457238e-06
312.957 -6.18339334e-06  1.84776969e-06
313.344 -5.97281875e-06 -2.23274332e-06
313.731 -3.37849584e-06 -5.32008667e-06
314.118  5.03893066e-07 -6.20172673e-06
314.505  4.08991287e-06 -4.57872242e-06
314.891  5.94358147e-06 -1.15653878e-06
315.278  5.35516272e-06  2.65524134e-06
315.665  2.60483051e-06  5.31106756e-06
316.052 -1.16844813e-06  5.75671606e-06
316.439 -4.42580534e-06  3.84005993e-06
316.826 -5.85456959e-06  3.53747140e-07
317.212 -4.89054000e-06 -3.28331901e-06
317.599 -1.92718297e-06 -5.60168911e-06
317.986  1.84194768e-06 -5.67183543e-06
318.373  4.90390241e-06 -3.46100402e-06
318.760  6.03657877e-06  1.54550042e-07
319.147  4.78351880e-06  3.73813741e-06
319.534  1.63234560e-06  5.87228136e-06
319.920 -2.17494140e-06  5.71231141e-06
320.307 -5.14242453e-06  3.31464821e-06
320.694 -6.10639357e-06 -3.80050008e-07
321.081 -4.68497889e-06 -3.92545034e-06
321.468 -1.43369244e-06 -5.93814397e-06
321.855  2.37849861e-06 -5.62965075e-06
322.241  5.27054498e-06 -3.11892253e-06
322.628  6.11705906e-06  6.17688699e-07
323.015  4.58822241e-06  4.13586058e-06
323.402  1.27699277e-06  6.07634248e-06
323.789 -2.54320980e-06  5.69090360e-06
324.176 -5.40716580e-06  3.13329566e-06
324.562 -6.22035874e-06 -6.14245596e-07
324.949 -4.68425667e-06 -4.12121867e-06
325.336 -1.39713676e-06 -6.05505514e-06
325.723  2.38380076e-06 -5.69805144e-06
326.110  5.22143047e-06 -3.21080823e-06
326.497  6.05574463e-06  4.43282443e-07
326.884  4.60193195e-06  3.86617241e-06
327.270  1.44121060e-06  5.76741298e-06
327.657 -2.20454147e-06  5.45553284e-06
328.044 -4.94794634e-06  3.08270196e-06
328.431 -5.77060387e-06 -4.20892396e-07
328.818 -4.39403653e-06 -3.71098265e-06
329.205 -1.37443406e-06 -5.55324999e-06
329.591  2.11865068e-06 -5.28107167e-06
329.978  4.76480184e-06 -3.03530381e-06
330.365  5.59024699e-06  2.98675140e-07
330.752  4.32352121e-06  3.44875861e-06
331.139  1.48975828e-06  5.24387857e-06
331.526 -1.81154807e-06  5.04612726e-06
331.913 -4.33788084e-06  2.98519639e-06
332.299 -5.16713837e-06 -1.12690471e-07
332.686 -4.04171926e-06 -3.06061938e-06
333.073 -1.44794035e-06 -4.75987334e-06
333.460  1.59667516e-06 -4.61376957e-06
333.847  3.93596236e-06 -2.74143980e-06
334.234  4.71428655e-06  9.79105994e-08
334.620  3.69572917e-06  2.80765287e-06
335.007  1.32466157e-06  4.37436247e-06
335.394 -1.46449615e-06  4.25454642e-06
335.781 -3.61065931e-06  2.55731211e-06
336.168 -4.33827791e-06 -2.35767906e-08
336.555 -3.43670257e-06 -2.48603082e-06
336.942 -1.31179715e-06 -3.91591488e-06
337.328  1.18481237e-06 -3.83002997e-06
337.715  3.09984410e-06 -2.33329941e-06
338.102  3.74832748e-06 -5.99726701e-08
338.489  2.95368143e-06  2.09066790e-06
338.876  1.09577722e-06  3.31529149e-06
339.263 -1.05660480e-06  3.20139982e-06
339.649 -2.66617554e-06  1.86768698e-06
340.036 -3.14683094e-06 -1.01026162e-07
340.423 -2.37516824e-06 -1.90909469e-06
340.810 -7.23379677e-07 -2.86585154e-06
341.197  1.11500750e-06 -2.64375931e-06
341.584  2.41207907e-06 -1.39656523e-06
341.970  2.68538275e-06  3.26782117e-07
342.357  1.88312713e-06  1.82053793e-06
342.744  3.85377630e-07  2.50066965e-06
343.131 -1.17200206e-06  2.13609877e-06
343.518 -2.15484820e-06  9.29710970e-07
343.905 -2.18656818e-06 -5.87299348e-07
344.292 -1.29669398e-06 -1.77621812e-06
344.678  1.11445346e-07 -2.15119571e-06
345.065  1.43298376e-06 -1.57995564e-06
345.452  2.10853409e-06 -3.23351925e-07
345.839  1.85989077e-06  1.07995501e-06
346.226  7.96278429e-07  2.03177776e-06
346.613 -6.38582091e-07  2.12706771e-06
346.999 -1.84306975e-06  1.31822074e-06
347.386 -2.30895491e-06 -7.28302049e-08
347.773 -1.83172412e-06 -1.47890770e-06
348.160 -5.87190724e-07 -2.31933915e-06
348.547  9.32408150e-07 -2.24085358e-06
348.934  2.11328865e-06 -1.25437546e-06
349.321  2.47301436e-06  2.63551240e-07
349.707  1.84859179e-06  1.71330550e-06
350.094  4.64101832e-07  2.51622057e-06
350.481 -1.14728785e-06  2.34017623e-06
350.868 -2.35686772e-06  1.22932910e-06
351.255 -2.68505125e-06 -4.01883232e-07
351.642 -1.98349761e-06 -1.93154609e-06
352.028 -5.02359526e-07 -2.77215309e-06
352.415  1.20537425e-06 -2.58986595e-06
352.802  2.49978372e-06 -1.43917963e-06
353.189  2.89054549e-06  2.55439711e-07
353.576  2.22606342e-06  1.86766659e-06
353.963  7.54460414e-07  2.80049146e-06
354.350 -9.79271574e-07  2.71075363e-06
354.736 -2.33631454e-06  1.64266122e-06
355.123 -2.82085214e-06  7.37834486e-10
355.510 -2.27095262e-06 -1.60504161e-06
355.897 -9.09247165e-07 -2.58405790e-06
356.284  7.49075892e-07 -2.59166891e-06
356.671  2.08663999e-06 -1.65058782e-06
357.057  2.62105908e-06 -1.29184021e-07
357.444  2.18202712e-06  1.39673260e-06
357.831  9.59380712e-07  2.36630340e-06
358.218 -5.71961464e-07  2.44565302e-06
358.605 -1.83737137e-06  1.63760260e-06
358.992 -2.38585582e-06  2.73139779e-07
359.378 -2.04721271e-06 -1.12042484e-06
359.765 -9.86036785e-07 -2.03075088e-06
360.152  3.67361173e-07 -2.14694741e-06
360.539  1.49590919e-06 -1.46602445e-06
360.926  1.99200713e-06 -2.88192330e-07
361.313  1.70219129e-06  9.14603595e-07
361.700  7.81603756e-07  1.68594859e-06
362.086 -3.81046221e-07  1.75164413e-06
362.473 -1.32568511e-06  1.12291058e-06
362.860 -1.69340374e-06  8.04002347e-08
363.247 -1.36469597e-06 -9.50564442e-07
363.634 -4.99496593e-07 -1.56365527e-06
364.021  5.41928595e-07 -1.52974547e-06
364.407  1.34139835e-06 -8.85384579e-07
364.794  1.58607599e-06  9.66243046e-08
365.181  1.19445200e-06  1.01868699e-06
365.568  3.36679721e-07  1.51302297e-06
365.955 -6.38990088e-07  1.39204366e-06
366.342 -1.34030684e-06  7.14823162e-07
366.729 -1.49153337e-06 -2.44406413e-07
367.115 -1.03900607e-06 -1.10024579e-06
367.502 -1.62973011e-07 -1.51230956e-06
367.889  7.89252198e-07 -1.31973673e-06
368.276  1.44139614e-06 -5.94563737e-07
368.663  1.53895652e-06  3.83836666e-07
369.050  1.03898722e-06  1.23675679e-06
369.436  1.26675869e-07  1.63859533e-06
369.823 -8.53308960e-07  1.43455854e-06
370.210 -1.53589893e-06  6.96588048e-07
370.597 -1.66971194e-06 -3.00556399e-07
370.984 -1.20577471e-06 -1.19100086e-06
371.371 -3.19000658e-07 -1.65456916e-06
371.758  6.64995405e-07 -1.52831025e-06
372.144  1.39514253e-06 -8.68910775e-07
372.531  1.61675194e-06  7.53947648e-08
372.918  1.26561025e-06  9.65467010e-07
373.305  4.85844052e-07  1.48991712e-06
373.692 -4.36271452e-07  1.47797618e-06
374.079 -1.17515129e-06  9.58175754e-07
374.465 -1.48284682e-06  1.31728998e-07
374.852 -1.27815928e-06 -7.04580912e-07
375.239 -6.59202601e-07 -1.26519590e-06
375.626  1.42264935e-07 -1.38142007e-06
376.013  8.45984520e-07 -1.04745551e-06
376.400  1.23031534e-06 -4.06957856e-07
376.786  1.20190484e-06  3.03469777e-07
377.173  8.10508447e-07  8.49317420e-07
377.560  2.22677123e-07  1.07947994e-06
377.947 -3.51423675e-07  9.61781022e-07
378.334 -7.39173580e-07  5.83174419e-07
378.721 -8.52429683e-07  1.02965224e-07
379.108 -7.06627003e-07 -3.18803277e-07
379.494 -3.99419991e-07 -5.70817407e-07
379.881 -5.40830200e-08 -6.19066534e-07
380.268  2.25967394e-07 -5.05345193e-07
380.655  3.86417048e-07 -3.06700222e-07
381.042  4.32210382e-07 -9.69079761e-08
381.429  4.00240898e-07  7.74191426e-08
381.815  3.26977058e-07  2.10213481e-07
382.202  2.31808463e-07  3.16751884e-07
382.589  1.06774666e-07  4.03674894e-07
382.976 -6.68792036e-08  4.57093998e-07
383.363 -2.86038892e-07  4.38005520e-07
383.750 -5.12678507e-07  3.00017565e-07
384.137 -6.73157684e-07  2.90733362e-08
384.523 -6.77827791e-07 -3.34899169e-07
384.910 -4.69594304e-07 -6.95565204e-07
385.297 -6.07848973e-08 -9.18713834e-07
385.684  4.54948835e-07 -8.87568003e-07
386.071  9.13984928e-07 -5.58320351e-07
386.458  1.13855003e-06  1.08788300e-08
386.844  1.00955871e-06  6.56331043e-07
387.231  5.17725329e-07  1.15557635e-06
387.618 -2.10556700e-07  1.31080665e-06
388.005 -9.39935365e-07  1.02264894e-06
388.392 -1.40871167e-06  3.43071601e-07
388.779 -1.42039140e-06 -5.21116325e-07
389.166 -9.23998725e-07 -1.27591039e-06
389.552 -5.46615242e-08 -1.63930801e-06
389.939  9.04722143e-07 -1.44413793e-06
390.326  1.61636493e-06 -7.17394245e-07
390.713  1.80290376e-06  3.17090061e-07
391.100  1.36091575e-06  1.30966875e-06
391.487  4.11147781e-07  1.89867698e-06
391.873 -7.36250239e-07  1.84741584e-06
392.260 -1.67802428e-06  1.14165801e-06
392.647 -2.06260484e-06  1.75388421e-09
393.034 -1.72722893e-06 -1.18068315e-06
393.421 -7.61631325e-07 -1.97684767e-06
393.808  5.09769488e-07 -2.08311689e-06
394.194  1.63246067e-06 -1.43393017e-06
394.581  2.19015481e-06 -2.36936898e-07
394.968  1.95721967e-06  1.08579096e-06
395.355  9.87818957e-07  2.05029080e-06
395.742 -3.85539009e-07  2.28672093e-06
396.129 -1.66745106e-06  1.67657514e-06
396.516 -2.37868181e-06  4.13611186e-07
396.902 -2.22891768e-06 -1.05647015e-06
397.289 -1.23771066e-06 -2.19541062e-06
397.676  2.58348554e-07 -2.56263318e-06
398.063  1.72310062e-06 -1.98632835e-06
398.450  2.60668969e-06 -6.42976857e-07
398.837  2.55009415e-06  9.99206657e-07
399.223  1.53327558e-06  2.33834154e-06
399.610 -1.07270684e-07  2.85472584e-06
