0.378  3.86478071e-03 -6.12121130e-04
0.757  2.22552940e-03  5.80848132e-04
1.135  1.17095094e-03  1.11982162e-03
1.514  3.40883932e-04  1.18703894e-03
1.892 -2.85087589e-04  9.40560925e-04
2.271 -6.46547678e-04  5.24414148e-04
2.649 -7.05547131e-04  7.79086141e-05
3.027 -5.39310137e-04 -3.15799176e-04
3.406 -2.36858872e-04 -4.91666844e-04
3.784  8.49927233e-05 -4.80187228e-04
4.163  3.20927125e-04 -3.29608116e-04
4.541  4.07999910e-04 -8.69062800e-05
4.920  3.32408800e-04  1.62644810e-04
5.298  1.62097323e-04  3.09889547e-04
5.677 -5.50050620e-05  3.22835436e-04
6.055 -2.18729239e-04  2.22331358e-04
6.433 -2.85917836e-04  5.32951170e-05
6.812 -2.51109652e-04 -1.12151168e-04
7.190 -1.29889832e-04 -2.17213400e-04
7.569  2.97957069e-05 -2.26813282e-04
7.947  1.60122384e-04 -1.56435801e-04
8.326  2.08535387e-04 -3.52387057e-05
8.704  1.78328737e-04  9.46205131e-05
9.082  8.48768082e-05  1.72611319e-04
9.461 -2.94741043e-05  1.80218538e-04
9.839 -1.25583915e-04  1.25642886e-04
10.218 -1.63254787e-04  2.87199706e-05
10.596 -1.40428011e-04 -6.78474403e-05
10.975 -6.71784192e-05 -1.31668656e-04
11.353  3.35460586e-05 -1.45877699e-04
11.731  1.19281169e-04 -1.03849965e-04
12.110  1.53430649e-04 -2.48395772e-05
12.488  1.30273893e-04  6.08130858e-05
12.867  6.43676376e-05  1.19929735e-04
13.245 -1.75115093e-05  1.31861876e-04
13.624 -8.42052238e-05  9.40975841e-05
14.002 -1.14062336e-04  2.45768512e-05
14.381 -9.90631173e-05 -4.63544497e-05
14.759 -4.79271767e-05 -9.23690562e-05
15.137  1.87169932e-05 -1.01250047e-04
15.516  7.49042573e-05 -7.12767900e-05
15.894  1.00622006e-04 -1.50488486e-05
16.273  8.75534034e-05  4.56608636e-05
16.651  4.30310925e-05  8.61671809e-05
17.030 -1.38778394e-05  9.06335781e-05
17.408 -6.00504357e-05  5.86831124e-05
17.786 -7.89249158e-05  4.87621249e-06
18.165 -6.56271742e-05 -4.91189010e-05
18.543 -2.60353925e-05 -8.37416284e-05
18.922  2.31446320e-05 -8.76975918e-05
19.300  6.22723003e-05 -6.20835389e-05
19.679  7.60734864e-05 -1.83725105e-05
20.057  6.04985109e-05  2.60729861e-05
20.435  2.31281274e-05  5.43939247e-05
20.814 -2.15421944e-05  5.68887559e-05
21.192 -5.71925579e-05  3.33765329e-05
21.571 -7.01176768e-05 -5.38130790e-06
21.949 -5.64870280e-05 -4.33820628e-05
22.328 -2.28207568e-05 -6.52441887e-05
22.706  1.78040745e-05 -6.46020748e-05
23.085  4.91909139e-05 -4.23830204e-05
23.463  6.07560153e-05 -7.00435233e-06
23.841  4.89035702e-05  2.83175733e-05
24.220  1.93722511e-05  5.03216832e-05
24.598 -1.59908966e-05  5.08594622e-05
24.977 -4.29125960e-05  3.02747475e-05
25.355 -5.13991632e-05 -2.11124048e-06
25.734 -3.89122004e-05 -3.27218863e-05
26.112 -1.17534544e-05 -4.97391131e-05
26.490  1.85925575e-05 -4.76081326e-05
26.869  4.03494247e-05 -2.84318355e-05
27.247  4.59036969e-05 -8.74914620e-07
27.626  3.43982955e-05  2.42461740e-05
28.004  1.08469773e-05  3.75610308e-05
28.383 -1.52720245e-05  3.42230372e-05
28.761 -3.41153635e-05  1.60061952e-05
29.139 -3.86895754e-05 -9.82556856e-06
29.518 -2.76945101e-05 -3.32320418e-05
29.896 -5.82921656e-06 -4.55023418e-05
30.275  1.85591818e-05 -4.26675496e-05
30.653  3.58296688e-05 -2.62735806e-05
31.032  3.94017685e-05 -2.90199763e-06
31.410  2.84967441e-05  1.82405395e-05
31.789  7.82729650e-06  2.91817096e-05
32.167 -1.42610526e-05  2.62821449e-05
32.545 -2.90832891e-05  1.13413971e-05
32.924 -3.12513030e-05 -9.25067383e-06
33.302 -2.00986417e-05 -2.68486525e-05
33.681 -2.02553668e-07 -3.43170688e-05
34.059  2.05191816e-05 -2.89816435e-05
34.438  3.43169996e-05 -1.31278532e-05
34.816  3.65047119e-05  7.10577798e-06
35.194  2.69103454e-05  2.43211657e-05
35.573  9.76302394e-06  3.26260641e-05
35.951 -8.22169994e-06  2.94325563e-05
36.330 -2.03986307e-05  1.64700974e-05
36.708 -2.25169840e-05 -7.42355334e-07
37.087 -1.44173379e-05 -1.53471471e-05
37.465  1.00062765e-07 -2.17385309e-05
37.843  1.49193761e-05 -1.76064928e-05
38.222  2.38808728e-05 -5.01711452e-06
38.600  2.33474587e-05  1.07918927e-05
38.979  1.36707435e-05  2.36000090e-05
39.357 -1.31858173e-06  2.84776452e-05
39.736 -1.58945559e-05  2.37775066e-05
40.114 -2.45514053e-05  1.16192018e-05
40.493 -2.42967079e-05 -3.15826852e-06
40.871 -1.56644713e-05 -1.48363135e-05
41.249 -2.20775921e-06 -1.91452161e-05
41.628  1.07190842e-05 -1.48773378e-05
42.006  1.80361073e-05 -4.14715721e-06
42.385  1.71072179e-05  8.44252268e-06
42.763  8.52783091e-06  1.76758347e-05
43.142 -4.19027218e-06  1.98612278e-05
43.520 -1.59638930e-05  1.40772976e-05
43.898 -2.23020574e-05  2.44304216e-06
44.277 -2.09404296e-05 -1.06499716e-05
44.655 -1.25351724e-05 -2.04118405e-05
45.034 -4.45842727e-07 -2.35091164e-05
45.412  1.07139878e-05 -1.91558385e-05
45.791  1.69172225e-05 -9.43104635e-06
46.169  1.60800023e-05  1.63985983e-06
46.547  8.91279786e-06  9.78963113e-06
46.926 -1.42653470e-06  1.20221478e-05
47.304 -1.07934235e-05  7.74012719e-06
47.683 -1.55887379e-05 -1.02339546e-06
48.061 -1.41128542e-05 -1.06099068e-05
48.440 -7.25230434e-06 -1.71655694e-05
48.818  2.10524203e-06 -1.80656852e-05
49.197  1.02416086e-05 -1.30016487e-05
49.575  1.39462720e-05 -3.96983442e-06
49.953  1.18824758e-05  5.60777620e-06
50.332  5.05199633e-06  1.21443301e-05
50.710 -3.76936997e-06  1.33862215e-05
51.089 -1.10724018e-05  9.25525401e-06
51.467 -1.40409281e-05  1.66446703e-06
51.846 -1.16834245e-05 -6.21129806e-06
52.224 -5.01672254e-06 -1.12002024e-05
52.602  3.34756963e-06 -1.14581264e-05
52.981  1.01839440e-05 -7.02837477e-06
53.359  1.30205922e-05  2.32828653e-07
53.738  1.09931547e-05  7.34832650e-06
54.116  5.07040113e-06  1.15170288e-05
54.495 -2.26800484e-06  1.11495296e-05
54.873 -8.09952970e-06  6.35111479e-06
55.251 -1.02118598e-05 -1.04734813e-06
55.630 -7.82289135e-06 -8.26261709e-06
56.008 -1.92585001e-06 -1.27188051e-05
56.387  5.14580822e-06 -1.29197880e-05
56.765  1.07669653e-05 -9.02945731e-06
57.144  1.29434061e-05 -2.78807813e-06
57.522  1.10474481e-05  3.32697909e-06
57.901  6.09083702e-06  7.01068330e-06
58.279  1.82114089e-07  6.96591281e-06
58.657 -4.30830907e-06  3.47082490e-06
59.036 -5.61444984e-06 -1.85453470e-06
59.414 -3.34818743e-06 -6.75734783e-06
59.793  1.43946348e-06 -9.16766166e-06
60.171  6.79142986e-06 -8.07348626e-06
60.550  1.05325747e-05 -3.87592553e-06
60.928  1.11521466e-05  1.89823745e-06
61.306  8.40964904e-06  7.12619083e-06
61.685  3.29661361e-06  9.92525541e-06
62.063 -2.32040090e-06  9.44203789e-06
62.442 -6.40603905e-06  6.05332759e-06
62.820 -7.62929049e-06  1.20166323e-06
63.199 -5.78176796e-06 -3.12409282e-06
63.577 -1.80057980e-06 -5.26421415e-06
63.955  2.54573550e-06 -4.48634962e-06
64.334  5.44182790e-06 -1.18229846e-06
64.712  5.73226590e-06  3.23102285e-06
65.091  3.26612699e-06  6.93735636e-06
65.469 -9.95724336e-07  8.47843410e-06
65.848 -5.39144667e-06  7.21846750e-06
66.226 -8.29094690e-06  3.62003006e-06
66.605 -8.64046663e-06 -9.38767101e-07
66.983 -6.36517985e-06 -4.80878401e-06
67.361 -2.41907304e-06 -6.64584504e-06
67.740  1.70304715e-06 -5.89133304e-06
68.118  4.52426808e-06 -3.03192125e-06
68.497  5.09778318e-06  6.96038990e-07
68.875  3.43052547e-06  3.81382255e-06
69.254  3.99843867e-07  5.10574774e-06
69.632 -2.65948919e-06  4.14962844e-06
70.010 -4.41142208e-06  1.44111660e-06
70.389 -4.09202757e-06 -1.89512611e-06
70.767 -1.81920355e-06 -4.48744113e-06
71.146  1.55348802e-06 -5.27971143e-06
71.524  4.72933454e-06 -3.98905317e-06
71.903  6.46859018e-06 -1.11646835e-06
72.281  6.13811691e-06  2.23926446e-06
72.659  3.87369317e-06  4.77928175e-06
73.038  5.03397678e-07  5.58886086e-06
73.416 -2.72369180e-06  4.43738629e-06
73.795 -4.69535173e-06  1.81136373e-06
74.173 -4.84588516e-06 -1.21931055e-06
74.552 -3.29361668e-06 -3.47815304e-06
74.930 -8.40328582e-07 -4.16091165e-06
75.309  1.38338793e-06 -3.06187104e-06
75.687  2.41764785e-06 -6.88510304e-07
76.065  1.76763128e-06  1.94512567e-06
76.444 -3.90168669e-07  3.79131811e-06
76.822 -3.25554627e-06  4.11118723e-06
77.201 -5.80192529e-06  2.74534297e-06
77.579 -7.13735102e-06  2.14125041e-07
77.958 -6.80784027e-06 -2.57055013e-06
78.336 -5.02102361e-06 -4.65839577e-06
78.714 -2.49371516e-06 -5.36952862e-06
79.093 -1.36710437e-07 -4.60674970e-06
79.471  1.23546929e-06 -2.84791234e-06
79.850  1.26456171e-06 -8.91911066e-07
80.228  1.78561984e-07  3.98089585e-07
80.607 -1.38114509e-06  4.63683349e-07
80.985 -2.57072477e-06 -7.01195107e-07
81.363 -2.68535422e-06 -2.62821025e-06
81.742 -1.49292798e-06 -4.53225630e-06
82.120  7.40843639e-07 -5.59732726e-06
82.499  3.35053438e-06 -5.35875239e-06
82.877  5.48179581e-06 -3.83158365e-06
83.256  6.48044139e-06 -1.47734514e-06
83.634  6.11260575e-06  9.19647882e-07
84.013  4.59612622e-06  2.60583317e-06
84.391  2.56360626e-06  3.14738000e-06
84.769  7.79246176e-07  2.52132336e-06
85.148 -1.88583980e-07  1.15585716e-06
85.526 -1.10629004e-07 -2.58062289e-07
85.905  8.00176088e-07 -1.09814209e-06
86.283  1.97048383e-06 -9.94903621e-07
86.662  2.76905670e-06  2.21214962e-08
87.040  2.72027283e-06  1.50336421e-06
87.418  1.67650287e-06  2.82568396e-06
87.797 -6.95073242e-08  3.42266061e-06
88.175 -1.95036741e-06  2.96899981e-06
88.554 -3.35225658e-06  1.56462459e-06
88.932 -3.79707697e-06 -3.35412480e-07
89.311 -3.17243280e-06 -2.12859898e-06
89.689 -1.76270497e-06 -3.23495746e-06
90.067 -8.30594050e-08 -3.34537574e-06
90.446  1.26759685e-06 -2.54708156e-06
90.824  1.84410781e-06 -1.21613867e-06
91.203  1.55546191e-06  1.00016083e-07
91.581  6.25875107e-07  8.85901771e-07
91.960 -4.89926058e-07  9.06671976e-07
92.338 -1.26051633e-06  2.41300889e-07
92.717 -1.34458459e-06 -7.68433727e-07
93.095 -6.92767450e-07 -1.61552265e-06
93.473  4.69436805e-07 -1.88293419e-06
93.852  1.68399054e-06 -1.40408910e-06
94.230  2.47890959e-06 -2.79975648e-07
94.609  2.57303677e-06  1.11411776e-06
94.987  1.92897412e-06  2.29094289e-06
95.366  8.00673865e-07  2.88011711e-06
95.744 -3.59693192e-07  2.71605899e-06
96.122 -1.13063069e-06  1.91580075e-06
96.501 -1.24072919e-06  8.58901584e-07
96.879 -6.66450952e-07 -1.72891172e-08
97.258  3.18503937e-07 -3.61515164e-07
97.636  1.30076188e-06 -1.65087771e-08
98.015  1.88394011e-06  8.74154870e-07
98.393  1.79761320e-06  1.95990083e-06
98.771  1.04391064e-06  2.83891982e-06
99.150 -1.23666007e-07  3.16141862e-06
99.528 -1.33958155e-06  2.79506592e-06
99.907 -2.21820696e-06  1.87552352e-06
100.285 -2.51648670e-06  6.97105281e-07
100.664 -2.24589963e-06 -3.65595139e-07
101.042 -1.60405912e-06 -1.00029867e-06
101.421 -9.10989744e-07 -1.11381998e-06
101.799 -4.98937417e-07 -8.11532707e-07
102.177 -5.31913806e-07 -3.47952281e-07
102.556 -9.76331605e-07 -5.37112990e-08
102.934 -1.63615546e-06 -1.52240206e-07
103.313 -2.18991463e-06 -6.81889143e-07
103.691 -2.35788236e-06 -1.51417946e-06
104.070 -2.02253623e-06 -2.35880568e-06
104.448 -1.23149442e-06 -2.89800331e-06
104.826 -2.18789282e-07 -2.93788235e-06
105.205  6.84461253e-07 -2.43620647e-06
105.583  1.21629359e-06 -1.54318504e-06
105.962  1.23874462e-06 -5.63875629e-07
106.340  7.92036884e-07  2.03579461e-07
106.719  1.09642387e-07  5.47722915e-07
107.097 -5.18906308e-07  4.04413582e-07
107.475 -8.46336148e-07 -8.24163821e-08
107.854 -7.28479078e-07 -6.57627450e-07
108.232 -2.18188418e-07 -1.06331757e-06
108.611  4.81012779e-07 -1.09598975e-06
108.989  1.12285934e-06 -7.18115670e-07
109.368  1.46949948e-06 -6.53718258e-08
109.746  1.40427461e-06  6.49916686e-07
110.125  9.88174460e-07  1.18393951e-06
110.503  3.84500668e-07  1.36170588e-06
110.881 -1.81615507e-07  1.17283352e-06
111.260 -5.01484518e-07  7.25695747e-07
111.638 -5.03914917e-07  2.10255966e-07
112.017 -2.44252144e-07 -1.53853272e-07
112.395  1.29929735e-07 -2.48160156e-07
112.774  4.04996003e-07 -8.17849968e-08
113.152  4.26826053e-07  2.38222146e-07
113.530  1.63494011e-07  5.11184688e-07
113.909 -3.15721426e-07  5.49967256e-07
114.287 -8.28227611e-07  2.74718223e-07
114.666 -1.15656933e-06 -2.93822819e-07
115.044 -1.16373910e-06 -1.01092944e-06
115.423 -8.06081103e-07 -1.65041374e-06
115.801 -1.63637629e-07 -2.02765664e-06
116.179  5.63518702e-07 -2.03441340e-06
116.558  1.17002821e-06 -1.67193702e-06
116.936  1.50052978e-06 -1.08355519e-06
117.315  1.48199248e-06 -4.63263501e-07
117.693  1.18479365e-06  1.50235744e-08
118.072  7.66015241e-07  2.26231464e-07
118.450  3.90687339e-07  1.71800857e-07
118.829  2.07679631e-07 -3.69930131e-08
119.207  2.68614398e-07 -2.57665625e-07
119.585  5.05177372e-07 -3.37230384e-07
119.964  7.99319775e-07 -1.85181059e-07
120.342  1.00315680e-06  1.70095560e-07
120.721  9.95645473e-07  6.35316069e-07
121.099  7.63301423e-07  1.07418350e-06
121.478  3.68927760e-07  1.34392791e-06
121.856 -7.38391723e-08  1.38899724e-06
122.234 -4.17079620e-07  1.23724063e-06
122.613 -5.73212278e-07  9.71640455e-07
122.991 -5.40256528e-07  7.30607661e-07
123.370 -3.73520924e-07  6.23627983e-07
123.748 -1.97334896e-07  6.78653476e-07
124.127 -1.39616188e-07  8.65585239e-07
124.505 -2.56820639e-07  1.07863536e-06
124.883 -5.46477380e-07  1.17675920e-06
125.262 -9.28030901e-07  1.07256784e-06
125.640 -1.25532601e-06  7.35922730e-07
126.019 -1.40821513e-06  2.11587533e-07
126.397 -1.31528925e-06 -3.65861481e-07
126.776 -9.68765609e-07 -8.53928374e-07
127.154 -4.63065417e-07 -1.14335280e-06
127.533  6.55448714e-08 -1.16971465e-06
127.911  4.93827183e-07 -9.68300233e-07
128.289  7.19740798e-07 -6.43411529e-07
128.668  7.23540807e-07 -3.06748394e-07
129.046  5.69504265e-07 -7.18015301e-08
129.425  3.45199707e-07  3.04304772e-09
129.803  1.56273938e-07 -5.40268761e-08
130.182  8.21640728e-08 -1.80954335e-07
130.560  1.21757084e-07 -2.89697562e-07
130.938  2.32018225e-07 -2.93253606e-07
131.317  3.41462452e-07 -1.73642413e-07
131.695  3.59567250e-07  3.79359590e-08
132.074  2.48671438e-07  2.81532535e-07
132.452  2.60567438e-08  4.63410590e-07
132.831 -2.62201529e-07  5.22820861e-07
133.209 -5.26831617e-07  4.56902544e-07
133.587 -6.89369047e-07  2.92643897e-07
133.966 -7.27774823e-07  1.05062108e-07
134.344 -6.51891337e-07 -1.85136908e-08
134.723 -5.20287708e-07 -3.96561366e-08
135.101 -4.25453734e-07  4.63712923e-08
135.480 -4.24397454e-07  1.98595649e-07
135.858 -5.39380897e-07  3.24307623e-07
136.237 -7.51942659e-07  3.47483098e-07
136.615 -9.78497931e-07  2.25232402e-07
136.993 -1.12810387e-06 -5.17112436e-08
137.372 -1.13554595e-06 -4.20984448e-07
137.750 -9.58249325e-07 -7.87273391e-07
138.129 -6.21593887e-07 -1.06808973e-06
138.507 -2.05131549e-07 -1.18947146e-06
138.886  2.09036550e-07 -1.13120571e-06
139.264  5.32814990e-07 -9.39405033e-07
139.642  7.09701466e-07 -6.76796569e-07
140.021  7.50290933e-07 -4.23252374e-07
140.399  6.91413237e-07 -2.51647923e-07
140.778  5.91657029e-07 -1.76667865e-07
141.156  5.23296777e-07 -1.81689200e-07
141.535  5.14596810e-07 -2.30025031e-07
141.913  5.59726077e-07 -2.58174246e-07
142.291  6.37431465e-07 -2.31053976e-07
142.670  6.94010992e-07 -1.50143418e-07
143.048  6.88892401e-07 -2.87515088e-08
143.427  6.20140723e-07  8.68914358e-08
143.805  4.97327170e-07  1.48797460e-07
144.184  3.60602954e-07  1.47505337e-07
144.562  2.66156965e-07  8.79372398e-08
144.941  2.35670510e-07  2.01898913e-09
145.319  2.71591337e-07 -4.92642836e-08
145.697  3.52960286e-07 -3.03186902e-08
146.076  4.18677882e-07  7.07575842e-08
146.454  4.18369894e-07  2.46083371e-07
146.833  3.26534477e-07  4.40141479e-07
147.211  1.32845151e-07  5.89602517e-07
147.590 -1.23541490e-07  6.52427854e-07
147.968 -3.76543546e-07  5.95715325e-07
148.346 -5.73059502e-07  4.31076104e-07
148.725 -6.61696272e-07  2.12899549e-07
149.103 -6.23603192e-07 -5.94760177e-09
149.482 -4.91432974e-07 -1.66584641e-07
149.860 -3.07793531e-07 -2.25528129e-07
150.239 -1.26911482e-07 -1.90485463e-07
150.617 -5.76082096e-09 -8.79707975e-08
150.995  4.18058759e-08  4.22281513e-08
151.374  2.64249455e-08  1.42853159e-07
151.752 -2.98610180e-08  1.87012986e-07
152.131 -7.86230912e-08  1.75563790e-07
152.509 -8.71240215e-08  1.17325510e-07
152.888 -5.16598269e-08  5.02234928e-08
153.266  2.66208545e-08  1.08167947e-08
153.645  1.20129101e-07  6.98249678e-09
154.023  1.90437931e-07  4.26856067e-08
154.401  2.25879496e-07  1.01206428e-07
154.780  2.20825114e-07  1.45260614e-07
155.158  1.83911560e-07  1.59849073e-07
155.537  1.51520407e-07  1.40162477e-07
155.915  1.45335741e-07  8.98826747e-08
156.294  1.72196691e-07  4.46593789e-08
156.672  2.34460394e-07  3.59024230e-08
157.050  3.00935027e-07  7.69061479e-08
157.429  3.31488238e-07  1.78698227e-07
157.807  3.03307937e-07  3.20096364e-07
158.186  1.93639265e-07  4.56828933e-07
158.564  6.08862568e-09  5.56161802e-07
158.943 -2.21417379e-07  5.82176195e-07
159.321 -4.53634927e-07  5.14533940e-07
159.699 -6.48736224e-07  3.72162383e-07
160.078 -7.66541799e-07  1.80378617e-07
160.456 -8.03414185e-07 -2.69852665e-08
160.835 -7.68815540e-07 -2.03922050e-07
161.213 -6.79536783e-07 -3.31615099e-07
161.592 -5.74210846e-07 -4.07605779e-07
161.970 -4.76736057e-07 -4.32279168e-07
162.349 -3.93606760e-07 -4.30744157e-07
162.727 -3.33914921e-07 -4.25186678e-07
163.105 -2.85314637e-07 -4.19801095e-07
163.484 -2.28872603e-07 -4.24744247e-07
163.862 -1.63892616e-07 -4.35593903e-07
164.241 -8.36912505e-08 -4.34230096e-07
164.619  1.20682353e-08 -4.19635676e-07
164.998  1.05620552e-07 -3.87627530e-07
165.376  1.93344349e-07 -3.32187857e-07
165.754  2.73254068e-07 -2.66508896e-07
166.133  3.34771109e-07 -1.93995060e-07
166.511  3.84200671e-07 -1.10463587e-07
166.890  4.22895378e-07 -2.43024208e-08
167.268  4.38140491e-07  6.78703029e-08
167.647  4.29547218e-07  1.68917304e-07
168.025  3.90931140e-07  2.61339979e-07
168.403  3.12413236e-07  3.34679348e-07
168.782  2.08823410e-07  3.77130111e-07
169.160  9.71096094e-08  3.68445027e-07
169.539 -6.26692614e-09  3.13394980e-07
169.917 -7.12981884e-08  2.29281909e-07
170.296 -8.85570011e-08  1.33550317e-07
170.674 -7.05273836e-08  6.17281996e-08
171.053 -3.28040877e-08  3.72208477e-08
171.431 -1.27019504e-08  5.47104444e-08
171.809 -4.69909453e-08  1.00400573e-07
172.188 -1.41041425e-07  1.35450873e-07
172.566 -2.84688425e-07  1.07324807e-07
172.945 -4.39093188e-07 -8.56396322e-09
173.323 -5.35264119e-07 -2.14729727e-07
173.702 -5.20678000e-07 -4.81521622e-07
174.080 -3.67324398e-07 -7.31803878e-07
174.458 -8.05699388e-08 -8.84714027e-07
174.837  2.71631691e-07 -8.78415595e-07
175.215  5.90727578e-07 -6.79935701e-07
175.594  7.81846340e-07 -3.26930902e-07
175.972  7.66001974e-07  8.41453636e-08
176.351  5.31287299e-07  4.36905372e-07
176.729  1.47269566e-07  6.09228708e-07
177.107 -2.68885007e-07  5.28724169e-07
177.486 -5.66021353e-07  2.15423273e-07
177.864 -6.11670480e-07 -2.36921285e-07
178.243 -3.60003808e-07 -6.69359589e-07
178.621  1.43201480e-07 -8.99384554e-07
179.000  7.58452212e-07 -8.05857436e-07
179.378  1.27468531e-06 -3.62324836e-07
179.757  1.49827253e-06  3.44891301e-07
180.135  1.31380015e-06  1.11189234e-06
180.513  7.21570114e-07  1.69432027e-06
180.892 -1.25780290e-07  1.88824655e-06
181.270 -9.71971319e-07  1.58692024e-06
181.649 -1.54475734e-06  8.49944047e-07
182.027 -1.62710755e-06 -1.02893611e-07
182.406 -1.15448436e-06 -9.68608991e-07
182.784 -2.59958002e-07 -1.43696101e-06
183.162  7.73307546e-07 -1.30578494e-06
183.541  1.57896892e-06 -5.78408506e-07
183.919  1.82565847e-06  5.37817403e-07
184.298  1.35852756e-06  1.67334613e-06
184.676  2.54486460e-07  2.39835300e-06
185.055 -1.17889647e-06  2.39090146e-06
185.433 -2.46841948e-06  1.55043875e-06
185.811 -3.14447013e-06  4.93161804e-08
186.190 -2.90292852e-06 -1.67615223e-06
186.568 -1.71378810e-06 -3.06521222e-06
186.947  1.17878855e-07 -3.62116954e-06
187.325  2.03046077e-06 -3.07102771e-06
187.704  3.38911183e-06 -1.50075906e-06
188.082  3.67833675e-06  6.36306403e-07
188.461  2.70346795e-06  2.66037182e-06
188.839  7.00703967e-07  3.86161587e-06
189.217 -1.72517423e-06  3.74603863e-06
189.596 -3.76450792e-06  2.24585526e-06
189.974 -4.65860136e-06 -2.36398114e-07
190.353 -3.99062168e-06 -2.92056000e-06
190.731 -1.84859018e-06 -4.87169325e-06
191.110  1.16353847e-06 -5.33367221e-06
191.488  4.07031009e-06 -4.00333624e-06
191.866  5.84910445e-06 -1.16526928e-06
192.245  5.78551914e-06  2.33403629e-06
192.623  3.73264407e-06  5.34214448e-06
193.002  2.30547932e-07  6.78696275e-06
193.380 -3.62444955e-06  6.03837313e-06
193.759 -6.53222813e-06  3.17903511e-06
194.137 -7.40774388e-06 -9.57019537e-07
194.515 -5.78370976e-06 -5.03347484e-06
194.894 -2.04002423e-06 -7.62408801e-06
195.272  2.67953078e-06 -7.70150883e-06
195.651  6.79913620e-06 -5.04926410e-06
196.029  8.81748446e-06 -3.87235965e-07
196.408  7.86117473e-06  4.80708587e-06
196.786  4.03187834e-06  8.73999071e-06
197.165 -1.56136273e-06  9.92451817e-06
197.543 -7.09301576e-06  7.72525686e-06
197.921 -1.06188893e-05  2.63228488e-06
198.300 -1.07562136e-05 -3.80577800e-06
198.678 -7.19262222e-06 -9.44978205e-06
199.057 -8.90028507e-07 -1.22900009e-05
199.435  6.15554559e-06 -1.11416180e-05
199.814  1.15573266e-05 -6.12751490e-06
200.192  1.33315302e-05  1.26062450e-06
200.570  1.06212247e-05  8.60906574e-06
200.949  4.09160169e-06  1.33558416e-05
201.327 -4.21700579e-06  1.36720049e-05
201.706 -1.15112965e-05  9.17256658e-06
202.084 -1.51621572e-05  1.13574234e-06
202.463 -1.36580318e-05 -7.84307668e-06
202.841 -7.20427957e-06 -1.46605764e-05
203.219  2.25149382e-06 -1.67788554e-05
203.598  1.15757906e-05 -1.31574572e-05
203.976  1.74852024e-05 -4.69629938e-06
204.355  1.77029525e-05  5.94543306e-06
204.733  1.18029004e-05  1.51775017e-05
205.112  1.48047264e-06  1.97015745e-05
205.490 -9.91070914e-06  1.76721304e-05
205.869 -1.84605914e-05  9.43256481e-06
206.247 -2.10346295e-05 -2.46687357e-06
206.625 -1.64150146e-05 -1.40602217e-05
207.004 -5.85232699e-06 -2.12783560e-05
207.382  7.25464556e-06 -2.13638327e-05
207.761  1.84434884e-05 -1.39294487e-05
208.139  2.36873766e-05 -1.21118651e-06
208.518  2.08508657e-05  1.25936560e-05
208.896  1.05377038e-05  2.26876097e-05
209.274 -4.00028148e-06  2.53430098e-05
209.653 -1.78628851e-05  1.92748108e-05
210.031 -2.61515176e-05  6.19333059e-06
210.410 -2.57083019e-05 -9.64510811e-06
210.788 -1.62922124e-05 -2.28152975e-05
211.167 -8.01524361e-07 -2.85982145e-05
211.545  1.55969588e-05 -2.46613695e-05
211.923  2.72073010e-05 -1.19820205e-05
212.302  2.97814101e-05  5.34143013e-06
212.680  2.20671900e-05  2.14195359e-05
213.059  6.38830253e-06  3.05748706e-05
213.437 -1.20436239e-05  2.93380724e-05
213.816 -2.68619897e-05  1.77725555e-05
214.194 -3.27307092e-05 -4.17560231e-07
214.573 -2.72767415e-05 -1.90724739e-05
214.951 -1.20385263e-05 -3.16455968e-05
215.329  7.95526493e-06 -3.35063304e-05
215.708  2.58277556e-05 -2.36512487e-05
216.086  3.52184268e-05 -5.16342981e-06
216.465  3.25609036e-05  1.57347744e-05
216.843  1.84168230e-05  3.17708194e-05
217.222 -2.59384700e-06  3.71743340e-05
217.600 -2.32891434e-05  2.97502198e-05
217.978 -3.64025232e-05  1.17517790e-05
218.357 -3.71435997e-05 -1.07740600e-05
218.735 -2.49456784e-05 -3.00313823e-05
219.114 -3.79240895e-06 -3.91872747e-05
219.492  1.90808117e-05 -3.47951390e-05
219.871  3.56748127e-05 -1.81079163e-05
220.249  4.00202207e-05  5.25408118e-06
220.627  3.03412034e-05  2.72066749e-05
221.006  9.78109829e-06  3.99935849e-05
221.384 -1.46244393e-05  3.89378821e-05
221.763 -3.43505120e-05  2.41697193e-05
222.141 -4.23663622e-05  6.55026138e-07
222.520 -3.56657839e-05 -2.34727165e-05
222.898 -1.63875030e-05 -3.97275235e-05
223.277  8.86377688e-06 -4.22855291e-05
223.655  3.12755251e-05 -3.00812852e-05
224.033  4.29314213e-05 -7.24200674e-06
224.412  3.96288753e-05  1.82924507e-05
224.790  2.23994586e-05  3.75466100e-05
225.169 -2.78581066e-06  4.36880138e-05
225.547 -2.70869999e-05  3.44571297e-05
225.926 -4.19187906e-05  1.30203871e-05
226.304 -4.19863231e-05 -1.31050577e-05
226.682 -2.71936301e-05 -3.47050236e-05
227.061 -2.72097819e-06 -4.41208297e-05
227.439  2.28033893e-05 -3.79778891e-05
227.818  4.03507298e-05 -1.84191683e-05
228.196  4.36944612e-05  7.65026966e-06
228.575  3.16490810e-05  3.10092163e-05
228.953  8.49284959e-06  4.33874931e-05
229.331 -1.75592440e-05  4.04266214e-05
229.710 -3.72699894e-05  2.32303403e-05
230.088 -4.36850654e-05 -2.04757645e-06
230.467 -3.46136041e-05 -2.63965499e-05
230.845 -1.33803348e-05 -4.11797419e-05
231.224  1.23749435e-05 -4.12279096e-05
231.602  3.34493581e-05 -2.66545604e-05
231.981  4.23927839e-05 -2.78820455e-06
232.359  3.61504179e-05  2.17653601e-05
232.737  1.71213011e-05  3.82483794e-05
233.116 -7.73990314e-06  4.08855620e-05
233.494 -2.94787444e-05  2.89208734e-05
233.873 -4.03782909e-05  6.84769192e-06
234.251 -3.67086100e-05 -1.72800367e-05
234.630 -2.00314015e-05 -3.47975608e-05
235.008  3.44098647e-06 -3.95468508e-05
235.386  2.51656326e-05 -3.00719022e-05
235.765  3.73779743e-05 -1.00719387e-05
236.143  3.58933878e-05  1.30359695e-05
236.522  2.15670784e-05  3.08571961e-05
236.900 -1.23651134e-07  3.70831671e-05
237.279 -2.11510455e-05  2.97547023e-05
237.657 -3.39042133e-05  1.18746021e-05
238.035 -3.39686972e-05 -9.78813008e-06
238.414 -2.16603046e-05 -2.72411120e-05
238.792 -1.80109626e-06 -3.42331276e-05
239.171  1.81376852e-05 -2.85013017e-05
239.549  3.08519606e-05 -1.25001163e-05
239.928  3.18898019e-05  7.60102932e-06
240.306  2.12108778e-05  2.42895509e-05
240.685  3.10313814e-06  3.15258414e-05
241.063 -1.55153716e-05  2.69287408e-05
241.441 -2.77428386e-05  1.25729585e-05
241.820 -2.92483100e-05 -5.89388348e-06
242.198 -1.98218380e-05 -2.14647580e-05
242.577 -3.35352099e-06 -2.84198770e-05
242.955  1.37468821e-05 -2.44338571e-05
243.334  2.50220079e-05 -1.13725074e-05
243.712  2.63945279e-05  5.53173995e-06
244.090  1.76598535e-05  1.97471552e-05
244.469  2.45770887e-06  2.59412022e-05
244.847 -1.32155212e-05  2.19896815e-05
245.226 -2.33387137e-05  9.70670438e-06
245.604 -2.41774636e-05 -5.95424560e-06
245.983 -1.56679642e-05 -1.88608979e-05
246.361 -1.34687474e-06 -2.40902360e-05
246.739  1.30802299e-05 -1.98109118e-05
247.118  2.19868452e-05 -7.91649319e-06
247.496  2.20182331e-05  6.77460703e-06
247.875  1.33453353e-05  1.84363047e-05
248.253 -4.59241622e-07  2.25346948e-05
248.632 -1.38549751e-05  1.75738519e-05
249.010 -2.15389735e-05  5.63637800e-06
249.389 -2.05215068e-05 -8.46032574e-06
249.767 -1.12684810e-05 -1.90897891e-05
250.145  2.49580660e-06 -2.20392550e-05
250.524  1.52768064e-05 -1.61472251e-05
250.902  2.19898085e-05 -3.75784181e-06
251.281  1.99497303e-05  1.02091831e-05
251.659  9.93200884e-06  2.02111989e-05
252.038 -4.12383173e-06  2.22553221e-05
252.416 -1.66722938e-05  1.54736206e-05
252.794 -2.27326728e-05  2.48540071e-06
253.173 -1.98447495e-05 -1.16293687e-05
253.551 -9.06128958e-06 -2.13111107e-05
253.930  5.45152868e-06 -2.26897858e-05
254.308  1.80288776e-05 -1.51256059e-05
254.687  2.37008886e-05 -1.48062291e-06
255.065  2.01501451e-05  1.29793085e-05
255.443  8.64058396e-06  2.26059572e-05
255.822 -6.45410521e-06  2.35706664e-05
256.200 -1.93119974e-05  1.53764105e-05
256.579 -2.49092274e-05  1.06900009e-06
256.957 -2.09838957e-05 -1.39033468e-05
257.336 -8.92422078e-06 -2.37698475e-05
257.714  6.73316512e-06 -2.46736917e-05
258.093  2.00150337e-05 -1.61656293e-05
258.471  2.58088296e-05 -1.40084417e-06
258.849  2.18278737e-05  1.40332409e-05
259.228  9.49959566e-06  2.42505190e-05
259.606 -6.54454415e-06  2.53174760e-05
259.985 -2.02249383e-05  1.67558705e-05
260.363 -2.63311440e-05  1.75318250e-06
260.742 -2.24974576e-05 -1.40354684e-05
261.120 -1.01195639e-05 -2.46384427e-05
261.498  6.16017021e-06 -2.60225874e-05
261.877  2.02181613e-05 -1.76282538e-05
262.255  2.67580480e-05 -2.59363130e-06
262.634  2.33104114e-05  1.34429806e-05
263.012  1.11741282e-05  2.44704984e-05
263.391 -5.09008192e-06  2.63655868e-05
263.769 -1.93886687e-05  1.84524837e-05
264.147 -2.63844669e-05  3.73796460e-06
264.526 -2.35102688e-05 -1.22440415e-05
264.904 -1.19156461e-05 -2.35157853e-05
265.283  4.00133077e-06 -2.59105811e-05
265.661  1.82608506e-05 -1.86254946e-05
266.040  2.55616864e-05 -4.47914440e-06
266.418  2.32698361e-05  1.11751188e-05
266.797  1.23631813e-05  2.24826248e-05
267.175 -2.97695773e-06  2.52982871e-05
267.553 -1.69696299e-05  1.87063797e-05
267.932 -2.44350336e-05  5.31444679e-06
268.310 -2.27194045e-05 -9.76985023e-06
268.689 -1.26403306e-05 -2.09050051e-05
269.067  1.87145665e-06 -2.40381436e-05
269.446  1.53123283e-05 -1.81842638e-05
269.824  2.27052365e-05 -5.74389607e-06
270.202  2.14447258e-05  8.47237559e-06
270.581  1.22304389e-05  1.91116318e-05
270.959 -1.27026400e-06  2.22915165e-05
271.338 -1.38834334e-05  1.70292123e-05
271.716 -2.09047261e-05  5.54590575e-06
272.095 -1.98599435e-05 -7.66359600e-06
272.473 -1.13896316e-05 -1.75811473e-05
272.851  1.08684572e-06 -2.05703403e-05
273.230  1.27404142e-05 -1.57252661e-05
273.608  1.91929615e-05 -5.13005328e-06
273.987  1.81762618e-05  7.02096137e-06
274.365  1.03300458e-05  1.60680146e-05
274.744 -1.13449193e-06  1.86817953e-05
275.122 -1.17250662e-05  1.40956384e-05
275.501 -1.74276257e-05  4.31182524e-06
275.879 -1.62351172e-05 -6.73918485e-06
276.257 -8.84648784e-06 -1.47645735e-05
276.636  1.67731954e-06 -1.67799083e-05
277.014  1.11584348e-05 -1.22105539e-05
277.393  1.59590181e-05 -3.04416481e-06
277.771  1.43665360e-05  7.00463503e-06
278.150  7.20002516e-06  1.39944314e-05
278.528 -2.56855337e-06  1.52922596e-05
278.906 -1.10384910e-05  1.05564562e-05
279.285 -1.49287395e-05  1.81996571e-06
279.663 -1.28354265e-05 -7.36990230e-06
280.042 -5.74458007e-06 -1.33843774e-05
280.420  3.41155729e-06 -1.39289697e-05
280.799  1.09603426e-05 -8.92149860e-06
281.177  1.39415438e-05 -4.81430283e-07
281.555  1.12626007e-05  7.96099637e-06
281.934  4.10307022e-06  1.30375457e-05
282.312 -4.60158109e-06  1.27706036e-05
282.691 -1.13470874e-05  7.34418794e-06
283.069 -1.34507196e-05 -1.00831166e-06
283.448 -1.01148063e-05 -8.91746434e-06
283.826 -2.71666860e-06 -1.32180055e-05
284.205  5.76514935e-06 -1.22113043e-05
284.583  1.19359165e-05 -6.32560393e-06
284.961  1.33397263e-05  2.07848243e-06
285.340  9.43036700e-06  9.64611533e-06
285.718  1.76706510e-06  1.33638007e-05
286.097 -6.60434904e-06  1.17573170e-05
286.475 -1.23577461e-05  5.45866139e-06
286.854 -1.32097441e-05 -3.04563368e-06
287.232 -8.80916576e-06 -1.03918752e-05
287.610 -8.71574112e-07 -1.36742678e-05
287.989  7.48756835e-06 -1.15810117e-05
288.367  1.29843650e-05 -4.90274669e-06
288.746  1.34510154e-05  3.76740679e-06
289.124  8.67403035e-06  1.10532964e-05
289.503  4.86472008e-07  1.41154316e-05
289.881 -7.94819727e-06  1.17452064e-05
290.259 -1.33721051e-05  4.84005834e-06
290.638 -1.36849988e-05 -3.94450255e-06
291.016 -8.75787793e-06 -1.12337190e-05
291.395 -4.84337147e-07 -1.42289304e-05
291.773  7.96445587e-06 -1.17830525e-05
292.152  1.33581851e-05 -4.84434423e-06
292.530  1.36424975e-05  3.92541025e-06
292.909  8.72994455e-06  1.11783291e-05
293.287  5.15544896e-07  1.41571084e-05
293.665 -7.86358840e-06  1.17534682e-05
294.044 -1.32244531e-05  4.91570876e-06
294.422 -1.35579881e-05 -3.73689627e-06
294.801 -8.78372779e-06 -1.09164956e-05
295.179 -7.50903885e-07 -1.39264533e-05
295.558  7.47740618e-06 -1.16832857e-05
295.936  1.28003323e-05 -5.09714233e-06
296.314  1.32623821e-05  3.29507068e-06
296.693  8.76764384e-06  1.03093452e-05
297.071  1.08776333e-06  1.33384591e-05
297.450 -6.83164801e-06  1.13212866e-05
297.828 -1.20140021e-05  5.11295780e-06
298.207 -1.25736847e-05 -2.86505784e-06
298.585 -8.39962056e-06 -9.57755162e-06
298.963 -1.16949662e-06 -1.25354819e-05
299.342  6.32652315e-06 -1.07145087e-05
299.720  1.12694182e-05 -4.91601651e-06
300.099  1.18662358e-05  2.57879425e-06
300.477  8.00642751e-06  8.91455612e-06
300.856  1.26422558e-06  1.17456235e-05
301.234 -5.75005761e-06  1.01093882e-05
301.613 -1.03982720e-05  4.75870807e-06
301.991 -1.10093905e-05 -2.18068010e-06
302.369 -7.49170197e-06 -8.05162455e-06
302.748 -1.31230061e-06 -1.06809295e-05
303.126  5.10842902e-06 -9.19640764e-06
303.505  9.33639090e-06 -4.31174326e-06
303.883  9.85583505e-06  2.00129874e-06
304.262  6.61434424e-06  7.29492901e-06
304.640  9.85161556e-07  9.59810236e-06
305.018 -4.79702262e-06  8.15472410e-06
305.397 -8.52080634e-06  3.66045341e-06
305.775 -8.84951359e-06 -2.04864201e-06
306.154 -5.79293477e-06 -6.73791626e-06
306.532 -6.57829133e-07 -8.65479448e-06
306.911  4.49586033e-06 -7.17812700e-06
307.289  7.68524575e-06 -3.01551358e-06
307.667  7.76346748e-06  2.11007809e-06
308.046  4.82896871e-06  6.17185092e-06
308.424  1.51787657e-07  7.63629262e-06
308.803 -4.36721330e-06  6.03514694e-06
309.181 -6.96311422e-06  2.11959226e-06
309.560 -6.68387579e-06 -2.47654494e-06
309.938 -3.74325823e-06 -5.91289699e-06
310.317  5.98120524e-07 -6.86383195e-06
310.695  4.56974556e-06 -5.02817380e-06
311.073  6.59802709e-06 -1.22379270e-06
311.452  5.92280669e-06  2.97572244e-06
311.830  2.88532751e-06  5.88016231e-06
312.209 -1.24191524e-06  6.35226858e-06
312.587 -4.78149981e-06  4.25608012e-06
312.966 -6.32005799e-06  4.84552372e-07
313.344 -5.27440213e-06 -3.41906136e-06
313.722 -2.10721023e-06 -5.87914062e-06
314.101  1.88039437e-06 -5.92273890e-06
314.479  5.07106775e-06 -3.56052103e-06
314.858  6.18335852e-06  2.38324283e-07
315.236  4.78364823e-06  3.93595175e-06
315.615  1.44162969e-06  6.04347861e-06
315.993 -2.50046352e-06  5.72042648e-06
316.371 -5.46290893e-06  3.09597815e-06
316.750 -6.26544062e-06 -7.87521354e-07
317.128 -4.58695347e-06 -4.38565174e-06
317.507 -1.08558367e-06 -6.27326309e-06
317.885  2.85674202e-06 -5.70407630e-06
318.264  5.68781639e-06 -2.89607245e-06
318.642  6.29724249e-06  1.04905283e-06
319.021  4.44245406e-06  4.58452145e-06
319.399  8.47969054e-07  6.33024257e-06
319.777 -3.08080762e-06  5.60267529e-06
320.156 -5.81518755e-06  2.68347177e-06
320.534 -6.29054435e-06 -1.28997778e-06
320.913 -4.31902399e-06 -4.77802854e-06
321.291 -6.65160175e-07 -6.43138308e-06
321.670  3.26237808e-06 -5.60946402e-06
322.048  5.95515499e-06 -2.63216676e-06
322.426  6.38073174e-06  1.35529530e-06
322.805  4.38479692e-06  4.82886960e-06
323.183  7.40454607e-07  6.46508198e-06
323.562 -3.15960035e-06  5.65321326e-06
323.940 -5.83215178e-06  2.72222317e-06
324.319 -6.27473449e-06 -1.20094068e-06
324.697 -4.34559163e-06 -4.62124024e-06
325.075 -7.99195756e-07 -6.24960296e-06
325.454  3.00587168e-06 -5.49593450e-06
325.832  5.62805015e-06 -2.67515351e-06
326.211  6.09777447e-06  1.12277512e-06
326.589  4.27016814e-06  4.45188636e-06
326.968  8.64917477e-07  6.07055755e-06
327.346 -2.81328039e-06  5.40244631e-06
327.725 -5.38461457e-06  2.73660960e-06
328.103 -5.91466234e-06 -8.90695676e-07
328.481 -4.24923292e-06 -4.10659998e-06
328.860 -1.06187753e-06 -5.72823189e-06
329.238  2.42076095e-06 -5.19401340e-06
329.617  4.89946148e-06 -2.76388987e-06
329.995  5.48375252e-06  5.98696847e-07
330.374  4.01676355e-06  3.61603422e-06
330.752  1.11694035e-06  5.17836292e-06
331.130 -2.08644597e-06  4.75411667e-06
331.509 -4.39007086e-06  2.57754990e-06
331.887 -4.96691242e-06 -4.72397154e-07
332.266 -3.67169553e-06 -3.22470084e-06
332.644 -1.06581087e-06 -4.66087640e-06
333.023  1.82360918e-06 -4.30012853e-06
333.401  3.90120357e-06 -2.35800419e-06
333.779  4.42522895e-06  3.68496662e-07
334.158  3.27522852e-06  2.81842237e-06
334.536  9.64159112e-07  4.08270408e-06
334.915 -1.57719845e-06  3.74755334e-06
335.293 -3.37224000e-06  2.02255030e-06
335.672 -3.78021778e-06 -3.63030954e-07
336.050 -2.71973123e-06 -2.45885553e-06
336.429 -6.75719735e-07 -3.47620623e-06
336.807  1.50645522e-06 -3.08002281e-06
337.185  2.97121948e-06 -1.49589407e-06
337.564  3.18354095e-06  5.94359201e-07
337.942  2.11833417e-06  2.34338318e-06
338.321  2.56653132e-07  3.07791115e-06
338.699 -1.62633754e-06  2.54872308e-06
339.078 -2.78230588e-06  1.01859997e-06
339.456 -2.77651200e-06 -8.60164848e-07
339.834 -1.65279690e-06 -2.32440978e-06
340.213  9.64093404e-08 -2.79987626e-06
340.591  1.74772456e-06 -2.12466911e-06
340.970  2.63710813e-06 -6.07668589e-07
341.348  2.42116323e-06  1.11485861e-06
341.727  1.21391716e-06  2.33979153e-06
342.105 -4.74818065e-07  2.57501035e-06
342.483 -1.95279366e-06  1.73974845e-06
342.862 -2.61886014e-06  1.86349498e-07
343.240 -2.20850497e-06 -1.45191840e-06
343.619 -8.94791613e-07 -2.51049632e-06
343.997  7.92776901e-07 -2.56345959e-06
344.376  2.17652538e-06 -1.59372050e-06
344.754  2.70297083e-06  1.19775601e-08
345.133  2.16712079e-06  1.61551002e-06
345.511  7.83208969e-07  2.58048489e-06
345.889 -9.01454838e-07  2.53111106e-06
346.268 -2.22046618e-06  1.49240853e-06
346.646 -2.65928971e-06 -1.24034750e-07
347.025 -2.05287698e-06 -1.67842267e-06
347.403 -6.43395364e-07 -2.56226544e-06
347.782  1.01083160e-06 -2.43624569e-06
348.160  2.26092822e-06 -1.35420540e-06
348.538  2.62467222e-06  2.54785071e-07
348.917  1.96554092e-06  1.75889652e-06
349.295  5.47387390e-07  2.57728119e-06
349.674 -1.07077865e-06  2.39834098e-06
350.052 -2.26252293e-06  1.30025587e-06
350.431 -2.57233800e-06 -2.79314073e-07
350.809 -1.88976669e-06 -1.72486528e-06
351.187 -4.94619351e-07 -2.48072938e-06
351.566  1.06288481e-06 -2.26227850e-06
351.944  2.17858977e-06 -1.17031071e-06
352.323  2.42351053e-06  3.57227246e-07
352.701  1.71494126e-06  1.72198580e-06
353.080  3.42836466e-07  2.39210948e-06
353.458 -1.15227288e-06  2.11291535e-06
353.837 -2.18460049e-06  1.00410913e-06
354.215 -2.35321754e-06 -4.97516422e-07
354.593 -1.59982857e-06 -1.80470959e-06
354.972 -2.20703127e-07 -2.40803873e-06
355.350  1.24765733e-06 -2.07847852e-06
355.729  2.23440134e-06 -9.46903213e-07
356.107  2.36192530e-06  5.48894985e-07
356.486  1.58512070e-06  1.82956332e-06
356.864  2.03491404e-07  2.40474030e-06
357.242 -1.24953105e-06  2.05859887e-06
357.621 -2.21782992e-06  9.25060000e-07
357.999 -2.33636414e-06 -5.59314820e-07
358.378 -1.56169567e-06 -1.82696416e-06
358.756 -1.91241225e-07 -2.40018908e-06
359.135  1.25255657e-06 -2.06391087e-06
359.513  2.22809930e-06 -9.47573369e-07
359.891  2.37229155e-06  5.24560086e-07
360.270  1.63514633e-06  1.80358331e-06
360.648  2.99357977e-07  2.41855835e-06
361.027 -1.13729383e-06  2.14857735e-06
361.405 -2.14904532e-06  1.10710715e-06
361.784 -2.37274953e-06 -3.12087851e-07
362.162 -1.74530048e-06 -1.58792992e-06
362.541 -5.16593811e-07 -2.26077825e-06
362.919  8.54873350e-07 -2.10552304e-06
363.297  1.86953403e-06 -1.20720344e-06
363.676  2.17471583e-06  8.62849160e-08
364.054  1.69130607e-06  1.29456216e-06
364.433  6.25173205e-07  1.98625337e-06
364.811 -6.15435326e-07  1.93962338e-06
365.190 -1.57590748e-06  1.20746367e-06
365.568 -1.92989602e-06  8.64834042e-08
365.946 -1.58666693e-06 -9.99007334e-07
366.325 -7.10293743e-07 -1.66576887e-06
366.703  3.49062384e-07 -1.70660740e-06
367.082  1.20068063e-06 -1.15175008e-06
367.460  1.55959494e-06 -2.48884353e-07
367.839  1.33886296e-06  6.46892180e-07
368.217  6.73539596e-07  1.21535605e-06
368.595 -1.47477978e-07  1.28154300e-06
368.974 -8.07162195e-07  8.74545013e-07
369.352 -1.07668950e-06  2.01836080e-07
369.731 -8.97888859e-07 -4.51251692e-07
370.109 -3.95902461e-07 -8.33833377e-07
370.488  1.91629076e-07 -8.24545099e-07
370.866  6.15810063e-07 -4.75405044e-07
371.245  7.14994488e-07  2.82220344e-08
371.623  4.81611387e-07  4.53594777e-07
372.001  5.16587422e-08  6.15995124e-07
372.380 -3.63785009e-07  4.60727711e-07
372.758 -5.66868180e-07  7.97653976e-08
373.137 -4.63664406e-07 -3.37919333e-07
373.515 -1.05329005e-07 -5.85269718e-07
373.894  3.41273235e-07 -5.31472481e-07
374.272  6.61257255e-07 -1.85016237e-07
374.650  6.85448513e-07  3.13266320e-07
375.029  3.72448865e-07  7.44170075e-07
375.407 -1.73370914e-07  8.98976182e-07
375.786 -7.38392832e-07  6.76584529e-07
376.164 -1.07861762e-06  1.28467357e-07
376.543 -1.02602439e-06 -5.55660429e-07
376.921 -5.60571400e-07 -1.11045620e-06
377.299  1.77252290e-07 -1.30228493e-06
377.678  9.25855146e-07 -1.02502857e-06
378.056  1.40038312e-06 -3.42527067e-07
378.435  1.40489662e-06  5.21260540e-07
378.813  9.04316206e-07  1.25898465e-06
379.192  4.83555203e-08  1.59688444e-06
379.570 -8.73192077e-07  1.39123560e-06
379.949 -1.53777300e-06  6.86330742e-07
380.327 -1.70114412e-06 -2.90292922e-07
380.705 -1.28462312e-06 -1.21040534e-06
381.084 -4.13081936e-07 -1.75697114e-06
381.462  6.29938725e-07 -1.73067479e-06
381.841  1.49929568e-06 -1.12700487e-06
382.219  1.89987404e-06 -1.36889685e-07
382.598  1.69239068e-06  9.20949749e-07
382.976  9.40241713e-07  1.70058004e-06
383.354 -1.18200578e-07  1.94754662e-06
383.733 -1.14392703e-06  1.58465264e-06
384.111 -1.81015022e-06  7.28177921e-07
384.490 -1.91260108e-06 -3.49088810e-07
384.868 -1.42584160e-06 -1.30672547e-06
385.247 -5.08228253e-07 -1.85239285e-06
385.625  5.49035505e-07 -1.82696725e-06
386.003  1.42288130e-06 -1.24815191e-06
386.382  1.85562966e-06 -3.04207131e-07
386.760  1.72648807e-06  7.15147679e-07
387.139  1.08789466e-06  1.50929932e-06
387.517  1.38849896e-07  1.84990988e-06
387.896 -8.41958240e-07  1.64919185e-06
388.274 -1.57264478e-06  9.77286207e-07
388.653 -1.85109652e-06  3.05980504e-08
389.031 -1.60860399e-06 -9.21474511e-07
389.409 -9.16845796e-07 -1.61398229e-06
389.788  3.11477374e-08 -1.86065803e-06
390.166  9.74079234e-07 -1.59400928e-06
390.545  1.65702726e-06 -8.83358333e-07
390.923  1.89120540e-06  8.06940893e-08
391.302  1.60281171e-06  1.04102876e-06
391.680  8.59405486e-07  1.73497996e-06
392.058 -1.49194540e-07  1.95968991e-06
392.437 -1.15376512e-06  1.63456242e-06
392.815 -1.86812790e-06  8.25281799e-07
393.194 -2.07245840e-06 -2.65222552e-07
393.572 -1.67746577e-06 -1.33602853e-06
393.951 -7.57356525e-07 -2.07069304e-06
394.329  4.49693726e-07 -2.22829118e-06
394.707  1.59947921e-06 -1.71661320e-06
395.086  2.33834870e-06 -6.41028192e-07
395.464  2.40454176e-06  7.08370749e-07
395.843  1.72359761e-06  1.93374210e-06
396.221  4.53203398e-07  2.63837472e-06
396.600 -1.05040318e-06  2.55568178e-06
396.978 -2.32350446e-06  1.65300486e-06
397.357 -2.93508866e-06  1.58522262e-07
397.735 -2.63816985e-06 -1.48690283e-06
398.113 -1.46345712e-06 -2.75300421e-06
398.492  2.66300487e-07 -3.19595716e-06
398.870  2.01403408e-06 -2.61187038e-06
399.249  3.19767649e-06 -1.12311736e-06
