0.363  4.03278688e-03 -6.38730693e-04
0.725  2.32631093e-03  6.00996741e-04
1.088  1.22914232e-03  1.15244763e-03
1.451  3.65062170e-04  1.25165942e-03
1.813 -2.95480619e-04  1.00310972e-03
2.176 -6.93233931e-04  5.45513590e-04
2.539 -7.53113849e-04  5.76238489e-05
2.901 -5.75219540e-04 -3.30003926e-04
3.264 -2.38870553e-04 -5.18555901e-04
3.627  9.03179719e-05 -5.13147595e-04
3.989  3.30890140e-04 -3.36977891e-04
4.352  4.24161822e-04 -6.52213217e-05
4.715  3.56908314e-04  1.82130791e-04
5.077  1.66734890e-04  3.15155775e-04
5.440 -5.03556321e-05  3.33625865e-04
5.803 -2.26457031e-04  2.29953114e-04
6.165 -2.97730262e-04  6.47702153e-05
6.528 -2.58691730e-04 -9.98944208e-05
6.891 -1.34395444e-04 -2.10735565e-04
7.253  2.82048023e-05 -2.35165507e-04
7.616  1.66061115e-04 -1.59987192e-04
7.979  2.28437468e-04 -4.03362969e-05
8.341  1.94834353e-04  8.72877621e-05
8.704  1.02933713e-04  1.72335926e-04
9.067 -1.69767664e-05  1.87217717e-04
9.429 -1.18101036e-04  1.28858358e-04
9.792 -1.62547125e-04  2.90308634e-05
10.155 -1.39673263e-04 -7.76392148e-05
10.517 -6.67958107e-05 -1.46212017e-04
10.880  2.76222143e-05 -1.57953062e-04
11.243  1.11578704e-04 -1.14075284e-04
11.605  1.53621443e-04 -3.09759292e-05
11.968  1.35122050e-04  5.78082021e-05
12.331  6.74055366e-05  1.14265968e-04
12.693 -2.14796985e-05  1.22073997e-04
13.056 -9.57171001e-05  8.21149995e-05
13.419 -1.30329558e-04  1.06145811e-05
13.781 -1.14273783e-04 -6.38636557e-05
14.144 -5.67278035e-05 -1.11546855e-04
14.507  1.82380837e-05 -1.15561887e-04
14.869  8.02164488e-05 -7.77493454e-05
15.232  1.07314820e-04 -1.32614310e-05
15.595  8.95698992e-05  5.34500151e-05
15.957  3.65705327e-05  9.83561176e-05
16.320 -2.73327739e-05  1.04173688e-04
16.683 -7.78136427e-05  7.09045984e-05
17.045 -9.70745176e-05  1.43240483e-05
17.408 -7.99367443e-05 -4.12044425e-05
17.771 -3.63562772e-05 -7.61160022e-05
18.133  1.71934381e-05 -7.91987674e-05
18.496  6.11738385e-05 -5.13485130e-05
18.859  7.97277697e-05 -4.94063588e-06
19.221  6.73691840e-05  4.09175833e-05
19.584  3.12914961e-05  6.78690426e-05
19.947 -1.38099351e-05  6.62116820e-05
20.309 -5.05010443e-05  3.86088183e-05
20.672 -6.44954153e-05 -4.70470279e-06
21.035 -5.07538753e-05 -4.75497190e-05
21.397 -1.54712562e-05 -7.37722198e-05
21.760  2.66416253e-05 -7.44870656e-05
22.123  5.90822207e-05 -5.06615453e-05
22.485  7.08219324e-05 -1.27210799e-05
22.848  5.81441458e-05  2.37693760e-05
23.211  2.73461296e-05  4.59729134e-05
23.573 -8.88716605e-06  4.63889327e-05
23.936 -3.62602123e-05  2.56098490e-05
24.299 -4.53290703e-05 -7.27814268e-06
24.661 -3.36687099e-05 -3.81891365e-05
25.024 -6.98156813e-06 -5.51964011e-05
25.387  2.36776839e-05 -5.21347779e-05
25.749  4.60389935e-05 -3.06832737e-05
26.112  5.14258693e-05  3.51672519e-07
26.475  3.80969021e-05  2.88891478e-05
26.837  1.17064047e-05  4.41976044e-05
27.200 -1.76052864e-05  4.09401576e-05
27.563 -3.88973365e-05  2.10561070e-05
27.925 -4.42176631e-05 -7.34112350e-06
28.288 -3.19264585e-05 -3.34424798e-05
28.651 -7.17310341e-06 -4.75110568e-05
29.013  2.00712591e-05 -4.50041633e-05
29.376  3.93626571e-05 -2.80428755e-05
29.739  4.37485442e-05 -3.61195921e-06
30.101  3.23545112e-05  1.84423630e-05
30.464  1.02828392e-05  2.97736480e-05
30.827 -1.35559298e-05  2.65840873e-05
31.189 -2.99047153e-05  1.04182947e-05
31.552 -3.29228159e-05 -1.20104094e-05
31.915 -2.22418737e-05 -3.16589570e-05
32.277 -2.46203585e-06 -4.10018977e-05
32.640  1.83078974e-05 -3.66286477e-05
33.003  3.20325267e-05 -2.06132789e-05
33.365  3.39251786e-05  4.94937620e-07
33.728  2.37019097e-05  1.86395583e-05
34.091  5.73314467e-06  2.72847284e-05
34.453 -1.27336452e-05  2.37461829e-05
34.816 -2.47301133e-05  1.01726978e-05
35.179 -2.58183776e-05 -7.63602371e-06
35.541 -1.57544035e-05 -2.25333452e-05
35.904  1.26819374e-06 -2.86423272e-05
36.267  1.86357887e-05 -2.36536931e-05
36.629  2.97520293e-05 -9.64382072e-06
36.992  3.04688754e-05  7.97318504e-06
37.355  2.09061937e-05  2.25815618e-05
37.717  5.11667516e-06  2.88085406e-05
38.080 -1.06839859e-05  2.47498509e-05
38.443 -2.04346015e-05  1.25292943e-05
38.805 -2.07726698e-05 -2.75452625e-06
39.168 -1.21891866e-05 -1.49748245e-05
39.531  1.56525563e-06 -1.94267413e-05
39.893  1.48074004e-05 -1.46109180e-05
40.256  2.20940771e-05 -2.62767993e-06
40.619  2.05537354e-05  1.16044864e-05
40.981  1.07702343e-05  2.23951482e-05
41.344 -3.57577832e-06  2.56723813e-05
41.707 -1.70902407e-05  2.03397036e-05
42.069 -2.49147245e-05  8.55442229e-06
42.432 -2.45013455e-05 -5.05842328e-06
42.795 -1.64040757e-05 -1.54243016e-05
43.157 -4.08939462e-06 -1.89831214e-05
43.520  7.55090801e-06 -1.48050389e-05
43.883  1.41406258e-05 -4.98459338e-06
44.245  1.33689538e-05  6.23296742e-06
44.608  5.96777913e-06  1.43022294e-05
44.971 -4.68151204e-06  1.60435088e-05
45.333 -1.41515657e-05  1.08346541e-05
45.696 -1.86048010e-05  8.54183796e-07
46.059 -1.62444281e-05 -9.99461347e-06
46.421 -8.07178598e-06 -1.76145733e-05
46.784  2.74152942e-06 -1.92227967e-05
47.147  1.21768452e-05 -1.44969315e-05
47.509  1.68070086e-05 -5.53426164e-06
47.872  1.51825545e-05  4.08307950e-06
48.235  8.29026648e-06  1.05800875e-05
48.597 -1.01378348e-06  1.15478726e-05
48.960 -9.04148666e-06  6.86233160e-06
49.323 -1.27482476e-05 -1.48994845e-06
49.685 -1.09527140e-05 -1.01703259e-05
50.048 -4.57751908e-06 -1.57940470e-05
50.411  3.73036626e-06 -1.63268913e-05
50.773  1.05972828e-05 -1.17016506e-05
51.136  1.33603965e-05 -3.77018072e-06
51.499  1.09919765e-05  4.36159523e-06
51.861  4.39246230e-06  9.65327770e-06
52.224 -3.87594593e-06  1.02586423e-05
52.587 -1.06904101e-05  6.10734463e-06
52.949 -1.36197167e-05 -9.97032301e-07
53.312 -1.17315783e-05 -8.15429162e-06
53.675 -5.99832325e-06 -1.25970883e-05
54.037  1.12867771e-06 -1.26487518e-05
54.400  6.82549505e-06 -8.38765704e-06
54.763  8.89677780e-06 -1.62137689e-06
55.125  6.59021318e-06  4.97604131e-06
55.488  9.30849563e-07  8.85195125e-06
55.851 -5.82241474e-06  8.50768711e-06
56.213 -1.10640102e-05  4.15754067e-06
56.576 -1.27765913e-05 -2.48084933e-06
56.939 -1.03883814e-05 -8.92941121e-06
57.301 -4.90541544e-06 -1.28199480e-05
57.664  1.59486893e-06 -1.28684050e-05
58.027  6.68459206e-06 -9.33266674e-06
58.389  8.57256959e-06 -3.75927943e-06
58.752  6.82709993e-06  1.57418579e-06
59.115  2.39275404e-06  4.57057251e-06
59.477 -2.76980657e-06  4.20771542e-06
59.840 -6.44830442e-06  8.06806259e-07
60.203 -7.15303226e-06 -4.12347777e-06
60.565 -4.60850495e-06 -8.43924996e-06
60.928  2.00111476e-07 -1.03109278e-05
61.291  5.35417348e-06 -8.89878055e-06
61.653  8.85080554e-06 -4.59557290e-06
62.016  9.39354122e-06  1.05937060e-06
62.379  6.78613401e-06  6.04796492e-06
62.741  2.05252304e-06  8.71019690e-06
63.104 -3.00107780e-06  8.26790332e-06
63.467 -6.57734592e-06  5.13809602e-06
63.829 -7.48291371e-06  7.61176086e-07
64.192 -5.57467176e-06 -3.08138470e-06
64.555 -1.83947922e-06 -4.90226706e-06
64.917  2.11612316e-06 -4.04701074e-06
65.280  4.67879573e-06 -9.98966800e-07
65.643  4.79634803e-06  2.91865024e-06
66.005  2.45655612e-06  6.09068664e-06
66.368 -1.37722170e-06  7.16657523e-06
66.731 -5.20826655e-06  5.65209241e-06
67.093 -7.51012007e-06  2.07345639e-06
67.456 -7.36308378e-06 -2.31851629e-06
67.819 -4.82149314e-06 -5.96038749e-06
68.181 -7.84827666e-07 -7.59168614e-06
68.544  3.30741397e-06 -6.78262719e-06
68.907  6.01858314e-06 -3.98790655e-06
69.269  6.53747392e-06 -3.69942773e-07
69.632  4.89705358e-06  2.62217816e-06
69.995  1.91942554e-06  3.90132107e-06
70.357 -1.06253517e-06  3.10811331e-06
70.720 -2.81086385e-06  6.80661884e-07
71.083 -2.65283471e-06 -2.26791305e-06
71.445 -6.57118383e-07 -4.45562044e-06
71.808  2.34505476e-06 -4.96574579e-06
72.171  5.12434044e-06 -3.51636592e-06
72.533  6.59797460e-06 -6.06225360e-07
72.896  6.16931111e-06  2.68462289e-06
73.259  3.97167223e-06  5.19987368e-06
73.621  8.41893570e-07  6.09150121e-06
73.984 -2.09741558e-06  5.12956366e-06
74.347 -3.84060661e-06  2.83528405e-06
74.709 -3.84576503e-06  1.89282152e-07
75.072 -2.30161382e-06 -1.75579240e-06
75.435  1.48926678e-08 -2.22579471e-06
75.797  2.08368537e-06 -1.08480008e-06
76.160  2.97393686e-06  1.14843563e-06
76.523  2.25400075e-06  3.57122111e-06
76.885  1.57791294e-07  5.18660957e-06
77.248 -2.59086412e-06  5.31753400e-06
77.611 -5.01268169e-06  3.90070018e-06
77.973 -6.25249272e-06  1.42355730e-06
78.336 -5.96310450e-06 -1.24336686e-06
78.699 -4.35878867e-06 -3.15898071e-06
79.061 -2.12045254e-06 -3.74120597e-06
79.424 -1.72935757e-07 -2.93314833e-06
79.787  7.42189889e-07 -1.18348634e-06
80.149  3.29160295e-07  6.78473474e-07
80.512 -1.20826931e-06  1.82526024e-06
80.875 -3.19485891e-06  1.76394439e-06
81.237 -4.78414683e-06  4.56066013e-07
81.600 -5.32787915e-06 -1.62505002e-06
81.963 -4.55479272e-06 -3.68772956e-06
82.325 -2.69889062e-06 -4.99010462e-06
82.688 -4.25365098e-07 -5.06377649e-06
83.051  1.49920778e-06 -3.89194230e-06
83.413  2.46004520e-06 -1.95173843e-06
83.776  2.20208729e-06  4.39753257e-08
84.139  9.73939111e-07  1.40948827e-06
84.501 -6.34140368e-07  1.70394035e-06
84.864 -1.94170209e-06  9.51499482e-07
85.227 -2.38824861e-06 -4.11742272e-07
85.589 -1.79781031e-06 -1.75812151e-06
85.952 -4.34961335e-07 -2.45972474e-06
86.315  1.16488830e-06 -2.16669756e-06
86.677  2.35797206e-06 -9.62001812e-07
87.040  2.65431350e-06  7.42601759e-07
87.403  1.95007193e-06  2.33621400e-06
87.765  5.00378169e-07  3.23337181e-06
88.128 -1.17235387e-06  3.15627688e-06
88.491 -2.44805950e-06  2.18780875e-06
88.853 -2.90789985e-06  7.19474719e-07
89.216 -2.46372112e-06 -6.56274636e-07
89.579 -1.34847503e-06 -1.42954687e-06
89.941 -7.20309635e-08 -1.36667917e-06
90.304  8.17372262e-07 -5.43127232e-07
90.667  9.71389984e-07  6.43745164e-07
91.029  3.15919091e-07  1.64696228e-06
91.392 -8.89062829e-07  2.02890965e-06
91.755 -2.14233134e-06  1.57459360e-06
92.117 -2.95334184e-06  3.86803314e-07
92.480 -2.98715214e-06 -1.12384339e-06
92.843 -2.18120365e-06 -2.45702998e-06
93.205 -8.11383497e-07 -3.19002655e-06
93.568  6.68907581e-07 -3.10491617e-06
93.931  1.80425092e-06 -2.31645372e-06
94.293  2.26320579e-06 -1.18439497e-06
94.656  2.00605797e-06 -1.44490919e-07
95.019  1.27671453e-06  4.09163239e-07
95.381  4.55784961e-07  3.09141485e-07
95.744 -4.33894746e-08 -3.16665509e-07
96.107  4.53559257e-08 -1.15631706e-06
96.469  7.07449562e-07 -1.80251380e-06
96.832  1.71177501e-06 -1.91046323e-06
97.195  2.68253647e-06 -1.37898922e-06
97.557  3.22255980e-06 -3.41791201e-07
97.920  3.11939724e-06  8.85469840e-07
98.283  2.39459709e-06  1.88719718e-06
98.645  1.27218060e-06  2.35507943e-06
99.008  1.39186912e-07  2.19232996e-06
99.371 -6.39124872e-07  1.50713179e-06
99.733 -8.67452396e-07  6.12944920e-07
100.096 -5.40274083e-07 -1.14185320e-07
100.459  1.25920856e-07 -4.11618683e-07
100.821  7.80701403e-07 -1.77304380e-07
101.184  1.12373263e-06  4.75241182e-07
101.547  9.77655655e-07  1.24553217e-06
101.909  3.55538381e-07  1.81802392e-06
102.272 -5.11703458e-07  1.95767692e-06
102.635 -1.31660214e-06  1.58205099e-06
102.997 -1.78749356e-06  8.35491298e-07
103.360 -1.75942115e-06 -6.74443038e-09
103.723 -1.28104070e-06 -6.59333768e-07
104.085 -5.73273811e-07 -8.93727029e-07
104.448  8.95071619e-08 -6.62098362e-07
104.811  4.41307871e-07 -1.13585861e-07
105.173  3.49851460e-07  5.10186081e-07
105.536 -1.13678599e-07  9.31679740e-07
105.899 -7.53120102e-07  9.50486444e-07
106.261 -1.29893930e-06  5.56422315e-07
106.624 -1.49913144e-06 -1.12643793e-07
106.987 -1.26070104e-06 -8.16179776e-07
107.349 -6.50313836e-07 -1.27348577e-06
107.712  1.42795753e-07 -1.31533746e-06
108.075  8.39277251e-07 -9.28984625e-07
108.437  1.21279027e-06 -2.32660755e-07
108.800  1.17498714e-06  5.28847945e-07
109.163  7.64901452e-07  1.10199853e-06
109.525  1.66953966e-07  1.33965819e-06
109.888 -3.69466048e-07  1.20821354e-06
110.251 -6.61779345e-07  8.20539141e-07
110.613 -6.20938531e-07  3.99001640e-07
110.976 -2.91598255e-07  1.42612306e-07
111.339  1.41926652e-07  1.80338029e-07
111.701  4.74459843e-07  5.30127617e-07
112.064  5.45329896e-07  1.05589704e-06
112.427  2.76534888e-07  1.55887925e-06
112.789 -2.56761570e-07  1.85746689e-06
113.152 -8.80110741e-07  1.82106472e-06
113.515 -1.40729119e-06  1.45595750e-06
113.877 -1.67049254e-06  8.94021623e-07
114.240 -1.60919281e-06  3.06499596e-07
114.603 -1.30116843e-06 -1.24155664e-07
114.965 -8.87388773e-07 -2.84954016e-07
115.328 -5.43813113e-07 -1.99829853e-07
115.691 -4.17066299e-07  2.51430155e-08
116.053 -5.30489445e-07  2.31576124e-07
116.416 -8.10990861e-07  2.52475779e-07
116.779 -1.12042018e-06  2.01280051e-08
117.141 -1.27809080e-06 -4.27989400e-07
117.504 -1.16915718e-06 -9.79912938e-07
117.867 -7.84507396e-07 -1.45279430e-06
118.229 -1.95198501e-07 -1.68873088e-06
118.592  4.35962500e-07 -1.62501723e-06
118.955  9.26392979e-07 -1.27876214e-06
119.317  1.16589277e-06 -7.68642565e-07
119.680  1.11582683e-06 -2.74378422e-07
120.043  8.35699010e-07  6.52588548e-08
120.405  4.76856152e-07  1.68576249e-07
120.768  1.84256991e-07  3.69929440e-08
121.131  6.32445872e-08 -2.19950881e-07
121.493  1.58060030e-07 -4.66696459e-07
121.856  4.02977531e-07 -5.90162452e-07
122.219  6.78763466e-07 -5.14976869e-07
122.581  8.72704694e-07 -2.65976370e-07
122.944  8.88553233e-07  5.71454160e-08
123.307  7.12077866e-07  3.46049530e-07
123.669  4.18279309e-07  4.91583873e-07
124.032  1.06083161e-07  4.43288241e-07
124.395 -1.11200719e-07  2.46649999e-07
124.757 -1.52737642e-07 -1.33787837e-08
125.120 -3.14777107e-08 -2.26991432e-07
125.483  1.85586272e-07 -2.90396999e-07
125.845  3.98478893e-07 -1.82633283e-07
126.208  4.88587128e-07  5.09357704e-08
126.571  4.00701912e-07  3.25146748e-07
126.933  1.53474116e-07  5.14854879e-07
127.296 -1.89198220e-07  5.31671668e-07
127.659 -5.06996053e-07  3.61398209e-07
128.021 -6.84943305e-07  3.83000578e-08
128.384 -6.73556458e-07 -3.37140190e-07
128.747 -4.71295063e-07 -6.37730412e-07
129.109 -1.44325598e-07 -7.84466753e-07
129.472  1.86891763e-07 -7.41565043e-07
129.835  4.26728274e-07 -5.34088440e-07
130.197  5.14470080e-07 -2.60190347e-07
130.560  4.36650601e-07 -1.87086524e-08
130.923  2.60411025e-07  1.16384083e-07
131.285  7.74193842e-08  1.01698884e-07
131.648 -3.52694646e-08 -2.85766844e-08
132.011 -1.49467767e-08 -1.95654053e-07
132.373  1.35099501e-07 -3.25066386e-07
132.736  3.52366067e-07 -3.43051286e-07
133.099  5.68416017e-07 -2.24379611e-07
133.461  7.05703839e-07 -1.11562989e-08
133.824  7.14900413e-07  2.38308564e-07
134.187  6.15185044e-07  4.50710901e-07
134.549  4.51964408e-07  5.60730188e-07
134.912  2.88225616e-07  5.66152384e-07
135.275  1.96570391e-07  5.00459378e-07
135.637  1.97376938e-07  4.15517969e-07
136.000  2.66879662e-07  3.86383251e-07
136.363  3.61966027e-07  4.51007457e-07
136.725  4.06777568e-07  5.96723544e-07
137.088  3.43976524e-07  7.88798035e-07
137.451  1.69191803e-07  9.53213338e-07
137.813 -9.58207614e-08  1.01293239e-06
138.176 -3.86490899e-07  9.39372329e-07
138.539 -6.12809129e-07  7.33248378e-07
138.901 -7.20834800e-07  4.37567227e-07
139.264 -6.86016474e-07  1.40491628e-07
139.627 -5.20516460e-07 -8.70689192e-08
139.989 -2.94553667e-07 -1.99688112e-07
140.352 -8.25238230e-08 -1.78306801e-07
140.715  5.98742337e-08 -6.52903069e-08
141.077  9.05830073e-08  7.30519246e-08
141.440  2.29710327e-08  1.81278279e-07
141.803 -9.04500351e-08  2.05664972e-07
142.165 -2.00341973e-07  1.34972171e-07
142.528 -2.50391360e-07  6.48840289e-09
142.891 -2.10227385e-07 -1.38286302e-07
143.253 -1.01432214e-07 -2.46239790e-07
143.616  4.28960874e-08 -2.73109926e-07
143.979  1.77016562e-07 -2.24346897e-07
144.341  2.48874808e-07 -1.24141403e-07
144.704  2.48966297e-07 -7.96828687e-09
145.067  1.93329096e-07  7.08393426e-08
145.429  1.07037279e-07  9.05108512e-08
145.792  4.00134828e-08  6.05577885e-08
146.155  2.38721535e-08 -2.05578763e-09
146.517  5.48603409e-08 -5.29071054e-08
146.880  1.21231200e-07 -5.16649729e-08
147.243  1.84269603e-07  5.31264830e-09
147.605  1.94988316e-07  1.10740040e-07
147.968  1.38176676e-07  2.32719286e-07
148.331  1.37761723e-08  3.15601388e-07
148.693 -1.57190289e-07  3.29449458e-07
149.056 -3.18837502e-07  2.63104550e-07
149.419 -4.28092649e-07  1.21867305e-07
149.781 -4.61936083e-07 -4.72611848e-08
150.144 -4.08125390e-07 -1.94284187e-07
150.507 -2.97162592e-07 -2.87438747e-07
150.869 -1.78398530e-07 -2.99558205e-07
151.232 -8.76105610e-08 -2.41147198e-07
151.595 -6.16139483e-08 -1.54666588e-07
151.957 -1.09618406e-07 -7.57519561e-08
152.320 -2.00443256e-07 -4.52373537e-08
152.683 -3.01686020e-07 -8.94556943e-08
153.045 -3.73419673e-07 -1.91715563e-07
153.408 -3.76294611e-07 -3.25812106e-07
153.771 -3.10566945e-07 -4.57588951e-07
154.133 -1.93385411e-07 -5.41072021e-07
154.496 -4.86390831e-08 -5.61251991e-07
154.859  7.91428648e-08 -5.25522260e-07
155.221  1.64330946e-07 -4.45740955e-07
155.584  2.06914217e-07 -3.58271181e-07
155.947  2.09107870e-07 -2.93611493e-07
156.309  1.96528957e-07 -2.55517349e-07
156.672  2.00875133e-07 -2.46235836e-07
157.035  2.27955512e-07 -2.49219214e-07
157.397  2.80330580e-07 -2.32070874e-07
157.760  3.47787998e-07 -1.85094530e-07
158.123  3.97027323e-07 -1.05775350e-07
158.485  4.11400920e-07  1.34198096e-09
158.848  3.86201808e-07  1.04149792e-07
159.211  3.19317815e-07  1.78331389e-07
159.573  2.37599969e-07  2.15434107e-07
159.936  1.70894482e-07  2.06785335e-07
160.299  1.31453226e-07  1.70904294e-07
160.661  1.32817272e-07  1.40532216e-07
161.024  1.65856053e-07  1.32075158e-07
161.387  1.97044801e-07  1.62707496e-07
161.749  2.04475928e-07  2.33275145e-07
162.112  1.66760265e-07  3.12317098e-07
162.475  7.13872690e-08  3.71729981e-07
162.837 -5.75200862e-08  3.84610499e-07
163.200 -1.88363640e-07  3.24663154e-07
163.563 -2.89784134e-07  2.01536078e-07
163.925 -3.22294817e-07  4.35542274e-08
164.288 -2.75773334e-07 -1.18591443e-07
164.651 -1.67544692e-07 -2.37897721e-07
165.013 -2.05809846e-08 -2.84808410e-07
165.376  1.19800070e-07 -2.61377647e-07
165.739  2.10591420e-07 -1.78157354e-07
166.101  2.39149003e-07 -7.05524715e-08
166.464  2.03158890e-07  1.29093728e-08
166.827  1.23754111e-07  4.78861975e-08
167.189  4.82861810e-08  2.11408020e-08
167.552  9.95908976e-09 -6.17220977e-08
167.915  3.12451977e-08 -1.59842060e-07
168.277  1.22479692e-07 -2.33810404e-07
168.640  2.54798684e-07 -2.52962134e-07
169.003  3.86979396e-07 -1.90833304e-07
169.365  4.82463510e-07 -5.83535099e-08
169.728  5.00329870e-07  1.08388788e-07
170.091  4.29283551e-07  2.71924750e-07
170.453  2.92463998e-07  3.81961942e-07
170.816  1.21425313e-07  4.04788448e-07
171.179 -3.21319523e-08  3.44747947e-07
171.541 -1.16483670e-07  2.21200918e-07
171.904 -1.14745418e-07  7.88251106e-08
172.267 -2.97097850e-08 -1.98602733e-08
172.629  1.08277187e-07 -3.69778437e-08
172.992  2.34525990e-07  4.44426723e-08
173.355  2.92635252e-07  2.15158671e-07
173.717  2.43494173e-07  4.18940144e-07
174.080  6.85073284e-08  5.87244064e-07
174.443 -1.97821446e-07  6.59438707e-07
174.805 -4.87158119e-07  5.84579121e-07
175.168 -7.24393825e-07  3.61833237e-07
175.531 -8.28134136e-07  4.19980140e-08
175.893 -7.53411628e-07 -2.99782063e-07
176.256 -5.15984851e-07 -5.62496676e-07
176.619 -1.72314361e-07 -6.57572795e-07
176.981  1.75278008e-07 -5.53704532e-07
177.344  4.05414371e-07 -2.70720853e-07
177.707  4.36367704e-07  1.09474755e-07
178.069  2.37877500e-07  4.51746050e-07
178.432 -1.50209432e-07  6.29953298e-07
178.795 -6.04076407e-07  5.56859667e-07
179.157 -9.69071773e-07  2.11282623e-07
179.520 -1.10322735e-06 -3.23379669e-07
179.883 -9.11674916e-07 -8.90354809e-07
180.245 -4.08080545e-07 -1.30772011e-06
180.608  2.84035573e-07 -1.40608305e-06
180.971  9.72151874e-07 -1.10684351e-06
181.333  1.42879733e-06 -4.61895664e-07
181.696  1.47620246e-06  3.66893447e-07
182.059  1.06342221e-06  1.12905235e-06
182.421  2.77008620e-07  1.56258489e-06
182.784 -6.58101930e-07  1.49969910e-06
183.147 -1.43243037e-06  9.14426723e-07
183.509 -1.77005848e-06 -4.64163871e-08
183.872 -1.51153466e-06 -1.07905205e-06
184.235 -6.78580646e-07 -1.83158541e-06
184.597  4.92732939e-07 -2.01210774e-06
184.960  1.62786661e-06 -1.48468762e-06
185.323  2.32916986e-06 -3.55944042e-07
185.685  2.29340812e-06  1.04629236e-06
186.048  1.44740754e-06  2.27209107e-06
186.411 -3.78200847e-09  2.87156902e-06
186.773 -1.63453733e-06  2.56553314e-06
187.136 -2.90300228e-06  1.36748516e-06
187.499 -3.33343476e-06 -4.10565505e-07
187.861 -2.70306425e-06 -2.21994775e-06
188.224 -1.12495447e-06 -3.43924695e-06
188.587  9.48912469e-07 -3.60308859e-06
188.949  2.84031816e-06 -2.56283548e-06
189.312  3.88061114e-06 -5.69773025e-07
189.675  3.63468812e-06  1.75629532e-06
190.037  2.06763623e-06  3.62747257e-06
190.400 -3.84007304e-07  4.34519577e-06
190.763 -2.93392945e-06  3.53872980e-06
191.125 -4.69474931e-06  1.34643412e-06
191.488 -4.96086154e-06 -1.59051418e-06
191.851 -3.48910899e-06 -4.31938786e-06
192.213 -6.30077918e-07 -5.86155821e-06
192.576  2.75847640e-06 -5.56254500e-06
192.939  5.54938577e-06 -3.36210925e-06
193.301  6.71774106e-06  1.51057085e-07
193.664  5.72626898e-06  3.87700252e-06
194.027  2.73834392e-06  6.53759937e-06
194.389 -1.37539031e-06  7.12908536e-06
194.752 -5.26738982e-06  5.28433785e-06
195.115 -7.56489012e-06  1.45030990e-06
195.477 -7.34355126e-06 -3.18231997e-06
195.840 -4.47648948e-06 -7.05108642e-06
196.203  2.36830663e-07 -8.74229469e-06
196.565  5.28542113e-06 -7.48209529e-06
196.928  8.93072204e-06 -3.47596852e-06
197.291  9.78006512e-06  2.08697115e-06
197.653  7.31386452e-06  7.39081140e-06
198.016  2.14260295e-06  1.05646505e-05
198.379 -4.14047603e-06  1.03390522e-05
198.741 -9.43208326e-06  6.55085612e-06
199.104 -1.18153242e-05  2.63914401e-07
199.467 -1.02644833e-05 -6.50876380e-06
199.829 -5.05468357e-06 -1.14321235e-05
200.192  2.24398246e-06 -1.26652999e-05
200.555  9.21068316e-06 -9.53453684e-06
200.917  1.33820174e-05 -2.84174196e-06
201.280  1.31140841e-05  5.29771735e-06
201.643  8.20104833e-06  1.21208156e-05
202.005  6.10778573e-08  1.51518142e-05
202.368 -8.65873080e-06  1.30738980e-05
202.731 -1.49460352e-05  6.28092634e-06
203.093 -1.64410851e-05 -3.14673828e-06
203.456 -1.23142965e-05 -1.20835011e-05
203.819 -3.66477915e-06 -1.73772398e-05
204.181  6.76498026e-06 -1.69544006e-05
204.544  1.54444103e-05 -1.06301901e-05
204.907  1.92399932e-05 -2.70580183e-07
205.269  1.65577611e-05  1.07415138e-05
205.632  7.98162108e-06  1.85932999e-05
205.995 -3.81420956e-06  2.03746607e-05
206.357 -1.48712394e-05  1.51476424e-05
206.720 -2.12807500e-05  4.37227937e-06
207.083 -2.05646444e-05 -8.45993411e-06
207.445 -1.26069147e-05 -1.89526338e-05
207.808  1.67573949e-07 -2.33142616e-05
208.171  1.35145791e-05 -1.97060418e-05
208.533  2.27870805e-05 -8.99694200e-06
208.896  2.45354592e-05  5.39914789e-06
209.259  1.77823611e-05  1.86175653e-05
209.621  4.49953571e-06  2.59747856e-05
209.984 -1.09629682e-05  2.46204969e-05
210.347 -2.32936280e-05  1.46431231e-05
210.709 -2.80342555e-05 -8.39682934e-07
211.072 -2.32049919e-05 -1.66462984e-05
211.435 -1.01038557e-05 -2.72497625e-05
211.797  7.01893804e-06 -2.87236582e-05
212.160  2.23167749e-05 -2.01932742e-05
212.523  3.03492118e-05 -4.25554823e-06
212.885  2.80227010e-05  1.37802734e-05
213.248  1.57571720e-05  2.76579774e-05
213.611 -2.51491624e-06  3.23551963e-05
213.973 -2.05961761e-05  2.58844184e-05
214.336 -3.21404660e-05  1.01104767e-05
214.699 -3.28718959e-05 -9.75619558e-06
215.061 -2.21625080e-05 -2.68941318e-05
215.424 -3.39415584e-06 -3.52131132e-05
215.787  1.71129572e-05 -3.15164409e-05
216.149  3.22326672e-05 -1.67383425e-05
216.512  3.65059552e-05  4.26345959e-06
216.875  2.81316504e-05  2.43068674e-05
217.237  9.70822331e-06  3.63329425e-05
217.600 -1.25678998e-05  3.59097514e-05
217.963 -3.09722818e-05  2.28737460e-05
218.325 -3.89412434e-05  1.48764726e-06
218.688 -3.34290498e-05 -2.09359648e-05
219.051 -1.60562588e-05 -3.65366591e-05
219.413  7.34175529e-06 -3.96823464e-05
219.776  2.86678730e-05 -2.89972074e-05
220.139  4.03876332e-05 -7.94430586e-06
220.501  3.81944541e-05  1.62793829e-05
220.864  2.25924547e-05  3.52223137e-05
221.227 -1.17019794e-06  4.21375857e-05
221.589 -2.48763617e-05  3.43888161e-05
221.952 -4.01952124e-05  1.44719028e-05
222.315 -4.16116847e-05 -1.07837959e-05
222.677 -2.84352758e-05 -3.25701026e-05
223.040 -5.12060831e-06 -4.31707205e-05
223.403  2.02480289e-05 -3.87148622e-05
223.765  3.87560257e-05 -2.06078530e-05
224.128  4.38052372e-05  4.91449273e-06
224.491  3.34910294e-05  2.89288390e-05
224.853  1.13144301e-05  4.29509218e-05
225.216 -1.50018059e-05  4.19617444e-05
225.579 -3.62018016e-05  2.62080697e-05
225.941 -4.47809951e-05  1.15425005e-06
226.304 -3.76559997e-05 -2.44045214e-05
226.667 -1.72771419e-05 -4.14541771e-05
227.029  9.19744768e-06 -4.39618073e-05
227.392  3.24304985e-05 -3.10177456e-05
227.755  4.42229332e-05 -7.18853300e-06
228.117  4.04161002e-05  1.90942739e-05
228.480  2.23847724e-05  3.85390938e-05
228.843 -3.44462095e-06  4.42863732e-05
229.205 -2.78990457e-05  3.43522509e-05
229.568 -4.23205654e-05  1.23381400e-05
229.931 -4.16480916e-05 -1.38809714e-05
230.293 -2.62238652e-05 -3.49750565e-05
230.656 -1.63626361e-06 -4.34869745e-05
231.019  2.33050601e-05 -3.65004686e-05
231.381  3.97257284e-05 -1.66474322e-05
231.744  4.18742283e-05  8.88007227e-06
232.107  2.91546268e-05  3.09274111e-05
232.469  6.28229299e-06  4.16839025e-05
232.832 -1.84467996e-05  3.74753552e-05
233.195 -3.61761708e-05  2.00242285e-05
233.557 -4.06874926e-05 -4.22292166e-06
233.920 -3.05899947e-05 -2.64715022e-05
234.283 -9.76066083e-06 -3.87905392e-05
234.645  1.41216225e-05 -3.69478833e-05
235.008  3.24197280e-05 -2.18801599e-05
235.371  3.86680448e-05  7.17561802e-07
235.733  3.08686013e-05  2.25458266e-05
236.096  1.21486971e-05  3.57530185e-05
236.459 -1.04781300e-05  3.57650266e-05
236.821 -2.87406393e-05  2.28962599e-05
237.184 -3.61322243e-05  2.13270097e-06
237.547 -3.02553301e-05 -1.87930643e-05
237.909 -1.36096444e-05 -3.22717236e-05
238.272  7.44486184e-06 -3.36029660e-05
238.635  2.50970557e-05 -2.26581462e-05
238.997  3.29870716e-05 -3.80531299e-06
239.360  2.85225785e-05  1.58007989e-05
239.723  1.37290324e-05  2.89208676e-05
240.085 -5.61438042e-06  3.09221632e-05
240.448 -2.22023754e-05  2.14195540e-05
240.811 -2.99692784e-05  4.30417120e-06
241.173 -2.63117679e-05 -1.38050552e-05
241.536 -1.29609336e-05 -2.61143715e-05
241.899  4.76727091e-06 -2.82052334e-05
242.261  2.00674555e-05 -1.96186421e-05
242.624  2.72529495e-05 -3.93517036e-06
242.987  2.38608910e-05  1.26816163e-05
243.349  1.15093983e-05  2.38959762e-05
243.712 -4.81397431e-06  2.55987410e-05
244.075 -1.87472252e-05  1.74198816e-05
244.437 -2.50085560e-05  2.79067221e-06
244.800 -2.13918331e-05 -1.24704214e-05
245.163 -9.55901376e-06 -2.24421433e-05
245.525  5.69070291e-06 -2.33760152e-05
245.888  1.83384372e-05 -1.51145379e-05
246.251  2.34881006e-05 -1.08074476e-06
246.613  1.92593308e-05  1.31183997e-05
246.976  7.47217970e-06  2.18953932e-05
247.339 -7.12492164e-06  2.18681286e-05
247.701 -1.87352748e-05  1.31588411e-05
248.064 -2.27961831e-05 -7.04069640e-07
248.427 -1.77651437e-05 -1.41918014e-05
248.789 -5.69013753e-06 -2.19569719e-05
249.152  8.61224786e-06 -2.09450785e-05
249.515  1.94547447e-05 -1.15756327e-05
249.877  2.25314824e-05  2.43364385e-06
250.240  1.66049644e-05  1.55227230e-05
250.603  3.98773477e-06  2.24877163e-05
250.965 -1.03491891e-05  2.05284785e-05
251.328 -2.07309243e-05  1.03472692e-05
251.691 -2.30110655e-05 -4.10082461e-06
252.053 -1.61965424e-05 -1.71464380e-05
252.416 -2.86622552e-06 -2.36284595e-05
252.779  1.18111169e-05 -2.09086477e-05
253.141  2.20907137e-05 -9.92904367e-06
253.504  2.38824274e-05  5.11765836e-06
253.867  1.63615152e-05  1.84065747e-05
254.229  2.33221686e-06  2.47284959e-05
254.592 -1.28376820e-05  2.15164455e-05
254.955 -2.32740515e-05  9.88127381e-06
255.317 -2.48582079e-05 -5.78879999e-06
255.680 -1.68494768e-05 -1.94964871e-05
256.043 -2.20225745e-06 -2.59230962e-05
256.405  1.35446994e-05 -2.24935747e-05
256.768  2.43623572e-05 -1.03952282e-05
257.131  2.60459804e-05  5.85523015e-06
257.493  1.78487908e-05  2.01041355e-05
257.856  2.78307837e-06  2.69009107e-05
258.219 -1.34963963e-05  2.35943838e-05
258.581 -2.48248092e-05  1.13508380e-05
258.944 -2.68816939e-05 -5.26649530e-06
259.307 -1.88337124e-05 -2.00049155e-05
259.669 -3.66106220e-06 -2.72982486e-05
260.032  1.29479773e-05 -2.43741341e-05
260.395  2.47513649e-05 -1.23006764e-05
260.757  2.73125655e-05  4.40091307e-06
261.120  1.96640464e-05  1.94661485e-05
261.483  4.67876102e-06  2.72562638e-05
261.845 -1.20184034e-05  2.48684270e-05
262.208 -2.41842822e-05  1.32258245e-05
262.571 -2.72957577e-05 -3.27941521e-06
262.933 -2.02411912e-05 -1.84644726e-05
263.296 -5.72562422e-06 -2.66795485e-05
263.659  1.07820892e-05 -2.49196192e-05
264.021  2.31189640e-05 -1.39400868e-05
264.384  2.67360474e-05  2.06992695e-06
264.747  2.03968099e-05  1.70940842e-05
265.109  6.59754503e-06  2.55524143e-05
265.472 -9.42013609e-06  2.43946482e-05
265.835 -2.16576310e-05  1.42079479e-05
266.197 -2.56223772e-05 -1.06537927e-06
266.560 -1.99911891e-05 -1.56460244e-05
266.923 -7.04220229e-06 -2.41141159e-05
267.285  8.25427801e-06 -2.34415196e-05
267.648  2.01450017e-05 -1.40715134e-05
268.011  2.42762982e-05  3.11667310e-07
268.373  1.92898626e-05  1.42235525e-05
268.736  7.26723384e-06  2.24868864e-05
269.099 -7.11834047e-06  2.21641806e-05
269.461 -1.84273655e-05  1.36041894e-05
269.824 -2.25182274e-05  2.43040263e-07
270.187 -1.80654597e-05 -1.27720458e-05
270.549 -6.99760564e-06 -2.05708449e-05
270.912  6.31774599e-06 -2.03802141e-05
271.275  1.67979848e-05 -1.25231180e-05
271.637  2.05781756e-05 -2.14114105e-07
272.000  1.64453463e-05  1.17502197e-05
272.363  6.23030963e-06  1.88489666e-05
272.725 -5.98705381e-06  1.85472096e-05
273.088 -1.54930028e-05  1.12135211e-05
273.451 -1.87526551e-05 -1.15265460e-07
273.813 -1.47379567e-05 -1.09739902e-05
274.176 -5.24144162e-06 -1.72143587e-05
274.539  5.89956539e-06 -1.65990112e-05
274.901  1.43300733e-05 -9.60477339e-06
275.264  1.68804195e-05  8.47863510e-07
275.627  1.27606881e-05  1.05842556e-05
275.989  3.79010540e-06  1.58330485e-05
276.352 -6.37337691e-06  1.46870673e-05
276.715 -1.37062499e-05  7.78596754e-06
277.077 -1.54087970e-05 -1.99429328e-06
277.440 -1.09609152e-05 -1.07171419e-05
277.803 -2.27268092e-06 -1.49641573e-05
278.165  7.11239176e-06 -1.31597996e-05
278.528  1.34560903e-05 -6.14854590e-06
278.891  1.43002783e-05  3.17617104e-06
279.253  9.40595894e-06  1.10593697e-05
279.616  8.19608100e-07  1.43850942e-05
279.979 -7.97615911e-06  1.18892305e-05
280.341 -1.34678532e-05  4.64167991e-06
280.704 -1.34929920e-05 -4.40714735e-06
281.067 -8.08659593e-06 -1.16260183e-05
281.429  5.50358865e-07 -1.41398480e-05
281.792  8.95248584e-06 -1.09635120e-05
282.155  1.37661363e-05 -3.38581587e-06
282.517  1.30735397e-05  5.56505062e-06
282.880  7.15397524e-06  1.23264754e-05
283.243 -1.64356620e-06  1.42054107e-05
283.605 -9.83689596e-06  1.04490497e-05
283.968 -1.41779650e-05  2.53268892e-06
284.331 -1.29403980e-05 -6.43152797e-06
284.693 -6.59666861e-06 -1.29111437e-05
285.056  2.37819784e-06 -1.43466632e-05
285.419  1.04694200e-05 -1.01590291e-05
285.781  1.45003084e-05 -1.96564185e-06
286.144  1.28814938e-05  7.04578136e-06
286.507  6.22126501e-06  1.33583323e-05
286.869 -2.90891144e-06  1.45053641e-05
287.232 -1.09680857e-05  1.00216872e-05
287.595 -1.48302531e-05  1.62179410e-06
287.957 -1.29907775e-05 -7.45678976e-06
288.320 -6.14107635e-06 -1.37152701e-05
288.683  3.09164109e-06 -1.47442020e-05
289.045  1.11657980e-05 -1.01412155e-05
289.408  1.49937395e-05 -1.66952053e-06
289.771  1.31158398e-05  7.42754348e-06
290.133  6.25998808e-06  1.36826695e-05
290.496 -2.94463314e-06  1.47228698e-05
290.859 -1.09917673e-05  1.01729363e-05
291.221 -1.48336504e-05  1.79211440e-06
291.584 -1.30374979e-05 -7.22109137e-06
291.947 -6.32613073e-06 -1.34530747e-05
292.309  2.72446492e-06 -1.45689354e-05
292.672  1.06809088e-05 -1.01972573e-05
293.035  1.45552447e-05 -2.04371198e-06
293.397  1.29396621e-05  6.78352089e-06
293.760  6.51646779e-06  1.29583773e-05
294.123 -2.23652420e-06  1.42034281e-05
294.485 -9.99993879e-06  1.01360299e-05
294.848 -1.38823028e-05  2.37246601e-06
295.211 -1.25088600e-05 -6.10938458e-06
295.573 -6.50196229e-06 -1.21172100e-05
295.936  1.78880905e-06 -1.34599258e-05
296.299  9.20343838e-06 -9.74406399e-06
296.661  1.29892487e-05 -2.48283468e-06
297.024  1.18230990e-05  5.51050445e-06
297.387  6.27199100e-06  1.12228604e-05
297.749 -1.45917140e-06  1.25801635e-05
298.112 -8.40837654e-06  9.19813923e-06
298.475 -1.19965325e-05  2.49034694e-06
298.837 -1.09815282e-05 -4.91915041e-06
299.200 -5.89592194e-06 -1.02277450e-05
299.563  1.20683670e-06 -1.15100381e-05
299.925  7.58435657e-06 -8.42388594e-06
300.288  1.08580131e-05 -2.29447572e-06
300.651  9.90421519e-06  4.45123376e-06
301.013  5.24721428e-06  9.23719493e-06
301.376 -1.20397247e-06  1.03201970e-05
301.739 -6.92798859e-06  7.43472063e-06
302.101 -9.76829639e-06  1.83714668e-06
302.464 -8.75407458e-06 -4.22916534e-06
302.827 -4.42763608e-06 -8.41939759e-06
303.189  1.42185245e-06 -9.19825955e-06
303.552  6.48127037e-06 -6.40274969e-06
303.915  8.82794058e-06 -1.24940306e-06
304.277  7.66290458e-06  4.17562618e-06
304.640  3.57272173e-06  7.75505814e-06
305.003 -1.73978074e-06  8.17004213e-06
305.365 -6.15237902e-06  5.37789240e-06
305.728 -7.97305245e-06  5.88868411e-07
306.091 -6.58070883e-06 -4.24100810e-06
306.453 -2.63328573e-06 -7.20789645e-06
306.816  2.22119312e-06 -7.20224296e-06
307.179  6.02894541e-06 -4.31693349e-06
307.541  7.30909525e-06  2.14317938e-07
307.904  5.61818581e-06  4.53915104e-06
308.267  1.70706368e-06  6.93858800e-06
308.629 -2.80625681e-06  6.49603957e-06
308.992 -6.10446926e-06  3.44842124e-06
309.355 -6.88844731e-06 -9.29570483e-07
309.717 -4.88593208e-06 -4.86059117e-06
310.080 -9.47196938e-07 -6.77404076e-06
310.443  3.32020271e-06 -5.92650949e-06
310.805  6.19894495e-06 -2.69338954e-06
311.168  6.54246665e-06  1.60267583e-06
311.531  4.23329789e-06  5.22935001e-06
311.893  2.14436717e-07  6.73092876e-06
312.256 -3.89862314e-06  5.51260044e-06
312.619 -6.45640629e-06  2.06875775e-06
312.981 -6.43602543e-06 -2.22673974e-06
313.344 -3.84534939e-06 -5.66162381e-06
313.707  2.93052823e-07 -6.86696489e-06
314.069  4.34316702e-06 -5.36206014e-06
314.432  6.70165124e-06 -1.73259149e-06
314.795  6.43637202e-06  2.59901651e-06
315.157  3.64351651e-06  5.92988188e-06
315.520 -5.92063302e-07  6.95314435e-06
315.883 -4.61619368e-06  5.26328280e-06
316.245 -6.85988453e-06  1.50919834e-06
316.608 -6.44837696e-06 -2.85248121e-06
316.971 -3.53303573e-06 -6.13107556e-06
317.333  7.62049560e-07 -7.05975227e-06
317.696  4.78075491e-06 -5.27603362e-06
318.059  6.98114579e-06 -1.46480611e-06
318.421  6.52023821e-06  2.90933122e-06
318.784  3.57812244e-06  6.17622430e-06
319.147 -7.13138741e-07  7.09442714e-06
319.509 -4.71756973e-06  5.32377233e-06
319.872 -6.91908393e-06  1.55493963e-06
320.235 -6.49544953e-06 -2.77071246e-06
320.597 -3.63250635e-06 -6.01537952e-06
320.960  5.63289323e-07 -6.96345612e-06
321.323  4.49751032e-06 -5.28580704e-06
321.685  6.69064202e-06 -1.64999154e-06
322.048  6.34302540e-06  2.55146078e-06
322.411  3.62729194e-06  5.73044898e-06
322.773 -3.99993118e-07  6.71029047e-06
323.136 -4.20536754e-06  5.16631632e-06
323.499 -6.36623909e-06  1.72418628e-06
323.861 -6.11106674e-06 -2.28979089e-06
324.224 -3.58850009e-06 -5.36008082e-06
324.587  2.07164746e-07 -6.36431493e-06
324.949  3.82420797e-06 -4.98046955e-06
325.312  5.91854025e-06 -1.78676638e-06
325.675  5.75331779e-06  1.97143748e-06
326.037  3.45504230e-06  4.87430881e-06
326.400 -5.01741447e-08  5.86662063e-06
326.763 -3.41214661e-06  4.63712699e-06
327.125 -5.38088633e-06  1.72032693e-06
327.488 -5.26601548e-06 -1.73186810e-06
327.851 -3.18367034e-06 -4.40986790e-06
328.213  1.15189577e-08 -5.33754014e-06
328.576  3.08144325e-06 -4.23083450e-06
328.939  4.87935745e-06 -1.58600900e-06
329.301  4.77837349e-06  1.54357504e-06
329.664  2.89648662e-06  3.96318246e-06
330.027  1.73619118e-08  4.78992598e-06
330.389 -2.73252921e-06  3.78315956e-06
330.752 -4.31842082e-06  1.40651759e-06
331.115 -4.19402798e-06 -1.37989953e-06
331.477 -2.48881171e-06 -3.49783114e-06
331.840  7.51599321e-08 -4.17229857e-06
332.203  2.47681361e-06 -3.21769637e-06
332.565  3.80229792e-06 -1.07686014e-06
332.928  3.59683126e-06  1.36997970e-06
333.291  2.01306684e-06  3.16192459e-06
333.653 -2.70437180e-07  3.63921276e-06
334.016 -2.33035333e-06  2.67999754e-06
334.379 -3.37548925e-06  7.25352791e-07
334.741 -3.04596536e-06 -1.40966984e-06
335.104 -1.53362485e-06 -2.87713920e-06
335.467  5.07663017e-07 -3.12949799e-06
335.829  2.24245677e-06 -2.11831889e-06
336.192  2.99291665e-06 -3.02289364e-07
336.555  2.49517845e-06  1.55498313e-06
336.917  9.96407116e-07  2.70402401e-06
337.280 -8.59039192e-07  2.70106398e-06
337.643 -2.30596918e-06  1.58032236e-06
338.005 -2.76254328e-06 -1.68521726e-07
338.368 -2.06045537e-06 -1.81574011e-06
338.731 -5.10255938e-07 -2.68664631e-06
339.093  1.23966500e-06 -2.43027754e-06
339.456  2.46894129e-06 -1.16359839e-06
339.819  2.67200280e-06  5.86825018e-07
340.181  1.76753943e-06  2.10345385e-06
340.544  1.25712198e-07  2.76198922e-06
340.907 -1.58798371e-06  2.28863634e-06
341.269 -2.67415729e-06  8.69944240e-07
341.632 -2.68410864e-06 -9.29164927e-07
341.995 -1.60342062e-06 -2.38505836e-06
342.357  1.48800785e-07 -2.90477594e-06
342.720  1.88105052e-06 -2.26857885e-06
343.083  2.90027741e-06 -7.11695390e-07
343.445  2.79320054e-06  1.16504298e-06
343.808  1.58516729e-06  2.62499728e-06
344.171 -2.69229452e-07  3.09139602e-06
344.533 -2.05507507e-06  2.37079172e-06
344.896 -3.08043349e-06  7.25511317e-07
345.259 -2.94513514e-06 -1.21933788e-06
345.621 -1.68959951e-06 -2.72026300e-06
345.984  2.13803398e-07 -3.20482789e-06
346.347  2.04280053e-06 -2.48388048e-06
346.709  3.10752588e-06 -8.27717222e-07
347.072  3.00645248e-06  1.13609286e-06
347.435  1.77934144e-06  2.67000768e-06
347.797 -1.05751379e-07  3.20149318e-06
348.160 -1.94010334e-06  2.53684142e-06
348.523 -3.04135174e-06  9.37125138e-07
348.885 -3.00600754e-06 -9.91392228e-07
349.248 -1.86448622e-06 -2.53006042e-06
349.611 -5.92963896e-08 -3.11314183e-06
349.973  1.73110071e-06 -2.54362719e-06
350.336  2.84377369e-06 -1.05913119e-06
350.699  2.88356956e-06  7.71590503e-07
351.061  1.86699141e-06  2.26211408e-06
351.424  1.99183224e-07  2.86974581e-06
351.787 -1.48243741e-06  2.39946815e-06
352.149 -2.55190578e-06  1.06040686e-06
352.512 -2.63512230e-06 -6.21313608e-07
352.875 -1.73656968e-06 -2.00538707e-06
353.237 -2.25674651e-07 -2.58800987e-06
353.600  1.30784545e-06 -2.18290996e-06
353.963  2.28934197e-06 -9.77859013e-07
354.325  2.37414729e-06  5.41946412e-07
354.688  1.56432270e-06  1.79173640e-06
355.051  2.02237082e-07  2.31355475e-06
355.413 -1.17311405e-06  1.93845429e-06
355.776 -2.04202669e-06  8.45362662e-07
356.139 -2.09403418e-06 -5.18504966e-07
356.501 -1.34142186e-06 -1.62371420e-06
356.864 -1.06596499e-07 -2.05765182e-06
357.227  1.11889411e-06 -1.67807036e-06
357.589  1.86459831e-06 -6.63677563e-07
357.952  1.85798477e-06  5.71663097e-07
358.315  1.12895725e-06  1.54459762e-06
358.677 -1.62661596e-08  1.88522157e-06
359.040 -1.12361269e-06  1.48207126e-06
359.403 -1.76408626e-06  5.14610044e-07
359.765 -1.70320423e-06 -6.29209673e-07
360.128 -9.85875389e-07 -1.50192879e-06
360.491  9.54332758e-08 -1.77345392e-06
360.853  1.11482951e-06 -1.35773645e-06
361.216  1.68085491e-06 -4.31721996e-07
361.579  1.59107838e-06  6.36668824e-07
361.941  8.97690119e-07  1.43290513e-06
362.304 -1.19121081e-07  1.66252283e-06
362.667 -1.06072057e-06  1.25530767e-06
363.029 -1.57256698e-06  3.83298306e-07
363.392 -1.47576037e-06 -6.06692282e-07
363.755 -8.25086382e-07 -1.33649475e-06
364.117  1.13670862e-07 -1.54219864e-06
364.480  9.75808081e-07 -1.16441780e-06
364.843  1.44338051e-06 -3.68562010e-07
365.205  1.35753786e-06  5.27672891e-07
365.568  7.75886336e-07  1.18682353e-06
365.931 -5.69266461e-08  1.37474064e-06
366.293 -8.17536846e-07  1.04613191e-06
366.656 -1.22645804e-06  3.56980358e-07
367.019 -1.15119930e-06 -4.11826918e-07
367.381 -6.55059540e-07 -9.66650587e-07
367.744  4.33948605e-08 -1.11096599e-06
368.107  6.64259953e-07 -8.22037034e-07
368.469  9.73217993e-07 -2.46283388e-07
368.832  8.76052223e-07  3.71295365e-07
369.195  4.46653719e-07  7.83514692e-07
369.557 -1.17701757e-07  8.43315722e-07
369.920 -5.77176959e-07  5.58830327e-07
370.283 -7.50696866e-07  7.48036170e-08
370.645 -5.91270030e-07 -3.90018813e-07
371.008 -1.92318183e-07 -6.36480534e-07
371.371  2.55885992e-07 -5.73574623e-07
371.733  5.47541623e-07 -2.47608854e-07
372.096  5.56579018e-07  1.82412942e-07
372.459  2.86262526e-07  5.11166894e-07
372.821 -1.36721957e-07  5.83182725e-07
373.184 -5.12159530e-07  3.60326563e-07
373.547 -6.58257094e-07 -6.52609767e-08
373.909 -4.94083069e-07 -5.03401883e-07
374.272 -7.19117049e-08 -7.48777887e-07
374.635  4.35994741e-07 -6.74562768e-07
374.997  8.06358815e-07 -2.84655066e-07
375.360  8.64574343e-07  2.78842629e-07
375.723  5.56372608e-07  7.85641503e-07
376.085 -2.23915772e-08  1.01616920e-06
376.448 -6.51870810e-07  8.50305755e-07
376.811 -1.07791852e-06  3.20228079e-07
377.173 -1.11287408e-06 -3.87661490e-07
377.536 -7.10398647e-07 -1.00387581e-06
377.899  2.06372320e-09 -1.28077337e-06
378.261  7.66804727e-07 -1.08567908e-06
378.624  1.29461724e-06 -4.63667394e-07
378.987  1.36947192e-06  3.71061079e-07
379.349  9.37990959e-07  1.11625253e-06
379.712  1.39659900e-07  1.48834054e-06
380.075 -7.45532722e-07  1.33133129e-06
380.437 -1.39459839e-06  6.85267785e-07
380.800 -1.55936726e-06 -2.28833197e-07
381.163 -1.16757932e-06 -1.08565253e-06
381.525 -3.49547381e-07 -1.56977602e-06
381.888  6.07594330e-07 -1.49908714e-06
382.251  1.35752452e-06 -8.92306911e-07
382.613  1.62661442e-06  3.89637011e-08
382.976  1.31596480e-06  9.59793342e-07
383.339  5.33642433e-07  1.53686767e-06
383.701 -4.38439821e-07  1.56381047e-06
384.064 -1.24772755e-06  1.03099599e-06
384.427 -1.60510918e-06  1.32804985e-07
384.789 -1.38493932e-06 -8.01758961e-07
385.152 -6.71699994e-07 -1.43614853e-06
385.515  2.67862299e-07 -1.54541255e-06
385.877  1.08999805e-06 -1.09663811e-06
386.240  1.49892950e-06 -2.65039169e-07
386.603  1.35174181e-06  6.37582721e-07
386.965  7.15553424e-07  1.27993529e-06
387.328 -1.62689041e-07  1.42893057e-06
387.691 -9.52936300e-07  1.04051286e-06
388.053 -1.36011187e-06  2.73454326e-07
388.416 -1.23790775e-06 -5.77018943e-07
388.779 -6.44372666e-07 -1.18586692e-06
389.141  1.87455004e-07 -1.32255634e-06
389.504  9.34580992e-07 -9.41998440e-07
389.867  1.30613823e-06 -1.95176382e-07
390.229  1.15996821e-06  6.26384884e-07
390.592  5.52570037e-07  1.19852438e-06
390.955 -2.81593893e-07  1.29477234e-06
391.317 -1.01349125e-06  8.71487862e-07
391.680 -1.35051282e-06  8.46510614e-08
392.043 -1.14947041e-06 -7.60773793e-07
392.405 -4.70732069e-07 -1.32913165e-06
392.768  4.33851257e-07 -1.38469807e-06
393.131  1.21372713e-06 -8.80002013e-07
393.493  1.55511400e-06  1.46908315e-08
393.856  1.29702939e-06  9.67287244e-07
394.219  5.01996284e-07  1.60948828e-06
394.581 -5.54155741e-07  1.67045379e-06
394.944 -1.48245218e-06  1.08444404e-06
395.307 -1.91846938e-06  3.13789462e-08
395.669 -1.65810777e-06 -1.12290344e-06
396.032 -7.48814029e-07 -1.95188745e-06
396.395  5.17504923e-07 -2.11876863e-06
396.757  1.69937091e-06 -1.51193934e-06
397.120  2.35301914e-06 -2.97692914e-07
397.483  2.19885706e-06  1.12732962e-06
397.845  1.23373235e-06  2.25986811e-06
398.208 -2.56165078e-07  2.66768352e-06
398.571 -1.77479252e-06  2.15220586e-06
398.933 -2.78043708e-06  8.28035925e-07
399.296 -2.88022898e-06 -8.94715478e-07
