0.355  4.11678864e-03 -6.52035265e-04
0.711  2.37419469e-03  6.11505129e-04
1.066  1.25888545e-03  1.16823946e-03
1.421  3.73011546e-04  1.27935929e-03
1.776 -3.07797197e-04  1.03019662e-03
2.132 -6.97363077e-04  5.52968683e-04
2.487 -7.77669981e-04  5.89995375e-05
2.842 -5.82445560e-04 -3.21771306e-04
3.197 -2.68983142e-04 -5.31869068e-04
3.553  9.03076492e-05 -5.26889991e-04
3.908  3.45401497e-04 -3.37508110e-04
4.263  4.28187656e-04 -7.27589699e-05
4.618  3.67011900e-04  1.73365173e-04
4.974  1.84298036e-04  3.30547362e-04
5.329 -3.27669616e-05  3.50722817e-04
5.684 -2.20925744e-04  2.45643906e-04
6.040 -3.02509812e-04  6.96729650e-05
6.395 -2.65172182e-04 -1.07685064e-04
6.750 -1.41756097e-04 -2.23930696e-04
7.105  2.16318582e-05 -2.43177707e-04
7.461  1.57347037e-04 -1.71451960e-04
7.816  2.33476365e-04 -4.55697453e-05
8.171  2.12542064e-04  8.27106899e-05
8.526  1.22587815e-04  1.72602380e-04
8.882 -6.13405628e-06  1.89143151e-04
9.237 -1.23236829e-04  1.32251964e-04
9.592 -1.78955541e-04  2.72258171e-05
9.947 -1.59432893e-04 -8.42743548e-05
10.303 -8.03355730e-05 -1.54081647e-04
10.658  2.18104522e-05 -1.62315458e-04
11.013  1.11600904e-04 -1.11883516e-04
11.368  1.52462132e-04 -2.40022901e-05
11.724  1.28722666e-04  6.25821947e-05
12.079  6.05609608e-05  1.17817113e-04
12.434 -2.43259293e-05  1.24754539e-04
12.790 -9.25115847e-05  8.02057046e-05
13.145 -1.20102596e-04  4.79305545e-06
13.500 -1.02228082e-04 -6.73282741e-05
13.855 -4.98969058e-05 -1.10198668e-04
14.211  1.68912002e-05 -1.12257314e-04
14.566  7.48535298e-05 -7.31509797e-05
14.921  1.00214176e-04 -8.00211683e-06
15.276  8.52038172e-05  5.74343307e-05
15.632  3.80545257e-05  9.82352497e-05
15.987 -2.10759749e-05  1.00891593e-04
16.342 -7.02409906e-05  6.59611052e-05
16.697 -9.25524150e-05  8.76812783e-06
17.053 -8.08499068e-05 -4.91618459e-05
17.408 -4.13571095e-05 -8.65560073e-05
17.763  9.96940706e-06 -9.03176998e-05
18.119  5.40025118e-05 -6.14058872e-05
18.474  7.42526171e-05 -1.24639146e-05
18.829  6.45464822e-05  3.73985265e-05
19.184  3.01592897e-05  6.95595996e-05
19.540 -1.48960340e-05  7.30446955e-05
19.895 -5.27977555e-05  4.74812182e-05
20.250 -6.82698353e-05  3.96395044e-06
20.605 -5.53216363e-05 -3.97931402e-05
20.961 -1.99557155e-05 -6.67380119e-05
21.316  2.26396096e-05 -6.73585129e-05
21.671  5.49002543e-05 -4.22601177e-05
22.026  6.52333921e-05 -2.59315563e-06
22.382  5.01157731e-05  3.56213950e-05
22.737  1.69715143e-05  5.84156291e-05
23.092 -2.06928867e-05  5.80807474e-05
23.448 -4.88137621e-05  3.62518439e-05
23.803 -5.72794009e-05  2.34841832e-06
24.158 -4.36588855e-05 -2.98665944e-05
24.513 -1.45495137e-05 -4.83777197e-05
24.869  1.78527694e-05 -4.65899259e-05
25.224  4.11884517e-05 -2.62723408e-05
25.579  4.74348978e-05  3.90087512e-06
25.934  3.48511695e-05  3.17915400e-05
26.290  9.24416141e-06  4.69468271e-05
26.645 -1.94322832e-05  4.40395027e-05
27.000 -4.01003390e-05  2.45457204e-05
27.355 -4.50092967e-05 -3.80159342e-06
27.711 -3.27110125e-05 -3.04311806e-05
28.066 -8.37469277e-06 -4.52569615e-05
28.421  1.83767413e-05 -4.33808267e-05
28.776  3.74842529e-05 -2.65681392e-05
29.132  4.19377914e-05 -1.89476783e-06
29.487  3.04871189e-05  2.06398965e-05
29.842  7.63192250e-06  3.22708000e-05
30.198 -1.76893914e-05  2.86773468e-05
30.553 -3.55921220e-05  1.14676077e-05
30.908 -3.94625450e-05 -1.22949044e-05
31.263 -2.80295373e-05 -3.31844335e-05
31.619 -5.94431766e-06 -4.32862439e-05
31.974  1.80040205e-05 -3.92156720e-05
32.329  3.47516198e-05 -2.29306956e-05
32.684  3.82943627e-05 -1.17020412e-06
33.040  2.78716750e-05  1.75303198e-05
33.395  8.24335554e-06  2.63835529e-05
33.750 -1.25316202e-05  2.26288768e-05
34.105 -2.64882116e-05  8.44303561e-06
34.461 -2.85524795e-05 -1.00042400e-05
34.816 -1.85119249e-05 -2.52841618e-05
35.171 -7.47661389e-07 -3.15085054e-05
35.527  1.77749769e-05 -2.63380072e-05
35.882  3.00582454e-05 -1.19588639e-05
36.237  3.17635197e-05  6.07145200e-06
36.592  2.27818002e-05  2.10644883e-05
36.948  6.94776889e-06  2.75498797e-05
37.303 -9.51638597e-06  2.35481409e-05
37.658 -2.03260199e-05  1.12231926e-05
38.013 -2.17927887e-05 -4.31046634e-06
38.369 -1.40157436e-05 -1.69097669e-05
38.724 -4.37070875e-07 -2.17787631e-05
39.079  1.33535669e-05 -1.73125812e-05
39.434  2.19143825e-05 -5.48369084e-06
39.790  2.21443498e-05  9.00887282e-06
40.145  1.41158820e-05  2.05212737e-05
40.500  1.03062990e-06  2.47857301e-05
40.856 -1.19356982e-05  2.04459266e-05
41.211 -1.98849429e-05  9.49352561e-06
41.566 -2.00494599e-05 -3.49567551e-06
41.921 -1.26704339e-05 -1.33437409e-05
42.277 -1.01283347e-06 -1.62550086e-05
42.632  1.00143408e-05 -1.11514696e-05
42.987  1.59323731e-05 -2.09322262e-07
43.342  1.43327920e-05  1.21358511e-05
43.698  5.84364769e-06  2.11076001e-05
44.053 -6.15676091e-06  2.32861874e-05
44.408 -1.70772945e-05  1.79574820e-05
44.763 -2.28575477e-05  7.39780853e-06
45.119 -2.14979966e-05 -4.27659501e-06
45.474 -1.38797569e-05 -1.26987908e-05
45.829 -3.20818340e-06 -1.48367189e-05
46.184  6.31633259e-06 -1.02512976e-05
46.540  1.10433961e-05 -1.08590893e-06
46.895  9.38761591e-06  8.92285780e-06
47.250  2.32769560e-06  1.57879474e-05
47.606 -7.18008902e-06  1.68700921e-05
47.961 -1.52639207e-05  1.18817143e-05
48.316 -1.86829942e-05  2.81172832e-06
48.671 -1.61635286e-05 -6.80326482e-06
49.027 -8.69487078e-06 -1.32812532e-05
49.382  8.96392409e-07 -1.43180359e-05
49.737  9.00995741e-06 -9.68019168e-06
50.092  1.27759406e-05 -1.21617605e-06
50.448  1.10506631e-05  7.79860828e-06
50.803  4.73218652e-06  1.40701578e-05
51.158 -3.53560334e-06  1.55124393e-05
51.513 -1.04998401e-05  1.18854091e-05
51.869 -1.35763943e-05  4.93239779e-06
52.224 -1.16901232e-05 -2.38528211e-06
52.579 -5.73915767e-06 -7.14548566e-06
52.935  1.78091520e-06 -7.48223470e-06
53.290  7.89200742e-06 -3.33493258e-06
53.645  1.02102403e-05  3.51657632e-06
54.000  7.86055616e-06  1.03306907e-05
54.356  1.86668287e-06  1.44514625e-05
54.711 -5.41224989e-06  1.42868905e-05
55.066 -1.12183610e-05  1.00005239e-05
55.421 -1.33902194e-05  3.32058947e-06
55.777 -1.12915227e-05 -3.21806502e-06
56.132 -5.97090545e-06 -7.18476124e-06
56.487  3.83382402e-07 -7.26936240e-06
56.842  5.22423995e-06 -3.75814442e-06
57.198  6.68547424e-06  1.73277741e-06
57.553  4.33967314e-06  6.83963152e-06
57.908 -7.84822842e-07  9.39281397e-06
58.264 -6.58880546e-06  8.34239314e-06
58.619 -1.07045199e-05  4.03934694e-06
58.974 -1.15223638e-05 -1.92414621e-06
59.329 -8.71957902e-06 -7.28805469e-06
59.685 -3.31285580e-06 -1.01100975e-05
60.040  2.67808869e-06 -9.46738262e-06
60.395  7.10664347e-06 -5.70911629e-06
60.750  8.52690017e-06 -3.81473998e-07
61.106  6.62537909e-06  4.44073075e-06
61.461  2.37990518e-06  7.01479401e-06
61.816 -2.36496641e-06  6.48711171e-06
62.171 -5.71657491e-06  3.23941412e-06
62.527 -6.37138816e-06 -1.26413293e-06
62.882 -4.10727973e-06 -5.16922757e-06
63.237  9.64310878e-08 -6.89534685e-06
63.592  4.56076893e-06 -5.71470505e-06
63.948  7.54370269e-06 -2.10109028e-06
64.303  7.85267012e-06  2.55146328e-06
64.658  5.38023121e-06  6.49606733e-06
65.014  1.07963151e-06  8.23077720e-06
65.369 -3.47387218e-06  7.14684407e-06
65.724 -6.61454567e-06  3.73483970e-06
66.079 -7.27468100e-06 -7.11526855e-07
66.435 -5.40250083e-06 -4.53773572e-06
66.790 -1.85338626e-06 -6.38811941e-06
67.145  1.91933820e-06 -5.77290669e-06
67.500  4.42716001e-06 -3.13495551e-06
67.856  4.80314982e-06  3.33336882e-07
68.211  3.04847514e-06  3.12810932e-06
68.566 -1.00730847e-08  4.11416852e-06
68.921 -3.00000927e-06  2.91820282e-06
69.277 -4.63191899e-06  8.03570814e-09
69.632 -4.20037002e-06 -3.43309369e-06
69.987 -1.77759271e-06 -6.03471679e-06
70.343  1.76024984e-06 -6.80642593e-06
70.698  5.11016230e-06 -5.42980587e-06
71.053  7.11480531e-06 -2.41521239e-06
71.408  7.12356638e-06  1.10094295e-06
71.764  5.24908699e-06  3.88385664e-06
72.119  2.34564004e-06  5.01070965e-06
72.474 -4.20858540e-07  4.20298641e-06
72.829 -1.99486396e-06  1.97778199e-06
73.185 -1.79526695e-06 -6.45704780e-07
73.540  3.05202123e-10 -2.55205002e-06
73.895  2.59277181e-06 -2.90267986e-06
74.250  4.91676285e-06 -1.52232022e-06
74.606  5.98735313e-06  1.06696197e-06
74.961  5.33164411e-06  3.91916897e-06
75.316  3.17597378e-06  5.96826374e-06
75.672  2.73773311e-07  6.46758089e-06
76.027 -2.33799941e-06  5.31313229e-06
76.382 -3.73833875e-06  2.99374754e-06
76.737 -3.53493101e-06  4.20515627e-07
77.093 -1.93575165e-06 -1.40129358e-06
77.448  3.44252239e-07 -1.83174842e-06
77.803  2.31694975e-06 -7.88157848e-07
78.158  3.17531824e-06  1.26510440e-06
78.514  2.58420182e-06  3.44467558e-06
78.869  7.47315650e-07  4.85097098e-06
79.224 -1.61956462e-06  4.92969364e-06
79.579 -3.60369339e-06  3.61071662e-06
79.935 -4.49220273e-06  1.37451701e-06
80.290 -3.97186732e-06 -9.45440220e-07
80.645 -2.26909930e-06 -2.55136660e-06
81.000 -7.67631689e-08 -2.92536969e-06
81.356  1.79236003e-06 -2.02197443e-06
81.711  2.67982471e-06 -3.18770878e-07
82.066  2.30505645e-06  1.44899313e-06
82.422  9.20723850e-07  2.56660547e-06
82.777 -8.51773039e-07  2.56997927e-06
83.132 -2.28814048e-06  1.47817295e-06
83.487 -2.78508610e-06 -2.54960315e-07
83.843 -2.14015701e-06 -1.96783478e-06
84.198 -6.19042466e-07 -2.99061541e-06
84.553  1.21608698e-06 -2.93576225e-06
84.908  2.67666212e-06 -1.86746702e-06
85.264  3.22272579e-06 -2.02142822e-07
85.619  2.71390201e-06  1.42360953e-06
85.974  1.39260081e-06  2.38523348e-06
86.329 -2.06578038e-07  2.36938541e-06
86.685 -1.43114616e-06  1.44065756e-06
87.040 -1.82558336e-06 -5.72297375e-09
87.395 -1.27830743e-06 -1.35189791e-06
87.751 -2.11655149e-08 -2.05272243e-06
88.106  1.41086059e-06 -1.84721369e-06
88.461  2.42564106e-06 -8.02369197e-07
88.816  2.63011326e-06  6.67980464e-07
89.172  1.91912123e-06  1.97854868e-06
89.527  5.45551108e-07  2.64698119e-06
89.882 -9.69217920e-07  2.42155405e-06
90.237 -2.09824683e-06  1.38648506e-06
90.593 -2.46875059e-06 -4.23623747e-08
90.948 -1.99085657e-06 -1.34321805e-06
91.303 -9.33548070e-07 -2.06947815e-06
91.658  2.38329061e-07 -1.98782436e-06
92.014  1.05146719e-06 -1.21603605e-06
92.369  1.16130059e-06 -1.36021037e-07
92.724  5.31598268e-07  7.86101730e-07
93.080 -5.67986898e-07  1.12941026e-06
93.435 -1.71638958e-06  7.15826855e-07
93.790 -2.45638865e-06 -3.11847718e-07
94.145 -2.48744722e-06 -1.60490589e-06
94.501 -1.81251565e-06 -2.70728355e-06
94.856 -6.76123517e-07 -3.22540307e-06
95.211  5.13225817e-07 -3.02471082e-06
95.566  1.31486293e-06 -2.22873528e-06
95.922  1.47672984e-06 -1.16465008e-06
96.277  9.96330721e-07 -2.76319901e-07
96.632  9.20211555e-08  9.53779517e-08
96.987 -8.36844001e-07 -1.69386140e-07
97.343 -1.40242609e-06 -9.69973948e-07
97.698 -1.38961792e-06 -1.98242144e-06
98.053 -7.83480460e-07 -2.80597731e-06
98.408  1.93874217e-07 -3.15115679e-06
98.764  1.17091697e-06 -2.89623615e-06
99.119  1.81971839e-06 -2.14849635e-06
99.474  1.93797630e-06 -1.21946205e-06
99.830  1.52281247e-06 -4.47076823e-07
100.185  8.04083642e-07 -9.08781137e-08
100.540  1.00527099e-07 -2.53025296e-07
100.895 -3.00898574e-07 -7.96530681e-07
101.251 -2.22315870e-07 -1.44028501e-06
101.606  2.90507477e-07 -1.88712202e-06
101.961  1.00615317e-06 -1.89737738e-06
102.316  1.63227991e-06 -1.42110814e-06
102.672  1.88443598e-06 -6.20806538e-07
103.027  1.61968606e-06  2.36338095e-07
103.382  9.15198855e-07  8.41560733e-07
103.737 -1.02860730e-08  9.65514343e-07
104.093 -8.53333297e-07  5.82324884e-07
104.448 -1.32336324e-06 -1.68192618e-07
104.803 -1.29549574e-06 -1.02803005e-06
105.159 -8.19011078e-07 -1.68702848e-06
105.514 -8.09650378e-08 -1.94381447e-06
105.869  6.27070331e-07 -1.76023228e-06
106.224  1.05851193e-06 -1.23889600e-06
106.580  1.10626479e-06 -6.20529275e-07
106.935  7.96195804e-07 -1.63622740e-07
107.290  3.07588463e-07 -2.13227221e-08
107.645 -1.07607571e-07 -2.30084954e-07
108.001 -2.63486788e-07 -6.74461163e-07
108.356 -7.18980589e-08 -1.12297185e-06
108.711  4.15343794e-07 -1.36673873e-06
109.066  9.98749201e-07 -1.27222310e-06
109.422  1.45492725e-06 -8.24738719e-07
109.777  1.60964944e-06 -1.74170031e-07
110.132  1.38015228e-06  4.59597294e-07
110.488  8.49867655e-07  8.74969399e-07
110.843  2.14014029e-07  9.28352012e-07
111.198 -3.15922245e-07  6.25973080e-07
111.553 -5.49751027e-07  1.15625045e-07
111.909 -4.15196466e-07 -4.05166446e-07
112.264  3.96933823e-09 -7.24603822e-07
112.619  5.44418995e-07 -7.05335513e-07
112.974  9.96952560e-07 -3.61843853e-07
113.330  1.17765782e-06  1.91167467e-07
113.685  1.03294125e-06  7.70954201e-07
114.040  6.20026712e-07  1.17420883e-06
114.395  7.69744233e-08  1.29416962e-06
114.751 -3.99617911e-07  1.13539851e-06
115.106 -6.68261533e-07  7.86568872e-07
115.461 -6.90447776e-07  4.19873072e-07
115.816 -5.08836408e-07  1.94194779e-07
116.172 -2.62559087e-07  1.79381262e-07
116.527 -1.17088989e-07  3.69342942e-07
116.882 -1.68786485e-07  6.58329302e-07
117.238 -4.44631881e-07  8.79362708e-07
117.593 -8.75919165e-07  9.09036767e-07
117.948 -1.30357156e-06  6.85202811e-07
118.303 -1.57981422e-06  2.31683617e-07
118.659 -1.60509181e-06 -3.16795426e-07
119.014 -1.34935093e-06 -8.00786381e-07
119.369 -9.01376033e-07 -1.09098859e-06
119.724 -4.09386306e-07 -1.10593026e-06
120.080 -1.35452859e-08 -8.76846645e-07
120.435  1.68731790e-07 -5.22159614e-07
120.790  1.12665278e-07 -1.74749746e-07
121.145 -1.03365074e-07  3.17785212e-08
121.501 -3.66778765e-07  2.81157083e-08
121.856 -5.45597868e-07 -1.47205609e-07
122.211 -5.40356817e-07 -4.04339348e-07
122.567 -3.52982097e-07 -6.20380000e-07
122.922 -5.01459088e-08 -6.73930817e-07
123.277  2.59468977e-07 -5.29378146e-07
123.632  4.41300859e-07 -2.25905782e-07
123.988  4.22827617e-07  1.48732944e-07
124.343  2.10587693e-07  4.57970088e-07
124.698 -1.36738020e-07  5.96743853e-07
125.053 -4.95789460e-07  5.35514006e-07
125.409 -7.41341324e-07  2.97211879e-07
125.764 -8.11966619e-07 -2.29427730e-08
126.119 -6.95391852e-07 -2.95778537e-07
126.474 -4.50068101e-07 -4.36966335e-07
126.830 -1.94151655e-07 -4.04864445e-07
127.185 -2.40423889e-08 -2.19251260e-07
127.540 -1.58935690e-09  2.36976169e-08
127.896 -1.41462492e-07  2.24831808e-07
128.251 -3.75577701e-07  3.10357471e-07
128.606 -6.09426964e-07  2.37480657e-07
128.961 -7.64438754e-07  4.28712956e-08
129.317 -7.78047574e-07 -1.89956144e-07
129.672 -6.56262922e-07 -3.83154694e-07
130.027 -4.67784334e-07 -4.62299594e-07
130.382 -2.86981019e-07 -4.05111682e-07
130.738 -1.94189403e-07 -2.62034942e-07
131.093 -2.36852467e-07 -1.02081111e-07
131.448 -3.86181817e-07 -7.58731281e-09
131.803 -5.80769683e-07 -4.88276548e-08
132.159 -7.39580929e-07 -2.24386100e-07
132.514 -7.72989306e-07 -4.87145484e-07
132.869 -6.50233824e-07 -7.64692887e-07
133.224 -3.95850493e-07 -9.57070619e-07
133.580 -6.42401913e-08 -1.00239499e-06
133.935  2.47868023e-07 -8.97003602e-07
134.290  4.56168112e-07 -6.68943535e-07
134.646  5.30222277e-07 -3.96412148e-07
135.001  4.70474735e-07 -1.71098130e-07
135.356  3.27719838e-07 -4.14665237e-08
135.711  1.88284856e-07 -2.79943417e-08
136.067  1.10051833e-07 -1.07448741e-07
136.422  1.26283121e-07 -2.06001025e-07
136.777  2.36885442e-07 -2.61652675e-07
137.132  3.83366776e-07 -2.34062888e-07
137.488  5.01469284e-07 -1.05096209e-07
137.843  5.45185073e-07  8.40676753e-08
138.198  4.80463698e-07  2.69156928e-07
138.553  3.27369438e-07  3.99267081e-07
138.909  1.44665323e-07  4.26872615e-07
139.264 -1.49568779e-08  3.48013032e-07
139.619 -9.52927581e-08  2.09033696e-07
139.975 -6.90277375e-08  5.94147044e-08
140.330  3.51016173e-08 -4.30440112e-08
140.685  1.75032076e-07 -5.28562335e-08
141.040  2.97587944e-07  2.03618297e-08
141.396  3.45818222e-07  1.43785037e-07
141.751  3.10592575e-07  2.72504705e-07
142.106  2.14634075e-07  3.44625945e-07
142.461  9.30584295e-08  3.33899215e-07
142.817  7.39927895e-09  2.52476982e-07
143.172 -5.87375258e-10  1.25597548e-07
143.527  6.94593223e-08  1.01766134e-08
143.882  2.03442129e-07 -3.89855475e-08
144.238  3.54353875e-07 -7.04648276e-09
144.593  4.59737891e-07  1.04326973e-07
144.948  4.90452926e-07  2.62733300e-07
145.304  4.35578553e-07  4.04946639e-07
145.659  3.09681207e-07  4.89586296e-07
146.014  1.69006081e-07  4.94105456e-07
146.369  6.27068229e-08  4.14140264e-07
146.725  2.21534844e-08  2.91946559e-07
147.080  6.87774939e-08  1.78690526e-07
147.435  1.79033922e-07  1.10749683e-07
147.790  3.05738762e-07  1.22449593e-07
148.146  4.11796432e-07  2.10790680e-07
148.501  4.55899050e-07  3.37843111e-07
148.856  4.22016041e-07  4.69828309e-07
149.211  3.35384366e-07  5.65090849e-07
149.567  2.23692331e-07  5.93318795e-07
149.922  1.23284453e-07  5.66525839e-07
150.277  7.24538687e-08  5.06182609e-07
150.632  7.10170536e-08  4.41003803e-07
150.988  1.02337932e-07  4.12332356e-07
151.343  1.44915820e-07  4.30792738e-07
151.698  1.57622404e-07  4.83950367e-07
152.054  1.19428589e-07  5.56162855e-07
152.409  3.75513710e-08  6.08689860e-07
152.764 -7.76731419e-08  6.10257632e-07
153.119 -1.92639294e-07  5.60159982e-07
153.475 -2.68062409e-07  4.62310916e-07
153.830 -2.93820890e-07  3.41270000e-07
154.185 -2.67092804e-07  2.39300590e-07
154.540 -2.00977249e-07  1.74937649e-07
154.896 -1.35412066e-07  1.56346662e-07
155.251 -9.53054282e-08  1.81654742e-07
155.606 -9.22561791e-08  2.17101661e-07
155.961 -1.33436035e-07  2.33111270e-07
156.317 -1.93336050e-07  2.15396564e-07
156.672 -2.38805757e-07  1.49753414e-07
157.027 -2.52005453e-07  5.15049384e-08
157.383 -2.12483134e-07 -4.49877432e-08
157.738 -1.22836595e-07 -1.17949710e-07
158.093 -1.40152554e-08 -1.41667848e-07
158.448  9.01192328e-08 -1.04362752e-07
158.804  1.61459882e-07 -2.80039677e-08
159.159  1.75278457e-07  6.52522624e-08
159.514  1.40912158e-07  1.49634034e-07
159.869  7.54916864e-08  1.92520865e-07
160.225 -1.80135325e-09  1.90569695e-07
160.580 -5.70617987e-08  1.54846935e-07
160.935 -7.70751922e-08  9.62487729e-08
161.290 -6.80299805e-08  4.44033141e-08
161.646 -3.39813137e-08  1.86823080e-08
162.001  2.47473306e-09  1.59347308e-08
162.356  1.86122720e-08  3.57880637e-08
162.712  1.53988430e-08  6.29892078e-08
163.067 -7.41532996e-09  7.32851813e-08
163.422 -4.07042227e-08  6.52093326e-08
163.777 -5.97304328e-08  4.00175547e-08
164.133 -5.93316744e-08  2.75874112e-09
164.488 -4.27773655e-08 -2.18634021e-08
164.843 -1.30795990e-08 -2.31977128e-08
165.198  5.35211570e-09 -5.31005467e-09
165.554 -5.63675890e-09  2.94554557e-08
165.909 -4.44141584e-08  5.73961554e-08
166.264 -1.09886307e-07  5.13971717e-08
166.619 -1.80980612e-07  6.21051469e-09
166.975 -2.22549026e-07 -8.08775043e-08
167.330 -2.19045083e-07 -1.95040962e-07
167.685 -1.60972177e-07 -2.97076803e-07
168.040 -5.28533726e-08 -3.60372578e-07
168.396  6.82152140e-08 -3.66821428e-07
168.751  1.66743537e-07 -3.07777123e-07
169.106  2.15979735e-07 -2.11736614e-07
169.462  1.93213756e-07 -1.18978484e-07
169.817  1.12832253e-07 -6.38213894e-08
170.172  1.47426270e-08 -8.26833490e-08
170.527 -6.09703158e-08 -1.80013805e-07
170.883 -6.51696553e-08 -3.23037837e-07
171.238  2.96720988e-08 -4.69716317e-07
171.593  2.06897368e-07 -5.61153071e-07
171.948  4.30131239e-07 -5.44837274e-07
172.304  6.38013631e-07 -4.12134728e-07
172.659  7.56734583e-07 -1.83290640e-07
173.014  7.47173402e-07  8.94378815e-08
173.369  6.03802691e-07  3.21429935e-07
173.725  3.56862075e-07  4.45005286e-07
174.080  8.63235227e-08  4.23998889e-07
174.435 -1.20995983e-07  2.56633822e-07
174.791 -2.00149073e-07  2.12755833e-09
175.146 -1.13103996e-07 -2.47574879e-07
175.501  1.14737155e-07 -4.05938906e-07
175.856  4.01850783e-07 -3.99833385e-07
176.212  6.50954769e-07 -2.11779328e-07
176.567  7.59576968e-07  1.03068666e-07
176.922  6.62814524e-07  4.50943112e-07
177.277  3.74189427e-07  7.10789665e-07
177.633 -3.35860711e-08  7.71742972e-07
177.988 -4.37441754e-07  5.93401488e-07
178.343 -6.90244640e-07  2.08049683e-07
178.698 -6.92202720e-07 -2.81408956e-07
179.054 -4.17780190e-07 -7.11081075e-07
179.409  7.52642477e-08 -9.27235730e-07
179.764  6.34482136e-07 -8.36392421e-07
180.120  1.07054941e-06 -4.28527335e-07
180.475  1.22366362e-06  1.88189452e-07
180.830  1.00127643e-06  8.19050269e-07
181.185  4.35464952e-07  1.25378111e-06
181.541 -3.12345086e-07  1.31538961e-06
181.896 -1.01192109e-06  9.35650024e-07
182.251 -1.41664639e-06  2.01513998e-07
182.606 -1.34842328e-06 -6.79341130e-07
182.962 -7.84267609e-07 -1.42349991e-06
183.317  1.38994420e-07 -1.75366429e-06
183.672  1.14953773e-06 -1.51618162e-06
184.027  1.90440149e-06 -7.32115232e-07
184.383  2.12128747e-06  3.95478206e-07
184.738  1.67480174e-06  1.51213165e-06
185.093  6.43898388e-07  2.23575693e-06
185.448 -6.72588439e-07  2.28718064e-06
185.804 -1.84700938e-06  1.57924458e-06
186.159 -2.46770615e-06  2.85911984e-07
186.514 -2.26277151e-06 -1.19301110e-06
186.870 -1.22223126e-06 -2.36415559e-06
187.225  3.64516449e-07 -2.78298306e-06
187.580  1.99897721e-06 -2.21888976e-06
187.935  3.11074870e-06 -7.72034501e-07
188.291  3.24542273e-06  1.14806548e-06
188.646  2.25416233e-06  2.92592520e-06
189.001  3.59669945e-07  3.92212990e-06
189.356 -1.88481373e-06  3.71447891e-06
189.712 -3.73788705e-06  2.25625127e-06
190.067 -4.52819379e-06 -7.96496752e-08
190.422 -3.89284240e-06 -2.56967787e-06
190.777 -1.91772170e-06 -4.37105031e-06
191.133  8.30761205e-07 -4.81039153e-06
191.488  3.46352374e-06 -3.61486177e-06
191.843  5.06264639e-06 -1.05913485e-06
192.199  4.97936396e-06  2.07731210e-06
192.554  3.09283211e-06  4.75514590e-06
192.909 -8.95167788e-08  5.99859282e-06
193.264 -3.57361718e-06  5.24187175e-06
193.620 -6.17337943e-06  2.57967766e-06
193.975 -6.90064971e-06 -1.22649501e-06
194.330 -5.34743042e-06 -4.95503106e-06
194.685 -1.86528803e-06 -7.29792070e-06
195.041  2.49952879e-06 -7.33013975e-06
195.396  6.29618136e-06 -4.86004789e-06
195.751  8.15884432e-06 -5.44091032e-07
196.106  7.29496097e-06  4.25527313e-06
196.462  3.79165171e-06  7.89843719e-06
196.817 -1.32881835e-06  9.03180435e-06
197.172 -6.39419985e-06  7.06595908e-06
197.528 -9.63432741e-06  2.45227332e-06
197.883 -9.77750669e-06 -3.38769632e-06
198.238 -6.53775595e-06 -8.50597182e-06
198.593 -8.03550656e-07 -1.10598760e-05
198.949  5.60465103e-06 -9.96186900e-06
199.304  1.04993796e-05 -5.33495669e-06
199.659  1.20556123e-05  1.45657423e-06
200.014  9.49617930e-06  8.19911413e-06
200.370  3.43114016e-06  1.25299781e-05
200.725 -4.26864002e-06  1.27723463e-05
201.080 -1.10227106e-05  8.57112023e-06
201.435 -1.44090071e-05  1.09280829e-06
201.791 -1.30321847e-05 -7.26472553e-06
202.146 -7.06398084e-06 -1.36356869e-05
202.501  1.70204533e-06 -1.56755533e-05
202.856  1.03712044e-05 -1.24008250e-05
203.212  1.59115209e-05 -4.62703576e-06
203.567  1.61963952e-05  5.19343084e-06
203.922  1.08062077e-05  1.37494195e-05
204.278  1.29608260e-06  1.79740601e-05
204.633 -9.24701522e-06  1.61284555e-05
204.988 -1.71974953e-05  8.50952586e-06
205.343 -1.96196670e-05 -2.54542080e-06
205.699 -1.53559086e-05 -1.33691851e-05
206.054 -5.53122042e-06 -2.01611643e-05
206.409  6.72732197e-06 -2.03282838e-05
206.764  1.72629804e-05 -1.34671718e-05
207.120  2.23011991e-05 -1.60813262e-06
207.475  1.98080155e-05  1.13555671e-05
207.830  1.02794491e-05  2.09381198e-05
208.185 -3.29448646e-06  2.36239090e-05
208.541 -1.63470165e-05  1.81386254e-05
208.896 -2.42800415e-05  6.01059869e-06
209.251 -2.40706231e-05 -8.81588935e-06
209.607 -1.54049601e-05 -2.12682317e-05
209.962 -9.33870097e-07 -2.68738728e-05
210.317  1.45341699e-05 -2.33506954e-05
210.672  2.56304746e-05 -1.15270448e-05
211.028  2.82751779e-05  4.81618979e-06
211.383  2.11836625e-05  2.01564750e-05
211.738  6.44040925e-06  2.90819163e-05
212.093 -1.11069592e-05  2.82092585e-05
212.449 -2.54253312e-05  1.74666147e-05
212.804 -3.13736314e-05  2.36296526e-07
213.159 -2.65612675e-05 -1.76892967e-05
213.514 -1.22807764e-05 -3.00486523e-05
213.870  6.80437991e-06 -3.23143674e-05
214.225  2.41666017e-05 -2.33398395e-05
214.580  3.36622301e-05 -5.88181322e-06
214.936  3.17032057e-05  1.42185797e-05
215.291  1.85993979e-05  3.00013182e-05
215.646 -1.40441408e-06  3.58032417e-05
216.001 -2.15047448e-05  2.92820457e-05
216.357 -3.46636422e-05  1.23610841e-05
216.712 -3.60665077e-05 -9.31929543e-06
217.067 -2.48958722e-05 -2.82917774e-05
217.422 -4.74035130e-06 -3.78271999e-05
217.778  1.75625572e-05 -3.43325202e-05
218.133  3.42383303e-05 -1.87142418e-05
218.488  3.92910309e-05  3.83836043e-06
218.843  3.06788944e-05  2.55691226e-05
219.199  1.11193967e-05  3.88205589e-05
219.554 -1.27572462e-05  3.87549892e-05
219.909 -3.26462021e-05  2.51190913e-05
220.264 -4.14778538e-05  2.42779082e-06
220.620 -3.59390148e-05 -2.15140953e-05
220.975 -1.77078956e-05 -3.83120991e-05
221.330  7.02719443e-06 -4.19410673e-05
221.686  2.96752327e-05 -3.09035337e-05
222.041  4.22465935e-05 -8.85027070e-06
222.396  4.01724455e-05  1.66219346e-05
222.751  2.39804713e-05  3.66077504e-05
223.107 -8.07734548e-07  4.40105099e-05
223.462 -2.55752329e-05  3.60777546e-05
223.817 -4.16101820e-05  1.54442667e-05
224.172 -4.31818177e-05 -1.07489754e-05
224.528 -2.96172760e-05 -3.33304364e-05
224.883 -5.58174067e-06 -4.43140887e-05
225.238  2.05286921e-05 -3.97537746e-05
225.593  3.95171078e-05 -2.11710875e-05
225.949  4.46514801e-05  4.95293955e-06
226.304  3.40700454e-05  2.94295226e-05
226.659  1.14557193e-05  4.36134337e-05
227.015 -1.52330141e-05  4.24816875e-05
227.370 -3.65726062e-05  2.64159974e-05
227.725 -4.50302097e-05  1.09016686e-06
228.080 -3.76312129e-05 -2.45312520e-05
228.436 -1.70234612e-05 -4.13921878e-05
228.791  9.45460990e-06 -4.35575392e-05
229.146  3.24050453e-05 -3.03193766e-05
229.501  4.37176283e-05 -6.45260819e-06
229.857  3.94480659e-05  1.95137315e-05
230.212  2.12231646e-05  3.83542941e-05
230.567 -4.37237685e-06  4.34307170e-05
230.922 -2.81828624e-05  3.30602063e-05
231.278 -4.17568730e-05  1.10839666e-05
231.633 -4.03731136e-05 -1.45595335e-05
231.988 -2.47044334e-05 -3.46978165e-05
232.344 -5.12774754e-07 -4.22247768e-05
232.699  2.34595472e-05 -3.46376706e-05
233.054  3.86576347e-05 -1.48704563e-05
233.409  3.97981549e-05  9.82146003e-06
233.765  2.67158770e-05  3.05182362e-05
234.120  4.35068310e-06  3.98836402e-05
234.475 -1.90964379e-05  3.47792683e-05
234.830 -3.51858096e-05  1.73243882e-05
235.186 -3.82914496e-05 -5.94339212e-06
235.541 -2.75764470e-05 -2.65183901e-05
235.896 -7.22124443e-06 -3.70490906e-05
236.251  1.51917077e-05 -3.39701741e-05
236.607  3.15103902e-05 -1.87322119e-05
236.962  3.59789210e-05  2.82706604e-06
237.317  2.72894268e-05  2.27174634e-05
237.672  8.96930851e-06  3.37514880e-05
238.028 -1.20328536e-05  3.21551997e-05
238.383 -2.79685419e-05  1.88835278e-05
238.738 -3.31490151e-05 -8.55588440e-07
239.094 -2.60024383e-05 -1.96218023e-05
239.449 -9.54316168e-06 -3.05332928e-05
239.804  9.86386409e-06 -2.98103532e-05
240.159  2.49364061e-05 -1.80942101e-05
240.515  3.02149561e-05 -8.51477154e-08
240.870  2.40523209e-05  1.73022295e-05
241.225  9.11753522e-06  2.75853748e-05
241.580 -8.70631121e-06  2.71388283e-05
241.936 -2.26153726e-05  1.64692909e-05
242.291 -2.74832799e-05 -7.52696125e-08
242.646 -2.17439708e-05 -1.60404445e-05
243.001 -7.89732884e-06 -2.53764689e-05
243.357  8.53056531e-06 -2.47192628e-05
243.712  2.11777398e-05 -1.46043876e-05
244.067  2.52939632e-05  8.15656639e-07
244.423  1.95169492e-05  1.54529416e-05
244.778  6.33608592e-06  2.36673839e-05
245.133 -8.94999763e-06  2.24198114e-05
245.488 -2.03415345e-05  1.24071292e-05
245.844 -2.34619219e-05 -2.27400125e-06
246.199 -1.72372419e-05 -1.57845502e-05
246.554 -4.27005807e-06 -2.28306045e-05
246.909  1.02374978e-05 -2.07224912e-05
247.265  2.05393928e-05 -1.04043410e-05
247.620  2.25969669e-05  3.96462211e-06
247.975  1.56593914e-05  1.66647316e-05
248.330  2.52626927e-06  2.26636498e-05
248.686 -1.15726933e-05  1.96022699e-05
249.041 -2.10316511e-05  8.70756355e-06
249.396 -2.20852668e-05 -5.70372570e-06
249.752 -1.42896384e-05 -1.79127558e-05
250.107 -6.90548431e-07 -2.30544040e-05
250.462  1.33546842e-05 -1.90385668e-05
250.817  2.22770154e-05 -7.37096186e-06
251.173  2.24922686e-05  7.41181570e-06
251.528  1.38091484e-05  1.95013466e-05
251.883 -4.67204609e-07  2.40978219e-05
252.238 -1.47936288e-05  1.92889845e-05
252.594 -2.35492870e-05  6.82250198e-06
252.949 -2.32246656e-05 -8.53092372e-06
253.304 -1.38048177e-05 -2.08178563e-05
253.659  1.17668391e-06 -2.52065516e-05
254.015  1.59800913e-05 -1.98660604e-05
254.370  2.48662612e-05 -6.71930800e-06
254.725  2.43061686e-05  9.26354233e-06
255.080  1.43756915e-05  2.19617272e-05
255.436 -1.23377431e-06  2.64403706e-05
255.791 -1.66110505e-05  2.08653822e-05
256.146 -2.58650074e-05  7.24493923e-06
256.502 -2.53823512e-05 -9.31728960e-06
256.857 -1.52403589e-05 -2.25432723e-05
257.212  8.03700242e-07 -2.73638577e-05
257.567  1.67180360e-05 -2.18724905e-05
257.923  2.64685775e-05 -8.06468268e-06
258.278  2.63236663e-05  8.90236491e-06
258.633  1.62792157e-05  2.26402975e-05
258.988  6.70012603e-08  2.79541512e-05
259.344 -1.62347249e-05  2.28147971e-05
259.699 -2.64977901e-05  9.12207592e-06
260.054 -2.68646297e-05 -7.99822837e-06
260.409 -1.71922091e-05 -2.21257606e-05
260.765 -1.10898616e-06 -2.79752598e-05
261.120  1.53516199e-05 -2.33736411e-05
261.475  2.60377522e-05 -1.00697137e-05
261.831  2.69837955e-05  6.92832664e-06
262.186  1.78849426e-05  2.12591978e-05
262.541  2.20145692e-06  2.76001290e-05
262.896 -1.41725085e-05  2.36474960e-05
263.252 -2.51388365e-05  1.09673118e-05
263.607 -2.66707544e-05 -5.63011044e-06
263.962 -1.83088654e-05 -1.99300608e-05
264.317 -3.29406908e-06 -2.66438055e-05
264.673  1.26997288e-05 -2.33820341e-05
265.028  2.37106468e-05 -1.15155901e-05
265.383  2.57246395e-05  4.40203062e-06
265.738  1.81562115e-05  1.83800689e-05
266.094  4.00105288e-06  2.52522416e-05
266.449 -1.13445402e-05  2.26067912e-05
266.804 -2.21406792e-05  1.16308303e-05
267.160 -2.44712909e-05 -3.40576836e-06
267.515 -1.76703753e-05 -1.68030938e-05
267.870 -4.49654676e-06 -2.36080551e-05
268.225  9.96726853e-06 -2.14568019e-05
268.581  2.02822048e-05 -1.13935984e-05
268.936  2.27113797e-05  2.59350969e-06
269.291  1.65735315e-05  1.51477353e-05
269.646  4.42883529e-06  2.16051028e-05
270.002 -8.96869851e-06  1.97257867e-05
270.357 -1.85365247e-05  1.04783555e-05
270.712 -2.07878402e-05 -2.40747040e-06
271.067 -1.51071521e-05 -1.39419051e-05
271.423 -3.91246143e-06 -1.98008729e-05
271.778  8.36014782e-06 -1.79459644e-05
272.133  1.70053106e-05 -9.34583015e-06
272.488  1.88440737e-05  2.48671492e-06
272.844  1.34053882e-05  1.29171738e-05
273.199  3.02639247e-06  1.79886772e-05
273.554 -8.13486415e-06  1.59297749e-05
273.910 -1.57430700e-05  7.77667077e-06
274.265 -1.69671184e-05 -3.11642980e-06
274.620 -1.15399527e-05 -1.24317721e-05
274.975 -1.78156982e-06 -1.65872847e-05
275.331  8.36719457e-06 -1.41181843e-05
275.686  1.49161044e-05 -6.18363939e-06
276.041  1.53943175e-05  3.95119276e-06
276.396  9.77418828e-06  1.22343756e-05
276.752  4.21762256e-07  1.54424429e-05
277.107 -8.87441456e-06  1.24257495e-05
277.462 -1.44294137e-05  4.51001934e-06
277.817 -1.41135314e-05 -5.06405843e-06
278.173 -8.15420226e-06 -1.24568672e-05
278.528  9.85516755e-07 -1.47622313e-05
278.883  9.61404442e-06 -1.11314555e-05
279.239  1.42978510e-05 -3.08468496e-06
279.594  1.32084181e-05  6.11591190e-06
279.949  6.82863239e-06  1.27878257e-05
280.304 -2.25347148e-06  1.42850614e-05
280.660 -1.03975916e-05  1.00335374e-05
281.015 -1.43586152e-05  1.75283113e-06
281.370 -1.25616420e-05 -7.24602901e-06
281.725 -5.72628231e-06 -1.33809465e-05
282.081  3.43080799e-06 -1.42066324e-05
282.436  1.12812927e-05 -9.38483548e-06
282.791  1.47088248e-05 -8.13522129e-07
283.146  1.23410495e-05  8.13334281e-06
283.502  5.09262773e-06  1.39260950e-05
283.857 -4.20510001e-06  1.42671154e-05
284.212 -1.19087945e-05  8.99999741e-06
284.568 -1.49863931e-05  1.62052471e-07
284.923 -1.22124075e-05 -8.80878062e-06
285.278 -4.64008771e-06 -1.44078215e-05
285.633  4.80931523e-06 -1.44383747e-05
285.989  1.24721095e-05 -8.86269859e-06
286.344  1.53715090e-05  1.88354203e-07
286.699  1.23708394e-05  9.23066194e-06
287.054  4.60376027e-06  1.47789312e-05
287.410 -4.95620739e-06  1.46956106e-05
287.765 -1.26441928e-05  9.00237824e-06
288.120 -1.55214672e-05 -1.26378269e-07
288.475 -1.24916981e-05 -9.20052069e-06
288.831 -4.71695879e-06 -1.47647449e-05
289.186  4.82962984e-06 -1.47124498e-05
289.541  1.25176124e-05 -9.08145967e-06
289.896  1.54431707e-05 -3.56511574e-08
290.252  1.25240272e-05  8.98132033e-06
290.607  4.90611064e-06  1.45652606e-05
290.962 -4.49622151e-06  1.46353159e-05
291.318 -1.21268220e-05  9.21857816e-06
291.673 -1.51323117e-05  4.15617218e-07
292.028 -1.24395359e-05 -8.42643213e-06
292.383 -5.14083846e-06 -1.39865053e-05
292.739  3.95825757e-06 -1.42264222e-05
293.094  1.14171506e-05 -9.14701371e-06
293.449  1.44672605e-05 -7.45257829e-07
293.804  1.20529509e-05  7.76968060e-06
294.160  5.18996234e-06  1.32036066e-05
294.515 -3.45790925e-06  1.35901917e-05
294.870 -1.06088059e-05  8.90159737e-06
295.225 -1.36213431e-05  1.01317939e-06
295.581 -1.14741189e-05 -7.03725911e-06
295.936 -5.10542877e-06 -1.22281034e-05
296.291  2.97994744e-06 -1.26952420e-05
296.647  9.69827632e-06 -8.39673775e-06
297.002  1.25717630e-05 -1.08731893e-06
297.357  1.06384164e-05  6.39228495e-06
297.712  4.77658168e-06  1.12275989e-05
298.068 -2.67602971e-06  1.16861539e-05
298.423 -8.85982588e-06  7.74105593e-06
298.778 -1.14876797e-05  1.03638890e-06
299.133 -9.69099820e-06 -5.79705495e-06
299.489 -4.31311519e-06 -1.01709143e-05
299.844  2.47322065e-06 -1.05156513e-05
300.199  8.03953576e-06 -6.85332830e-06
300.554  1.03110961e-05 -7.33081276e-07
300.910  8.54787731e-06  5.41807621e-06
301.265  3.58319327e-06  9.24540628e-06
301.620 -2.55779571e-06  9.37102573e-06
301.976 -7.46966572e-06  5.89416005e-06
302.331 -9.30642250e-06  2.93222677e-07
302.686 -7.48171895e-06 -5.18694053e-06
303.041 -2.84436725e-06 -8.42610761e-06
303.397  2.69756019e-06 -8.25480090e-06
303.752  6.94712156e-06 -4.87069778e-06
304.107  8.29195762e-06  2.85293726e-07
304.462  6.31179069e-06  5.12327758e-06
304.818  1.90013001e-06  7.74925009e-06
305.173 -3.11744624e-06  7.20244238e-06
305.528 -6.73223199e-06  3.79782497e-06
305.883 -7.55276505e-06 -1.02633292e-06
306.239 -5.32867199e-06 -5.30689237e-06
306.594 -1.02571870e-06 -7.35223926e-06
306.949  3.58296637e-06 -6.39755507e-06
307.304  6.64671223e-06 -2.88919160e-06
307.660  6.96772486e-06  1.71195228e-06
308.015  4.46298435e-06  5.53923088e-06
308.370  1.85565938e-07  7.06699622e-06
308.726 -4.11977825e-06  5.70756428e-06
309.081 -6.72183473e-06  2.04033507e-06
309.436 -6.58489707e-06 -2.43818578e-06
309.791 -3.78100414e-06 -5.92447552e-06
310.147  5.50428885e-07 -7.02035358e-06
310.502  4.67137626e-06 -5.29104018e-06
310.857  6.93197320e-06 -1.43373458e-06
311.212  6.42691766e-06  3.01406002e-06
311.568  3.35630605e-06  6.28175609e-06
311.923 -1.06640603e-06  7.06578920e-06
312.278 -5.09373382e-06  5.05073060e-06
312.633 -7.12983045e-06  1.02390233e-06
312.989 -6.36647604e-06 -3.43707424e-06
313.344 -3.09440228e-06 -6.57809326e-06
313.699  1.41618186e-06 -7.16374204e-06
314.055  5.40550756e-06 -4.95826420e-06
314.410  7.31699613e-06 -8.09342371e-07
314.765  6.40509888e-06  3.67590078e-06
315.120  3.01497325e-06  6.75901770e-06
315.476 -1.54778355e-06  7.24967182e-06
315.831 -5.52367297e-06  4.95592417e-06
316.186 -7.38732164e-06  7.58152824e-07
316.541 -6.42673921e-06 -3.72997687e-06
316.897 -3.01290161e-06 -6.79342508e-06
317.252  1.54176943e-06 -7.26946904e-06
317.607  5.49942466e-06 -4.98574754e-06
317.962  7.36260215e-06 -8.26900943e-07
318.318  6.43719139e-06  3.61711333e-06
318.673  3.09715769e-06  6.66516172e-06
319.028 -1.37108121e-06  7.17718290e-06
319.384 -5.27255922e-06  4.98713358e-06
319.739 -7.14328701e-06  9.54868439e-07
320.094 -6.30499426e-06 -3.38051514e-06
320.449 -3.11441689e-06 -6.38564138e-06
320.805  1.19574004e-06 -6.95156085e-06
321.160  4.99210610e-06 -4.91008979e-06
321.515  6.86052240e-06 -1.07292553e-06
321.870  6.14248878e-06  3.09141569e-06
322.226  3.16226681e-06  6.01784094e-06
322.581 -9.18155005e-07  6.64329503e-06
322.936 -4.54739701e-06  4.79256169e-06
323.291 -6.38330855e-06  1.21799308e-06
323.647 -5.79284701e-06 -2.69852501e-06
324.002 -3.06426984e-06 -5.48488147e-06
324.357  7.19578256e-07 -6.13822860e-06
324.712  4.11122001e-06 -4.48050005e-06
325.068  5.85975162e-06 -1.20538123e-06
325.423  5.36774441e-06  2.40652344e-06
325.778  2.89656847e-06  4.99580257e-06
326.134 -5.54818591e-07  5.63303147e-06
326.489 -3.65891800e-06  4.15238090e-06
326.844 -5.26908686e-06  1.19452192e-06
327.199 -4.84103770e-06 -2.07055021e-06
327.555 -2.62380016e-06 -4.40592860e-06
327.910  4.68400194e-07 -4.97165238e-06
328.265  3.23226597e-06 -3.63437385e-06
328.620  4.63619421e-06 -9.89431322e-07
328.976  4.21047633e-06  1.90115478e-06
329.331  2.20611321e-06  3.92557695e-06
329.686 -5.38268916e-07  4.35093419e-06
330.041 -2.93677827e-06  3.09367862e-06
330.397 -4.08226605e-06  7.17262377e-07
330.752 -3.59547458e-06 -1.80918046e-06
331.107 -1.74362842e-06 -3.49775289e-06
331.463  6.90120220e-07 -3.73302087e-06
331.818  2.72562425e-06 -2.49249612e-06
332.173  3.58257958e-06 -3.28356306e-07
332.528  2.97739150e-06  1.86354622e-06
332.884  1.20989414e-06  3.21299134e-06
333.239 -9.68931149e-07  3.21953987e-06
333.594 -2.67116815e-06  1.93005669e-06
333.949 -3.23329705e-06 -9.26158348e-08
334.305 -2.46535214e-06 -2.00811160e-06
334.660 -7.15486556e-07 -3.04810666e-06
335.015  1.27947055e-06 -2.81474220e-06
335.370  2.70568786e-06 -1.43012268e-06
335.726  2.99594347e-06  5.18197660e-07
336.081  2.04856205e-06  2.22895431e-06
336.436  2.66852669e-07  3.01142970e-06
336.792 -1.61571169e-06  2.55497864e-06
337.147 -2.83650280e-06  1.05516437e-06
337.502 -2.90265819e-06 -8.72998943e-07
337.857 -1.79110983e-06 -2.45069116e-06
338.213  4.54322679e-08 -3.04102870e-06
338.568  1.86966808e-06 -2.40545717e-06
338.923  2.94936274e-06 -8.00273794e-07
339.278  2.84885584e-06  1.13538776e-06
339.634  1.60695162e-06  2.63112233e-06
339.989 -2.86940300e-07  3.08816938e-06
340.344 -2.08664354e-06  2.32291243e-06
340.699 -3.07891489e-06  6.33269832e-07
341.055 -2.87117178e-06 -1.32174795e-06
341.410 -1.54262947e-06 -2.77479728e-06
341.765  3.92601918e-07 -3.15674075e-06
342.120  2.18046178e-06 -2.31939552e-06
342.476  3.12498064e-06 -5.85510729e-07
342.831  2.86265795e-06  1.37223604e-06
343.186  1.49511115e-06  2.79408687e-06
343.542 -4.48209515e-07  3.13400722e-06
343.897 -2.21419127e-06  2.26322426e-06
344.252 -3.12519641e-06  5.19012686e-07
344.607 -2.83492784e-06 -1.42289245e-06
344.963 -1.45783138e-06 -2.81757955e-06
345.318  4.71417920e-07 -3.13539070e-06
345.673  2.21198085e-06 -2.25907635e-06
346.028  3.10311179e-06 -5.32358958e-07
346.384  2.80994936e-06  1.37905663e-06
346.739  1.45450240e-06  2.74849345e-06
347.094 -4.36037838e-07  3.05917127e-06
347.449 -2.14040328e-06  2.20304703e-06
347.805 -3.01347828e-06  5.19725924e-07
348.160 -2.73208815e-06 -1.34506419e-06
348.515 -1.41855920e-06 -2.68370113e-06
348.871  4.18611794e-07 -2.99438135e-06
349.226  2.08047721e-06 -2.17483215e-06
349.581  2.94075320e-06 -5.49381288e-07
349.936  2.68827993e-06  1.26082282e-06
350.292  1.43582882e-06  2.57104275e-06
350.647 -3.33104672e-07  2.89824234e-06
351.002 -1.94617108e-06  2.13861080e-06
351.357 -2.80273953e-06  5.93728208e-07
351.713 -2.60020618e-06 -1.14440306e-06
352.068 -1.43428343e-06 -2.42308445e-06
352.423  2.40935109e-07 -2.77941819e-06
352.778  1.79000601e-06 -2.10207632e-06
353.134  2.64437078e-06 -6.66488836e-07
353.489  2.50704970e-06  9.74253602e-07
353.844  1.45528253e-06  2.21010365e-06
354.200 -9.35012301e-08  2.59937614e-06
354.555 -1.55365057e-06  2.02458441e-06
354.910 -2.39378864e-06  7.32039315e-07
355.265 -2.32692875e-06 -7.76579671e-07
355.621 -1.41431783e-06 -1.94199807e-06
355.976 -2.74830007e-08 -2.35059356e-06
356.331  1.30690483e-06 -1.88678331e-06
356.686  2.10261941e-06 -7.64227951e-07
357.042  2.09517449e-06  5.74565505e-07
357.397  1.33335029e-06  1.62812794e-06
357.752  1.38855807e-07  2.02541858e-06
358.107 -1.02438432e-06  1.66304127e-06
358.463 -1.72842118e-06  7.23510758e-07
358.818 -1.74614638e-06 -4.08431247e-07
359.173 -1.12085502e-06 -1.29723717e-06
359.528 -1.31717448e-07 -1.63025103e-06
359.884  8.20409566e-07 -1.32702753e-06
360.239  1.37834445e-06 -5.51067776e-07
360.594  1.36385426e-06  3.62194497e-07
360.950  8.29063719e-07  1.04871819e-06
361.305  2.65612360e-08  1.26296087e-06
361.660 -7.02634876e-07  9.60259419e-07
362.015 -1.07514526e-06  3.05223093e-07
362.371 -9.69263179e-07 -4.04285001e-07
362.726 -4.65581671e-07 -8.71543730e-07
363.081  1.92158840e-07 -9.17825621e-07
363.436  7.11725988e-07 -5.48474882e-07
363.792  8.74250049e-07  5.12954111e-08
364.147  6.19317270e-07  6.05618085e-07
364.502  7.22185937e-08  8.68009723e-07
364.857 -5.15992390e-07  7.19853103e-07
365.213 -8.80482741e-07  2.24947649e-07
365.568 -8.49530953e-07 -3.98690911e-07
365.923 -4.22033317e-07 -8.76586059e-07
366.279  2.27591011e-07 -9.88157815e-07
366.634  8.26512469e-07 -6.62585014e-07
366.989  1.11168099e-06 -1.69498166e-08
367.344  9.38758470e-07  6.93722010e-07
367.700  3.51928939e-07  1.17566076e-06
368.055 -4.32998284e-07  1.21185137e-06
368.410 -1.11081702e-06  7.59579700e-07
368.765 -1.40095245e-06 -2.92342419e-08
369.121 -1.16592638e-06 -8.64847200e-07
369.476 -4.70022775e-07 -1.42285164e-06
369.831  4.44480193e-07 -1.47374508e-06
370.186  1.23961724e-06 -9.76841517e-07
370.542  1.61013028e-06 -9.47395058e-08
370.897  1.40481542e-06  8.58890940e-07
371.252  6.80453461e-07  1.53302541e-06
371.608 -3.13426005e-07  1.67586908e-06
371.963 -1.22067240e-06  1.22449039e-06
372.318 -1.71504479e-06  3.29554502e-07
372.673 -1.61664875e-06 -6.92956003e-07
373.029 -9.54705232e-07 -1.48194676e-06
373.384  3.71472607e-08 -1.76128153e-06
373.739  1.01003434e-06 -1.43351556e-06
374.094  1.62792237e-06 -6.18748126e-07
374.450  1.68087473e-06  3.92895152e-07
374.805  1.16139456e-06  1.25170151e-06
375.160  2.63270252e-07  1.66700156e-06
375.515 -6.98141961e-07  1.50976089e-06
375.871 -1.39532949e-06  8.55700137e-07
376.226 -1.60288883e-06 -5.53502252e-08
376.581 -1.27645365e-06 -9.07009966e-07
376.936 -5.53436640e-07 -1.41688238e-06
377.292  3.04046358e-07 -1.43805613e-06
377.647  1.00239019e-06 -9.97370294e-07
378.002  1.32506345e-06 -2.72222311e-07
378.358  1.19939344e-06  4.75796692e-07
378.713  7.05256744e-07  1.00158165e-06
379.068  3.96807378e-08  1.15965772e-06
379.423 -5.64175120e-07  9.38264966e-07
379.779 -9.23678849e-07  4.53433342e-07
380.134 -9.56989420e-07 -1.05573212e-07
380.489 -7.00475188e-07 -5.55318645e-07
380.844 -2.81782375e-07 -7.74876583e-07
381.200  1.44079861e-07 -7.37710423e-07
381.555  4.49621636e-07 -5.08461301e-07
381.910  5.71919195e-07 -1.97282864e-07
382.265  5.25772407e-07  8.80835890e-08
382.621  3.75152201e-07  2.77050675e-07
382.976  1.93712588e-07  3.57164566e-07
383.331  3.63891659e-08  3.58463630e-07
383.687 -8.19809539e-08  3.20615355e-07
384.042 -1.78463911e-07  2.70823811e-07
384.397 -2.71937044e-07  2.06497653e-07
384.752 -3.63688918e-07  1.00779224e-07
385.108 -4.24662571e-07 -6.60018354e-08
385.463 -4.00812880e-07 -2.83865664e-07
385.818 -2.48524634e-07 -5.01756757e-07
386.173  3.40084483e-08 -6.32081059e-07
386.529  3.90858614e-07 -5.89781878e-07
386.884  7.08378453e-07 -3.36456539e-07
387.239  8.54131702e-07  9.27153805e-08
387.594  7.33845580e-07  5.78713985e-07
387.950  3.34339742e-07  9.50544061e-07
388.305 -2.49826092e-07  1.05056531e-06
388.660 -8.32401971e-07  7.94993203e-07
389.016 -1.20039740e-06  2.21467119e-07
389.371 -1.18909519e-06 -5.02540907e-07
389.726 -7.51718637e-07 -1.13256718e-06
390.081  1.32909143e-09 -1.42880698e-06
390.437  8.30660546e-07 -1.24454681e-06
390.792  1.44440971e-06 -5.98408745e-07
391.147  1.59731760e-06  3.18422410e-07
391.502  1.19269406e-06  1.19973570e-06
391.858  3.31618972e-07  1.72187676e-06
392.213 -7.12234375e-07  1.66636947e-06
392.568 -1.57411369e-06  1.01153785e-06
392.923 -1.92739582e-06 -4.99870029e-08
393.279 -1.61105954e-06 -1.16200853e-06
393.634 -6.94820720e-07 -1.92319886e-06
393.989  5.28519118e-07 -2.03709157e-06
394.344  1.63253027e-06 -1.42284473e-06
394.700  2.21100013e-06 -2.58248765e-07
395.055  2.02485315e-06  1.06449652e-06
395.410  1.09683599e-06  2.07488029e-06
395.766 -2.75861976e-07  2.39086311e-06
396.121 -1.61847484e-06  1.85876765e-06
396.476 -2.44396095e-06  6.27491654e-07
396.831 -2.42424770e-06 -8.91010982e-07
397.187 -1.52254492e-06 -2.16184828e-06
397.542 -2.29146154e-08 -2.70976092e-06
397.897  1.56188448e-06 -2.29748111e-06
398.252  2.66028806e-06 -1.02743594e-06
398.608  2.84655191e-06  6.84028817e-07
398.963  2.00764991e-06  2.23885609e-06
399.318  3.94778633e-07  3.06263625e-06
