0.341  4.28478943e-03 -6.78643976e-04
0.683  2.46718975e-03  6.30936592e-04
1.024  1.31838590e-03  1.20564103e-03
1.365  3.75909555e-04  1.33304318e-03
1.707 -3.31924481e-04  1.06327069e-03
2.048 -7.10055445e-04  5.91905150e-04
2.389 -8.04428617e-04  8.45318075e-05
2.731 -6.11438280e-04 -3.43572527e-04
3.072 -2.85858282e-04 -5.30030923e-04
3.413  8.53311676e-05 -5.35006077e-04
3.755  3.69861277e-04 -3.60485437e-04
4.096  4.60228279e-04 -8.97573305e-05
4.437  3.89074167e-04  1.64169407e-04
4.779  2.01158171e-04  3.38420023e-04
5.120 -3.38651190e-05  3.59284104e-04
5.461 -2.25711498e-04  2.54166288e-04
5.803 -3.20361669e-04  6.02289748e-05
6.144 -2.79517397e-04 -1.29398984e-04
6.485 -1.43367899e-04 -2.37095929e-04
6.827  2.82892061e-05 -2.49764155e-04
7.168  1.75274065e-04 -1.70731225e-04
7.509  2.34669867e-04 -4.03487046e-05
7.851  2.06497444e-04  9.06364698e-05
8.192  1.04303959e-04  1.84824012e-04
8.533 -1.96517988e-05  1.99739937e-04
8.875 -1.27523022e-04  1.41062942e-04
9.216 -1.80929987e-04  2.79040578e-05
9.557 -1.59149548e-04 -9.05329216e-05
9.899 -8.43557915e-05 -1.66774448e-04
10.240  2.02364188e-05 -1.78749126e-04
10.581  1.13003569e-04 -1.26171441e-04
10.923  1.55419910e-04 -3.56090723e-05
11.264  1.35925937e-04  6.08921915e-05
11.605  6.28499343e-05  1.29244865e-04
11.947 -2.88190028e-05  1.41466888e-04
12.288 -1.02181454e-04  9.88192596e-05
12.629 -1.34368702e-04  2.04789314e-05
12.971 -1.17052686e-04 -6.07021348e-05
13.312 -6.00727592e-05 -1.12236783e-04
13.653  1.36776714e-05 -1.19651668e-04
13.995  7.59214632e-05 -8.44863595e-05
14.336  1.04974569e-04 -2.31451218e-05
14.677  9.18187580e-05  4.26477036e-05
15.019  4.27860861e-05  8.92244307e-05
15.360 -2.04078483e-05  9.86738901e-05
15.701 -7.17806636e-05  7.02443820e-05
16.043 -9.40014264e-05  1.57129055e-05
16.384 -8.14982101e-05 -4.18735925e-05
16.725 -4.11834980e-05 -8.06902271e-05
17.067  1.15768108e-05 -8.62097190e-05
17.408  5.65683157e-05 -5.73211251e-05
17.749  7.64249097e-05 -6.84244445e-06
18.091  6.39623401e-05  4.45793960e-05
18.432  2.53066105e-05  7.68268208e-05
18.773 -2.25417801e-05  7.95702340e-05
19.115 -6.05045862e-05  5.39371558e-05
19.456 -7.51200588e-05  1.05537240e-05
19.797 -6.22972725e-05 -3.33087552e-05
20.139 -2.82395769e-05 -6.06615110e-05
20.480  1.27225745e-05 -6.10236480e-05
20.821  4.36587818e-05 -3.50492881e-05
21.163  5.26621856e-05  5.60727930e-06
21.504  3.66376160e-05  4.45368359e-05
21.845  1.90978893e-06  6.71185674e-05
22.187 -3.81045148e-05  6.59099050e-05
22.528 -6.79349933e-05  4.28567015e-05
22.869 -7.70241718e-05  6.40349168e-06
23.211 -6.27092024e-05 -2.96155724e-05
23.552 -3.10784619e-05 -5.14860281e-05
23.893  5.42284059e-06 -5.07976780e-05
24.235  3.29291854e-05 -2.88784202e-05
24.576  4.15074057e-05  4.67920384e-06
24.917  2.89251017e-05  3.63076006e-05
25.259  1.30989909e-06  5.39520701e-05
25.600 -2.99457782e-05  5.15313065e-05
25.941 -5.25745742e-05  3.12179144e-05
26.283 -5.80994957e-05  1.23639811e-06
26.624 -4.48033566e-05 -2.70377005e-05
26.965 -1.82341448e-05 -4.33063751e-05
27.307  1.14677927e-05 -4.21765002e-05
27.648  3.31986967e-05 -2.50272513e-05
27.989  3.95311948e-05  8.34587874e-07
28.331  2.90158673e-05  2.51158939e-05
28.672  6.14639470e-06  3.82634560e-05
29.013 -1.98339824e-05  3.56600524e-05
29.355 -3.87296191e-05  1.87689885e-05
29.696 -4.33366713e-05 -5.33464426e-06
30.037 -3.21915580e-05 -2.67050930e-05
30.379 -1.01403418e-05 -3.69585843e-05
30.720  1.38240180e-05 -3.21089179e-05
31.061  3.02834904e-05 -1.43050813e-05
31.403  3.34189055e-05  8.98120931e-06
31.744  2.26490639e-05  2.85273681e-05
32.085  2.74219386e-06  3.69533605e-05
32.427 -1.82390533e-05  3.12546631e-05
32.768 -3.22272495e-05  1.39906033e-05
33.109 -3.39039536e-05 -8.02078615e-06
33.451 -2.27851275e-05 -2.66113565e-05
33.792 -3.43173136e-06 -3.52047797e-05
34.133  1.68635549e-05 -3.11074108e-05
34.475  3.07905009e-05 -1.64221169e-05
34.816  3.35637576e-05  2.98780459e-06
35.157  2.48119736e-05  1.96646777e-05
35.499  8.47998112e-06  2.72864886e-05
35.840 -8.81782327e-06  2.33061917e-05
36.181 -2.02000318e-05  9.74575605e-06
36.523 -2.13799860e-05 -7.77824785e-06
36.864 -1.23162809e-05 -2.22631836e-05
37.205  3.21054253e-06 -2.81964397e-05
37.547  1.90271247e-05 -2.36215028e-05
37.888  2.90263454e-05 -1.05695512e-05
38.229  2.97319873e-05  5.79721780e-06
38.571  2.12873503e-05  1.92143317e-05
38.912  7.28321114e-06  2.48750152e-05
39.253 -6.63651762e-06  2.10809257e-05
39.595 -1.51959587e-05  9.73941004e-06
39.936 -1.54189599e-05 -4.35844315e-06
40.277 -7.51984709e-06 -1.56456777e-05
40.619  5.11669050e-06 -1.99042910e-05
40.960  1.73216869e-05 -1.56741610e-05
41.301  2.42793518e-05 -4.93028086e-06
41.643  2.32950963e-05  7.81561988e-06
41.984  1.48652807e-05  1.74972056e-05
42.325  2.45519794e-06  2.03055022e-05
42.667 -9.09157067e-06  1.51982272e-05
43.008 -1.54183335e-05  4.35506307e-06
43.349 -1.42978608e-05 -7.95673358e-06
43.691 -6.51415176e-06 -1.70780018e-05
44.032  4.69134578e-06 -1.96655848e-05
44.373  1.49298752e-05 -1.50710769e-05
44.715  2.02408144e-05 -5.43105851e-06
45.056  1.87500000e-05  5.32982378e-06
45.397  1.13122494e-05  1.29418012e-05
45.739  9.47782508e-07  1.45141598e-05
46.080 -8.25997420e-06  9.61335018e-06
46.421 -1.27781002e-05  2.10315907e-07
46.763 -1.10630513e-05 -1.00394218e-05
47.104 -3.94257212e-06 -1.72275199e-05
47.445  5.74226639e-06 -1.88099411e-05
47.787  1.41880244e-05 -1.44091225e-05
48.128  1.82366958e-05 -5.89439207e-06
48.469  1.65239431e-05  3.28275991e-06
48.811  9.90687662e-06  9.60374190e-06
49.152  1.18710687e-06  1.08415460e-05
49.493 -6.13280088e-06  6.75798935e-06
49.835 -9.27150888e-06 -7.64496231e-07
50.176 -7.09215000e-06 -8.54426256e-06
50.517 -5.83888145e-07 -1.34581252e-05
50.859  7.56067300e-06 -1.35391168e-05
51.200  1.41592942e-05 -8.75948765e-06
51.541  1.66843872e-05 -1.04344919e-06
51.883  1.41969132e-05  6.67546587e-06
52.224  7.75521536e-06  1.15535167e-05
52.565 -1.48976516e-07  1.18652260e-05
52.907 -6.57196543e-06  7.75612562e-06
53.248 -9.17534560e-06  1.06196409e-06
53.589 -7.22581437e-06 -5.48661644e-06
53.931 -1.80457934e-06 -9.23516456e-06
54.272  4.74486207e-06 -8.71934188e-06
54.613  9.64649669e-06 -4.22163974e-06
54.955  1.08129582e-05  2.49035592e-06
55.296  7.69340429e-06  8.79048504e-06
55.637  1.33965705e-06  1.22241771e-05
55.979 -5.97720264e-06  1.15488142e-05
56.320 -1.16209940e-05  7.08097398e-06
56.661 -1.37160509e-05  5.37791205e-07
57.003 -1.17614984e-05 -5.57927782e-06
57.344 -6.72863773e-06 -9.05953697e-06
57.685 -7.37143445e-07 -8.78178421e-06
58.027  3.86803921e-06 -5.02957389e-06
58.368  5.43153502e-06  5.63089230e-07
58.709  3.48887259e-06  5.72096466e-06
59.051 -1.02281497e-06  8.47440049e-06
59.392 -6.17301099e-06  7.79896892e-06
59.733 -9.90144548e-06  4.03072493e-06
60.075 -1.07292520e-05 -1.25910661e-06
60.416 -8.32755934e-06 -6.00309821e-06
60.757 -3.69075057e-06 -8.38242448e-06
61.099  1.37660902e-06 -7.48774098e-06
61.440  4.95523549e-06 -3.73876396e-06
61.781  5.69392887e-06  1.38654020e-06
62.123  3.41102667e-06  5.96993373e-06
62.464 -9.10370377e-07  8.31807890e-06
62.805 -5.59411833e-06  7.68206137e-06
63.147 -8.84694193e-06  4.50962168e-06
63.488 -9.49945449e-06  1.47070216e-07
63.829 -7.47225183e-06 -3.62826960e-06
64.171 -3.67653596e-06 -5.31693194e-06
64.512  3.13211224e-07 -4.33269247e-06
64.853  2.86179400e-06 -1.11005045e-06
65.195  2.99235304e-06  3.07195636e-06
65.536  6.77683985e-07  6.54749923e-06
65.877 -3.18804701e-06  8.00319662e-06
66.219 -7.07683068e-06  6.93787600e-06
66.560 -9.50345115e-06  3.78429958e-06
66.901 -9.59433131e-06 -1.97540155e-07
67.243 -7.33200341e-06 -3.47366424e-06
67.584 -3.61571592e-06 -4.86670425e-06
67.925  1.19062797e-07 -3.91011696e-06
68.267  2.52810148e-06 -1.05761081e-06
68.608  2.78797607e-06  2.49900738e-06
68.949  9.14019221e-07  5.39345447e-06
69.291 -2.22475264e-06  6.55363801e-06
69.632 -5.35363155e-06  5.58855227e-06
69.973 -7.26337883e-06  2.98355814e-06
70.315 -7.22713692e-06 -1.89221753e-07
70.656 -5.34018205e-06 -2.70683014e-06
70.997 -2.40940383e-06 -3.60717936e-06
71.339  4.16345338e-07 -2.62513660e-06
71.680  2.02621131e-06 -2.61903733e-07
72.021  1.83029559e-06  2.49114920e-06
72.363 -3.70228093e-09  4.47730397e-06
72.704 -2.70879277e-06  4.85176761e-06
73.045 -5.17285839e-06  3.45274783e-06
73.387 -6.36881362e-06  7.73420810e-07
73.728 -5.81842067e-06 -2.21161757e-06
74.069 -3.69837124e-06 -4.39473528e-06
74.411 -7.54620455e-07 -5.03903681e-06
74.752  1.94031045e-06 -4.00762729e-06
75.093  3.47706262e-06 -1.76556544e-06
75.435  3.44090689e-06  7.48811028e-07
75.776  1.99924208e-06  2.55072614e-06
76.117 -1.15079666e-07  3.00902559e-06
76.459 -1.92928056e-06  2.00912947e-06
76.800 -2.66194227e-06  3.42996971e-08
77.141 -1.95182824e-06 -2.03331325e-06
77.483 -1.93406318e-08 -3.33158918e-06
77.824  2.39592785e-06 -3.29509534e-06
78.165  4.40205347e-06 -1.87215532e-06
78.507  5.26226162e-06  4.07080242e-07
78.848  4.64838669e-06  2.70909288e-06
79.189  2.82540541e-06  4.20975677e-06
79.531  4.90432033e-07  4.35834070e-06
79.872 -1.51941769e-06  3.14521067e-06
80.213 -2.48375457e-06  1.06819885e-06
80.555 -2.11838243e-06 -1.11420604e-06
80.896 -6.72482807e-07 -2.61378143e-06
81.237  1.24681130e-06 -2.94253603e-06
81.579  2.86572340e-06 -2.11952872e-06
81.920  3.55099885e-06 -5.77880404e-07
82.261  3.10160848e-06  9.82456216e-07
82.603  1.75139614e-06  1.85299560e-06
82.944  7.50256014e-08  1.65613046e-06
83.285 -1.20114363e-06  4.39354230e-07
83.627 -1.54819579e-06 -1.36880572e-06
83.968 -8.14922304e-07 -3.07545538e-06
84.309  7.60673074e-07 -4.04796483e-06
84.651  2.59077274e-06 -3.96313857e-06
84.992  4.00215922e-06 -2.87082879e-06
85.333  4.52809666e-06 -1.22043519e-06
85.675  4.02198134e-06  3.24443360e-07
86.016  2.74150914e-06  1.19450188e-06
86.357  1.26045295e-06  1.07380256e-06
86.699  1.80632505e-07  2.62905064e-08
87.040 -5.84187642e-08 -1.49651034e-06
87.381  6.68925994e-07 -2.89654408e-06
87.723  2.07930456e-06 -3.64051405e-06
88.064  3.64677103e-06 -3.42477580e-06
88.405  4.81413872e-06 -2.34080325e-06
88.747  5.15433791e-06 -7.99081961e-07
89.088  4.57822544e-06  6.65537406e-07
89.429  3.35176067e-06  1.54407133e-06
89.771  1.93573289e-06  1.57926603e-06
90.112  8.55137455e-07  8.72271467e-07
90.453  4.83250182e-07 -2.26349453e-07
90.795  8.64424632e-07 -1.22294001e-06
91.136  1.76326723e-06 -1.66690141e-06
91.477  2.74597121e-06 -1.37696392e-06
91.819  3.32352013e-06 -4.59918341e-07
92.160  3.19952350e-06  7.41536764e-07
92.501  2.35511199e-06  1.74043878e-06
92.843  1.02615306e-06  2.14628140e-06
93.184 -3.38159024e-07  1.80904445e-06
93.525 -1.28467463e-06  8.29161552e-07
93.867 -1.54587917e-06 -4.36178323e-07
94.208 -1.08361380e-06 -1.52823763e-06
94.549 -1.33832035e-07 -2.09987942e-06
94.891  8.82861104e-07 -1.99084292e-06
95.232  1.57619588e-06 -1.29988932e-06
95.573  1.69092578e-06 -3.65765591e-07
95.915  1.19587069e-06  4.24618678e-07
96.256  3.30134348e-07  7.62083179e-07
96.597 -5.46260492e-07  5.09368174e-07
96.939 -1.09243014e-06 -2.00935681e-07
97.280 -1.08050026e-06 -1.05864882e-06
97.621 -5.29790853e-07 -1.71867358e-06
97.963  3.19447834e-07 -1.88889753e-06
98.304  1.13875874e-06 -1.48049170e-06
98.645  1.59218761e-06 -6.47096978e-07
98.987  1.48619764e-06  3.25052404e-07
99.328  8.69000652e-07  1.08926327e-06
99.669 -4.26771022e-08  1.37168400e-06
100.011 -9.25345365e-07  1.11597258e-06
100.352 -1.45410884e-06  4.55239368e-07
100.693 -1.47453862e-06 -3.38224911e-07
101.035 -1.02553257e-06 -9.23974801e-07
101.376 -3.03884905e-07 -1.07074418e-06
101.717  3.70399745e-07 -7.28299492e-07
102.059  7.15799546e-07 -8.81967128e-09
102.400  6.03085034e-07  8.15421445e-07
102.741  5.68028747e-08  1.44088218e-06
103.083 -7.20881567e-07  1.67597578e-06
103.424 -1.43392767e-06  1.46457347e-06
103.765 -1.84909023e-06  9.27214828e-07
104.107 -1.84292099e-06  3.27352952e-07
104.448 -1.45267513e-06 -8.12357259e-08
104.789 -8.91492014e-07 -1.23986307e-07
105.131 -4.17114124e-07  2.40721699e-07
105.472 -2.43013189e-07  8.64939093e-07
105.813 -4.85514732e-07  1.50672719e-06
106.155 -1.07634327e-06  1.93183946e-06
106.496 -1.81161878e-06  1.96338827e-06
106.837 -2.45665731e-06  1.58590912e-06
107.179 -2.79199375e-06  9.46821773e-07
107.520 -2.72023469e-06  2.59154031e-07
107.861 -2.31650232e-06 -2.41515760e-07
108.203 -1.75065080e-06 -3.93889809e-07
108.544 -1.24706355e-06 -2.01675988e-07
108.885 -1.00763220e-06  2.15598649e-07
109.227 -1.09373841e-06  6.60856444e-07
109.568 -1.43968080e-06  9.12048574e-07
109.909 -1.88757651e-06  8.52111270e-07
110.251 -2.21411525e-06  4.94179120e-07
110.592 -2.25599690e-06 -4.78287594e-08
110.933 -1.97206121e-06 -5.63407980e-07
111.275 -1.42343268e-06 -8.52527918e-07
111.616 -7.87305756e-07 -8.18914706e-07
111.957 -2.80106990e-07 -4.64610689e-07
112.299 -4.42326495e-08  8.41619254e-08
112.640 -1.35635153e-07  6.16978739e-07
112.981 -4.91984813e-07  9.59137279e-07
113.323 -9.34065825e-07  1.00440552e-06
113.664 -1.27707529e-06  7.48265408e-07
114.005 -1.38238465e-06  3.21747230e-07
114.347 -1.18794883e-06 -9.73869278e-08
114.688 -7.68580017e-07 -3.51978414e-07
115.029 -2.79735418e-07 -3.31778105e-07
115.371  1.19286790e-07 -4.96039400e-08
115.712  2.87500137e-07  3.75950743e-07
116.053  1.81698080e-07  7.98365743e-07
116.395 -1.22285449e-07  1.06275713e-06
116.736 -5.00345884e-07  1.07792504e-06
117.077 -8.00092680e-07  8.71764161e-07
117.419 -8.97658491e-07  5.36680694e-07
117.760 -7.78199691e-07  2.07502139e-07
118.101 -5.04195658e-07  2.45580058e-08
118.443 -1.89506243e-07  3.96988653e-08
118.784  1.81377755e-08  2.20087418e-07
119.125  3.30356166e-08  4.76614113e-07
119.467 -1.42108265e-07  6.64309656e-07
119.808 -4.43746854e-07  6.68157648e-07
120.149 -7.35773922e-07  4.57506678e-07
120.491 -8.76218561e-07  6.43418139e-08
120.832 -7.94625345e-07 -3.97772968e-07
121.173 -4.82320925e-07 -7.74017182e-07
121.515 -1.43612372e-08 -9.58661233e-07
121.856  4.61047128e-07 -9.01190697e-07
122.197  8.14013350e-07 -6.27193166e-07
122.539  9.57142821e-07 -2.56531342e-07
122.880  8.63121727e-07  7.64941428e-08
123.221  6.06873267e-07  2.63722281e-07
123.563  3.08325123e-07  2.35448159e-07
123.904  7.95022298e-08  1.74431396e-08
124.245  1.73046661e-08 -2.97120279e-07
124.587  1.41841599e-07 -6.07161415e-07
124.928  3.93090573e-07 -8.07468582e-07
125.269  6.90075471e-07 -8.44670441e-07
125.611  9.34337630e-07 -7.48865041e-07
125.952  1.05269826e-06 -5.81113759e-07
126.293  1.05095416e-06 -4.26121705e-07
126.635  9.74519428e-07 -3.66255777e-07
126.976  8.94296842e-07 -4.14197963e-07
127.317  8.97331592e-07 -5.33855703e-07
127.659  1.01484896e-06 -6.62503043e-07
128.000  1.22064363e-06 -7.06992759e-07
128.341  1.45905361e-06 -6.11891398e-07
128.683  1.63256142e-06 -3.85397081e-07
129.024  1.65823261e-06 -7.04656610e-08
129.365  1.51613598e-06  2.38850511e-07
129.707  1.22595316e-06  4.35919792e-07
130.048  8.63507997e-07  4.66951968e-07
130.389  5.44403187e-07  3.19233046e-07
130.731  3.50736742e-07  3.51744292e-08
131.072  3.27388623e-07 -2.80729340e-07
131.413  4.72369336e-07 -5.32136195e-07
131.755  7.09096635e-07 -6.51004546e-07
132.096  9.43079581e-07 -6.01912714e-07
132.437  1.09646531e-06 -4.24580797e-07
132.779  1.10715027e-06 -1.98709781e-07
133.120  9.77723305e-07  6.81031174e-10
133.461  7.65788778e-07  9.86701048e-08
133.803  5.34783605e-07  6.68804904e-08
134.144  3.59419577e-07 -6.11256211e-08
134.485  2.89274436e-07 -2.37526778e-07
134.827  3.12536379e-07 -3.97660257e-07
135.168  3.96335369e-07 -4.81824769e-07
135.509  4.90575442e-07 -4.85633079e-07
135.851  5.34133127e-07 -4.32158969e-07
136.192  5.11364627e-07 -3.59326325e-07
136.533  4.40715348e-07 -3.26806246e-07
136.875  3.53269891e-07 -3.60952381e-07
137.216  3.08040966e-07 -4.47188496e-07
137.557  3.44985746e-07 -5.57500907e-07
137.899  4.58163532e-07 -6.32172836e-07
138.240  6.24194049e-07 -6.13661128e-07
138.581  7.85785016e-07 -4.90314914e-07
138.923  8.69204997e-07 -2.73403549e-07
139.264  8.39455429e-07 -8.77691506e-09
139.605  6.88515559e-07  2.22778251e-07
139.947  4.40692394e-07  3.64258246e-07
140.288  1.69743276e-07  3.85606619e-07
140.629 -5.44271593e-08  2.82872523e-07
140.971 -1.84522272e-07  1.08769179e-07
141.312 -1.89867274e-07 -6.67257735e-08
141.653 -9.46703585e-08 -1.88257981e-07
141.995  4.16661028e-08 -2.05821783e-07
142.336  1.64987594e-07 -1.13832035e-07
142.677  2.16416871e-07  4.64514690e-08
143.019  1.65396515e-07  2.29844889e-07
143.360  3.25695502e-08  3.79372105e-07
143.701 -1.49603575e-07  4.47863797e-07
144.043 -3.34125028e-07  4.36328455e-07
144.384 -4.67062529e-07  3.63550900e-07
144.725 -5.34423244e-07  2.61459518e-07
145.067 -5.44802684e-07  1.81187620e-07
145.408 -5.16318872e-07  1.45537765e-07
145.749 -4.92900909e-07  1.51038725e-07
146.091 -5.02908479e-07  1.88686340e-07
146.432 -5.45305484e-07  2.22625331e-07
146.773 -6.15158315e-07  2.20109936e-07
147.115 -6.82987150e-07  1.79620872e-07
147.456 -7.10419967e-07  1.05025990e-07
147.797 -6.89307326e-07  2.06165401e-08
148.139 -6.21029874e-07 -2.96724918e-08
148.480 -5.23077756e-07 -2.73092682e-08
148.821 -4.41794563e-07  3.14516973e-08
149.163 -4.07657891e-07  1.38182549e-07
149.504 -4.32446886e-07  2.49200456e-07
149.845 -5.19483180e-07  3.23514503e-07
150.187 -6.34369577e-07  3.40003162e-07
150.528 -7.30304723e-07  2.82627221e-07
150.869 -7.77546540e-07  1.71016628e-07
151.211 -7.47870989e-07  5.16781502e-08
151.552 -6.41728809e-07 -3.93206033e-08
151.893 -4.97341522e-07 -6.38518846e-08
152.235 -3.51761250e-07 -1.43185039e-09
152.576 -2.47490586e-07  1.25478458e-07
152.917 -2.23091709e-07  2.85498724e-07
153.259 -2.76262818e-07  4.39307172e-07
153.600 -3.87341180e-07  5.37738152e-07
153.941 -5.28180227e-07  5.63782674e-07
154.283 -6.49937189e-07  5.23231189e-07
154.624 -7.22749978e-07  4.28809143e-07
154.965 -7.41498127e-07  3.19587372e-07
155.307 -7.04869369e-07  2.30128223e-07
155.648 -6.37281311e-07  1.70984744e-07
155.989 -5.71259695e-07  1.51783312e-07
156.331 -5.17535634e-07  1.62021181e-07
156.672 -4.86698476e-07  1.73917933e-07
157.013 -4.77320771e-07  1.78291813e-07
157.355 -4.65370289e-07  1.68370603e-07
157.696 -4.41168264e-07  1.41693418e-07
158.037 -4.02390938e-07  1.20735396e-07
158.379 -3.45869641e-07  1.19753059e-07
158.720 -2.93671368e-07  1.40018147e-07
159.061 -2.68130881e-07  1.85688139e-07
159.403 -2.74723445e-07  2.36922195e-07
159.744 -3.21395439e-07  2.63105533e-07
160.085 -3.94951941e-07  2.50376321e-07
160.427 -4.60411314e-07  1.83604641e-07
160.768 -4.94597856e-07  6.36288096e-08
161.109 -4.73579412e-07 -7.80223464e-08
161.451 -3.81536639e-07 -2.12817971e-07
161.792 -2.37468348e-07 -3.10706602e-07
162.133 -6.76616025e-08 -3.39757557e-07
162.475  9.85541455e-08 -3.00500191e-07
162.816  2.19606935e-07 -2.09653284e-07
163.157  2.77692140e-07 -8.80956142e-08
163.499  2.76573347e-07  2.28196210e-08
163.840  2.23966267e-07  9.25261728e-08
164.181  1.51945269e-07  1.13170885e-07
164.523  9.59470150e-08  7.93380107e-08
164.864  7.12608983e-08  8.63315348e-09
165.205  9.27876592e-08 -6.55910969e-08
165.547  1.58419096e-07 -1.24892266e-07
165.888  2.41871407e-07 -1.49574090e-07
166.229  3.25089750e-07 -1.27889653e-07
166.571  3.88233326e-07 -7.56555954e-08
166.912  4.09382647e-07 -7.53600250e-09
167.253  3.92322975e-07  6.07205829e-08
167.595  3.46022728e-07  1.02239989e-07
167.936  2.78625446e-07  1.09326465e-07
168.277  2.15596766e-07  8.40491045e-08
168.619  1.72874223e-07  2.48290564e-08
168.960  1.54352673e-07 -5.05135909e-08
169.301  1.70768738e-07 -1.22954406e-07
169.643  2.16019768e-07 -1.85395563e-07
169.984  2.73272749e-07 -2.21072695e-07
170.325  3.35595968e-07 -2.23388874e-07
170.667  3.84777445e-07 -2.03012994e-07
171.008  4.03384502e-07 -1.64103166e-07
171.349  3.93654289e-07 -1.22131561e-07
171.691  3.55320044e-07 -1.02241355e-07
172.032  2.97795510e-07 -1.12172072e-07
172.373  2.49883185e-07 -1.58453341e-07
172.715  2.29742165e-07 -2.40985385e-07
173.056  2.51987646e-07 -3.32766116e-07
173.397  3.28925337e-07 -4.06830376e-07
173.739  4.42095076e-07 -4.39422612e-07
174.080  5.60237566e-07 -4.03331160e-07
174.421  6.51591996e-07 -3.01001133e-07
174.763  6.73620412e-07 -1.60353331e-07
175.104  6.06463468e-07 -1.68753518e-08
175.445  4.65283978e-07  7.42238847e-08
175.787  2.81995282e-07  6.71239943e-08
176.128  1.18197548e-07 -4.57775134e-08
176.469  4.50646926e-08 -2.46493970e-07
176.811  1.01291359e-07 -4.77768269e-07
177.152  2.94783692e-07 -6.49905833e-07
177.493  5.87377168e-07 -6.89546145e-07
177.835  8.85056357e-07 -5.51960671e-07
178.176  1.08439001e-06 -2.39130982e-07
178.517  1.09840642e-06  1.72078487e-07
178.859  8.78065466e-07  5.63651013e-07
179.200  4.58242070e-07  8.11370071e-07
179.541 -5.35897512e-08  8.08684516e-07
179.883 -5.13309905e-07  5.26882286e-07
180.224 -7.63292839e-07  3.30705788e-08
180.565 -6.99895213e-07 -5.36555804e-07
180.907 -3.22808607e-07 -9.93920604e-07
181.248  2.72351752e-07 -1.16407777e-06
181.589  8.98887538e-07 -9.61910804e-07
181.931  1.33003635e-06 -4.11493202e-07
182.272  1.39277892e-06  3.40124667e-07
182.613  1.01658535e-06  1.04838756e-06
182.955  2.70229216e-07  1.46670963e-06
183.296 -6.28621999e-07  1.42088519e-06
183.637 -1.39212311e-06  8.69774724e-07
183.979 -1.75198863e-06 -4.46524618e-08
184.320 -1.54011437e-06 -1.04088180e-06
184.661 -7.78616220e-07 -1.78692797e-06
185.003  3.13645212e-07 -1.99160336e-06
185.344  1.39013722e-06 -1.52713597e-06
185.685  2.06440842e-06 -4.93920499e-07
186.027  2.05081688e-06  8.09219103e-07
186.368  1.28626115e-06  1.95180305e-06
186.709 -4.48130419e-08  2.51003497e-06
187.051 -1.53807947e-06  2.23347978e-06
187.392 -2.68103732e-06  1.13237692e-06
187.733 -3.04213144e-06 -4.95615067e-07
188.075 -2.41700164e-06 -2.12593637e-06
188.416 -9.18349511e-07 -3.18795036e-06
188.757  1.01277351e-06 -3.25426973e-06
189.099  2.74468007e-06 -2.19244612e-06
189.440  3.65976334e-06 -2.60210042e-07
189.781  3.35454150e-06  1.95596175e-06
190.123  1.81858670e-06  3.72463528e-06
190.464 -5.25527415e-07  4.39204737e-06
190.805 -2.94565314e-06  3.62961515e-06
191.147 -4.60955260e-06  1.58625764e-06
191.488 -4.87090159e-06 -1.13923605e-06
191.829 -3.52649071e-06 -3.65368802e-06
192.171 -9.08306793e-07 -5.05158727e-06
192.512  2.17869423e-06 -4.74951711e-06
192.853  4.68521851e-06 -2.70381978e-06
193.195  5.68319043e-06  5.28402162e-07
193.536  4.69262964e-06  3.91548332e-06
193.877  1.87925153e-06  6.28861069e-06
194.219 -1.92947808e-06  6.73855799e-06
194.560 -5.48962323e-06  4.94108474e-06
194.901 -7.54842852e-06  1.33726347e-06
195.243 -7.26410803e-06 -2.96155931e-06
195.584 -4.54775111e-06 -6.52136247e-06
195.925 -1.59520789e-07 -8.04330295e-06
196.267  4.50689839e-06 -6.83610757e-06
196.608  7.84722765e-06 -3.11749929e-06
196.949  8.59079425e-06  2.00918700e-06
197.291  6.28763443e-06  6.86372158e-06
197.632  1.51285308e-06  9.72458023e-06
197.973 -4.25549920e-06  9.44709386e-06
198.315 -9.07193260e-06  5.89649923e-06
198.656 -1.11874958e-05  6.38868820e-08
198.997 -9.67260127e-06 -6.18084211e-06
199.339 -4.78930669e-06 -1.06934739e-05
199.680  1.99773143e-06 -1.17904806e-05
200.021  8.45632134e-06 -8.85453253e-06
200.363  1.23258799e-05 -2.63951446e-06
200.704  1.20898217e-05  4.89877036e-06
201.045  7.56650599e-06  1.12221387e-05
201.387  7.02667399e-08  1.40451702e-05
201.728 -7.96830770e-06  1.21552493e-05
202.069 -1.37711547e-05  5.92180274e-06
202.411 -1.51596007e-05 -2.74790174e-06
202.752 -1.13743291e-05 -1.09757352e-05
203.093 -3.41870048e-06 -1.58500213e-05
203.435  6.18664829e-06 -1.54630148e-05
203.776  1.41794680e-05 -9.63603828e-06
204.117  1.76707890e-05 -7.77932184e-08
204.459  1.51825761e-05  1.00849932e-05
204.800  7.23601069e-06  1.73305574e-05
205.141 -3.69894104e-06  1.89635002e-05
205.483 -1.39605131e-05  1.40924077e-05
205.824 -1.99265419e-05  4.05675960e-06
206.165 -1.92728232e-05 -7.91310677e-06
206.507 -1.18659189e-05 -1.77423188e-05
206.848  5.92252649e-08 -2.18841663e-05
207.189  1.25737849e-05 -1.85916973e-05
207.531  2.13388032e-05 -8.64184056e-06
207.872  2.30988482e-05  4.82025525e-06
208.213  1.68976757e-05  1.72650645e-05
208.555  4.52084296e-06  2.42862100e-05
208.896 -1.00030357e-05  2.31695547e-05
209.237 -2.16923644e-05  1.39265449e-05
209.579 -2.63281210e-05 -5.92366243e-07
209.920 -2.19765345e-05 -1.55506717e-05
210.261 -9.75780605e-06 -2.57387865e-05
210.603  6.39764909e-06 -2.73986783e-05
210.944  2.10042953e-05 -1.95927221e-05
211.285  2.88971304e-05 -4.66232041e-06
211.627  2.70475569e-05  1.24474101e-05
211.968  1.57175248e-05  2.58342494e-05
212.309 -1.48484800e-06  3.06667876e-05
212.651 -1.87552426e-05  2.49203599e-05
212.992 -3.00465658e-05  1.02152056e-05
213.333 -3.11755908e-05 -8.62426593e-06
213.675 -2.13805427e-05 -2.51509209e-05
214.016 -3.71038342e-06 -3.34892264e-05
214.357  1.59212733e-05 -3.04361756e-05
214.699  3.07015411e-05 -1.66847487e-05
215.040  3.52928499e-05  3.30025700e-06
215.381  2.77698607e-05  2.27144048e-05
215.723  1.03934541e-05  3.47336459e-05
216.064 -1.10432782e-05  3.49296928e-05
216.405 -2.91398450e-05  2.28896847e-05
216.747 -3.74617824e-05  2.48549939e-06
217.088 -3.28251673e-05 -1.93533292e-05
217.429 -1.65071322e-05 -3.50088208e-05
217.771  6.06648623e-06 -3.88348573e-05
218.112  2.71341680e-05 -2.91900845e-05
218.453  3.92752169e-05 -9.13515193e-06
218.795  3.80204578e-05  1.45354622e-05
219.136  2.35120572e-05  3.36061829e-05
219.477  5.59847584e-07  4.12889164e-05
219.819 -2.29626498e-05  3.46574633e-05
220.160 -3.88155046e-05  1.57680030e-05
220.501 -4.12945449e-05 -8.97836029e-06
220.843 -2.93046541e-05 -3.09982449e-05
221.184 -6.81849320e-06 -4.25108593e-05
221.525  1.84300199e-05 -3.93129928e-05
221.867  3.76034439e-05 -2.23124366e-05
222.208  4.38789214e-05  2.71113127e-06
222.549  3.48824898e-05  2.70605380e-05
222.891  1.35851528e-05  4.21652262e-05
223.232 -1.26602684e-05  4.26115077e-05
223.573 -3.46720297e-05  2.80851597e-05
223.915 -4.46703341e-05  3.55638296e-06
224.256 -3.90309315e-05 -2.24239075e-05
224.597 -1.96196783e-05 -4.07243533e-05
224.939  6.81474703e-06 -4.48463108e-05
225.280  3.10037183e-05 -3.32519582e-05
225.621  4.44119039e-05 -9.95397486e-06
225.963  4.22657086e-05  1.68848131e-05
226.304  2.52786528e-05  3.78151653e-05
226.645 -5.88825034e-07  4.54398624e-05
226.987 -2.62233429e-05  3.70596902e-05
227.328 -4.25733095e-05  1.56359006e-05
227.669 -4.38763845e-05 -1.12554444e-05
228.011 -2.97064004e-05 -3.40970699e-05
228.352 -5.11521368e-06 -4.48233517e-05
228.693  2.11553264e-05 -3.96899180e-05
229.035  3.97959737e-05 -2.05850766e-05
229.376  4.42539965e-05  5.64698539e-06
229.717  3.30435195e-05  2.96623925e-05
230.059  1.02584429e-05  4.29720165e-05
230.400 -1.59131624e-05  4.09527597e-05
230.741 -3.61524991e-05  2.44740396e-05
231.083 -4.33392585e-05 -4.43386400e-07
231.424 -3.50747949e-05 -2.48364248e-05
231.765 -1.45095121e-05 -4.00313376e-05
232.107  1.08523830e-05 -4.07385526e-05
232.448  3.18942657e-05 -2.69246737e-05
232.789  4.11661459e-05 -3.75592061e-06
233.131  3.55507738e-05  2.03326795e-05
233.472  1.73253362e-05  3.67029414e-05
233.813 -6.74893219e-06  3.96339189e-05
234.155 -2.79219460e-05  2.83448803e-05
234.496 -3.86474855e-05  7.18326868e-06
234.837 -3.53001724e-05 -1.60263112e-05
235.179 -1.94046557e-05 -3.28728732e-05
235.520  3.01016942e-06 -3.74314202e-05
235.861  2.36791704e-05 -2.83555741e-05
236.203  3.51644105e-05 -9.27234960e-06
236.544  3.35415004e-05  1.26314002e-05
236.885  1.97482702e-05  2.93190491e-05
237.227 -8.53610560e-07  3.48607187e-05
237.568 -2.05504257e-05  2.75458090e-05
237.909 -3.21674204e-05  1.04232839e-05
238.251 -3.16814198e-05 -9.93546847e-06
238.592 -1.96346364e-05 -2.59538859e-05
238.933 -8.24381807e-07 -3.18612262e-05
239.275  1.75922318e-05 -2.57869070e-05
239.616  2.88047132e-05 -1.03633263e-05
239.957  2.88721955e-05  8.38168000e-06
240.299  1.81304340e-05  2.33554615e-05
240.640  9.44890227e-07  2.90739820e-05
240.981 -1.60302286e-05  2.36892453e-05
241.323 -2.64028105e-05  9.58392281e-06
241.664 -2.64583028e-05 -7.63972285e-06
242.005 -1.64955811e-05 -2.13473126e-05
242.347 -6.05874757e-07 -2.64228407e-05
242.688  1.49628081e-05 -2.11819856e-05
243.029  2.42438836e-05 -7.92348183e-06
243.371  2.38371845e-05  8.03026595e-06
243.712  1.41469555e-05  2.04395128e-05
244.053 -8.45567018e-07  2.45785003e-05
244.395 -1.51810231e-05  1.90200035e-05
244.736 -2.32754982e-05  6.12939698e-06
245.077 -2.20736212e-05 -8.90533362e-06
245.419 -1.21944395e-05 -2.01443358e-05
245.760  2.34701212e-06 -2.32183513e-05
246.101  1.57556100e-05 -1.70076431e-05
246.443  2.27434954e-05 -4.05907744e-06
246.784  2.05859559e-05  1.04461879e-05
247.125  1.01827320e-05  2.07496485e-05
247.467 -4.31205844e-06  2.27672698e-05
247.808 -1.71431790e-05  1.56944933e-05
248.149 -2.32087703e-05  2.32312887e-06
248.491 -2.00672734e-05 -1.20682900e-05
248.832 -8.91100770e-06 -2.17790812e-05
249.173  5.90307084e-06 -2.29219891e-05
249.515  1.85492233e-05 -1.49698399e-05
249.856  2.40040357e-05 -9.72388752e-07
250.197  2.00340085e-05  1.36190483e-05
250.539  8.08760173e-06  2.30588006e-05
250.880 -7.24771225e-06  2.35629776e-05
251.221 -1.99982048e-05  1.48072074e-05
251.563 -2.51279851e-05  7.68656304e-08
251.904 -2.05167006e-05 -1.49657471e-05
252.245 -7.80398525e-06 -2.44603076e-05
252.587  8.19895714e-06 -2.46317725e-05
252.928  2.13358142e-05 -1.52661768e-05
253.269  2.64841579e-05  1.63960287e-07
253.611  2.15373129e-05  1.57922021e-05
253.952  8.24770969e-06  2.56055085e-05
254.293 -8.39547728e-06  2.57525625e-05
254.635 -2.20589195e-05  1.60393100e-05
254.976 -2.74807320e-05  5.15427923e-08
255.317 -2.24850189e-05 -1.61876170e-05
255.659 -8.85141039e-06 -2.65023600e-05
256.000  8.33195288e-06 -2.69072852e-05
256.341  2.25892929e-05 -1.71492953e-05
256.683  2.84985691e-05 -8.33398373e-07
257.024  2.37591442e-05  1.59326438e-05
257.365  1.00881923e-05  2.68311549e-05
257.707 -7.42210702e-06  2.77226858e-05
258.048 -2.22121397e-05  1.82286367e-05
258.389 -2.87203681e-05  1.87485171e-06
258.731 -2.44926606e-05 -1.52308107e-05
259.072 -1.11025060e-05 -2.66867307e-05
259.413  6.44670925e-06 -2.82153505e-05
259.755  2.15951027e-05 -1.92659058e-05
260.096  2.86996875e-05 -3.20376695e-06
260.437  2.51507860e-05  1.39547177e-05
260.779  1.23256736e-05  2.58122192e-05
261.120 -4.94132713e-06  2.79958282e-05
261.461 -2.01901266e-05  1.97694581e-05
261.803 -2.77745283e-05  4.28553584e-06
262.144 -2.49574331e-05 -1.26226571e-05
262.485 -1.29053643e-05 -2.46595876e-05
262.827  3.78151414e-06 -2.74199097e-05
263.168  1.88402162e-05 -2.00077960e-05
263.509  2.67058988e-05 -5.33635358e-06
263.851  2.45739239e-05  1.10224342e-05
264.192  1.34167687e-05  2.29639724e-05
264.533 -2.44404200e-06  2.61321058e-05
264.875 -1.70188218e-05  1.95267489e-05
265.216 -2.49108085e-05  5.81850212e-06
265.557 -2.33301131e-05 -9.73087535e-06
265.899 -1.30923096e-05 -2.12824284e-05
266.240  1.77316688e-06 -2.46213847e-05
266.581  1.55986733e-05 -1.87119727e-05
266.923  2.32395748e-05 -6.00502807e-06
267.264  2.20062568e-05  8.56270117e-06
267.605  1.26100311e-05  1.94783773e-05
267.947 -1.19159341e-06  2.27543805e-05
268.288 -1.40798225e-05  1.73904344e-05
268.629 -2.12324148e-05  5.66727472e-06
268.971 -2.01357421e-05 -7.79292486e-06
269.312 -1.14655541e-05 -1.78458404e-05
269.653  1.24807508e-06 -2.07968536e-05
269.995  1.30426356e-05 -1.57551358e-05
270.336  1.94618535e-05 -4.90031575e-06
270.677  1.82324918e-05  7.43220655e-06
271.019  1.00738197e-05  1.64801026e-05
271.360 -1.65539368e-06  1.88839189e-05
271.701 -1.23309938e-05  1.39352370e-05
272.043 -1.78749584e-05  3.78457846e-06
272.384 -1.63069779e-05 -7.47529874e-06
272.725 -8.46275578e-06 -1.54452738e-05
273.067  2.40998082e-06 -1.71235542e-05
273.408  1.19804849e-05 -1.20435702e-05
273.749  1.65378962e-05 -2.39042025e-06
274.091  1.44293868e-05  7.92446054e-06
274.432  6.66107660e-06  1.48234237e-05
274.773 -3.56562741e-06  1.56655661e-05
275.115 -1.21500487e-05  1.02593087e-05
275.456 -1.57203550e-05  8.78675199e-07
275.797 -1.29567604e-05 -8.67485927e-06
276.139 -5.06811878e-06 -1.45922290e-05
276.480  4.72638535e-06 -1.45707162e-05
276.821  1.24903711e-05 -8.69718885e-06
277.163  1.51456538e-05  6.22148241e-07
277.504  1.16796981e-05  9.63150540e-06
277.845  3.51770218e-06  1.47327906e-05
278.187 -6.05415607e-06  1.39124461e-05
278.528 -1.32066512e-05  7.51750440e-06
278.869 -1.50937502e-05 -1.88932698e-06
279.211 -1.09643729e-05 -1.05533297e-05
279.552 -2.45508450e-06 -1.50263950e-05
279.893  7.05795372e-06 -1.35205522e-05
280.235  1.38047956e-05 -6.61025529e-06
280.576  1.51033306e-05  2.98848986e-06
280.917  1.04105391e-05  1.14971729e-05
281.259  1.54586396e-06  1.55588126e-05
281.600 -8.02778456e-06  1.35483576e-05
281.941 -1.45622231e-05  6.22029314e-06
282.283 -1.54804504e-05 -3.58636503e-06
282.624 -1.03915777e-05 -1.20602616e-05
282.965 -1.24744252e-06 -1.58923100e-05
283.307  8.42255974e-06 -1.35675590e-05
283.648  1.48721439e-05 -5.96055464e-06
283.989  1.55899131e-05  4.01122727e-06
284.331  1.02795483e-05  1.25098111e-05
284.672  9.65729997e-07  1.62547358e-05
285.013 -8.78574411e-06  1.37967214e-05
285.355 -1.52342591e-05  6.06732587e-06
285.696 -1.59105676e-05 -3.98508126e-06
286.037 -1.05580798e-05 -1.25212570e-05
286.379 -1.21858990e-06 -1.62906932e-05
286.720  8.54723639e-06 -1.38731041e-05
287.061  1.50296757e-05 -6.20383071e-06
287.403  1.57894766e-05  3.78714692e-06
287.744  1.05690012e-05  1.23028889e-05
288.085  1.37991307e-06  1.61366092e-05
288.427 -8.27509355e-06  1.38757928e-05
288.768 -1.47530983e-05  6.42328602e-06
289.109 -1.56460265e-05 -3.36094371e-06
289.451 -1.06760644e-05 -1.17725128e-05
289.792 -1.78393487e-06 -1.56704253e-05
290.133  7.64030349e-06 -1.36505392e-05
290.475  1.40583620e-05 -6.56031999e-06
290.816  1.51126196e-05  2.85905870e-06
291.157  1.05038149e-05  1.10415828e-05
291.499  2.06790410e-06  1.49455066e-05
291.840 -6.96223622e-06  1.31949703e-05
292.181 -1.31932264e-05  6.56929982e-06
292.523 -1.43541803e-05 -2.34349395e-06
292.864 -1.01343156e-05 -1.01540650e-05
293.205 -2.24706170e-06 -1.39642756e-05
293.547  6.26014301e-06 -1.24558671e-05
293.888  1.21815033e-05 -6.34135075e-06
294.229  1.33743704e-05  1.95722984e-06
294.571  9.53513571e-06  9.25927629e-06
294.912  2.25910673e-06  1.28546628e-05
295.253 -5.60693804e-06  1.15136222e-05
295.595 -1.10827249e-05  5.90150172e-06
295.936 -1.21895602e-05 -1.72145822e-06
296.277 -8.66080313e-06 -8.40722533e-06
296.619 -1.99562315e-06 -1.16661934e-05
296.960  5.16506280e-06 -1.03898806e-05
297.301  1.00887082e-05 -5.23096110e-06
297.643  1.09886404e-05  1.69825376e-06
297.984  7.67416914e-06  7.68955284e-06
298.325  1.57753524e-06  1.04905563e-05
298.667 -4.85741806e-06  9.14851796e-06
299.008 -9.14731983e-06  4.34084222e-06
299.349 -9.71954948e-06 -1.94600917e-06
299.691 -6.49620645e-06 -7.22969563e-06
300.032 -8.72240283e-07 -9.49985784e-06
300.373  4.87971862e-06 -7.98758869e-06
300.715  8.51221559e-06 -3.42516099e-06
301.056  8.68018790e-06  2.29501145e-06
301.397  5.44241853e-06  6.88811728e-06
301.739  1.87300844e-07  8.58204829e-06
302.080 -4.94625295e-06  6.80413286e-06
302.421 -7.92647230e-06  2.36442747e-06
302.763 -7.63389139e-06 -2.89985511e-06
303.104 -4.27382261e-06 -6.86895108e-06
303.445  7.39921782e-07 -7.99290552e-06
303.787  5.36428048e-06 -5.88952767e-06
304.128  7.75631944e-06 -1.46490703e-06
304.469  7.00171731e-06  3.46367314e-06
304.811  3.45295660e-06  6.90963733e-06
305.152 -1.42528577e-06  7.51414317e-06
305.493 -5.65555718e-06  5.06838215e-06
305.835 -7.54835506e-06  5.85141139e-07
306.176 -6.36306572e-06 -4.11561221e-06
306.517 -2.59331975e-06 -7.14759608e-06
306.859  2.23465973e-06 -7.30329773e-06
307.200  6.18484647e-06 -4.52579639e-06
307.541  7.68041503e-06  6.86984834e-08
307.883  6.12146705e-06  4.64662336e-06
308.224  2.12605808e-06  7.38780693e-06
308.565 -2.72258657e-06  7.19769857e-06
308.907 -6.50868780e-06  4.14416909e-06
309.248 -7.73160777e-06 -5.72403833e-07
309.589 -5.89990883e-06 -5.10066273e-06
309.931 -1.72583364e-06 -7.65880731e-06
310.272  3.16373005e-06 -7.23406112e-06
310.613  6.85920074e-06 -3.98376539e-06
310.955  7.91176503e-06  8.35519961e-07
311.296  5.90469225e-06  5.35638982e-06
311.637  1.60726189e-06  7.82203416e-06
311.979 -3.32669438e-06  7.27531655e-06
312.320 -6.99340959e-06  3.92363400e-06
312.661 -7.98188446e-06 -9.48541694e-07
313.003 -5.91557975e-06 -5.47002826e-06
313.344 -1.58644692e-06 -7.90936586e-06
313.685  3.34695396e-06 -7.34163826e-06
314.027  7.00088754e-06 -3.99038220e-06
314.368  7.99382728e-06  8.59550943e-07
314.709  5.96224487e-06  5.35801044e-06
315.051  1.69347100e-06  7.80653406e-06
315.392 -3.17928507e-06  7.29667033e-06
315.733 -6.81366097e-06  4.04627414e-06
316.075 -7.85544373e-06 -6.88600659e-07
316.416 -5.94154691e-06 -5.10898085e-06
316.757 -1.83206461e-06 -7.56019932e-06
317.099  2.89777267e-06 -7.14857094e-06
317.440  6.46764398e-06 -4.07419279e-06
317.781  7.55914495e-06  4.64409661e-07
318.123  5.80972712e-06  4.74528239e-06
318.464  1.93264965e-06  7.17364079e-06
318.805 -2.58051268e-06  6.88200661e-06
319.147 -6.03123876e-06  4.04549386e-06
319.488 -7.15667013e-06 -2.15386193e-07
319.829 -5.60062168e-06 -4.27461499e-06
320.171 -2.01795139e-06 -6.62059940e-06
320.512  2.19734955e-06 -6.42885517e-06
320.853  5.45004032e-06 -3.84843137e-06
321.195  6.55617967e-06  8.43882082e-08
321.536  5.17445694e-06  3.85444174e-06
321.877  1.90349261e-06  6.05778881e-06
322.219 -1.96573589e-06  5.92818001e-06
322.560 -4.96156176e-06  3.59781832e-06
322.901 -5.99699968e-06  2.34853890e-08
323.243 -4.75915363e-06 -3.40263769e-06
323.584 -1.80379987e-06 -5.40097124e-06
323.925  1.68290783e-06 -5.27789252e-06
324.267  4.36466412e-06 -3.16759699e-06
324.608  5.26315191e-06  4.41538253e-08
324.949  4.11384607e-06  3.09263466e-06
325.291  1.44627735e-06  4.82877841e-06
325.632 -1.65469159e-06  4.64810022e-06
325.973 -3.98713665e-06  2.70762789e-06
326.315 -4.69067538e-06 -1.67497926e-07
326.656 -3.56953351e-06 -2.83202660e-06
326.997 -1.14161492e-06 -4.26725771e-06
327.339  1.59630341e-06 -3.97331665e-06
327.680  3.56703544e-06 -2.14546264e-06
328.021  4.03544709e-06  4.36265494e-07
328.363  2.88727797e-06  2.72883553e-06
328.704  6.43318794e-07  3.84154112e-06
329.045 -1.76620345e-06  3.38646999e-06
329.387 -3.37710395e-06  1.60751987e-06
329.728 -3.57969464e-06 -7.38712889e-07
330.069 -2.34511044e-06 -2.69241452e-06
330.411 -2.14478421e-07 -3.48352992e-06
330.752  1.92588807e-06 -2.83218458e-06
331.093  3.21112355e-06 -1.04042544e-06
331.435  3.14553174e-06  1.13684992e-06
331.776  1.78494574e-06  2.80567858e-06
332.117 -2.92775618e-07  3.29959249e-06
332.459 -2.22769373e-06  2.43561706e-06
332.800 -3.23476001e-06  5.81592800e-07
333.141 -2.91254717e-06 -1.49515465e-06
333.483 -1.39879508e-06 -2.94831525e-06
333.824  6.84124301e-07 -3.19025456e-06
334.165  2.48933600e-06 -2.12199821e-06
334.507  3.28641281e-06 -1.76890708e-07
334.848  2.74748035e-06  1.85963051e-06
335.189  1.08366404e-06  3.16805007e-06
335.531 -1.04144191e-06  3.21488902e-06
335.872 -2.78157448e-06  1.96990397e-06
336.213 -3.43700296e-06 -7.99571371e-08
336.555 -2.73429492e-06 -2.12965524e-06
336.896 -9.39566174e-07 -3.36798024e-06
337.237  1.25228226e-06 -3.29647198e-06
337.579  2.98620138e-06 -1.93230098e-06
337.920  3.57790392e-06  2.03392570e-07
338.261  2.78848071e-06  2.28741017e-06
338.603  9.14060364e-07  3.50851683e-06
338.944 -1.33086278e-06  3.38879207e-06
339.285 -3.08249302e-06  1.96731534e-06
339.627 -3.66576287e-06 -2.19914221e-07
339.968 -2.85527315e-06 -2.33958235e-06
340.309 -9.54279965e-07 -3.58351096e-06
340.651  1.31718106e-06 -3.48181659e-06
340.992  3.09807864e-06 -2.07371672e-06
341.333  3.72082831e-06  1.06764302e-07
341.675  2.95722575e-06  2.23345178e-06
342.016  1.10184009e-06  3.51020975e-06
342.357 -1.13875088e-06  3.46735657e-06
342.699 -2.92356565e-06  2.13289238e-06
343.040 -3.59410477e-06  2.24929098e-08
343.381 -2.91461190e-06 -2.06617666e-06
343.723 -1.16081278e-06 -3.35880183e-06
344.064  9.94722763e-07 -3.38810462e-06
344.405  2.74603346e-06 -2.16883630e-06
344.747  3.45144511e-06 -1.82963025e-07
345.088  2.87357845e-06  1.81669899e-06
345.429  1.26199977e-06  3.08830585e-06
345.771 -7.58763248e-07  3.17881276e-06
346.112 -2.42826895e-06  2.09127008e-06
346.453 -3.13606818e-06  2.64910785e-07
346.795 -2.65234465e-06 -1.59996467e-06
347.136 -1.19772845e-06 -2.80722262e-06
347.477  6.54454710e-07 -2.93203626e-06
347.819  2.19813091e-06 -1.96885595e-06
348.160  2.86915741e-06 -3.15824517e-07
348.501  2.45251652e-06  1.38177774e-06
348.843  1.14523845e-06  2.48608613e-06
349.184 -5.26523156e-07  2.60934560e-06
349.525 -1.91848746e-06  1.74432523e-06
349.867 -2.52081861e-06  2.57105243e-07
350.208 -2.13943950e-06 -1.26330836e-06
350.549 -9.59123480e-07 -2.24273465e-06
350.891  5.36773665e-07 -2.33401742e-06
351.232  1.76789610e-06 -1.53892612e-06
351.573  2.27877274e-06 -1.99776579e-07
351.915  1.90378466e-06  1.14980496e-06
352.256  8.25386256e-07  1.99612894e-06
352.597 -5.12866581e-07  2.03548164e-06
352.939 -1.58920332e-06  1.28792890e-06
353.280 -2.00040676e-06  7.59125312e-08
353.621 -1.61618686e-06 -1.11643615e-06
353.963 -6.20354366e-07 -1.82973672e-06
354.304  5.78513477e-07 -1.80718795e-06
354.645  1.50868266e-06 -1.08990611e-06
354.987  1.81915644e-06  1.69348863e-08
355.328  1.41662747e-06  1.06979326e-06
355.669  4.86273840e-07  1.66065943e-06
356.011 -5.90800218e-07  1.58046673e-06
356.352 -1.38799497e-06  8.89254025e-07
356.693 -1.60694974e-06 -1.20035885e-07
357.035 -1.18810025e-06 -1.03846669e-06
357.376 -3.20285268e-07 -1.50960938e-06
357.717  6.36418909e-07 -1.36886702e-06
358.059  1.30032619e-06 -6.95022270e-07
358.400  1.42311799e-06  2.24768620e-07
358.741  9.76785482e-07  1.01501410e-06
359.083  1.59759099e-07  1.36910740e-06
359.424 -6.86338112e-07  1.16317963e-06
359.765 -1.22354959e-06  4.99528464e-07
360.107 -1.24868888e-06 -3.36305549e-07
360.448 -7.68174151e-07 -1.00114621e-06
360.789  4.47649361e-09 -1.23240579e-06
361.131  7.44465718e-07 -9.47129889e-07
361.472  1.15106179e-06 -2.77099727e-07
361.813  1.06299470e-06  4.91381647e-07
362.155  5.26127091e-07  1.04055665e-06
362.496 -2.28148626e-07  1.14488875e-06
362.837 -8.85263741e-07  7.64725310e-07
363.179 -1.17139477e-06  6.35787429e-08
363.520 -9.65578118e-07 -6.66340137e-07
363.861 -3.53603948e-07 -1.12040056e-06
364.203  4.12960708e-07 -1.10401511e-06
364.544  1.01773104e-06 -6.18547457e-07
364.885  1.20389133e-06  1.42507999e-07
365.227  8.85405537e-07  8.71860077e-07
365.568  1.81649205e-07  1.26614567e-06
365.909 -6.31718780e-07  1.15385643e-06
366.251 -1.22527527e-06  5.66893098e-07
366.592 -1.35033558e-06 -2.74096383e-07
366.933 -9.42710165e-07 -1.03888837e-06
367.275 -1.45659502e-07 -1.41756549e-06
367.616  7.38775374e-07 -1.24843963e-06
367.957  1.36352132e-06 -5.78814791e-07
368.299  1.47747603e-06  3.47810137e-07
368.640  1.02061340e-06  1.17852791e-06
368.981  1.49744713e-07  1.59173156e-06
369.323 -8.12354668e-07  1.41912637e-06
369.664 -1.50297022e-06  7.09241387e-07
370.005 -1.65722436e-06 -2.81685433e-07
370.347 -1.20454250e-06 -1.18731963e-06
370.688 -3.02994062e-07 -1.67085612e-06
371.029  7.18689136e-07 -1.54568298e-06
371.371  1.48745787e-06 -8.50114731e-07
371.712  1.71875413e-06  1.63962605e-07
372.053  1.32382460e-06  1.12978161e-06
372.395  4.46526416e-07  1.69658849e-06
372.736 -5.96159804e-07  1.65771008e-06
373.077 -1.42880377e-06  1.03110701e-06
373.419 -1.75191594e-06  4.60263553e-08
373.760 -1.45631166e-06 -9.42837778e-07
374.101 -6.57080664e-07 -1.58092059e-06
374.443  3.54283587e-07 -1.64782018e-06
374.784  1.21287292e-06 -1.13373927e-06
375.125  1.61773601e-06 -2.33951170e-07
375.467  1.44062674e-06  7.21073486e-07
375.808  7.61863926e-07  1.39022110e-06
376.149 -1.60489740e-07  1.54885186e-06
376.491 -9.88676369e-07  1.16010081e-06
376.832 -1.43512789e-06  3.83877550e-07
377.173 -1.35931874e-06 -4.85259463e-07
377.515 -8.12463082e-07 -1.13577003e-06
377.856 -1.54470413e-08 -1.34932601e-06
378.197  7.34276155e-07 -1.07322154e-06
378.539  1.17352137e-06 -4.37135162e-07
378.880  1.16318631e-06  3.07145930e-07
379.221  7.38041681e-07  8.85711647e-07
379.563  8.28320442e-08  1.09882039e-06
379.904 -5.47852086e-07  8.94767001e-07
380.245 -9.22319649e-07  3.81358782e-07
380.587 -9.19339245e-07 -2.28508023e-07
380.928 -5.70272276e-07 -6.98002880e-07
381.269 -3.29649428e-08 -8.57417970e-07
381.611  4.72233596e-07 -6.69745014e-07
381.952  7.48248334e-07 -2.32662642e-07
382.293  7.01883703e-07  2.65079855e-07
382.635  3.71513483e-07  6.17462560e-07
382.976 -9.49051961e-08  6.88303918e-07
383.317 -4.97127702e-07  4.60757387e-07
383.659 -6.68328353e-07  3.68863002e-08
384.000 -5.41498157e-07 -4.00442227e-07
384.341 -1.69647596e-07 -6.64914882e-07
384.683  2.91766494e-07 -6.44394869e-07
385.024  6.47925975e-07 -3.40125770e-07
385.365  7.47088439e-07  1.29900108e-07
385.707  5.36297546e-07  5.74827265e-07
386.048  8.52910909e-08  8.11033201e-07
386.389 -4.34336586e-07  7.30572611e-07
386.731 -8.19141700e-07  3.44195169e-07
387.072 -9.09540693e-07 -2.13992179e-07
387.413 -6.49015196e-07 -7.38592314e-07
387.755 -1.14770674e-07 -1.02858351e-06
388.096  5.09340824e-07 -9.57813132e-07
388.437  9.99656634e-07 -5.29529840e-07
388.779  1.16739672e-06  1.20693876e-07
389.120  9.31805279e-07  7.73693513e-07
389.461  3.54706149e-07  1.19663412e-06
389.803 -3.81894692e-07  1.22626191e-06
390.144 -1.03107131e-06  8.32261178e-07
390.485 -1.36317251e-06  1.26566646e-07
390.827 -1.25022264e-06 -6.68003155e-07
391.168 -7.07791707e-07 -1.28637527e-06
391.509  1.05805867e-07 -1.51444359e-06
391.851  9.32707409e-07 -1.25875086e-06
392.192  1.50235890e-06 -5.78509914e-07
392.533  1.61861137e-06  3.23259655e-07
392.875  1.22112064e-06  1.16450586e-06
393.216  4.14545237e-07  1.67377546e-06
393.557 -5.60872883e-07  1.67155442e-06
393.899 -1.40446118e-06  1.13454646e-06
394.240 -1.84193484e-06  2.09475328e-07
394.581 -1.71466977e-06 -8.31628764e-07
394.923 -1.03690549e-06 -1.66646799e-06
395.264  7.05316139e-09 -2.02058512e-06
395.605  1.10923365e-06 -1.75945749e-06
395.947  1.92516965e-06 -9.31653291e-07
396.288  2.18436412e-06  2.36037450e-07
396.629  1.77424512e-06  1.39503308e-06
396.971  7.82505793e-07  2.18168816e-06
397.312 -5.12795950e-07  2.32766902e-06
397.653 -1.72243194e-06  1.74584263e-06
397.995 -2.46110637e-06  5.74911917e-07
398.336 -2.46345959e-06 -8.51454558e-07
398.677 -1.68084339e-06 -2.09912080e-06
399.019 -3.11931441e-07 -2.75795871e-06
399.360  1.24706014e-06 -2.57716563e-06
