0.328  4.45278645e-03 -7.05252090e-04
0.657  2.55640454e-03  6.47143885e-04
0.985  1.36760660e-03  1.25774062e-03
1.314  3.70290745e-04  1.38000237e-03
1.642 -3.28400197e-04  1.11682334e-03
1.971 -7.37526271e-04  6.34748147e-04
2.299 -7.99119422e-04  9.48961045e-05
2.628 -6.30165318e-04 -3.57651211e-04
2.956 -2.85153048e-04 -5.79837731e-04
3.285  7.62463789e-05 -5.82906276e-04
3.613  3.61899677e-04 -3.81725506e-04
3.941  4.70001059e-04 -6.89787236e-05
4.270  4.03680166e-04  2.00423896e-04
4.598  2.06010748e-04  3.48998763e-04
4.927 -4.39073440e-05  3.57504056e-04
5.255 -2.42782266e-04  2.45289646e-04
5.584 -3.29559908e-04  5.85569681e-05
5.912 -2.81572207e-04 -1.26146286e-04
6.241 -1.32216384e-04 -2.47713975e-04
6.569  4.13687539e-05 -2.70008566e-04
6.898  1.79975635e-04 -1.96722761e-04
7.226  2.41496271e-04 -4.86375206e-05
7.554  2.09501863e-04  1.03245060e-04
7.883  1.01364618e-04  2.05636511e-04
8.211 -3.22293950e-05  2.25454006e-04
8.540 -1.45109906e-04  1.54701235e-04
8.868 -1.95647494e-04  3.25113262e-05
9.197 -1.71295550e-04 -9.37486279e-05
9.525 -8.47188722e-05 -1.76386420e-04
9.854  2.14333187e-05 -1.82551345e-04
10.182  1.14195071e-04 -1.25321420e-04
10.510  1.61798272e-04 -2.94151731e-05
10.839  1.42558700e-04  6.75121818e-05
11.167  6.82703453e-05  1.31074537e-04
11.496 -2.83688449e-05  1.41622710e-04
11.824 -1.10247464e-04  9.69398267e-05
12.153 -1.46611012e-04  1.72966722e-05
12.481 -1.27919117e-04 -6.35207740e-05
12.810 -6.63097490e-05 -1.15297614e-04
13.138  1.20725944e-05 -1.21817168e-04
13.467  7.75458900e-05 -8.40379997e-05
13.795  1.07853599e-04 -1.69779443e-05
14.123  9.38804909e-05  5.49392755e-05
14.452  4.50512578e-05  1.04827917e-04
14.780 -1.88193301e-05  1.14573673e-04
15.109 -7.31607922e-05  8.15070839e-05
15.437 -9.69657629e-05  2.15045405e-05
15.766 -8.13295211e-05 -4.01203461e-05
16.094 -3.42958487e-05 -7.83890724e-05
16.423  2.54711578e-05 -8.03704402e-05
16.751  7.39051683e-05 -4.86892774e-05
17.080  9.34146581e-05  2.59887506e-06
17.408  7.76407515e-05  5.41510528e-05
17.736  3.29215615e-05  8.65674474e-05
18.065 -2.32303951e-05  8.84162652e-05
18.393 -6.91662398e-05  6.02682614e-05
18.722 -8.82180157e-05  1.34218514e-05
19.050 -7.52157375e-05 -3.37360793e-05
19.379 -3.67077565e-05 -6.42368924e-05
19.707  1.15560654e-05 -6.73330429e-05
20.036  5.02221085e-05 -4.19048169e-05
20.364  6.48389880e-05  1.09133885e-06
20.693  5.14311393e-05  4.37084254e-05
21.021  1.67616750e-05  6.91091996e-05
21.349 -2.43982642e-05  6.90877938e-05
21.678 -5.58450165e-05  4.54162947e-05
22.006 -6.68571265e-05  8.69779517e-06
22.335 -5.40401628e-05 -2.64075823e-05
22.663 -2.27779261e-05 -4.72398530e-05
22.992  1.46560103e-05 -4.63388348e-05
23.320  4.44174367e-05 -2.43152670e-05
23.649  5.54160949e-05  9.68430025e-06
23.977  4.38216252e-05  4.19885075e-05
24.306  1.52673575e-05  6.00686867e-05
24.634 -1.78446253e-05  5.73683441e-05
24.962 -4.21832207e-05  3.57341088e-05
25.291 -4.85577688e-05  3.72484343e-06
25.619 -3.52909940e-05 -2.63955866e-05
25.948 -8.23463409e-06 -4.33634528e-05
26.276  2.21861956e-05 -4.15315232e-05
26.605  4.45400667e-05 -2.28075622e-05
26.933  5.06645924e-05  4.88373132e-06
27.262  3.86040823e-05  3.02957976e-05
27.590  1.33065123e-05  4.33381516e-05
27.918 -1.53023990e-05  3.91082536e-05
28.247 -3.62410398e-05  1.94412619e-05
28.575 -4.20989586e-05 -7.88169282e-06
28.904 -3.13297061e-05 -3.22306109e-05
29.232 -8.76798919e-06 -4.43733741e-05
29.561  1.61235082e-05 -4.00872111e-05
29.889  3.36571855e-05 -2.15925419e-05
30.218  3.73412298e-05  3.54631020e-06
30.546  2.62050501e-05  2.55988323e-05
30.875  5.03975242e-06  3.65451136e-05
31.203 -1.77691045e-05  3.26954720e-05
31.531 -3.35941321e-05  1.61241241e-05
31.860 -3.67466486e-05 -6.20019744e-06
32.188 -2.66972472e-05 -2.56845973e-05
32.517 -7.98489067e-06 -3.51729086e-05
32.845  1.18038806e-05 -3.16264086e-05
33.174  2.49759218e-05 -1.73050709e-05
33.502  2.65984990e-05  1.64102967e-06
33.831  1.64588835e-05  1.76237036e-05
34.159 -1.17566616e-06  2.43330053e-05
34.488 -1.93671551e-05  1.93081451e-05
34.816 -3.10208729e-05  4.70909250e-06
35.144 -3.17353360e-05 -1.38058242e-05
35.473 -2.14779743e-05 -2.90751061e-05
35.801 -4.39016408e-06 -3.53202044e-05
36.130  1.27727972e-05 -3.04826645e-05
36.458  2.33684028e-05 -1.67360733e-05
36.787  2.36392698e-05  3.78370326e-07
37.115  1.38653193e-05  1.41665905e-05
37.444 -1.94057348e-06  1.95985166e-05
37.772 -1.75346371e-05  1.49935600e-05
38.101 -2.70029944e-05  2.48244902e-06
38.429 -2.69259647e-05 -1.27215123e-05
38.757 -1.75143957e-05 -2.45649708e-05
39.086 -2.58400737e-06 -2.85114913e-05
39.414  1.20550320e-05 -2.30521249e-05
39.743  2.09728368e-05 -1.03998347e-05
40.071  2.10719050e-05  4.47638310e-06
40.400  1.27742912e-05  1.60526528e-05
40.728 -2.45557315e-07  2.02088419e-05
41.057 -1.27365971e-05  1.57579034e-05
41.385 -1.98479782e-05  4.92944904e-06
41.714 -1.89733778e-05 -7.78957388e-06
42.042 -1.07983324e-05 -1.74416217e-05
42.370  1.27067424e-06 -2.03819228e-05
42.699  1.25229107e-05 -1.57353121e-05
43.027  1.86183280e-05 -5.58329204e-06
43.356  1.73709321e-05  5.98650456e-06
43.684  9.50962929e-06  1.43836117e-05
44.013 -1.82923866e-06  1.63964192e-05
44.341 -1.22214237e-05  1.14325096e-05
44.670 -1.76990481e-05  1.54960567e-06
44.998 -1.64026392e-05 -9.29390822e-06
45.326 -9.11014452e-06 -1.68227672e-05
45.655  1.12718506e-06 -1.82562930e-05
45.983  1.01624838e-05 -1.31956851e-05
46.312  1.45190423e-05 -3.67363578e-06
46.640  1.26369087e-05  6.56217896e-06
46.969  5.35398891e-06  1.36404442e-05
47.297 -4.34706139e-06  1.50361113e-05
47.626 -1.26359861e-05  1.03722179e-05
47.954 -1.63759933e-05  1.61966300e-06
48.283 -1.41623532e-05 -7.74254794e-06
48.611 -6.90552518e-06 -1.41938146e-05
48.939  2.55284301e-06 -1.54042001e-05
49.268  1.07241774e-05 -1.11386843e-05
49.596  1.47318376e-05 -3.34192889e-06
49.925  1.33685902e-05  4.82520063e-06
50.253  7.60982450e-06  1.01889596e-05
50.582  4.99754061e-08  1.07295193e-05
50.910 -6.15320978e-06  6.44649649e-06
51.239 -8.41561438e-06 -7.90443381e-07
51.567 -5.81912030e-06 -8.07647881e-06
51.896  6.05041828e-07 -1.25034450e-05
52.224  8.41242395e-06 -1.23621478e-05
52.552  1.46067651e-05 -7.79117308e-06
52.881  1.68509313e-05 -5.58498279e-07
53.209  1.44242961e-05  6.56919662e-06
53.538  8.33459494e-06  1.09075479e-05
53.866  9.29109518e-07  1.09834533e-05
54.195 -4.98751527e-06  6.95821350e-06
54.523 -7.34421505e-06  5.20705649e-07
54.852 -5.49548215e-06 -5.70928681e-06
55.180 -3.81331839e-07 -9.31785183e-06
55.509  5.77525754e-06 -9.00286479e-06
55.837  1.04466241e-05 -4.96739538e-06
56.165  1.18124921e-05  1.09917188e-06
56.494  9.33726844e-06  6.75898883e-06
56.822  4.02060778e-06  9.85521724e-06
57.151 -2.02640475e-06  9.22475517e-06
57.479 -6.51875087e-06  5.16165340e-06
57.808 -7.78706291e-06 -6.89849431e-07
58.136 -5.40879861e-06 -6.10843442e-06
58.465 -4.20556937e-07 -9.09884378e-06
58.793  5.21749356e-06 -8.60978157e-06
59.122  9.37941130e-06 -5.00460707e-06
59.450  1.05208131e-05  1.96014911e-07
59.778  8.34824326e-06  4.95700301e-06
60.107  3.85300723e-06  7.43459053e-06
60.435 -1.17533187e-06  6.76124575e-06
60.764 -4.77153937e-06  3.35781947e-06
61.092 -5.60960328e-06 -1.35723440e-06
61.421 -3.54002813e-06 -5.46748335e-06
61.749  4.89948838e-07 -7.32624967e-06
62.078  4.78283855e-06 -6.26249674e-06
62.406  7.53825461e-06 -2.72242257e-06
62.734  7.64386432e-06  1.91361319e-06
63.063  5.02132304e-06  5.82140960e-06
63.391  6.15049459e-07  7.53469979e-06
63.720 -3.90541006e-06  6.46353164e-06
64.048 -6.87490931e-06  3.04295027e-06
64.377 -7.27466384e-06 -1.36966580e-06
64.705 -5.02481617e-06 -5.08340178e-06
65.034 -1.06491646e-06 -6.77102588e-06
65.362  3.04629502e-06 -5.87394443e-06
65.691  5.81697709e-06 -2.84099721e-06
66.019  6.30578022e-06  1.05070518e-06
66.347  4.47952494e-06  4.29946061e-06
66.676  1.25121607e-06  5.70262736e-06
67.004 -1.99065353e-06  4.79489924e-06
67.333 -3.90632226e-06  2.08513227e-06
67.661 -3.67637809e-06 -1.23864417e-06
67.990 -1.39171315e-06 -3.79430199e-06
68.318  2.04449832e-06 -4.47563871e-06
68.647  5.32194843e-06 -2.94873663e-06
68.975  7.15472863e-06  2.45332750e-07
69.304  6.82470765e-06  3.98414893e-06
69.632  4.46738509e-06  6.93069470e-06
69.960  9.18047672e-07  8.06656013e-06
70.289 -2.56796337e-06  7.12236080e-06
70.617 -4.78995633e-06  4.57488647e-06
70.946 -5.12735250e-06  1.46672331e-06
71.274 -3.68670282e-06 -9.69217564e-07
71.603 -1.22459351e-06 -1.86748483e-06
71.931  1.10692958e-06 -1.00969194e-06
72.260  2.29318774e-06  1.15052587e-06
72.588  1.84160658e-06  3.61274440e-06
72.917 -9.92934202e-08  5.28662949e-06
73.245 -2.74262586e-06  5.44655408e-06
73.573 -5.00429837e-06  3.93599680e-06
73.902 -5.98277478e-06  1.27353832e-06
74.230 -5.23323878e-06 -1.54742420e-06
74.559 -2.96158525e-06 -3.51797786e-06
74.887  2.33362002e-08 -3.93883343e-06
75.216  2.70101695e-06 -2.67735427e-06
75.544  4.19048696e-06 -2.65555475e-07
75.873  4.04489388e-06  2.38435165e-06
76.201  2.47465299e-06  4.32768884e-06
76.530  1.96984938e-07  4.88997293e-06
76.858 -1.87896115e-06  3.97774085e-06
77.186 -2.93963959e-06  2.07108871e-06
77.515 -2.62561433e-06 -3.14686780e-08
77.843 -1.16178712e-06 -1.46622228e-06
78.172  8.16496345e-07 -1.66865261e-06
78.500  2.47042138e-06 -6.20269236e-07
78.829  3.09230898e-06  1.22972070e-06
79.157  2.43739315e-06  3.11853049e-06
79.486  7.48300031e-07  4.24851428e-06
79.814 -1.34097862e-06  4.16673758e-06
80.142 -3.00871198e-06  2.89172687e-06
80.471 -3.63066259e-06  8.78435942e-07
80.799 -2.99840648e-06 -1.10202556e-06
81.128 -1.34739100e-06 -2.31359599e-06
81.456  6.78450737e-07 -2.34438918e-06
81.785  2.30803596e-06 -1.19568991e-06
82.113  2.97313348e-06  6.76366013e-07
82.442  2.45222357e-06  2.54706952e-06
82.770  9.75211044e-07  3.75904905e-06
83.099 -8.55428342e-07  3.91051301e-06
83.427 -2.37102673e-06  3.00519349e-06
83.755 -3.05502603e-06  1.47986630e-06
84.084 -2.71835460e-06 -4.14635124e-08
84.412 -1.61839435e-06 -9.80391106e-07
84.741 -2.95900509e-07 -9.89217465e-07
85.069  6.55201557e-07 -1.40296734e-07
85.398  7.69237230e-07  1.13968075e-06
85.726 -5.87876341e-08  2.27829890e-06
86.055 -1.53847246e-06  2.72574836e-06
86.383 -3.15240200e-06  2.20333450e-06
86.712 -4.30428476e-06  8.32455026e-07
87.040 -4.55787371e-06 -9.75432726e-07
87.368 -3.84347991e-06 -2.63977497e-06
87.697 -2.41953015e-06 -3.61716817e-06
88.025 -7.84113716e-07 -3.65883648e-06
88.354  4.82176430e-07 -2.84914407e-06
88.682  9.93301549e-07 -1.55371981e-06
89.011  6.69804278e-07 -3.20993354e-07
89.339 -2.75132575e-07  3.81439646e-07
89.668 -1.37537137e-06  3.40153425e-07
89.996 -2.13428400e-06 -3.80157587e-07
90.325 -2.24118786e-06 -1.42384977e-06
90.653 -1.63177718e-06 -2.30498281e-06
90.981 -5.42305980e-07 -2.64444395e-06
91.310  5.78300514e-07 -2.26465328e-06
91.638  1.30232259e-06 -1.27287754e-06
91.967  1.34874499e-06 -4.82069370e-08
92.295  6.85082726e-07  9.65051544e-07
92.624 -4.15846310e-07  1.40677870e-06
92.952 -1.53300762e-06  1.11169711e-06
93.281 -2.25968521e-06  2.22999642e-07
93.609 -2.31560197e-06 -8.99002976e-07
93.938 -1.70026136e-06 -1.83871003e-06
94.266 -6.76810662e-07 -2.23276943e-06
94.594  3.72652262e-07 -1.94242954e-06
94.923  1.04492198e-06 -1.11212066e-06
95.251  1.08599980e-06 -5.73758662e-08
95.580  5.14526710e-07  8.19856545e-07
95.908 -4.44903704e-07  1.18151841e-06
96.237 -1.43054838e-06  9.24409700e-07
96.565 -2.06028011e-06  1.67099053e-07
96.894 -2.12715934e-06 -8.01121455e-07
97.222 -1.64186758e-06 -1.59668830e-06
97.550 -8.01056963e-07 -1.93801572e-06
97.879  4.80044861e-08 -1.73953962e-06
98.207  5.81825656e-07 -1.10111588e-06
98.536  6.36421832e-07 -3.08831711e-07
98.864  2.19523757e-07  3.00260501e-07
99.193 -4.60535231e-07  5.01621305e-07
99.521 -1.07982061e-06  2.20227076e-07
99.850 -1.37278780e-06 -4.21381076e-07
100.178 -1.19486599e-06 -1.13345190e-06
100.507 -5.81382362e-07 -1.62488086e-06
100.835  2.30508244e-07 -1.69022109e-06
101.163  9.41595193e-07 -1.27368794e-06
101.492  1.29766018e-06 -5.36302300e-07
101.820  1.15466592e-06  2.41570233e-07
102.149  5.79443024e-07  7.78446702e-07
102.477 -1.94355404e-07  8.55362330e-07
102.806 -8.83775435e-07  4.35556461e-07
103.134 -1.21674490e-06 -3.21585874e-07
103.463 -1.05501465e-06 -1.16358661e-06
103.791 -4.62715872e-07 -1.79966668e-06
104.120  3.69410795e-07 -2.01172030e-06
104.448  1.17191108e-06 -1.76612517e-06
104.776  1.68373939e-06 -1.17443335e-06
105.105  1.79044013e-06 -4.53084075e-07
105.433  1.52576275e-06  1.33282300e-07
105.762  1.03918646e-06  4.17097267e-07
106.090  5.69923111e-07  3.69857383e-07
106.419  3.12282346e-07  7.79865872e-08
106.747  3.37664195e-07 -2.57380941e-07
107.076  6.08286991e-07 -4.30419790e-07
107.404  9.59333639e-07 -3.37059204e-07
107.733  1.17532826e-06  2.44098796e-08
108.061  1.11490615e-06  5.24933671e-07
108.389  7.30794488e-07  9.42773694e-07
108.718  1.03561375e-07  1.09367367e-06
109.046 -5.57074309e-07  8.73764551e-07
109.375 -1.03244450e-06  2.95666118e-07
109.703 -1.16032035e-06 -4.73635310e-07
110.032 -8.71640065e-07 -1.20748865e-06
110.360 -2.58086842e-07 -1.70213540e-06
110.689  4.84158854e-07 -1.81256745e-06
111.017  1.14451058e-06 -1.53883258e-06
111.346  1.53128505e-06 -1.01521567e-06
111.674  1.56299695e-06 -4.23913470e-07
112.002  1.30223476e-06  3.47904902e-08
112.331  8.83468115e-07  2.25267452e-07
112.659  4.86116758e-07  1.47371905e-07
112.988  2.70558321e-07 -1.13643786e-07
113.316  2.82699712e-07 -4.13015478e-07
113.645  4.76755355e-07 -5.86866636e-07
113.973  7.41932516e-07 -5.58295225e-07
114.302  9.19867750e-07 -3.44648123e-07
114.630  9.08188434e-07 -2.99246279e-08
114.958  6.98194967e-07  2.34289392e-07
115.287  3.49115073e-07  3.18831463e-07
115.615  1.33458861e-09  1.82660996e-07
115.944 -1.91405690e-07 -1.45636906e-07
116.272 -1.49652738e-07 -5.47937884e-07
116.601  1.36791668e-07 -8.56206107e-07
116.929  5.86582594e-07 -9.52245647e-07
117.258  1.03555146e-06 -7.81069157e-07
117.586  1.33593141e-06 -3.72771354e-07
117.915  1.38998340e-06  1.36217715e-07
118.243  1.16979081e-06  5.88254491e-07
118.571  7.63477441e-07  8.56215632e-07
118.900  3.15932425e-07  8.60304468e-07
119.228 -3.54540602e-08  6.30618939e-07
119.557 -1.74590644e-07  2.81295745e-07
119.885 -7.49070937e-08 -5.84809679e-08
120.214  1.90987701e-07 -2.56252550e-07
120.542  5.16435822e-07 -2.39454999e-07
120.871  7.72334919e-07 -3.70991624e-08
121.199  8.56618968e-07  2.73521024e-07
121.528  7.59939570e-07  5.80659671e-07
121.856  5.30626426e-07  7.69060753e-07
122.184  2.56544680e-07  7.99055260e-07
122.513  5.31828848e-08  6.94198156e-07
122.841 -1.77187910e-08  5.18166698e-07
123.170  3.94003143e-08  3.78657439e-07
123.498  1.80426936e-07  3.53823855e-07
123.827  3.07433088e-07  4.55498976e-07
124.155  3.26572739e-07  6.55111069e-07
124.484  2.06037884e-07  8.65282501e-07
124.812 -4.34406710e-08  9.76742670e-07
125.141 -3.50725812e-07  9.31260703e-07
125.469 -5.97486323e-07  7.14580834e-07
125.797 -6.97069753e-07  3.70840305e-07
126.126 -6.04165919e-07  1.30200090e-08
126.454 -3.24634277e-07 -2.51052183e-07
126.783  5.33681086e-08 -3.46208282e-07
127.111  4.17767965e-07 -2.35287536e-07
127.440  6.75404601e-07  3.49731017e-08
127.768  7.53799299e-07  3.68304587e-07
128.097  6.53619841e-07  6.71586839e-07
128.425  4.42531410e-07  8.54620307e-07
128.754  1.99661865e-07  8.80178292e-07
129.082  1.54248383e-08  7.85362228e-07
129.410 -4.84216053e-08  6.30406342e-07
129.739 -2.72630459e-09  4.95155283e-07
130.067  1.09324360e-07  4.54028898e-07
130.396  2.21688478e-07  5.17227413e-07
130.724  2.54405188e-07  6.54723748e-07
131.053  1.78236065e-07  8.12999441e-07
131.381  1.06088017e-08  9.10020993e-07
131.710 -2.07461382e-07  8.96884689e-07
132.038 -3.96678192e-07  7.75095525e-07
132.366 -4.90319707e-07  5.70359504e-07
132.695 -4.71334521e-07  3.51738275e-07
133.023 -3.47756376e-07  1.97432434e-07
133.352 -1.71229204e-07  1.42362722e-07
133.680 -2.26013175e-08  1.95904895e-07
134.009  4.88793499e-08  3.28077600e-07
134.337  1.92346469e-08  4.64027483e-07
134.666 -1.03583873e-07  5.44916292e-07
134.994 -2.57111085e-07  5.35940285e-07
135.323 -3.77003907e-07  4.25432964e-07
135.651 -4.20117074e-07  2.59379188e-07
135.979 -3.57686469e-07  1.04145112e-07
136.308 -2.15410197e-07  1.02038909e-08
136.636 -5.64674397e-08  2.16621638e-08
136.965  6.35394425e-08  1.37060199e-07
137.293  8.81727510e-08  3.04010251e-07
137.622 -7.20456579e-09  4.66605273e-07
137.950 -1.89017744e-07  5.61552828e-07
138.279 -4.07965510e-07  5.40039710e-07
138.607 -6.02028517e-07  4.10642738e-07
138.936 -7.05375972e-07  2.08510392e-07
139.264 -7.00632986e-07 -1.53300748e-08
139.592 -6.04585344e-07 -1.90041167e-07
139.921 -4.50472165e-07 -2.78089082e-07
140.249 -3.02215464e-07 -2.79561325e-07
140.578 -2.08610828e-07 -2.09427799e-07
140.906 -1.81160900e-07 -1.17553973e-07
141.235 -2.18662760e-07 -5.64579708e-08
141.563 -2.86854894e-07 -4.45494222e-08
141.892 -3.33684692e-07 -8.84796910e-08
142.220 -3.35569277e-07 -1.67507420e-07
142.549 -2.81745198e-07 -2.31474026e-07
142.877 -1.81753362e-07 -2.50337136e-07
143.205 -8.23967035e-08 -2.09216432e-07
143.534 -2.15836960e-08 -1.06650719e-07
143.862 -2.00487563e-08  1.77848098e-08
144.191 -9.10098988e-08  1.19971434e-07
144.519 -2.07230579e-07  1.73021302e-07
144.848 -3.22820977e-07  1.52847215e-07
145.176 -4.06205706e-07  7.08277241e-08
145.505 -4.25069427e-07 -3.03974496e-08
145.833 -3.73755255e-07 -1.16541433e-07
146.162 -2.86955359e-07 -1.50218657e-07
146.490 -1.99528078e-07 -1.09395534e-07
146.818 -1.50978588e-07 -1.65640396e-08
147.147 -1.77883063e-07  9.54917132e-08
147.475 -2.74020057e-07  1.88026050e-07
147.804 -4.12884049e-07  2.13047985e-07
148.132 -5.60764473e-07  1.57475720e-07
148.461 -6.64380040e-07  3.62699986e-08
148.789 -6.92252065e-07 -1.27497286e-07
149.118 -6.44702231e-07 -2.84382019e-07
149.446 -5.30259141e-07 -3.90648008e-07
149.774 -3.85650660e-07 -4.33396761e-07
150.103 -2.57700308e-07 -4.07135812e-07
150.431 -1.67284696e-07 -3.31005341e-07
150.760 -1.28734797e-07 -2.46557065e-07
151.088 -1.39352031e-07 -1.76524809e-07
151.417 -1.66937255e-07 -1.36717392e-07
151.745 -1.90132034e-07 -1.34773799e-07
152.074 -1.96758819e-07 -1.46807808e-07
152.402 -1.75587944e-07 -1.51389687e-07
152.731 -1.45278575e-07 -1.39647374e-07
153.059 -1.31071426e-07 -9.97946966e-08
153.387 -1.43163525e-07 -4.62012712e-08
153.716 -1.95287384e-07 -9.65896899e-09
154.044 -2.80120375e-07 -6.68183971e-09
154.373 -3.64221856e-07 -5.63700754e-08
154.701 -4.23230169e-07 -1.63555458e-07
155.030 -4.30912990e-07 -2.99697014e-07
155.358 -3.66490740e-07 -4.36614638e-07
155.687 -2.44837199e-07 -5.44038691e-07
156.015 -9.02279229e-08 -5.87001065e-07
156.344  7.03594598e-08 -5.62134598e-07
156.672  1.95738121e-07 -4.83512669e-07
157.000  2.66658408e-07 -3.67816677e-07
157.329  2.85953386e-07 -2.52188508e-07
157.657  2.57812279e-07 -1.64415052e-07
157.986  2.08093686e-07 -1.08891926e-07
158.314  1.65543570e-07 -9.01613397e-08
158.643  1.36486263e-07 -9.47155459e-08
158.971  1.27502827e-07 -9.64997988e-08
159.300  1.33561206e-07 -8.94364125e-08
159.628  1.30673111e-07 -6.95617612e-08
159.957  1.10858469e-07 -3.78617197e-08
160.285  7.27644707e-08 -1.78419204e-08
160.613  1.49771125e-08 -2.30683912e-08
160.942 -4.01509963e-08 -5.55193476e-08
161.270 -7.18456119e-08 -1.20052511e-07
161.599 -7.42504408e-08 -1.98822803e-07
161.927 -3.75845072e-08 -2.65846588e-07
162.256  2.88752046e-08 -3.10461431e-07
162.584  9.84930546e-08 -3.18294103e-07
162.913  1.57270254e-07 -2.87997116e-07
163.241  1.88708236e-07 -2.42424566e-07
163.570  1.81855011e-07 -1.96958802e-07
163.898  1.53195725e-07 -1.67452458e-07
164.226  1.18464094e-07 -1.71679451e-07
164.555  9.13750783e-08 -2.00633714e-07
164.883  9.35505235e-08 -2.38661799e-07
165.212  1.23860338e-07 -2.74317959e-07
165.540  1.67226196e-07 -2.84626968e-07
165.869  2.13670822e-07 -2.62826676e-07
166.197  2.40521673e-07 -2.22413594e-07
166.526  2.33200574e-07 -1.72937607e-07
166.854  2.01707898e-07 -1.35835271e-07
167.182  1.55522665e-07 -1.33194327e-07
167.511  1.14071448e-07 -1.61109456e-07
167.839  1.05942454e-07 -2.10908075e-07
168.168  1.35920880e-07 -2.66104727e-07
168.496  1.97945805e-07 -2.93518159e-07
168.825  2.79790784e-07 -2.77701121e-07
169.153  3.46664657e-07 -2.19412223e-07
169.482  3.71928674e-07 -1.24701229e-07
169.810  3.48227450e-07 -2.58045948e-08
170.139  2.73267101e-07  4.11010094e-08
170.467  1.71895462e-07  5.86053998e-08
170.795  8.59601119e-08  1.42218815e-08
171.124  4.33946786e-08 -7.94031335e-08
171.452  6.80865579e-08 -1.80566342e-07
171.781  1.63916801e-07 -2.52412797e-07
172.109  2.96806324e-07 -2.59678430e-07
172.438  4.25361922e-07 -1.78894578e-07
172.766  5.05211738e-07 -2.82469746e-08
173.095  4.92800502e-07  1.53626808e-07
173.423  3.83108594e-07  3.18583631e-07
173.752  2.02804189e-07  4.06401281e-07
174.080 -4.51905440e-09  3.84839108e-07
174.408 -1.69919443e-07  2.59701325e-07
174.737 -2.35210214e-07  6.02585190e-08
175.065 -1.79400003e-07 -1.47301109e-07
175.394 -8.55606346e-09 -2.85824573e-07
175.722  2.26751719e-07 -3.06198169e-07
176.051  4.42136476e-07 -1.85109534e-07
176.379  5.64303001e-07  5.47618357e-08
176.708  5.38416869e-07  3.36999843e-07
177.036  3.49511483e-07  5.73753430e-07
177.365  4.92016866e-08  6.82023367e-07
177.693 -2.75083491e-07  6.04340061e-07
178.021 -5.22061131e-07  3.51987230e-07
178.350 -5.94086532e-07 -6.56712267e-09
178.678 -4.51457975e-07 -3.67941042e-07
179.007 -1.24815692e-07 -6.05217562e-07
179.335  3.00953362e-07 -6.25407525e-07
179.664  6.88830804e-07 -4.06412744e-07
179.992  9.00792368e-07  6.70237070e-09
180.321  8.55113930e-07  4.91680794e-07
180.649  5.39347481e-07  8.84094269e-07
180.978  3.44297142e-08  1.04614072e-06
181.306 -4.95710378e-07  8.97427065e-07
181.634 -8.72006801e-07  4.53384251e-07
181.963 -9.45794603e-07 -1.54738327e-07
182.291 -6.49330597e-07 -7.32582084e-07
182.620 -4.77983336e-08 -1.07555318e-06
182.948  6.84689748e-07 -1.02628988e-06
183.277  1.31422156e-06 -5.55143204e-07
183.605  1.60329019e-06  2.24906346e-07
183.934  1.41062003e-06  1.09060257e-06
184.262  7.49231726e-07  1.75269059e-06
184.590 -2.16735660e-07  1.96077267e-06
184.919 -1.19268889e-06  1.60083494e-06
185.247 -1.84543358e-06  7.29968718e-07
185.576 -1.92784342e-06 -4.10194333e-07
185.904 -1.35368483e-06 -1.45313461e-06
186.233 -2.51818242e-07 -2.03925319e-06
186.561  1.04422679e-06 -1.92459499e-06
186.890  2.11018763e-06 -1.07621898e-06
187.218  2.55871641e-06  2.77709636e-07
187.547  2.16840166e-06  1.71805194e-06
187.875  9.96808922e-07  2.75898910e-06
188.203 -6.23864994e-07  2.99489548e-06
188.532 -2.18136313e-06  2.26789243e-06
188.860 -3.12522046e-06  7.42515825e-07
189.189 -3.06912982e-06 -1.13322838e-06
189.517 -1.94520229e-06 -2.73755575e-06
189.846 -4.08539172e-08 -3.48260878e-06
190.174  2.05150172e-06 -3.03405172e-06
190.503  3.61169526e-06 -1.43322392e-06
190.831  4.04777490e-06  8.71566671e-07
191.160  3.09816173e-06  3.13485949e-06
191.488  9.56510169e-07  4.56557863e-06
191.816 -1.73890513e-06  4.58740056e-06
192.145 -4.10511787e-06  3.05446569e-06
192.473 -5.29578156e-06  3.59936330e-07
192.802 -4.78777976e-06 -2.66643362e-06
193.130 -2.61138329e-06 -5.01209310e-06
193.459  6.18785202e-07 -5.80228296e-06
193.787  3.87764090e-06 -4.63313806e-06
194.116  6.03393441e-06 -1.75368985e-06
194.444  6.24629260e-06  1.98108126e-06
194.773  4.28950366e-06  5.34147891e-06
195.101  6.66438896e-07  7.12431395e-06
195.429 -3.49610814e-06  6.58976412e-06
195.758 -6.78570534e-06  3.74056974e-06
196.086 -7.99305192e-06 -6.14089155e-07
196.415 -6.53803691e-06 -5.06579511e-06
196.743 -2.72006329e-06 -8.07069941e-06
197.072  2.30176621e-06 -8.47241417e-06
197.400  6.86330109e-06 -5.92769499e-06
197.729  9.33983846e-06 -1.10697017e-06
198.057  8.70381796e-06  4.47332301e-06
198.386  4.94615083e-06  8.92597080e-06
198.714 -8.47424306e-07  1.06096116e-05
199.042 -6.80954242e-06  8.73396467e-06
199.371 -1.08721279e-05  3.70362355e-06
199.699 -1.14821654e-05 -2.95447829e-06
200.028 -8.19403374e-06 -9.03324919e-06
200.356 -1.88634660e-06 -1.23692718e-05
200.685  5.44670078e-06 -1.16199658e-05
201.013  1.13090140e-05 -6.77591838e-06
201.342  1.35610313e-05  7.45178023e-07
201.670  1.11842159e-05  8.48601512e-06
201.998  4.70551572e-06  1.37584530e-05
202.327 -3.86991221e-06  1.45683179e-05
202.655 -1.16782973e-05  1.03468948e-05
202.984 -1.59514414e-05  2.25727128e-06
203.312 -1.49776077e-05 -7.11035769e-06
203.641 -8.78031172e-06 -1.45696402e-05
203.969  7.82292398e-07 -1.74027927e-05
204.298  1.05739066e-05 -1.43497015e-05
204.626  1.71903024e-05 -6.14496172e-06
204.955  1.81387553e-05  4.63984448e-06
205.283  1.27788816e-05  1.43831463e-05
205.611  2.63735294e-06  1.96184726e-05
205.940 -9.00351276e-06  1.82760167e-05
206.268 -1.81490924e-05  1.04750334e-05
206.597 -2.14719870e-05 -1.40276772e-06
206.925 -1.75107606e-05 -1.34126995e-05
207.254 -7.27171854e-06 -2.13624544e-05
207.582  5.97982963e-06 -2.22729589e-05
207.911  1.77579798e-05 -1.54725683e-05
208.239  2.38781578e-05 -2.96355756e-06
208.568  2.19259486e-05  1.11490937e-05
208.896  1.22013182e-05  2.20097175e-05
209.224 -2.25024240e-06  2.56666911e-05
209.553 -1.65931471e-05  2.05067334e-05
209.881 -2.58060617e-05  7.94193523e-06
210.210 -2.64340699e-05 -7.96330438e-06
210.538 -1.78877667e-05 -2.17955856e-05
210.867 -2.76428527e-06 -2.86254591e-05
211.195  1.39283631e-05 -2.57760197e-05
211.524  2.64147872e-05 -1.38517005e-05
211.852  3.01633045e-05  3.34493547e-06
212.181  2.35279793e-05  2.00034244e-05
212.509  8.42997638e-06  3.02764179e-05
212.837 -1.01636049e-05  3.03386140e-05
213.166 -2.58723685e-05  1.97936457e-05
213.494 -3.31033186e-05  1.95272060e-06
213.823 -2.90309788e-05 -1.71906575e-05
214.151 -1.46953554e-05 -3.09863381e-05
214.480  5.21971354e-06 -3.44308587e-05
214.808  2.39246654e-05 -2.59825716e-05
215.137  3.48348975e-05 -8.23248603e-06
215.465  3.38870286e-05  1.28862270e-05
215.794  2.10636617e-05  3.00785411e-05
216.122  5.15436601e-07  3.72009168e-05
216.450 -2.07791633e-05  3.14724634e-05
216.779 -3.53728917e-05  1.45489942e-05
217.107 -3.79689849e-05 -7.94354790e-06
217.436 -2.73485044e-05 -2.82653373e-05
217.764 -6.89559867e-06 -3.92368013e-05
218.093  1.64622005e-05 -3.67901351e-05
218.421  3.46038889e-05 -2.14659078e-05
218.750  4.10590942e-05  1.65745089e-06
219.078  3.33133745e-05  2.46393145e-05
219.406  1.37855267e-05  3.94241477e-05
219.735 -1.09057456e-05  4.06685544e-05
220.063 -3.22001910e-05  2.76769244e-05
220.392 -4.25708447e-05  4.75409652e-06
220.720 -3.81879914e-05 -2.02267263e-05
221.049 -2.03517990e-05 -3.85371980e-05
221.377  4.88198557e-06 -4.36443209e-05
221.706  2.87672362e-05 -3.35636283e-05
222.034  4.28970573e-05 -1.16316105e-05
222.363  4.21835917e-05  1.46045852e-05
222.691  2.67070914e-05  3.59797567e-05
223.019  1.74179455e-06  4.49277309e-05
223.348 -2.40341294e-05  3.81845477e-05
223.676 -4.15618625e-05  1.79776758e-05
224.005 -4.46132240e-05 -8.69941754e-06
224.333 -3.20097916e-05 -3.25044066e-05
224.662 -8.08217443e-06 -4.50432633e-05
224.990  1.88057083e-05 -4.18419424e-05
225.319  3.91998483e-05 -2.39500336e-05
225.647  4.58966799e-05  2.38292148e-06
225.976  3.64948531e-05  2.79007606e-05
226.304  1.42796943e-05  4.36128599e-05
226.632 -1.29233214e-05  4.39685205e-05
226.961 -3.55220914e-05  2.88433199e-05
227.289 -4.55450260e-05  3.59633284e-06
227.618 -3.94758260e-05 -2.28406271e-05
227.946 -1.95105857e-05 -4.11251422e-05
228.275  7.24158131e-06 -4.48224003e-05
228.603  3.12897211e-05 -3.26994823e-05
228.932  4.41368986e-05 -9.13793948e-06
229.260  4.13142686e-05  1.74466329e-05
229.589  2.39467151e-05  3.76097537e-05
229.917 -1.68451079e-06  4.42621161e-05
230.245 -2.64025353e-05  3.51808172e-05
230.574 -4.14406956e-05  1.37570882e-05
230.902 -4.15742761e-05 -1.22490686e-05
231.231 -2.69434358e-05 -3.35274541e-05
231.559 -2.95890560e-06 -4.25732188e-05
231.888  2.16924444e-05 -3.63421444e-05
232.216  3.82126478e-05 -1.72947426e-05
232.545  4.08405332e-05  7.55042465e-06
232.873  2.88805824e-05  2.92134373e-05
233.202  6.89024020e-06  4.00041791e-05
233.530 -1.70537370e-05  3.62670067e-05
233.858 -3.43222149e-05  1.96462040e-05
234.187 -3.88492971e-05 -3.60638190e-06
234.515 -2.92921594e-05 -2.49766949e-05
234.844 -9.42556984e-06 -3.68011050e-05
235.172  1.33335464e-05 -3.50387716e-05
235.501  3.06802557e-05 -2.06678585e-05
235.829  3.64668950e-05  7.85578430e-07
236.158  2.89033432e-05  2.13479049e-05
236.486  1.11018881e-05  3.35633578e-05
236.814 -1.01650482e-05  3.32193049e-05
237.143 -2.70273185e-05  2.08030693e-05
237.471 -3.34453460e-05  1.21358700e-06
237.800 -2.73797591e-05 -1.81396286e-05
238.128 -1.14420579e-05 -3.01433211e-05
238.457  8.17577401e-06 -3.05987155e-05
238.785  2.40963946e-05 -1.96963525e-05
239.114  3.05293090e-05 -1.84538154e-06
239.442  2.53764585e-05  1.60828402e-05
239.771  1.09316340e-05  2.73903780e-05
240.099 -7.09197229e-06  2.80448694e-05
240.427 -2.18043288e-05  1.81334323e-05
240.756 -2.77522409e-05  1.73032296e-06
241.084 -2.29463557e-05 -1.47527917e-05
241.413 -9.53912989e-06 -2.50443898e-05
241.741  7.10290368e-06 -2.53904367e-05
242.070  2.05139200e-05 -1.59383734e-05
242.398  2.56174209e-05 -5.84845861e-07
242.727  2.06545079e-05  1.45979728e-05
243.055  7.78743366e-06  2.37298129e-05
243.384 -7.81348497e-06  2.33954914e-05
243.712 -2.00091556e-05  1.39200065e-05
244.040 -2.40928931e-05 -8.27563171e-07
244.369 -1.86005160e-05 -1.49778496e-05
244.697 -5.82551747e-06 -2.29745439e-05
245.026  9.11073872e-06 -2.17451596e-05
245.354  2.02858384e-05 -1.18645656e-05
245.683  2.33108049e-05  2.69619684e-06
246.011  1.70295677e-05  1.61417780e-05
246.340  3.95569755e-06  2.31461946e-05
246.668 -1.07165665e-05  2.09358860e-05
246.997 -2.11674389e-05  1.03696770e-05
247.325 -2.32370192e-05 -4.38743039e-06
247.653 -1.60535674e-05 -1.75034732e-05
247.982 -2.39680401e-06 -2.37696286e-05
248.310  1.23810719e-05 -2.06377768e-05
248.639  2.24496206e-05 -9.24443710e-06
248.967  2.37725541e-05  6.00803701e-06
249.296  1.57082950e-05  1.91613005e-05
249.624  1.29747765e-06  2.50098602e-05
249.953 -1.39014676e-05  2.11431472e-05
250.281 -2.39497392e-05  8.92513070e-06
250.610 -2.48337564e-05 -7.00631186e-06
250.938 -1.60599980e-05 -2.05050047e-05
251.266 -8.80469091e-07 -2.62774045e-05
251.595  1.49266334e-05 -2.19559898e-05
251.923  2.52517772e-05 -9.04734577e-06
252.252  2.60185432e-05  7.61066782e-06
252.580  1.67807871e-05  2.16632743e-05
252.909  9.26357757e-07  2.76711049e-05
253.237 -1.55710572e-05  2.32155231e-05
253.566 -2.64137356e-05  9.84752474e-06
253.894 -2.73955171e-05 -7.45806831e-06
254.222 -1.80187072e-05 -2.21643431e-05
254.551 -1.71999143e-06 -2.86611142e-05
254.879  1.53955749e-05 -2.44007629e-05
255.208  2.68641992e-05 -1.08875070e-05
255.536  2.83097944e-05  6.85403886e-06
255.865  1.91078461e-05  2.21687896e-05
256.193  2.65293460e-06  2.92811578e-05
256.522 -1.49102632e-05  2.54710413e-05
256.850 -2.70009440e-05  1.21205557e-05
257.179 -2.90698947e-05 -5.79610060e-06
257.507 -2.03215135e-05 -2.15876612e-05
257.835 -4.01994426e-06 -2.93503038e-05
258.164  1.37486470e-05 -2.61869663e-05
258.492  2.63561541e-05 -1.32986532e-05
258.821  2.91163449e-05  4.48568774e-06
259.149  2.10443615e-05  2.05269365e-05
259.478  5.20090229e-06  2.88626960e-05
259.806 -1.24759332e-05  2.64452262e-05
260.135 -2.54004133e-05  1.42574605e-05
260.463 -2.88150065e-05 -3.09008387e-06
260.792 -2.15518369e-05 -1.91026172e-05
261.120 -6.42568841e-06 -2.78515721e-05
261.448  1.08500686e-05 -2.61865871e-05
261.777  2.38331892e-05 -1.48689408e-05
262.105  2.77751123e-05  1.75550149e-06
262.434  2.13606460e-05  1.74264765e-05
262.762  7.15171303e-06  2.63458505e-05
263.091 -9.42495095e-06  2.53281849e-05
263.419 -2.21645493e-05  1.49463632e-05
263.748 -2.64130986e-05 -7.40420422e-07
264.076 -2.07743422e-05 -1.57795960e-05
264.405 -7.57861224e-06 -2.45899594e-05
264.733  8.07284746e-06 -2.40364831e-05
265.061  2.02832703e-05 -1.45628802e-05
265.390  2.45808056e-05  5.66358887e-08
265.718  1.95727205e-05  1.42188938e-05
266.047  7.39812436e-06  2.26323315e-05
266.375 -7.17325152e-06  2.23053047e-05
266.704 -1.85971387e-05  1.36222614e-05
267.032 -2.26672142e-05  1.01827424e-07
267.361 -1.80793319e-05 -1.30108858e-05
267.689 -6.83918720e-06 -2.07721673e-05
268.018  6.58733589e-06 -2.04171597e-05
268.346  1.70310391e-05 -1.23450034e-05
268.674  2.06167447e-05  1.23787652e-07
269.003  1.62037893e-05  1.20857165e-05
269.331  5.73937195e-06  1.89803879e-05
269.660 -6.56346159e-06  1.83303499e-05
269.988 -1.59098632e-05  1.06259327e-05
270.317 -1.87901698e-05 -9.36429625e-07
270.645 -1.42893031e-05 -1.17596541e-05
270.974 -4.37690221e-06 -1.76687897e-05
271.302  6.92608548e-06 -1.65090666e-05
271.630  1.51702517e-05 -8.93288523e-06
271.959  1.72136959e-05  1.91494336e-06
272.287  1.24136913e-05  1.16914895e-05
272.616  2.83106748e-06  1.65774469e-05
272.944 -7.64178351e-06  1.47549233e-05
273.273 -1.48465293e-05  7.08961654e-06
273.601 -1.59891074e-05 -3.26419538e-06
273.930 -1.07232121e-05 -1.21509510e-05
274.258 -1.24687962e-06 -1.60582602e-05
274.587  8.61107881e-06 -1.34982324e-05
274.915  1.49167611e-05 -5.57174267e-06
275.243  1.51886994e-05  4.50773035e-06
275.572  9.37094655e-06  1.27015670e-05
275.900 -1.76716831e-07  1.57488906e-05
276.229 -9.62931716e-06  1.24598670e-05
276.557 -1.52138095e-05  4.16534405e-06
276.886 -1.47107997e-05 -5.82480840e-06
277.214 -8.32137914e-06 -1.35303567e-05
277.543  1.42526958e-06 -1.58836858e-05
277.871  1.06661590e-05 -1.19388145e-05
278.200  1.57351475e-05 -3.23375274e-06
278.528  1.46109944e-05  6.80807918e-06
278.856  7.70356781e-06  1.42259993e-05
279.185 -2.29903106e-06  1.60848364e-05
279.513 -1.14796933e-05  1.16185775e-05
279.842 -1.62334747e-05  2.53676358e-06
280.170 -1.46704678e-05 -7.63326041e-06
280.499 -7.35589499e-06 -1.49286766e-05
280.827  2.89647159e-06 -1.64900618e-05
281.156  1.21218490e-05 -1.16708496e-05
281.484  1.67408332e-05 -2.30196286e-06
281.813  1.49391350e-05  8.01852682e-06
282.141  7.38025003e-06  1.53177879e-05
282.469 -3.04974897e-06  1.67720878e-05
282.798 -1.23596100e-05  1.18016105e-05
283.126 -1.69787665e-05  2.29567667e-06
283.455 -1.51306798e-05 -8.12274899e-06
283.783 -7.51702298e-06 -1.54804084e-05
284.112  2.96491228e-06 -1.69735998e-05
284.440  1.23308003e-05 -1.20439157e-05
284.769  1.70281550e-05 -2.57509487e-06
285.097  1.52963022e-05  7.83487280e-06
285.426  7.82088968e-06  1.52438906e-05
285.754 -2.54539385e-06  1.68735458e-05
286.082 -1.18719023e-05  1.21527026e-05
286.411 -1.66545978e-05  2.90906134e-06
286.739 -1.51403662e-05 -7.33620111e-06
287.068 -7.96335080e-06 -1.47205002e-05
287.396  2.11467271e-06 -1.65084962e-05
287.725  1.12726629e-05 -1.21017962e-05
288.053  1.60939933e-05 -3.24012756e-06
288.382  1.48409781e-05  6.68431181e-06
288.710  8.08415265e-06  1.39398788e-05
289.038 -1.54400790e-06  1.58615856e-05
289.367 -1.03853022e-05  1.18327658e-05
289.695 -1.51505847e-05  3.48745773e-06
290.024 -1.41446377e-05 -5.95561913e-06
290.352 -7.87984725e-06 -1.29397560e-05
290.681  1.16803625e-06 -1.49087682e-05
291.009  9.54233416e-06 -1.12540036e-05
291.338  1.41224633e-05 -3.49791429e-06
291.666  1.32961972e-05  5.34003935e-06
291.995  7.53316535e-06  1.19128716e-05
292.323 -8.56109828e-07  1.38186898e-05
292.651 -8.63788519e-06  1.04889117e-05
292.980 -1.29007704e-05  3.34359144e-06
293.308 -1.21564931e-05 -4.80131498e-06
293.637 -6.85547558e-06 -1.08360600e-05
293.965  8.44156729e-07 -1.25538725e-05
294.294  7.94090259e-06 -9.45810239e-06
294.622  1.17648408e-05 -2.89266246e-06
294.951  1.09845031e-05  4.51993647e-06
295.279  6.06456367e-06  9.92465260e-06
295.608 -9.62579905e-07  1.13365489e-05
295.936 -7.32726918e-06  8.36408561e-06
296.264 -1.06160197e-05  2.31230533e-06
296.593 -9.67977793e-06 -4.37207633e-06
296.921 -5.03727638e-06 -9.08890683e-06
297.250  1.37403604e-06 -1.00874619e-05
297.578  7.00186001e-06 -7.11511790e-06
297.907  9.68539870e-06 -1.47517016e-06
298.235  8.47851410e-06  4.53556055e-06
298.564  3.98938203e-06  8.55243348e-06
298.892 -1.90791773e-06  9.06155470e-06
299.221 -6.84730703e-06  5.97514995e-06
299.549 -8.90456285e-06  6.24991187e-07
299.877 -7.34724680e-06 -4.80559194e-06
300.206 -2.89505726e-06 -8.15574341e-06
300.534  2.60737041e-06 -8.14159115e-06
300.863  6.93926945e-06 -4.84911276e-06
301.191  8.38988428e-06  3.37309066e-07
301.520  6.43400598e-06  5.30610612e-06
301.848  1.91187489e-06  8.06549863e-06
302.177 -3.32731908e-06  7.54086766e-06
302.505 -7.16888341e-06  3.98362094e-06
302.834 -8.08455232e-06 -1.14996468e-06
303.162 -5.73201883e-06 -5.78427334e-06
303.490 -1.07263015e-06 -8.06162397e-06
303.819  4.01467972e-06 -7.08090994e-06
304.147  7.48931722e-06 -3.24054813e-06
304.476  7.96522719e-06  1.92173907e-06
304.804  5.24904402e-06  6.34370550e-06
305.133  4.15211163e-07  8.26475537e-06
305.461 -4.61895248e-06  6.91428180e-06
305.790 -7.86044753e-06  2.81369131e-06
306.118 -8.02167749e-06 -2.42491278e-06
306.446 -5.02297256e-06 -6.74186229e-06
306.775 -3.05819400e-08 -8.43761752e-06
307.103  5.00670810e-06 -6.83261662e-06
307.432  8.12198027e-06 -2.54016153e-06
307.760  8.09010930e-06  2.77623484e-06
308.089  4.91052963e-06  7.05619358e-06
308.417 -1.92884779e-07  8.63537614e-06
308.746 -5.25480706e-06  6.89391028e-06
309.074 -8.32303753e-06  2.49846909e-06
309.403 -8.21254685e-06 -2.86566731e-06
309.731 -4.96639922e-06 -7.14190198e-06
310.059  1.72167115e-07 -8.69139338e-06
310.388  5.23997242e-06 -6.92799038e-06
310.716  8.30358477e-06 -2.53225590e-06
311.045  8.20597294e-06  2.81746184e-06
311.373  5.00041023e-06  7.08458850e-06
311.702 -8.33949041e-08  8.65911720e-06
312.030 -5.10903499e-06  6.96710031e-06
312.359 -8.17917012e-06  2.67221619e-06
312.687 -8.15848805e-06 -2.58187513e-06
313.016 -5.08738468e-06 -6.80581302e-06
313.344 -1.56743664e-07 -8.42762441e-06
313.672  4.75497730e-06 -6.87389439e-06
314.001  7.80843513e-06 -2.77332756e-06
314.329  7.89103000e-06  2.29391295e-06
314.658  5.02236087e-06  6.41523241e-06
314.986  3.33565535e-07  8.06905756e-06
315.315 -4.38583330e-06  6.68546456e-06
315.643 -7.37483662e-06  2.84879025e-06
315.972 -7.55585317e-06 -1.95060885e-06
316.300 -4.93095909e-06 -5.90053974e-06
316.629 -5.54746268e-07 -7.54811584e-06
316.957  3.89412215e-06 -6.34138039e-06
317.285  6.75288629e-06 -2.81570301e-06
317.614  7.00096754e-06  1.64426580e-06
317.942  4.63064522e-06  5.34375062e-06
318.271  6.12904938e-07  6.92300222e-06
318.599 -3.49491408e-06  5.86570710e-06
318.928 -6.14975348e-06  2.66084937e-06
319.256 -6.41134565e-06 -1.41444015e-06
319.585 -4.27309019e-06 -4.79662399e-06
319.913 -6.29299951e-07 -6.24268096e-06
320.242  3.08728401e-06 -5.28813848e-06
320.570  5.47199436e-06 -2.38938786e-06
320.898  5.68226829e-06  1.27611490e-06
321.227  3.72984059e-06  4.28587181e-06
321.555  4.49449649e-07  5.52796719e-06
321.884 -2.84972271e-06  4.60616729e-06
322.212 -4.90936855e-06  1.96669581e-06
322.541 -4.99613622e-06 -1.30129183e-06
322.869 -3.16272622e-06 -3.91612357e-06
323.198 -2.03207616e-07 -4.90069116e-06
323.526  2.68862500e-06 -3.94471829e-06
323.854  4.39566173e-06 -1.50633592e-06
324.183  4.30261476e-06  1.39950737e-06
324.511  2.52352059e-06  3.61889757e-06
324.840 -1.71470331e-07  4.30750697e-06
325.168 -2.68564023e-06  3.25530441e-06
325.497 -4.03041153e-06  9.47976109e-07
325.825 -3.71370148e-06 -1.65396854e-06
326.154 -1.92192444e-06 -3.50347530e-06
326.482  5.81620715e-07 -3.88381744e-06
326.811  2.77227101e-06 -2.68910699e-06
327.139  3.77543598e-06 -4.43259836e-07
327.467  3.21796866e-06  1.92351343e-06
327.796  1.36050636e-06  3.45000415e-06
328.124 -1.02212241e-06  3.53538160e-06
328.453 -2.95405165e-06  2.17029093e-06
328.781 -3.65786805e-06 -7.42206201e-08
329.110 -2.86364430e-06 -2.27737434e-06
329.438 -9.03882509e-07 -3.54527691e-06
329.767  1.42063111e-06 -3.37218817e-06
330.095  3.16623179e-06 -1.83214939e-06
330.424  3.63077772e-06  4.51337465e-07
330.752  2.62618867e-06  2.55541557e-06
331.080  5.52192065e-07  3.63461399e-06
331.409 -1.76011920e-06  3.25269641e-06
331.737 -3.38685242e-06  1.55350346e-06
332.066 -3.67604310e-06 -7.90495299e-07
332.394 -2.50151962e-06 -2.85057447e-06
332.723 -3.19708427e-07 -3.80959727e-06
333.051  2.01336475e-06 -3.27824763e-06
333.380  3.58198960e-06 -1.45466836e-06
333.708  3.76321091e-06  9.53066312e-07
334.037  2.47519628e-06  3.00913425e-06
334.365  2.12315943e-07  3.90865850e-06
334.693 -2.15356060e-06  3.29276584e-06
335.022 -3.70658686e-06  1.39324719e-06
335.350 -3.84028772e-06 -1.06374501e-06
335.679 -2.49835212e-06 -3.13594518e-06
336.007 -1.90460034e-07 -4.02421204e-06
336.336  2.20490404e-06 -3.38643777e-06
336.664  3.77216427e-06 -1.46447680e-06
336.993  3.91509265e-06  1.01334478e-06
337.321  2.58260702e-06  3.10531853e-06
337.650  2.80168432e-07  4.02016664e-06
337.978 -2.11918502e-06  3.41912712e-06
338.306 -3.71000008e-06  1.53461969e-06
338.635 -3.90201331e-06 -9.17526036e-07
338.963 -2.63347759e-06 -3.01165199e-06
339.292 -3.91256810e-07 -3.96972114e-06
339.620  1.97505909e-06 -3.44684365e-06
339.949  3.58387575e-06 -1.65470485e-06
340.277  3.84938511e-06  7.20282265e-07
340.606  2.69310655e-06  2.78772778e-06
340.934  5.70861610e-07  3.78927291e-06
341.262 -1.71195503e-06  3.37415522e-06
341.591 -3.31036017e-06  1.72790073e-06
341.919 -3.64931236e-06 -5.10477283e-07
342.248 -2.63629757e-06 -2.50195112e-06
342.576 -6.84597842e-07 -3.51853689e-06
342.905  1.46035972e-06 -3.21373339e-06
343.233  3.00256140e-06 -1.74417332e-06
343.562  3.39289790e-06  3.10507043e-07
343.890  2.53114939e-06  2.17356370e-06
344.219  7.82339371e-07  3.16401784e-06
344.547 -1.17486107e-06  2.95330221e-06
344.875 -2.60760018e-06  1.67061961e-06
345.204 -3.01041553e-06 -1.64780312e-07
345.532 -2.28326417e-06 -1.84684523e-06
345.861 -7.47894797e-07 -2.75922693e-06
346.189  9.84361978e-07 -2.60337417e-06
346.518  2.25730927e-06 -1.49077313e-06
346.846  2.62227391e-06  1.12207654e-07
347.175  1.99137109e-06  1.57649376e-06
347.503  6.57069978e-07  2.36123922e-06
347.832 -8.34301201e-07  2.20904682e-06
348.160 -1.90906342e-06  1.23100143e-06
348.488 -2.18259976e-06 -1.49038595e-07
348.817 -1.59575288e-06 -1.37837259e-06
349.145 -4.27618498e-07 -1.99289035e-06
349.474  8.33616627e-07 -1.78815560e-06
349.802  1.69130832e-06 -8.92476331e-07
350.131  1.82896126e-06  3.01508329e-07
350.459  1.23128349e-06  1.30630940e-06
350.788  1.76761256e-07  1.72968838e-06
351.116 -8.90265752e-07  1.42925255e-06
351.445 -1.53732107e-06  5.61462338e-07
351.773 -1.51698738e-06 -4.98277161e-07
352.101 -8.64146376e-07 -1.30966434e-06
352.430  1.33109687e-07 -1.54507232e-06
352.758  1.05518511e-06 -1.12430344e-06
353.087  1.52015085e-06 -2.35844399e-07
353.415  1.34374683e-06  7.46254976e-07
353.744  6.07548230e-07  1.41216648e-06
354.072 -3.81573907e-07  1.48849431e-06
354.401 -1.21277429e-06  9.47192862e-07
354.729 -1.54247353e-06  9.38558349e-09
355.058 -1.23532227e-06 -9.40380701e-07
355.386 -4.11776185e-07 -1.51166857e-06
355.714  5.97059460e-07 -1.47015696e-06
356.043  1.38158128e-06 -8.25712197e-07
356.371  1.62387856e-06  1.69520304e-07
356.700  1.22012951e-06  1.11797826e-06
357.028  3.21894924e-07  1.64107724e-06
357.357 -7.18076658e-07  1.52680413e-06
357.685 -1.49039410e-06  8.11145111e-07
358.014 -1.69004212e-06 -2.29326795e-07
358.342 -1.23170393e-06 -1.18930878e-06
358.670 -2.89414662e-07 -1.69554713e-06
358.999  7.72354871e-07 -1.54679732e-06
359.327  1.54484868e-06 -7.96734921e-07
359.656  1.72788575e-06  2.65593210e-07
359.984  1.24828431e-06  1.23363540e-06
360.313  2.91390583e-07  1.73579787e-06
360.641 -7.77123284e-07  1.57831528e-06
360.970 -1.54968489e-06  8.24485153e-07
361.298 -1.73077636e-06 -2.36151588e-07
361.627 -1.25567071e-06 -1.19958312e-06
361.955 -3.10041844e-07 -1.69803411e-06
362.283  7.44889768e-07 -1.54602035e-06
362.612  1.50596745e-06 -8.08297797e-07
362.940  1.68664919e-06  2.31269461e-07
363.269  1.22621958e-06  1.17424437e-06
363.597  3.04979114e-07  1.66284608e-06
363.926 -7.22266849e-07  1.51911178e-06
364.254 -1.46302162e-06  8.04509034e-07
364.583 -1.64189786e-06 -2.03431486e-07
364.911 -1.19844137e-06 -1.11672145e-06
365.240 -3.07818558e-07 -1.59160885e-06
365.568  6.84345953e-07 -1.45471350e-06
365.896  1.40106976e-06 -7.64517372e-07
366.225  1.57586026e-06  2.08492927e-07
366.553  1.14802403e-06  1.09173645e-06
366.882  2.88277790e-07  1.55404653e-06
367.210 -6.71665594e-07  1.42482923e-06
367.539 -1.37015725e-06  7.60769868e-07
367.867 -1.54664761e-06 -1.79104745e-07
368.196 -1.14117695e-06 -1.03928608e-06
368.524 -3.15993618e-07 -1.49786366e-06
368.853  6.15025312e-07 -1.38750970e-06
369.181  1.30302560e-06 -7.59775222e-07
369.509  1.49361440e-06  1.43882832e-07
369.838  1.12547389e-06  9.84421500e-07
370.166  3.44843117e-07  1.44970093e-06
370.495 -5.54232931e-07  1.37555089e-06
370.823 -1.23709848e-06  8.00823860e-07
371.152 -1.45803133e-06 -5.50827226e-08
371.480 -1.14854429e-06 -8.72157888e-07
371.809 -4.32833034e-07 -1.35338381e-06
372.137  4.18357057e-07 -1.33537382e-06
372.466  1.09229433e-06 -8.38278391e-07
372.794  1.35407886e-06 -5.58859350e-08
373.122  1.12385663e-06  7.19703738e-07
373.451  5.01333991e-07  1.21335961e-06
373.779 -2.74249708e-07  1.26153803e-06
374.108 -9.22380159e-07  8.65535840e-07
374.436 -1.22195379e-06  1.88053651e-07
374.765 -1.08466883e-06 -5.18421704e-07
375.093 -5.84762909e-07 -1.00713068e-06
375.422  8.04116640e-08 -1.12037998e-06
375.750  6.71092686e-07 -8.45105659e-07
376.078  9.88155745e-07 -3.06574079e-07
376.407  9.44594680e-07  2.90703676e-07
376.735  5.88860659e-07  7.36927673e-07
377.064  7.06571021e-08  8.93677322e-07
377.392 -4.17733813e-07  7.39902853e-07
377.721 -7.13546164e-07  3.62219776e-07
378.049 -7.43160220e-07 -8.55409415e-08
378.378 -5.33420606e-07 -4.42569461e-07
378.706 -1.89110535e-07 -6.05033742e-07
379.035  1.51553655e-07 -5.52913627e-07
379.363  3.77241657e-07 -3.42500005e-07
379.691  4.39663053e-07 -7.78894789e-08
380.020  3.56715115e-07  1.40311677e-07
380.348  1.97217760e-07  2.54904649e-07
380.677  4.08719865e-08  2.61384308e-07
381.005 -6.15237631e-08  2.01321408e-07
381.334 -1.00105635e-07  1.32828644e-07
381.662 -1.03081836e-07  9.26564342e-08
381.991 -1.14837610e-07  8.28274755e-08
382.319 -1.59638680e-07  7.34220689e-08
382.648 -2.26101400e-07  2.05120926e-08
382.976 -2.71233240e-07 -9.75651528e-08
383.304 -2.37452608e-07 -2.59846891e-07
383.633 -9.06536074e-08 -4.06552222e-07
383.961  1.51096511e-07 -4.56394504e-07
384.290  4.17132823e-07 -3.47302937e-07
384.618  6.00491331e-07 -7.64589152e-08
384.947  6.00253495e-07  2.89581988e-07
385.275  3.74043519e-07  6.26400548e-07
385.604 -3.67722595e-08  7.92289466e-07
385.932 -5.08343719e-07  6.91401955e-07
386.261 -8.67587712e-07  3.17611860e-07
386.589 -9.60805506e-07 -2.30691978e-07
386.917 -7.16519388e-07 -7.69665346e-07
387.246 -1.80824490e-07 -1.09587338e-06
387.574  4.80666175e-07 -1.06428066e-06
387.903  1.03577758e-06 -6.45826811e-07
388.231  1.27092480e-06  4.44609286e-08
388.560  1.06864908e-06  7.77124493e-07
388.888  4.63917357e-07  1.28930976e-06
389.217 -3.53595915e-07  1.37570512e-06
389.545 -1.10352934e-06  9.70851403e-07
389.874 -1.50881585e-06  1.88364836e-07
390.202 -1.39727090e-06 -7.13730619e-07
390.530 -7.77714960e-07 -1.41717374e-06
390.859  1.55849101e-07 -1.65350361e-06
391.187  1.08517026e-06 -1.31136194e-06
391.516  1.67255427e-06 -4.84183382e-07
391.844  1.68824521e-06  5.55716777e-07
392.173  1.10017491e-06  1.44202967e-06
392.501  9.10974760e-08  1.84664967e-06
392.830 -9.92858177e-07  1.60354302e-06
393.158 -1.76174018e-06  7.71527717e-07
393.486 -1.92599524e-06 -3.73516764e-07
393.815 -1.40114524e-06 -1.42832083e-06
394.143 -3.48789322e-07 -2.00881290e-06
394.472  8.68688394e-07 -1.88658840e-06
394.800  1.81719548e-06 -1.07761446e-06
395.129  2.14366331e-06  1.49156070e-07
395.457  1.70481008e-06  1.36430181e-06
395.786  6.32577128e-07  2.12773752e-06
396.114 -7.06349870e-07  2.14388102e-06
396.443 -1.83694617e-06  1.37939933e-06
396.771 -2.33912381e-06  8.42916564e-08
397.099 -2.00596802e-06 -1.29206793e-06
397.428 -9.28235989e-07 -2.25143123e-06
397.756  5.32227588e-07 -2.42734025e-06
398.085  1.85926042e-06 -1.72642179e-06
398.413  2.56307993e-06 -3.67615826e-07
398.742  2.36352226e-06  1.18255453e-06
399.070  1.29532487e-06  2.36655891e-06
399.399 -2.91524195e-07  2.73927888e-06
