0.317  4.62077956e-03 -7.31859585e-04
0.633  2.63440870e-03  6.71803607e-04
0.950  1.42041590e-03  1.33419745e-03
1.266  4.12263763e-04  1.41015495e-03
1.583 -3.42941990e-04  1.15357445e-03
1.899 -7.53868232e-04  6.54865433e-04
2.216 -8.46467548e-04  9.18212083e-05
2.532 -6.63450228e-04 -3.72137330e-04
2.849 -2.85209751e-04 -6.04371709e-04
3.165  9.45539448e-05 -6.00099360e-04
3.482  3.71406561e-04 -3.87263851e-04
3.798  4.82636911e-04 -6.93247826e-05
4.115  4.05659287e-04  1.96821788e-04
4.431  1.96224186e-04  3.59542185e-04
4.748 -4.06065110e-05  3.81693913e-04
5.064 -2.48298841e-04  2.58803027e-04
5.381 -3.36488707e-04  6.29105333e-05
5.697 -2.91335802e-04 -1.45778340e-04
6.014 -1.47837918e-04 -2.71429100e-04
6.330  3.11080107e-05 -2.77142848e-04
6.647  1.79383653e-04 -1.87418988e-04
6.963  2.49672173e-04 -4.76615184e-05
7.280  2.21469082e-04  1.04842460e-04
7.596  1.18703246e-04  2.04841128e-04
7.913 -2.38638185e-05  2.25240792e-04
8.229 -1.43922492e-04  1.61354089e-04
8.546 -2.05109915e-04  4.18014167e-05
8.862 -1.81944583e-04 -7.95307817e-05
9.179 -9.03985138e-05 -1.59190953e-04
9.495  2.51432945e-05 -1.75889044e-04
9.812  1.18151144e-04 -1.22102429e-04
10.128  1.59082625e-04 -2.78888924e-05
10.445  1.39240194e-04  7.05806204e-05
10.761  6.61529493e-05  1.36983024e-04
11.078 -2.98497855e-05  1.45775569e-04
11.394 -1.08876489e-04  9.68708496e-05
11.711 -1.45097286e-04  1.53299581e-05
12.027 -1.26868272e-04 -6.74822682e-05
12.344 -6.38930373e-05 -1.21893039e-04
12.660  2.00428472e-05 -1.28411978e-04
12.977  9.32944638e-05 -8.78970741e-05
13.293  1.28674818e-04 -1.78189595e-05
13.610  1.14975247e-04  5.70683410e-05
13.926  5.93280922e-05  1.10229260e-04
14.243 -1.41544632e-05  1.21674452e-04
14.559 -7.54468128e-05  8.90519441e-05
14.876 -1.03823247e-04  2.79555015e-05
15.192 -9.21020364e-05 -3.63060341e-05
15.509 -4.63515389e-05 -7.94070038e-05
15.825  1.53415018e-05 -8.61593990e-05
16.142  6.92326000e-05 -5.59070465e-05
16.458  9.45653889e-05 -1.91235015e-06
16.775  8.38137430e-05  5.31073438e-05
17.091  4.34732127e-05  8.82149426e-05
17.408 -1.02725285e-05  9.10696330e-05
17.725 -5.61524677e-05  6.19840885e-05
18.041 -7.61155137e-05  1.24648972e-05
18.358 -6.27596443e-05 -3.83099528e-05
18.674 -2.26136936e-05 -7.09646612e-05
18.991  2.74105502e-05 -7.42804557e-05
19.307  6.78773516e-05 -4.85096162e-05
19.624  8.42999986e-05 -5.11841716e-06
19.940  7.15078153e-05  3.81086470e-05
20.257  3.56308902e-05  6.46595236e-05
20.573 -8.83297161e-06  6.50338431e-05
20.890 -4.48759619e-05  4.01492043e-05
21.206 -6.00063787e-05  6.89825714e-07
21.523 -4.98719650e-05 -3.75086840e-05
21.839 -2.02051646e-05 -6.00619216e-05
22.156  1.60837851e-05 -5.86012879e-05
22.472  4.44038728e-05 -3.50810003e-05
22.789  5.34069374e-05  7.03533469e-07
23.105  3.98475940e-05  3.53694599e-05
23.422  9.48119597e-06  5.56449329e-05
23.738 -2.57390253e-05  5.38171005e-05
24.055 -5.23900312e-05  3.11998901e-05
24.371 -6.02130393e-05 -2.79692773e-06
24.688 -4.65377226e-05 -3.48234642e-05
25.004 -1.70590040e-05 -5.27038878e-05
25.321  1.65983843e-05 -5.03161565e-05
25.637  4.19790738e-05 -2.96305184e-05
25.954  5.02994205e-05  8.01652361e-07
26.270  3.95813095e-05  2.89418648e-05
26.587  1.46503014e-05  4.43923108e-05
26.903 -1.44368740e-05  4.19882472e-05
27.220 -3.61975592e-05  2.33678031e-05
27.536 -4.26665769e-05 -3.92043347e-06
27.853 -3.20035535e-05 -2.91141084e-05
28.169 -9.20277773e-06 -4.25922688e-05
28.486  1.61455354e-05 -3.95585319e-05
28.802  3.40812531e-05 -2.16562006e-05
29.119  3.79314903e-05  3.61731521e-06
29.435  2.65809572e-05  2.62863398e-05
29.752  4.86637996e-06  3.78480451e-05
30.068 -1.85330782e-05  3.43327235e-05
30.385 -3.47479899e-05  1.78533407e-05
30.701 -3.79456184e-05 -4.46287514e-06
31.018 -2.74324215e-05 -2.36977147e-05
31.334 -7.84557565e-06 -3.25394302e-05
31.651  1.30486949e-05 -2.78584854e-05
31.967  2.71753671e-05 -1.18003710e-05
32.284  2.92274384e-05  9.31826578e-06
32.600  1.88123941e-05  2.74759293e-05
32.917  2.66667404e-07  3.58652414e-05
33.233 -1.91660267e-05  3.17158349e-05
33.550 -3.19897490e-05  1.72043276e-05
33.866 -3.35537967e-05 -1.74301346e-06
34.183 -2.37276392e-05 -1.76485655e-05
34.499 -6.64050798e-06 -2.44317560e-05
34.816  1.08633538e-05 -1.98742069e-05
35.133  2.19832148e-05 -6.11462664e-06
35.449  2.26660514e-05  1.12423211e-05
35.766  1.28974690e-05  2.52633134e-05
36.082 -3.32608175e-06  3.05482135e-05
36.399 -1.94689422e-05  2.51488772e-05
36.715 -2.92646803e-05  1.11601461e-05
37.032 -2.90665199e-05 -6.04304151e-06
37.348 -1.90174447e-05 -2.00487415e-05
37.665 -3.07636547e-06 -2.59283942e-05
37.981  1.27256585e-05 -2.18945211e-05
38.298  2.27239179e-05 -9.99955697e-06
38.614  2.35518180e-05  4.74157234e-06
38.931  1.54885934e-05  1.65267148e-05
39.247  2.26344666e-06  2.09021291e-05
39.564 -1.07124961e-05  1.64365027e-05
39.880 -1.83588713e-05  5.28541150e-06
40.197 -1.78022027e-05 -7.95001606e-06
40.513 -9.56074194e-06 -1.80484570e-05
40.830  2.90664498e-06 -2.10684694e-05
41.146  1.46444206e-05 -1.59542143e-05
41.463  2.09912601e-05 -4.79639458e-06
41.779  1.95223238e-05  8.11767210e-06
42.096  1.09455713e-05  1.78519770e-05
42.412 -1.40642287e-06  2.08436729e-05
42.729 -1.27973392e-05  1.62838047e-05
43.045 -1.89476498e-05  6.18925036e-06
43.362 -1.77864335e-05 -5.34042756e-06
43.678 -1.00354002e-05 -1.37294771e-05
43.995  1.12071728e-06 -1.58579077e-05
44.311  1.12289217e-05 -1.10958005e-05
44.628  1.64481831e-05 -1.44524685e-06
44.944  1.49370341e-05  9.16918332e-06
45.261  7.42991983e-06  1.66035527e-05
45.577 -2.98612813e-06  1.81063902e-05
45.894 -1.22284550e-05  1.32012089e-05
46.210 -1.68758803e-05  3.91564896e-06
46.527 -1.53103113e-05 -6.08026100e-06
46.843 -8.38691681e-06 -1.30267087e-05
47.160  9.24957688e-07 -1.44047717e-05
47.476  8.90036197e-06 -9.91109845e-06
47.793  1.24176178e-05 -1.57725165e-06
48.109  1.01124815e-05  7.22027670e-06
48.426  2.96977792e-06  1.30356781e-05
48.742 -6.23168082e-06  1.36075885e-05
49.059 -1.40297617e-05  8.82698803e-06
49.375 -1.75117148e-05  6.41270328e-07
49.692 -1.55285034e-05 -7.81357467e-06
50.008 -9.05717959e-06 -1.33255404e-05
50.325 -6.59940385e-07 -1.39185933e-05
50.641  6.42982385e-06 -9.59981287e-06
50.958  9.60639381e-06 -2.16795222e-06
51.274  7.94409466e-06  5.44558098e-06
51.591  2.36240301e-06  1.03214632e-05
51.907 -4.74429686e-06  1.07752591e-05
52.224 -1.04101908e-05  6.85932625e-06
52.541 -1.23817442e-05  2.95459841e-07
52.857 -9.91217065e-06 -6.14156995e-06
53.174 -3.96226553e-06 -9.84596096e-06
53.490  3.10899662e-06 -9.37243582e-06
53.807  8.57438049e-06 -4.87377695e-06
54.123  1.04281355e-05  1.89476554e-06
54.440  8.02686102e-06  8.32851061e-06
54.756  2.38767898e-06  1.20670481e-05
55.073 -4.23106999e-06  1.17800473e-05
55.389 -9.33175308e-06  7.69765472e-06
55.706 -1.10504985e-05  1.53435643e-06
56.022 -8.85260863e-06 -4.32752966e-06
56.339 -3.77815890e-06 -7.71303353e-06
56.655  2.11246473e-06 -7.43268805e-06
56.972  6.54275936e-06 -3.80597187e-06
57.288  7.81659096e-06  1.57981937e-06
57.605  5.55259597e-06  6.54409111e-06
57.921  7.61040513e-07  9.07378442e-06
58.238 -4.65471003e-06  8.17943523e-06
58.554 -8.55940188e-06  4.26041555e-06
58.871 -9.46124255e-06 -1.18300217e-06
59.187 -7.11933708e-06 -6.07280444e-06
59.504 -2.49832896e-06 -8.56874179e-06
59.820  2.57970272e-06 -7.84681608e-06
60.137  6.11710309e-06 -4.29343270e-06
60.453  6.80735994e-06  6.58287226e-07
60.770  4.45172813e-06  5.03274272e-06
61.086 -1.97200154e-08  7.17748519e-06
61.403 -4.84665520e-06  6.35539192e-06
61.719 -8.21226327e-06  2.93441809e-06
62.036 -8.94892251e-06 -1.69874879e-06
62.352 -6.87548714e-06 -5.74738312e-06
62.669 -2.91047597e-06 -7.75586417e-06
62.985  1.32200795e-06 -7.06461820e-06
63.302  4.21802757e-06 -4.08946671e-06
63.618  4.72944497e-06 -1.60060311e-07
63.935  2.76810049e-06  3.11473365e-06
64.251 -7.24592541e-07  4.41911400e-06
64.568 -4.26163504e-06  3.21109183e-06
64.884 -6.37622360e-06 -3.23395912e-09
65.201 -6.13608870e-06 -3.96093001e-06
65.517 -3.57949479e-06 -7.15666938e-06
65.834  3.60759120e-07 -8.34880277e-06
66.150  4.27892436e-06 -7.10391366e-06
66.467  6.75878464e-06 -3.93934631e-06
66.783  6.96423334e-06 -3.03881048e-08
67.100  4.97394888e-06  3.17971469e-06
67.416  1.63968327e-06  4.55604734e-06
67.733 -1.70818483e-06  3.75678970e-06
68.049 -3.76664955e-06  1.25577297e-06
68.366 -3.83658666e-06 -1.84180537e-06
68.682 -2.00660921e-06 -4.19610970e-06
68.999  9.14883629e-07 -4.83919061e-06
69.315  3.66274376e-06 -3.50262664e-06
69.632  5.08810050e-06 -6.64023957e-07
69.949  4.59724088e-06  2.57492286e-06
70.265  2.30449334e-06  4.97376480e-06
70.582 -9.53571363e-07  5.66213135e-06
70.898 -3.97098296e-06  4.38715516e-06
71.215 -5.69858891e-06  1.64841036e-06
71.531 -5.56407331e-06 -1.49588637e-06
71.848 -3.70071251e-06 -3.92115346e-06
72.164 -9.19940465e-07 -4.80559409e-06
72.481  1.69677695e-06 -3.92456246e-06
72.797  3.18519783e-06 -1.77933114e-06
73.114  3.02584453e-06  6.88485608e-07
73.430  1.40063019e-06  2.47257775e-06
73.747 -9.46674535e-07  2.83454772e-06
74.063 -3.04513631e-06  1.65013717e-06
74.380 -4.01080891e-06 -5.76330851e-07
74.696 -3.43986769e-06 -2.97828061e-06
75.013 -1.56932534e-06 -4.60378543e-06
75.329  8.97995212e-07 -4.81301824e-06
75.646  3.01980525e-06 -3.56287704e-06
75.962  3.97910591e-06 -1.33993230e-06
76.279  3.45856261e-06  1.00494244e-06
76.595  1.68918119e-06  2.55792983e-06
76.912 -6.46724079e-07  2.76291259e-06
77.228 -2.63231223e-06  1.58215664e-06
77.545 -3.53625869e-06 -5.28684964e-07
77.861 -3.07007332e-06 -2.74242834e-06
78.178 -1.43475973e-06 -4.23508115e-06
78.494  7.07272540e-07 -4.51355394e-06
78.811  2.52578545e-06 -3.52918675e-06
79.127  3.38748024e-06 -1.73322954e-06
79.444  3.02749311e-06  1.11049098e-07
79.760  1.67125242e-06  1.29275670e-06
80.077 -3.80073445e-08  1.37111277e-06
80.393 -1.36729424e-06  3.45273715e-07
80.710 -1.74338905e-06 -1.30469853e-06
81.026 -9.51879468e-07 -2.87648816e-06
81.343  7.22926035e-07 -3.70875441e-06
81.659  2.66226380e-06 -3.39255269e-06
81.976  4.16873961e-06 -1.98764348e-06
82.292  4.67480458e-06  3.15125517e-08
82.609  4.00611200e-06  2.00061021e-06
82.925  2.44035723e-06  3.25735034e-06
83.242  5.35323876e-07  3.41979627e-06
83.558 -1.03530960e-06  2.54736150e-06
83.875 -1.74443262e-06  1.03940851e-06
84.191 -1.45122543e-06 -4.93327443e-07
84.508 -3.79769659e-07 -1.45015215e-06
84.824  9.70360717e-07 -1.52766760e-06
85.141  1.98878530e-06 -7.80248953e-07
85.457  2.25517712e-06  4.28478690e-07
85.774  1.67560884e-06  1.52680160e-06
86.090  4.75348820e-07  2.01671950e-06
86.407 -8.40463038e-07  1.67325380e-06
86.723 -1.72251998e-06  5.79119387e-07
87.040 -1.82149502e-06 -8.59479395e-07
87.357 -1.06563370e-06 -2.08162650e-06
87.673  2.77069047e-07 -2.63627750e-06
87.990  1.68731745e-06 -2.30045114e-06
88.306  2.65129708e-06 -1.17655180e-06
88.623  2.81327419e-06  3.12113871e-07
88.939  2.09650168e-06  1.64179136e-06
89.256  7.77016233e-07  2.36392201e-06
89.572 -6.75544613e-07  2.23726957e-06
89.889 -1.78111593e-06  1.36443615e-06
90.205 -2.18090676e-06  1.10292093e-07
90.522 -1.81405583e-06 -1.07189875e-06
90.838 -9.19053459e-07 -1.76292517e-06
91.155  1.15192483e-07 -1.76961394e-06
91.471  8.57698559e-07 -1.20437836e-06
91.788  1.02026798e-06 -3.74960721e-07
92.104  6.01954765e-07  3.07725316e-07
92.421 -1.71681824e-07  4.89983091e-07
92.737 -9.23924903e-07  6.58933243e-08
93.054 -1.25209852e-06 -8.26037052e-07
93.370 -9.42399667e-07 -1.85926778e-06
93.687 -2.75730860e-08 -2.60336812e-06
94.003  1.24632028e-06 -2.73909519e-06
94.320  2.46123838e-06 -2.17393075e-06
94.636  3.21852466e-06 -1.03692428e-06
94.953  3.30113764e-06  3.21731025e-07
95.269  2.69993362e-06  1.47722005e-06
95.586  1.64837903e-06  2.12030285e-06
95.902  5.35457492e-07  2.11485432e-06
96.219 -2.89507297e-07  1.55815967e-06
96.535 -6.02013372e-07  7.58229777e-07
96.852 -3.77039080e-07  5.63757156e-08
97.168  1.73928131e-07 -2.79561423e-07
97.485  7.43583414e-07 -1.33959625e-07
97.801  1.04997636e-06  3.72262859e-07
98.118  9.12831483e-07  9.72512202e-07
98.434  3.69311278e-07  1.38190294e-06
98.751 -3.59462794e-07  1.36878899e-06
99.067 -9.91715516e-07  8.85595530e-07
99.384 -1.25190801e-06  9.43951953e-08
99.700 -1.00177230e-06 -7.40185446e-07
100.017 -3.20976880e-07 -1.31381876e-06
100.333  5.70411894e-07 -1.40104607e-06
100.650  1.36952462e-06 -9.80788962e-07
100.966  1.78635423e-06 -1.99776375e-07
101.283  1.69787178e-06  6.77032605e-07
101.599  1.15906405e-06  1.33229069e-06
101.916  3.65077917e-07  1.55898201e-06
102.232 -3.82122643e-07  1.31918499e-06
102.549 -8.24343020e-07  7.21494079e-07
102.865 -8.46899174e-07  1.80403569e-08
103.182 -4.73941429e-07 -5.16292846e-07
103.498  1.10572853e-07 -7.12627090e-07
103.815  6.42206747e-07 -5.23268364e-07
104.131  9.18886955e-07 -5.82435007e-08
104.448  8.37246599e-07  4.47649508e-07
104.765  4.36586453e-07  7.75562765e-07
105.081 -8.93343993e-08  7.80100789e-07
105.398 -5.15408025e-07  4.34558973e-07
105.714 -6.61970996e-07 -1.19297031e-07
106.031 -4.38181437e-07 -6.63175993e-07
106.347  8.02144080e-08 -9.93386165e-07
106.664  7.01353008e-07 -9.61434500e-07
106.980  1.21434515e-06 -5.67625058e-07
107.297  1.42743054e-06  4.27625357e-08
107.613  1.26464463e-06  6.71950408e-07
107.930  8.07818554e-07  1.10629646e-06
108.246  2.20093275e-07  1.20438729e-06
108.563 -2.89740876e-07  9.77946878e-07
108.879 -5.37507716e-07  5.41370036e-07
109.196 -4.71327979e-07  7.69408422e-08
109.512 -1.54087052e-07 -2.12407192e-07
109.829  2.69703891e-07 -2.22714380e-07
110.145  5.97253063e-07  3.24347934e-08
110.462  6.83725316e-07  4.51219577e-07
110.778  4.95751753e-07  8.45827889e-07
111.095  8.95441210e-08  1.04165421e-06
111.411 -3.75363265e-07  9.60329620e-07
111.728 -7.07730500e-07  6.09805871e-07
112.044 -7.87708525e-07  1.08171828e-07
112.361 -5.73135798e-07 -3.53991463e-07
112.677 -1.27811455e-07 -6.24270098e-07
112.994  3.80549784e-07 -6.13572504e-07
113.310  7.84579542e-07 -3.24301215e-07
113.627  9.61209826e-07  1.19351034e-07
113.943  8.56549812e-07  5.56092124e-07
114.260  5.40806210e-07  8.47345614e-07
114.576  1.53195409e-07  8.97500518e-07
114.893 -1.68472495e-07  7.22934532e-07
115.209 -3.04245159e-07  4.32117786e-07
115.526 -2.24035685e-07  1.51680645e-07
115.842 -3.63535524e-09  1.12703391e-08
116.159  2.44560713e-07  7.82713706e-08
116.475  3.88647072e-07  3.09634640e-07
116.792  3.29029393e-07  6.07888854e-07
117.108  7.15667753e-08  8.42644741e-07
117.425 -3.06978036e-07  8.85452384e-07
117.741 -6.85132645e-07  6.98023317e-07
118.058 -9.13870087e-07  3.25324416e-07
118.374 -9.08246847e-07 -1.33128371e-07
118.691 -6.70709795e-07 -5.24272554e-07
119.007 -2.63945510e-07 -7.24530446e-07
119.324  1.77282835e-07 -6.91269373e-07
119.640  5.09878613e-07 -4.41952154e-07
119.957  6.55288267e-07 -7.40573323e-08
120.273  5.89116914e-07  2.72101697e-07
120.590  3.63529488e-07  4.97723984e-07
120.906  9.91144129e-08  5.48727082e-07
121.223 -9.97125728e-08  4.35523717e-07
121.539 -1.63240196e-07  2.51583028e-07
121.856 -7.02120183e-08  9.92547022e-08
122.173  1.13172583e-07  5.57540198e-08
122.489  2.88328206e-07  1.66123040e-07
122.806  3.72020364e-07  3.92037034e-07
123.122  2.98697109e-07  6.41635831e-07
123.439  7.53240828e-08  8.26720329e-07
123.755 -2.20205649e-07  8.63959424e-07
124.072 -4.99127911e-07  7.25672599e-07
124.388 -6.65762364e-07  4.65921030e-07
124.705 -6.58284855e-07  1.65719638e-07
125.021 -4.98320375e-07 -7.65370641e-08
125.338 -2.49667981e-07 -1.72014269e-07
125.654 -1.96604477e-09 -1.07032222e-07
125.971  1.41073702e-07  7.80757310e-08
126.287  1.33594214e-07  3.11358034e-07
126.604 -9.65280217e-09  4.87097130e-07
126.920 -2.39313040e-07  5.33860431e-07
127.237 -4.58822167e-07  4.41385020e-07
127.553 -5.79518583e-07  2.34761651e-07
127.870 -5.68354890e-07 -7.34163852e-09
128.186 -4.26854170e-07 -1.88346586e-07
128.503 -2.09842642e-07 -2.55989603e-07
128.819 -1.23644193e-08 -1.90617330e-07
129.136  9.86595059e-08 -2.01451262e-08
129.452  8.57150718e-08  1.70898162e-07
129.769 -5.07494756e-08  3.06560685e-07
130.085 -2.44814201e-07  3.35617262e-07
130.402 -4.18328004e-07  2.33113968e-07
130.718 -5.11431931e-07  4.02433463e-08
131.035 -4.78401999e-07 -1.69979700e-07
131.351 -3.32447352e-07 -3.34680547e-07
131.668 -1.34340253e-07 -3.94116752e-07
131.984  5.59860208e-08 -3.33973224e-07
132.301  1.73278732e-07 -1.97540689e-07
132.617  1.80586110e-07 -3.72450266e-08
132.934  1.02123580e-07  8.37402661e-08
133.250 -1.85353067e-08  1.12540430e-07
133.567 -1.24269693e-07  5.45056321e-08
133.883 -1.51815123e-07 -5.57365938e-08
134.200 -8.74249352e-08 -1.68662992e-07
134.516  4.44500199e-08 -2.15115655e-07
134.833  2.03049472e-07 -1.61706493e-07
135.149  3.17842190e-07 -1.95340593e-08
135.466  3.36151258e-07  1.82045483e-07
135.782  2.51421773e-07  3.77662023e-07
136.099  7.73503935e-08  4.99686383e-07
136.415 -1.34526038e-07  5.22443554e-07
136.732 -3.10853488e-07  4.41815422e-07
137.048 -4.10322464e-07  2.88808527e-07
137.365 -4.13182650e-07  1.32201337e-07
137.681 -3.28152322e-07  2.28849710e-08
137.998 -2.11659398e-07 -8.52895398e-09
138.314 -1.18454438e-07  4.90017601e-08
138.631 -8.54086409e-08  1.55743404e-07
138.947 -1.38966891e-07  2.57378793e-07
139.264 -2.58194701e-07  3.13750027e-07
139.581 -3.93037976e-07  2.87235880e-07
139.897 -5.02209115e-07  1.78896137e-07
140.214 -5.41054847e-07  3.00942073e-08
140.530 -4.91131907e-07 -1.19410137e-07
140.847 -3.80640212e-07 -2.22711924e-07
141.163 -2.44558852e-07 -2.44713609e-07
141.480 -1.26748934e-07 -1.97525261e-07
141.796 -7.34118426e-08 -1.08677343e-07
142.113 -8.86695818e-08 -1.46727856e-08
142.429 -1.53305175e-07  3.37682512e-08
142.746 -2.39899697e-07  1.81179708e-08
143.062 -2.98600418e-07 -5.05658865e-08
143.379 -2.98628419e-07 -1.53702820e-07
143.695 -2.42537836e-07 -2.46243505e-07
144.012 -1.40692758e-07 -2.87590037e-07
144.328 -3.01520411e-08 -2.70937474e-07
144.645  4.19849375e-08 -1.98868322e-07
144.961  5.89284930e-08 -9.79010001e-08
145.278  1.57555133e-08 -1.73576275e-08
145.594 -7.33123233e-08  1.61850504e-08
145.911 -1.61701412e-07 -9.46767782e-09
146.227 -2.14542391e-07 -9.32466383e-08
146.544 -2.12895821e-07 -1.96586752e-07
146.860 -1.45011565e-07 -2.79482553e-07
147.177 -3.67653619e-08 -3.17634121e-07
147.493  7.11394782e-08 -2.88477927e-07
147.810  1.51250808e-07 -2.02316838e-07
148.126  1.73646291e-07 -9.58694576e-08
148.443  1.32506075e-07  2.78648914e-09
148.759  5.64505897e-08  6.06366743e-08
149.076 -2.82159706e-08  5.76780615e-08
149.392 -8.95995536e-08  1.18338197e-08
149.709 -9.72964176e-08 -5.37840691e-08
150.025 -5.74455561e-08 -1.11109451e-07
150.342  1.07854676e-08 -1.23253088e-07
150.658  8.44557120e-08 -8.38651172e-08
150.975  1.23980086e-07 -6.70885171e-09
151.291  1.10544837e-07  9.16327275e-08
151.608  5.05856522e-08  1.73337324e-07
151.924 -4.68901111e-08  2.09115653e-07
152.241 -1.50619094e-07  1.97001344e-07
152.557 -2.25027810e-07  1.38119724e-07
152.874 -2.60443198e-07  5.33354646e-08
153.190 -2.51628305e-07 -2.08561064e-08
153.507 -2.07866185e-07 -6.92717736e-08
153.823 -1.62226215e-07 -8.33858041e-08
154.140 -1.33513014e-07 -6.27630106e-08
154.456 -1.30989491e-07 -3.49567781e-08
154.773 -1.61756059e-07 -2.19677734e-08
155.089 -2.04548155e-07 -3.33930918e-08
155.406 -2.33963183e-07 -8.07936047e-08
155.722 -2.38633397e-07 -1.50177143e-07
156.039 -2.03271602e-07 -2.13572256e-07
156.355 -1.32786301e-07 -2.56248960e-07
156.672 -5.48048732e-08 -2.59373144e-07
156.989  1.25216643e-08 -2.17023226e-07
157.305  4.77997335e-08 -1.52132374e-07
157.622  3.40908437e-08 -8.45333806e-08
157.938 -1.44946044e-08 -3.60572341e-08
158.255 -7.91278578e-08 -3.26732108e-08
158.571 -1.40197978e-07 -7.17085232e-08
158.888 -1.66505005e-07 -1.38037030e-07
159.204 -1.48784153e-07 -2.16690722e-07
159.521 -9.64427425e-08 -2.76019482e-07
159.837 -1.82679214e-08 -2.96503406e-07
160.154  5.83398067e-08 -2.80989201e-07
160.470  1.06982567e-07 -2.31978161e-07
160.787  1.24314400e-07 -1.69273242e-07
161.103  1.07880961e-07 -1.22291610e-07
161.420  6.86176785e-08 -9.97975809e-08
161.736  3.56549280e-08 -1.07480894e-07
162.053  2.27031973e-08 -1.43031947e-07
162.369  3.76686900e-08 -1.80406060e-07
162.686  8.61283959e-08 -2.01409853e-07
163.002  1.47968768e-07 -1.96106761e-07
163.319  2.01921045e-07 -1.51800686e-07
163.635  2.36280507e-07 -7.95917782e-08
163.952  2.32641489e-07 -7.28900824e-10
164.268  1.90836689e-07  7.28419338e-08
164.585  1.28137330e-07  1.20180886e-07
164.901  5.42126960e-08  1.30261471e-07
165.218 -1.21044726e-08  1.13705776e-07
165.534 -5.24541540e-08  7.62202880e-08
165.851 -7.07232752e-08  3.04937637e-08
166.167 -6.92116626e-08 -2.73108912e-09
166.484 -5.31196914e-08 -2.23315960e-08
166.800 -4.16798971e-08 -2.94566871e-08
167.117 -3.95267360e-08 -2.33480680e-08
167.433 -4.48434980e-08 -1.99635220e-08
167.750 -6.18354584e-08 -2.72393458e-08
168.066 -7.84898639e-08 -4.27724759e-08
168.383 -8.34055753e-08 -7.25822166e-08
168.699 -7.80937557e-08 -1.09617865e-07
169.016 -5.51455071e-08 -1.40071883e-07
169.332 -1.48982515e-08 -1.63412806e-07
169.649  2.95641407e-08 -1.71203759e-07
169.965  7.64939980e-08 -1.55757432e-07
170.282  1.18381721e-07 -1.25223702e-07
170.598  1.40690762e-07 -7.98414977e-08
170.915  1.43825024e-07 -2.24016710e-08
171.231  1.23803633e-07  3.02047872e-08
171.548  7.46638312e-08  7.11056930e-08
171.864  8.92867903e-09  9.14160393e-08
172.181 -6.33085342e-08  7.42727315e-08
172.497 -1.30724546e-07  2.11392429e-08
172.814 -1.67084919e-07 -6.10830018e-08
173.130 -1.58869426e-07 -1.63981288e-07
173.447 -1.03549211e-07 -2.57683250e-07
173.763 -3.04323114e-10 -3.14500644e-07
174.080  1.25883854e-07 -3.19028223e-07
174.397  2.38750091e-07 -2.56481290e-07
174.713  3.10608733e-07 -1.38284940e-07
175.030  3.11264167e-07 -6.45819903e-10
175.346  2.32158673e-07  1.20673079e-07
175.663  9.99609390e-08  1.82094559e-07
175.979 -4.81117645e-08  1.52025892e-07
176.296 -1.59930107e-07  3.88727575e-08
176.612 -1.81334357e-07 -1.26787493e-07
176.929 -9.53883987e-08 -2.91318471e-07
177.245  8.31285937e-08 -3.81963706e-07
177.562  3.08434507e-07 -3.51851231e-07
177.878  4.97341296e-07 -1.90235372e-07
178.195  5.72802582e-07  7.68903979e-08
178.511  4.90280355e-07  3.69323458e-07
178.828  2.42814604e-07  5.86674501e-07
179.144 -1.10564247e-07  6.47557663e-07
179.461 -4.61576151e-07  5.01321959e-07
179.777 -6.97803056e-07  1.66080735e-07
180.094 -7.21279526e-07 -2.64721605e-07
180.410 -4.93208410e-07 -6.63771356e-07
180.727 -6.66815928e-08 -8.92870484e-07
181.043  4.40629120e-07 -8.49563621e-07
181.360  8.68793543e-07 -5.24535771e-07
181.676  1.05771352e-06  2.34189723e-09
181.993  9.22932784e-07  5.76868334e-07
182.309  4.80726590e-07  1.00060988e-06
182.626 -1.52179181e-07  1.11448017e-06
182.942 -7.69316278e-07  8.53332635e-07
183.259 -1.15207939e-06  2.65940465e-07
183.575 -1.14819914e-06 -4.70295414e-07
183.892 -7.14558102e-07 -1.10609063e-06
184.208  3.93551258e-08 -1.41112600e-06
184.525  8.73651937e-07 -1.23781792e-06
184.841  1.50514958e-06 -5.92954190e-07
185.158  1.68500998e-06  3.39980428e-07
185.474  1.29319148e-06  1.26572956e-06
185.791  4.09308123e-07  1.85662983e-06
186.107 -7.12486713e-07  1.85933380e-06
186.424 -1.70865329e-06  1.21042756e-06
186.740 -2.20995915e-06  6.43432874e-08
187.057 -1.98944098e-06 -1.24030469e-06
187.373 -1.04866091e-06 -2.26282640e-06
187.690  3.69284943e-07 -2.62022271e-06
188.006  1.82111896e-06 -2.12658456e-06
188.323  2.80845213e-06 -8.62044896e-07
188.639  2.95365243e-06  8.11575501e-07
188.956  2.12472986e-06  2.35244124e-06
189.272  5.17477905e-07  3.22411763e-06
189.589 -1.37680387e-06  3.06507012e-06
189.905 -2.93260165e-06  1.83675058e-06
190.222 -3.58166391e-06 -1.21209474e-07
190.538 -3.01444964e-06 -2.19310266e-06
190.855 -1.32835867e-06 -3.66892494e-06
191.171  9.85128534e-07 -3.97449412e-06
191.488  3.17626058e-06 -2.90273476e-06
191.805  4.46113658e-06 -7.08700857e-07
192.121  4.30973889e-06  1.94546203e-06
192.438  2.65077337e-06  4.16830924e-06
192.754 -7.61185162e-08  5.14317118e-06
193.071 -3.01196131e-06  4.42493832e-06
193.387 -5.14819667e-06  2.11113516e-06
193.704 -5.67771863e-06 -1.13133740e-06
194.020 -4.27660899e-06 -4.24885204e-06
194.337 -1.26642493e-06 -6.15243560e-06
194.653  2.43508265e-06 -6.08005662e-06
194.970  5.60278467e-06 -3.89083161e-06
195.286  7.09671066e-06 -1.79595508e-07
195.603  6.26063225e-06  3.88747487e-06
195.919  3.20725598e-06  6.93101243e-06
196.236 -1.17227647e-06  7.81077917e-06
196.552 -5.46271981e-06  6.05965225e-06
196.869 -8.16225070e-06  2.09320637e-06
197.185 -8.21434781e-06 -2.87847296e-06
197.502 -5.41234632e-06 -7.19640212e-06
197.818 -5.20258385e-07 -9.30713792e-06
198.135  4.90744629e-06 -8.32233271e-06
198.451  9.01261410e-06 -4.36138660e-06
198.768  1.02752880e-05  1.40689068e-06
199.084  8.05429923e-06  7.09168470e-06
199.401  2.87802958e-06  1.07071698e-05
199.717 -3.64587377e-06  1.08493338e-05
200.034 -9.33433101e-06  7.22487536e-06
200.350 -1.21477427e-05  8.46759650e-07
200.667 -1.09043000e-05 -6.24423286e-06
200.983 -5.76894380e-06 -1.16256861e-05
201.300  1.72181364e-06 -1.33019104e-05
201.616  9.11478514e-06 -1.04459935e-05
201.933  1.38227220e-05 -3.76503304e-06
202.249  1.40318396e-05  4.66104169e-06
202.566  9.39236404e-06  1.20045651e-05
202.882  1.21777781e-06  1.56369067e-05
203.199 -7.85970177e-06  1.40730970e-05
203.515 -1.47266477e-05  7.54659285e-06
203.832 -1.68650053e-05 -1.96211643e-06
204.148 -1.32569786e-05 -1.13050901e-05
204.465 -4.82961079e-06 -1.72169915e-05
204.781  5.74255448e-06 -1.74446503e-05
205.098  1.48884316e-05 -1.15877543e-05
205.414  1.93398365e-05 -1.36044947e-06
205.731  1.72818244e-05  9.90084937e-06
206.047  9.08457750e-06  1.83227934e-05
206.364 -2.71082745e-06  2.08087952e-05
206.680 -1.41775823e-05  1.61784267e-05
206.997 -2.12914790e-05  5.68619435e-06
207.313 -2.13434102e-05 -7.30553251e-06
207.630 -1.39666555e-05 -1.83844922e-05
207.946 -1.36910040e-06 -2.35825240e-05
208.263  1.23045317e-05 -2.08034634e-05
208.579  2.23244768e-05 -1.06371003e-05
208.896  2.50225134e-05  3.71572194e-06
209.213  1.91201449e-05  1.74296186e-05
209.529  6.28468476e-06  2.56862755e-05
209.846 -9.30502561e-06  2.53618181e-05
210.162 -2.23224839e-05  1.61896922e-05
210.479 -2.81144114e-05  9.96586499e-07
210.795 -2.43495297e-05 -1.51602696e-05
211.112 -1.19491940e-05 -2.66809504e-05
211.428  5.09854114e-06 -2.93507054e-05
211.745  2.10250232e-05 -2.18848279e-05
212.061  3.02206975e-05 -6.50510192e-06
212.378  2.92130687e-05  1.17157757e-05
212.694  1.79809251e-05  2.65149795e-05
213.011  7.93606079e-08  3.25893650e-05
213.327 -1.84713163e-05  2.75084629e-05
213.644 -3.12004952e-05  1.26624343e-05
213.960 -3.34591449e-05 -7.09177009e-06
214.277 -2.41112887e-05 -2.50021906e-05
214.593 -6.04551661e-06 -3.47420432e-05
214.910  1.46909597e-05 -3.26477154e-05
215.226  3.09225236e-05 -1.90812637e-05
215.543  3.68378063e-05  1.55531961e-06
215.859  3.00609147e-05  2.22441788e-05
216.176  1.26003396e-05  3.57508999e-05
216.492 -9.72400096e-06  3.71483407e-05
216.809 -2.92320695e-05  2.56197338e-05
217.125 -3.90223880e-05  4.86989650e-06
217.442 -3.54189593e-05 -1.80698340e-05
217.758 -1.93621795e-05 -3.52221173e-05
218.075  3.81663288e-06 -4.04389919e-05
218.391  2.61632344e-05 -3.16246908e-05
218.708  3.98259272e-05 -1.15620072e-05
219.024  3.98347962e-05  1.29609115e-05
219.341  2.59132015e-05  3.34379352e-05
219.657  2.66485460e-06  4.26129404e-05
219.974 -2.19341073e-05  3.70647227e-05
220.290 -3.92825967e-05  1.84742580e-05
220.607 -4.31820301e-05 -6.86085509e-06
220.923 -3.20501034e-05 -3.01608825e-05
221.240 -9.56358837e-06 -4.32283331e-05
221.556  1.65450181e-05 -4.13356131e-05
221.873  3.71651605e-05 -2.49459629e-05
222.189  4.49937168e-05  3.62862255e-07
222.506  3.71309695e-05  2.58086001e-05
222.822  1.61740296e-05  4.24599248e-05
223.139 -1.06428563e-05  4.43772209e-05
223.455 -3.39540523e-05  3.07562660e-05
223.772 -4.55354577e-05  6.26111063e-06
224.088 -4.12312289e-05 -2.05803074e-05
224.405 -2.24589110e-05 -4.03433308e-05
224.721  4.26045387e-06 -4.60373877e-05
225.038  2.95618462e-05 -3.56016135e-05
225.354  4.45327389e-05 -1.26502376e-05
225.671  4.38803806e-05  1.47697778e-05
225.987  2.78087891e-05  3.70038788e-05
226.304  1.96745711e-06  4.62169581e-05
226.621 -2.45274448e-05  3.91651532e-05
226.937 -4.23319541e-05  1.83500823e-05
227.254 -4.51839486e-05 -8.85196793e-06
227.570 -3.21167429e-05 -3.28186164e-05
227.887 -7.80960939e-06 -4.51012845e-05
228.203  1.90914669e-05 -4.14126785e-05
228.520  3.90645853e-05 -2.31500426e-05
228.836  4.50888926e-05  3.12375828e-06
229.153  3.51391245e-05  2.80501829e-05
229.469  1.28838147e-05  4.28113543e-05
229.786 -1.36711885e-05  4.22716101e-05
230.102 -3.50608198e-05  2.67911702e-05
230.419 -4.37482616e-05  2.04001171e-06
230.735 -3.68114985e-05 -2.30715960e-05
231.052 -1.69318140e-05 -3.96035380e-05
231.368  8.62764655e-06 -4.17979449e-05
231.685  3.06663801e-05 -2.90982523e-05
232.001  4.13808638e-05 -6.27708036e-06
232.318  3.71458197e-05  1.83363133e-05
232.634  1.97470806e-05  3.59075289e-05
232.951 -4.33142078e-06  4.02872671e-05
233.267 -2.63210906e-05  3.01713064e-05
233.584 -3.83783532e-05  9.49813928e-06
233.900 -3.63891653e-05 -1.40633310e-05
234.217 -2.13927487e-05 -3.19675519e-05
234.533  8.86331642e-07 -3.78946982e-05
234.850  2.22203217e-05 -2.99985214e-05
235.166  3.49138049e-05 -1.14957746e-05
235.483  3.45881098e-05  1.06230486e-05
235.799  2.17176106e-05  2.82245752e-05
236.116  1.33998042e-06  3.50204978e-05
236.432 -1.88971139e-05  2.88385564e-05
236.749 -3.15913339e-05  1.23198275e-05
237.065 -3.23097577e-05 -8.17587364e-06
237.382 -2.11520564e-05 -2.49922456e-05
237.698 -2.59065952e-06 -3.20404348e-05
238.015  1.62844829e-05 -2.70206625e-05
238.331  2.84623985e-05 -1.21684056e-05
238.648  2.96276086e-05  6.68621239e-06
238.964  1.96910191e-05  2.23790995e-05
239.281  2.71740193e-06  2.91371873e-05
239.597 -1.46947382e-05  2.47013185e-05
239.914 -2.59693092e-05  1.10845908e-05
240.230 -2.70296922e-05 -6.28094887e-06
240.547 -1.77726678e-05 -2.06904182e-05
240.863 -2.02516253e-06 -2.67420202e-05
241.180  1.40066121e-05 -2.23520870e-05
241.496  2.41648054e-05 -9.48640358e-06
241.813  2.46843404e-05  6.67780800e-06
242.129  1.55958522e-05  1.98136449e-05
242.446  6.46674023e-07  2.48913528e-05
242.762 -1.42226943e-05  2.00979527e-05
243.079 -2.32057433e-05  7.49478595e-06
243.395 -2.28768128e-05 -7.85065851e-06
243.712 -1.35019281e-05 -1.98717922e-05
244.029  1.11669265e-06 -2.38704343e-05
244.345  1.51618393e-05 -1.83478287e-05
244.662  2.30819175e-05 -5.55912085e-06
244.978  2.17719404e-05  9.40044934e-06
245.295  1.17784269e-05  2.05951030e-05
245.611 -2.93603596e-06  2.35857562e-05
245.928 -1.65430585e-05  1.71748416e-05
246.244 -2.36385633e-05  3.86593707e-06
246.561 -2.13742834e-05 -1.11056839e-05
246.877 -1.05737107e-05 -2.18171275e-05
247.194  4.57087352e-06 -2.39905112e-05
247.510  1.81160670e-05 -1.66726008e-05
247.827  2.46960300e-05 -2.63090844e-06
248.143  2.16240896e-05  1.26896244e-05
248.460  9.96273726e-06  2.32817556e-05
248.776 -5.84275858e-06  2.49172652e-05
249.093 -1.96686506e-05  1.68067343e-05
249.409 -2.60836589e-05  1.95635035e-06
249.726 -2.24587616e-05 -1.39583613e-05
250.042 -1.00296068e-05 -2.47718259e-05
250.359  6.53174310e-06 -2.62013964e-05
250.675  2.08917562e-05 -1.75313089e-05
250.992  2.74718648e-05 -1.94065134e-06
251.308  2.36069910e-05  1.46844397e-05
251.625  1.06163293e-05  2.59772055e-05
251.941 -6.66491111e-06  2.75239211e-05
252.258 -2.16974750e-05  1.85892664e-05
252.574 -2.87120813e-05  2.43255431e-06
252.891 -2.49311256e-05 -1.48983731e-05
253.207 -1.16558695e-05 -2.68340623e-05
253.524  6.19786765e-06 -2.87863344e-05
253.840  2.19252753e-05 -1.99116273e-05
254.157  2.95652827e-05 -3.45115857e-06
254.473  2.61705191e-05  1.44584993e-05
254.790  1.29309891e-05  2.70867634e-05
255.106 -5.24710592e-06  2.96572272e-05
255.423 -2.15691221e-05  2.11492476e-05
255.739 -2.99149404e-05  4.69743075e-06
256.056 -2.71373476e-05 -1.35673210e-05
256.372 -1.42467436e-05 -2.68261426e-05
256.689  3.95412383e-06 -3.01294026e-05
257.005  2.06792836e-05 -2.22454685e-05
257.322  2.97068954e-05 -6.12823776e-06
257.638  2.76977730e-05  1.22016009e-05
257.955  1.54437265e-05  2.59252740e-05
258.271 -2.44550081e-06  2.99684564e-05
258.588 -1.92943265e-05  2.28930802e-05
258.904 -2.88588082e-05  7.41598665e-06
259.221 -2.76553666e-05 -1.06468180e-05
259.537 -1.62455240e-05 -2.45711741e-05
259.854  1.02217243e-06 -2.92391139e-05
260.170  1.76727013e-05 -2.30411984e-05
260.487  2.75380390e-05 -8.42858581e-06
260.803  2.70644755e-05  9.05523232e-06
261.120  1.65990108e-05  2.28760177e-05
261.437  1.96368368e-07  2.79703277e-05
261.753 -1.59430474e-05  2.26132774e-05
262.070 -2.58297282e-05  8.99826181e-06
262.386 -2.59240377e-05 -7.64286021e-06
262.703 -1.64041737e-05 -2.10531971e-05
263.019 -1.03334164e-06 -2.63195254e-05
263.336  1.43188616e-05 -2.16751876e-05
263.652  2.39302413e-05 -9.09796787e-06
263.969  2.43620051e-05  6.50714129e-06
264.285  1.56964182e-05  1.92259346e-05
264.602  1.43259121e-06  2.43782847e-05
264.918 -1.29209262e-05  2.02444985e-05
265.235 -2.19724233e-05  8.65027706e-06
265.551 -2.24709393e-05 -5.81686822e-06
265.868 -1.44890327e-05 -1.76173640e-05
266.184 -1.30737293e-06 -2.23725757e-05
266.501  1.19222712e-05 -1.85012217e-05
266.817  2.01757868e-05 -7.74846324e-06
267.134  2.04687583e-05  5.57759365e-06
267.450  1.29463706e-05  1.63117758e-05
267.767  7.33663026e-07  2.04281206e-05
268.083 -1.13383962e-05  1.65602880e-05
268.400 -1.86281410e-05  6.44681327e-06
268.716 -1.84737290e-05 -5.82051437e-06
269.033 -1.11627492e-05 -1.54281323e-05
269.349  2.58858976e-07 -1.87282748e-05
269.666  1.12266009e-05 -1.46214312e-05
269.982  1.74726897e-05 -4.91368634e-06
270.299  1.66822148e-05  6.44563041e-06
270.615  9.34221665e-06  1.49551212e-05
270.932 -1.50245324e-06  1.73382003e-05
271.248 -1.14925644e-05  1.27911473e-05
271.565 -1.66982847e-05  3.25403729e-06
271.881 -1.51473285e-05 -7.39640154e-06
272.198 -7.56793986e-06 -1.49142777e-05
272.514  2.93217459e-06 -1.63581300e-05
272.831  1.21339391e-05 -1.12290877e-05
273.147  1.63856336e-05 -1.64608952e-06
273.464  1.40327070e-05  8.52713189e-06
273.780  6.06139067e-06  1.52294326e-05
274.097 -4.31635343e-06  1.58014495e-05
274.413 -1.29550435e-05  1.00349183e-05
274.730 -1.64115748e-05  2.42175188e-07
275.046 -1.33076264e-05 -9.67776101e-06
275.363 -4.87238854e-06 -1.57774616e-05
275.679  5.55786568e-06 -1.56204138e-05
275.996  1.38535419e-05 -9.24814381e-06
276.312  1.67161226e-05  8.45495482e-07
276.629  1.29860886e-05  1.06933892e-05
276.945  4.09484930e-06  1.64064373e-05
277.262 -6.49512291e-06  1.57092537e-05
277.578 -1.46344363e-05  8.83242320e-06
277.895 -1.71158683e-05 -1.57731620e-06
278.211 -1.29305462e-05 -1.14754186e-05
278.528 -3.65933648e-06 -1.69968424e-05
278.845  7.12730515e-06 -1.59654013e-05
279.161  1.52514447e-05 -8.73473190e-06
279.478  1.75535451e-05  1.93707535e-06
279.794  1.31092878e-05  1.19461336e-05
280.111  3.59283173e-06  1.74344268e-05
280.427 -7.35829316e-06  1.62716610e-05
280.744 -1.55500596e-05  8.87508376e-06
281.060 -1.78401845e-05 -1.94111241e-06
281.377 -1.33379250e-05 -1.20526720e-05
281.693 -3.75232996e-06 -1.76064064e-05
282.010  7.26933247e-06 -1.64851355e-05
282.326  1.55426180e-05 -9.11973200e-06
282.643  1.79337203e-05  1.68360027e-06
282.959  1.35534639e-05  1.18279468e-05
283.276  4.08756198e-06  1.74809855e-05
283.592 -6.86675950e-06  1.65302792e-05
283.909 -1.51713519e-05  9.37902358e-06
284.225 -1.77168802e-05 -1.23448003e-06
284.542 -1.35986808e-05 -1.12899948e-05
284.858 -4.43052132e-06 -1.70122667e-05
285.175  6.29224637e-06 -1.63030588e-05
285.491  1.45262100e-05 -9.50928010e-06
285.808  1.72194967e-05  7.42930850e-07
286.124  1.34477820e-05  1.05607167e-05
286.441  4.72427250e-06  1.62750499e-05
286.757 -5.60055340e-06  1.58217565e-05
287.074 -1.36331924e-05  9.48318271e-06
287.390 -1.64181929e-05 -2.53898608e-07
287.707 -1.30242274e-05 -9.67421967e-06
288.023 -4.85731284e-06 -1.52645992e-05
288.340  4.91244578e-06 -1.50249847e-05
288.656  1.25914240e-05 -9.18767855e-06
288.973  1.53610758e-05 -8.59375192e-08
289.289  1.23149371e-05  8.78273390e-06
289.606  4.76117108e-06  1.41029038e-05
289.922 -4.33302828e-06  1.39804031e-05
290.239 -1.15081780e-05  8.62743608e-06
290.555 -1.41248309e-05  2.22658683e-07
290.872 -1.13447227e-05 -7.97377613e-06
291.188 -4.39758355e-06 -1.28775244e-05
291.505  3.95374291e-06 -1.27471951e-05
291.821  1.05013839e-05 -7.80954934e-06
292.138  1.28252414e-05 -1.04686099e-07
292.454  1.01969176e-05  7.34287935e-06
292.771  3.79681149e-06  1.17050873e-05
293.087 -3.79661923e-06  1.14326909e-05
293.404 -9.63229138e-06  6.80210406e-06
293.720 -1.15380803e-05 -2.51753437e-07
294.037 -8.92842515e-06 -6.92455547e-06
294.353 -2.97355194e-06 -1.06565442e-05
294.670  3.90015089e-06 -1.01140412e-05
294.986  8.99165744e-06 -5.65928667e-06
295.303  1.03855492e-05  8.36043051e-07
295.619  7.66428642e-06  6.76424553e-06
295.936  2.03034342e-06  9.82609051e-06
296.253 -4.20699138e-06  8.91211276e-06
296.569 -8.57426338e-06  4.50422213e-06
296.886 -9.40287387e-06 -1.55045866e-06
297.202 -6.46141633e-06 -6.80856463e-06
297.519 -1.01871374e-06 -9.20486797e-06
297.835  4.69791470e-06 -7.85263780e-06
298.152  8.40478345e-06 -3.37570369e-06
298.468  8.65922854e-06  2.37295554e-06
298.785  5.42164720e-06  7.07299077e-06
299.101  4.63207416e-08  8.85709046e-06
299.418 -5.28510102e-06  7.04915095e-06
299.734 -8.43474523e-06  2.41858243e-06
300.051 -8.15853860e-06 -3.15198229e-06
300.367 -4.59605717e-06 -7.42222761e-06
300.684  8.06496149e-07 -8.68578497e-06
301.000  5.87959810e-06 -6.45080318e-06
301.317  8.59195315e-06 -1.62012227e-06
301.633  7.86317271e-06  3.87629065e-06
301.950  3.98360844e-06  7.84425154e-06
302.266 -1.51006647e-06  8.70165294e-06
302.583 -6.43830271e-06  6.10164971e-06
302.899 -8.84491819e-06  1.06029441e-06
303.216 -7.77052243e-06 -4.43882456e-06
303.532 -3.62114404e-06 -8.22736928e-06
303.849  1.98672033e-06 -8.80940382e-06
304.165  6.85818194e-06 -5.93980050e-06
304.482  9.08581933e-06 -7.22451449e-07
304.798  7.78796840e-06  4.81593790e-06
305.115  3.45127084e-06  8.52307073e-06
305.431 -2.25200550e-06  8.95399869e-06
305.748 -7.11991048e-06  5.92734535e-06
306.064 -9.27302709e-06  6.02100946e-07
306.381 -7.87369202e-06 -4.97630586e-06
306.697 -3.45413834e-06 -8.66873272e-06
307.014  2.29310682e-06 -9.05784860e-06
307.330  7.17398613e-06 -5.99540554e-06
307.647  9.32802111e-06 -6.55875265e-07
307.963  7.94097402e-06  4.92595914e-06
308.280  3.55459308e-06  8.63040424e-06
308.596 -2.15601677e-06  9.06071959e-06
308.913 -7.02435522e-06  6.07599336e-06
309.229 -9.21606586e-06  8.27684650e-07
309.546 -7.92930332e-06 -4.68856844e-06
309.862 -3.68334866e-06 -8.39167643e-06
310.179  1.89543044e-06 -8.91056847e-06
310.495  6.69467897e-06 -6.09187050e-06
310.812  8.92545297e-06 -1.03608182e-06
311.128  7.79368213e-06  4.32855620e-06
311.445  3.77672087e-06  7.98845719e-06
311.761 -1.57193428e-06  8.60868766e-06
312.078 -6.22629616e-06  6.01557968e-06
312.394 -8.46535628e-06  1.24331978e-06
312.711 -7.50725039e-06 -3.87609614e-06
313.027 -3.78347028e-06 -7.42587850e-06
313.344  1.24508036e-06 -8.12199937e-06
313.661  5.66844449e-06 -5.77805811e-06
313.977  7.85466531e-06 -1.35494395e-06
314.294  7.05070580e-06  3.43550220e-06
314.610  3.64869457e-06  6.79568027e-06
314.927 -9.96668985e-07  7.51383872e-06
315.243 -5.11016132e-06  5.40867746e-06
315.560 -7.16987150e-06  1.36659193e-06
315.876 -6.47632033e-06 -3.03193904e-06
316.193 -3.39291513e-06 -6.12433154e-06
316.509  8.33613397e-07 -6.79704743e-06
316.826  4.56996007e-06 -4.89337490e-06
317.142  6.42565290e-06 -1.23269279e-06
317.459  5.77839581e-06  2.73294230e-06
317.775  2.97736523e-06  5.48816584e-06
318.092 -8.26412196e-07  6.03999990e-06
318.408 -4.14198335e-06  4.27409217e-06
318.725 -5.72643019e-06  9.61486271e-07
319.041 -5.05133114e-06 -2.56287527e-06
319.358 -2.47238436e-06 -4.93731136e-06
319.674  9.34612615e-07 -5.30105050e-06
319.991  3.81665773e-06 -3.60015543e-06
320.307  5.08228317e-06 -5.82494595e-07
320.624  4.30816142e-06  2.51996129e-06
320.940  1.88096292e-06  4.49442002e-06
321.257 -1.17798632e-06  4.61402376e-06
321.573 -3.64109568e-06  2.90377217e-06
321.890 -4.55984096e-06  1.11268795e-07
322.206 -3.62455584e-06 -2.61682372e-06
322.523 -1.27303914e-06 -4.19931367e-06
322.839  1.50884035e-06 -4.03985236e-06
323.156  3.59615915e-06 -2.25543508e-06
323.472  4.16840208e-06  3.90371159e-07
323.789  3.03267332e-06  2.81257693e-06
324.105  6.87755442e-07  4.03796298e-06
324.422 -1.89625596e-06  3.59309362e-06
324.738 -3.66941410e-06  1.68819958e-06
325.055 -3.92237199e-06 -8.85537189e-07
325.371 -2.57119291e-06 -3.07849544e-06
325.688 -1.76778754e-07 -4.00266184e-06
326.004  2.28679326e-06 -3.29207794e-06
326.321  3.82034042e-06 -1.24042815e-06
326.637  3.80560826e-06  1.32416398e-06
326.954  2.24868666e-06  3.36653373e-06
327.270 -2.30331593e-07  4.06310514e-06
327.587 -2.63983321e-06  3.13092402e-06
327.903 -4.01403146e-06  9.32549235e-07
328.220 -3.80048153e-06 -1.66328233e-06
328.536 -2.07197233e-06 -3.62525284e-06
328.853  4.98920848e-07 -4.17298505e-06
329.169  2.90111051e-06 -3.07900994e-06
329.486  4.18897376e-06 -7.59223433e-07
329.802  3.84940032e-06  1.88388070e-06
330.119  2.00069510e-06  3.81990292e-06
330.435 -6.46133427e-07  4.29109933e-06
330.752 -3.06814688e-06  3.10277349e-06
331.069 -4.32882224e-06  7.05846401e-07
331.385 -3.93437473e-06 -1.97982965e-06
331.702 -2.02969615e-06 -3.92489882e-06
332.018  6.57530260e-07 -4.38049225e-06
332.335  3.10333590e-06 -3.16876955e-06
332.651  4.37497762e-06 -7.52918734e-07
332.968  3.98796399e-06  1.94883259e-06
333.284  2.09441850e-06  3.91172050e-06
333.601 -5.84452297e-07  4.39312619e-06
333.917 -3.03474441e-06  3.21963495e-06
334.234 -4.33218993e-06  8.43950317e-07
334.550 -3.99803037e-06 -1.83329880e-06
334.867 -2.17345688e-06 -3.80239758e-06
335.183  4.44296361e-07 -4.33235818e-06
335.500  2.86503091e-06 -3.24363573e-06
335.816  4.18559322e-06 -9.62765199e-07
336.133  3.93138341e-06  1.64106424e-06
336.449  2.22147154e-06  3.59010067e-06
336.766 -2.82164242e-07  4.17198794e-06
337.082 -2.63060631e-06  3.19595273e-06
337.399 -3.95541423e-06  1.05563704e-06
337.715 -3.78745145e-06 -1.42594771e-06
338.032 -2.22241623e-06 -3.32014911e-06
338.348  1.22153530e-07 -3.94004846e-06
338.665  2.35579830e-06 -3.08761050e-06
338.981  3.65526571e-06 -1.12142562e-06
339.298  3.56479475e-06  1.19562161e-06
339.614  2.16161623e-06  2.99577063e-06
339.931  1.05847256e-08  3.62743375e-06
340.247 -2.06698365e-06  2.89596064e-06
340.564 -3.30264229e-06  1.12364472e-06
340.880 -3.26800502e-06 -9.94265396e-07
341.197 -2.02749548e-06 -2.65811853e-06
341.513 -9.02926856e-08 -3.26600741e-06
341.830  1.79466789e-06 -2.63779253e-06
342.146  2.92541412e-06 -1.06135532e-06
342.463  2.91503914e-06  8.34239485e-07
342.779  1.82125310e-06  2.32398647e-06
343.096  1.03392190e-07  2.86972794e-06
343.412 -1.56200741e-06  2.31461899e-06
343.729 -2.55054986e-06  9.21098539e-07
344.045 -2.52625480e-06 -7.41387149e-07
344.362 -1.55031797e-06 -2.02832021e-06
344.678 -4.41432075e-08 -2.47327613e-06
344.995  1.38747261e-06 -1.95194008e-06
345.311  2.20240091e-06 -7.16259445e-07
345.628  2.12178393e-06  7.16808414e-07
345.944  1.22533115e-06  1.78344504e-06
346.261 -9.12152591e-08  2.09054015e-06
346.577 -1.29024674e-06  1.55831075e-06
346.894 -1.90812278e-06  4.43196384e-07
347.210 -1.72942079e-06 -7.81767156e-07
347.527 -8.66955850e-07 -1.62463419e-06
347.843  2.98312165e-07 -1.76457164e-06
348.160  1.28350927e-06 -1.17735608e-06
348.477  1.69485792e-06 -1.34751686e-07
348.793  1.38527637e-06  9.20386783e-07
349.110  5.08951960e-07  1.55311555e-06
349.426 -5.55748283e-07  1.51231822e-06
349.743 -1.36231801e-06  8.32936894e-07
350.059 -1.57705235e-06 -1.90045140e-07
350.376 -1.11901868e-06 -1.12574294e-06
350.692 -1.85364374e-07 -1.58103240e-06
351.009  8.33881658e-07 -1.36667981e-06
351.325  1.51108833e-06 -5.71317520e-07
351.642  1.56062227e-06  4.79669304e-07
351.958  9.55917886e-07  1.35122640e-06
352.275 -6.45237434e-08  1.67837613e-06
352.591 -1.08766224e-06  1.31785873e-06
352.908 -1.69235708e-06  4.01700478e-07
353.224 -1.62419015e-06 -7.10197082e-07
353.541 -8.93916014e-07 -1.57026562e-06
353.857  2.22640312e-07 -1.82738176e-06
354.174  1.28702919e-06 -1.36386516e-06
354.490  1.87595554e-06 -3.43800344e-07
354.807  1.74664544e-06  8.42550065e-07
355.123  9.30954030e-07  1.73406536e-06
355.440 -2.67804742e-07  1.97879022e-06
355.756 -1.39269186e-06  1.46701230e-06
356.073 -2.01151758e-06  3.81560514e-07
356.389 -1.87793509e-06 -8.70407666e-07
356.706 -1.03115359e-06 -1.81677667e-06
357.022  2.15110020e-07 -2.09514098e-06
357.339  1.39658092e-06 -1.59274277e-06
357.655  2.07001813e-06 -4.94254856e-07
357.972  1.97971213e-06  7.93404066e-07
358.288  1.15930144e-06  1.79251501e-06
358.605 -8.62922295e-08  2.13082688e-06
358.921 -1.29672936e-06  1.68643559e-06
359.238 -2.02426966e-06  6.28864230e-07
359.554 -2.00576667e-06 -6.49414289e-07
359.871 -1.25809990e-06 -1.67565833e-06
360.187 -6.36828649e-08 -2.07700512e-06
360.504  1.13284258e-06 -1.71913465e-06
360.820  1.89335865e-06 -7.46255974e-07
361.137  1.95214186e-06  4.73534509e-07
361.453  1.30467339e-06  1.48799044e-06
361.770  2.05172717e-07  1.93499036e-06
362.086 -9.30625724e-07  1.66919256e-06
362.403 -1.68906389e-06  8.09283614e-07
362.719 -1.80829385e-06 -3.08878785e-07
363.036 -1.26745008e-06 -1.26824386e-06
363.352 -2.91719630e-07 -1.72682068e-06
363.669  7.43266111e-07 -1.53698277e-06
363.985  1.45796138e-06 -7.98027039e-07
364.302  1.60431408e-06  1.91778637e-07
364.618  1.15648367e-06  1.05797784e-06
364.935  3.11928034e-07  1.48704915e-06
365.251 -5.97247953e-07  1.34273792e-06
365.568 -1.23007504e-06  7.12078383e-07
365.885 -1.36481629e-06 -1.43174497e-07
366.201 -9.81436689e-07 -8.90529294e-07
366.518 -2.54508876e-07 -1.25328151e-06
366.834  5.21833040e-07 -1.11809029e-06
367.151  1.04746089e-06 -5.66628049e-07
367.467  1.13640687e-06  1.66872930e-07
367.784  7.81249002e-07  7.87715602e-07
368.100  1.43703674e-07  1.06127920e-06
368.417 -5.10689067e-07  9.01895747e-07
368.733 -9.22835345e-07  3.94310081e-07
369.050 -9.44028510e-07 -2.42605789e-07
369.366 -5.84143914e-07 -7.47494443e-07
369.683 -4.05378639e-09 -9.25843658e-07
369.999  5.51671568e-07 -7.19465510e-07
370.316  8.60304282e-07 -2.25337480e-07
370.632  8.05462256e-07  3.44270758e-07
370.949  4.18771463e-07  7.55410342e-07
371.265 -1.31885738e-07  8.45274098e-07
371.582 -6.17345079e-07  5.82230727e-07
371.898 -8.41403771e-07  8.08664276e-08
372.215 -7.14250060e-07 -4.49337663e-07
372.531 -2.91331856e-07 -7.92813971e-07
372.848  2.51196956e-07 -8.09400581e-07
373.164  6.93298003e-07 -4.92788810e-07
373.481  8.55007916e-07  2.61820044e-08
373.797  6.69249385e-07  5.38466637e-07
374.114  2.11947221e-07  8.37485900e-07
374.430 -3.34243299e-07  8.00409496e-07
374.747 -7.51588035e-07  4.41996426e-07
375.063 -8.70759069e-07 -9.57974272e-08
375.380 -6.43415436e-07 -6.01037569e-07
375.696 -1.58878844e-07 -8.71180767e-07
376.013  3.93962346e-07 -7.97876822e-07
376.329  7.95910481e-07 -4.09582591e-07
376.646  8.86942593e-07  1.43909023e-07
376.962  6.31235086e-07  6.45327508e-07
377.279  1.26188585e-07  8.96172990e-07
377.595 -4.31837927e-07  7.98412715e-07
377.912 -8.22941316e-07  3.87890550e-07
378.228 -8.94544881e-07 -1.77580822e-07
378.545 -6.16911805e-07 -6.76198978e-07
378.861 -9.46767397e-08 -9.13634094e-07
379.178  4.68677157e-07 -7.96215347e-07
379.494  8.54024933e-07 -3.65145342e-07
379.811  9.11120398e-07  2.13559814e-07
380.127  6.12859918e-07  7.15783869e-07
380.444  7.14214280e-08  9.47377661e-07
380.760 -5.05166930e-07  8.14044665e-07
381.077 -8.96054997e-07  3.62067982e-07
381.393 -9.47070275e-07 -2.37225201e-07
381.710 -6.32171203e-07 -7.56869229e-07
382.026 -6.76979142e-08 -9.96144842e-07
382.343  5.35723918e-07 -8.56903508e-07
382.659  9.49520106e-07 -3.86451676e-07
382.976  1.01092728e-06  2.43359915e-07
383.293  6.90264748e-07  7.98968772e-07
383.609  1.00435035e-07  1.06784765e-06
383.926 -5.45247185e-07  9.43078510e-07
384.242 -1.00605769e-06  4.63187745e-07
384.559 -1.10639039e-06 -2.03912971e-07
384.875 -8.02206730e-07 -8.16034917e-07
385.192 -1.93945569e-07 -1.14648063e-06
385.508  5.04079692e-07 -1.06982447e-06
385.825  1.03979012e-06 -6.03336008e-07
386.141  1.21819327e-06  9.49987403e-08
386.458  9.67166855e-07  7.79205008e-07
386.774  3.64921793e-07  1.20711108e-06
387.091 -3.82200755e-07  1.22274675e-06
387.407 -1.01600890e-06  8.10268868e-07
387.724 -1.31482945e-06  1.05615121e-07
388.040 -1.16710241e-06 -6.53315527e-07
388.357 -6.15575734e-07 -1.20874972e-06
388.673  1.58443394e-07 -1.36627290e-06
388.990  8.98793718e-07 -1.06537602e-06
389.306  1.35526590e-06 -4.00533582e-07
389.623  1.36997160e-06  4.14170898e-07
389.939  9.32270026e-07  1.11104934e-06
390.256  1.77634273e-07  1.45745657e-06
390.572 -6.52895970e-07  1.33586972e-06
390.889 -1.28908629e-06  7.77466974e-07
391.205 -1.52336327e-06 -4.60181557e-08
391.522 -1.27357092e-06 -8.73244755e-07
391.838 -6.08890646e-07 -1.44083547e-06
392.155  2.66373626e-07 -1.56425989e-06
392.471  1.08003328e-06 -1.19342686e-06
392.788  1.57604796e-06 -4.34677453e-07
393.104  1.58961495e-06  4.83048350e-07
393.421  1.10389159e-06  1.27900034e-06
393.737  2.56970495e-07  1.70065997e-06
394.054 -7.00895532e-07  1.60483721e-06
394.370 -1.47578703e-06  1.00532891e-06
394.687 -1.81975442e-06  6.82749939e-08
395.003 -1.61092048e-06 -9.29383211e-07
395.320 -8.90026841e-07 -1.67935738e-06
395.636  1.43009886e-07 -1.93914767e-06
395.953  1.18017381e-06 -1.60453787e-06
396.269  1.89936877e-06 -7.48489509e-07
396.586  2.05961224e-06  3.87533426e-07
396.902  1.57804970e-06  1.46317310e-06
397.219  5.70330404e-07  2.13773375e-06
397.535 -6.76310576e-07  2.17261073e-06
397.852 -1.78287438e-06  1.51792690e-06
398.168 -2.38690531e-06  3.39612330e-07
398.485 -2.26272892e-06 -1.02103639e-06
398.801 -1.40389715e-06 -2.13836075e-06
399.118 -3.69893082e-08 -2.63511170e-06
399.434  1.42951047e-06 -2.31038713e-06
