0.311  4.70477460e-03 -7.45163092e-04
0.622  2.68062563e-03  6.99901158e-04
0.933  1.45159269e-03  1.34010721e-03
1.243  4.15843037e-04  1.44321241e-03
1.554 -3.41765274e-04  1.16573522e-03
1.865 -7.72312949e-04  6.72916632e-04
2.176 -8.72484029e-04  8.44621926e-05
2.487 -6.58089521e-04 -3.74200091e-04
2.798 -3.00478868e-04 -6.24133131e-04
3.109  1.05007356e-04 -5.99376488e-04
3.419  3.79329592e-04 -3.88751076e-04
3.730  4.78252049e-04 -8.98208510e-05
4.041  4.07530440e-04  2.01945297e-04
4.352  2.09484000e-04  3.78792034e-04
4.663 -4.85687581e-05  3.92515494e-04
4.974 -2.55220158e-04  2.60535343e-04
5.285 -3.37697343e-04  5.98407775e-05
5.595 -2.97326969e-04 -1.37499578e-04
5.906 -1.55851526e-04 -2.64543495e-04
6.217  2.80622363e-05 -2.88768274e-04
6.528  1.83030481e-04 -2.05986369e-04
6.839  2.56217758e-04 -5.42469919e-05
7.150  2.26023094e-04  1.11664201e-04
7.461  1.20127293e-04  2.16976813e-04
7.771 -2.35773183e-05  2.28911617e-04
8.082 -1.39932658e-04  1.65764647e-04
8.393 -1.95623200e-04  4.91976673e-05
8.704 -1.75965135e-04 -7.36403547e-05
9.015 -9.15230250e-05 -1.61186998e-04
9.326  1.88102120e-05 -1.81152281e-04
9.637  1.13968438e-04 -1.28726328e-04
9.947  1.60156578e-04 -3.17579644e-05
10.258  1.44443833e-04  7.19344284e-05
10.569  7.32500246e-05  1.40788708e-04
10.880 -2.45735518e-05  1.49998574e-04
11.191 -1.08104355e-04  1.03816999e-04
11.502 -1.47427727e-04  1.81202021e-05
11.813 -1.27423612e-04 -7.20023581e-05
12.123 -6.03848839e-05 -1.29422860e-04
12.434  2.49460375e-05 -1.35828851e-04
12.745  9.67226090e-05 -9.28561755e-05
13.056  1.29935161e-04 -1.72347555e-05
13.367  1.13392007e-04  6.20602874e-05
13.678  5.58736823e-05  1.13555093e-04
13.989 -1.77567910e-05  1.20648261e-04
14.299 -7.95121546e-05  8.41878740e-05
14.610 -1.06229172e-04  1.98813386e-05
14.921 -9.02331474e-05 -4.67976072e-05
15.232 -4.03341174e-05 -8.91026699e-05
15.543  2.27947547e-05 -9.26507077e-05
15.854  7.51736055e-05 -5.90316617e-05
16.165  9.78005344e-05 -3.55747730e-06
16.475  8.34590683e-05  5.26627807e-05
16.786  3.90845407e-05  8.88750491e-05
17.097 -1.73116698e-05  9.23777601e-05
17.408 -6.29811607e-05  6.29293041e-05
17.719 -7.97416322e-05  1.24059755e-05
18.030 -6.33907242e-05 -3.91704527e-05
18.341 -2.17732403e-05 -7.21210601e-05
18.651  2.88574574e-05 -7.50391058e-05
18.962  6.90588859e-05 -4.83691517e-05
19.273  8.40718524e-05 -3.61843314e-06
19.584  6.94989954e-05  4.12099965e-05
19.895  3.22791455e-05  6.87203131e-05
20.206 -1.23414628e-05  6.93837743e-05
20.517 -4.72675829e-05  4.42583359e-05
20.827 -6.03133918e-05  4.16628230e-06
21.138 -4.76342553e-05 -3.51950501e-05
21.449 -1.52122881e-05 -5.92004682e-05
21.760  2.43215902e-05 -5.93935688e-05
22.071  5.57436179e-05 -3.71834324e-05
22.382  6.66215437e-05 -2.54086063e-06
22.693  5.36780732e-05  3.04894963e-05
23.003  2.27692304e-05  4.88869473e-05
23.314 -1.36601176e-05  4.58641902e-05
23.625 -4.16413274e-05  2.31788728e-05
23.936 -5.04800165e-05 -1.02449880e-05
24.247 -3.77862976e-05 -4.18024663e-05
24.558 -9.02037783e-06 -5.94734605e-05
24.869  2.46188884e-05 -5.67916704e-05
25.179  5.02430183e-05 -3.53980646e-05
25.490  5.84538068e-05 -3.67348234e-06
25.801  4.70720934e-05  2.62822357e-05
26.112  2.13036116e-05  4.34277681e-05
26.423 -8.34496506e-06  4.20044796e-05
26.734 -3.03250646e-05  2.35409347e-05
27.045 -3.68385222e-05 -3.82515098e-06
27.355 -2.63868287e-05 -2.86882200e-05
27.666 -3.78817021e-06 -4.13103795e-05
27.977  2.16802255e-05 -3.71077773e-05
28.288  3.99314483e-05 -1.79995310e-05
28.599  4.39029542e-05  8.34988726e-06
28.910  3.20190900e-05  3.18300708e-05
29.221  9.00419537e-06  4.37811967e-05
29.531 -1.62319725e-05  4.01996238e-05
29.842 -3.43373384e-05  2.30717043e-05
30.153 -3.87970461e-05 -6.17890757e-07
30.464 -2.84846714e-05 -2.17581053e-05
30.775 -8.09358119e-06 -3.25148985e-05
31.086  1.41599087e-05 -2.91200008e-05
31.397  2.95853866e-05 -1.34000022e-05
31.707  3.23846820e-05  8.24490554e-06
32.018  2.20142516e-05  2.74175892e-05
32.329  2.97632113e-06  3.67888033e-05
32.640 -1.71422840e-05  3.31600894e-05
32.951 -3.05456944e-05  1.85669341e-05
33.262 -3.23871389e-05 -9.42680297e-07
33.573 -2.24821524e-05 -1.75479598e-05
33.883 -5.06101155e-06 -2.48586466e-05
34.194  1.28949970e-05 -2.04674586e-05
34.505  2.44052865e-05 -6.46668015e-06
34.816  2.53374262e-05  1.14143810e-05
35.127  1.56875157e-05  2.60160178e-05
35.438 -5.54031032e-07  3.17352341e-05
35.749 -1.68728231e-05  2.65257331e-05
36.059 -2.69581221e-05  1.25210167e-05
36.370 -2.70947623e-05 -4.71955185e-06
36.681 -1.74228089e-05 -1.86407957e-05
36.992 -1.93235867e-06 -2.42580503e-05
37.303  1.32519693e-05 -1.98136683e-05
37.614  2.24299086e-05 -7.51225438e-06
37.925  2.23320485e-05  7.48563835e-06
38.235  1.33575486e-05  1.92939743e-05
38.546 -6.01740485e-07  2.33880582e-05
38.857 -1.39301083e-05  1.83467468e-05
39.168 -2.13972996e-05  6.43819668e-06
39.479 -2.01002262e-05 -7.57407069e-06
39.790 -1.06575071e-05 -1.82833791e-05
40.101  3.24759876e-06 -2.15847831e-05
40.411  1.63800138e-05 -1.64088514e-05
40.722  2.38743833e-05 -4.99215586e-06
41.033  2.32118518e-05  8.21500011e-06
41.344  1.50539436e-05  1.81563121e-05
41.655  2.74771855e-06  2.11663152e-05
41.966 -8.84974710e-06  1.64049983e-05
42.277 -1.52841548e-05  5.94015336e-06
42.587 -1.43177336e-05 -6.03446140e-06
42.898 -6.57375395e-06 -1.48101465e-05
43.209  4.74232602e-06 -1.71333438e-05
43.520  1.50615757e-05 -1.22980906e-05
43.831  2.04091658e-05 -2.31540109e-06
44.142  1.88450757e-05  8.81135166e-06
44.453  1.10408773e-05  1.68132374e-05
44.763  7.88367322e-08  1.87910047e-05
45.074 -9.87424845e-06  1.41521538e-05
45.385 -1.52548787e-05  4.90707773e-06
45.696 -1.43122357e-05 -5.20252577e-06
46.007 -7.81036837e-06 -1.23170215e-05
46.318  1.31755588e-06 -1.38055500e-05
46.629  9.30219811e-06 -9.27011563e-06
46.939  1.29093831e-05 -7.26100992e-07
47.250  1.06545323e-05  8.38406393e-06
47.561  3.45483570e-06  1.45067517e-05
47.872 -5.90850154e-06  1.52694395e-05
48.183 -1.39188302e-05  1.04820699e-05
48.494 -1.75803036e-05  2.06973648e-06
48.805 -1.56744611e-05 -6.78120294e-06
49.115 -9.16296311e-06 -1.27508728e-05
49.426 -6.50161412e-07 -1.37491342e-05
49.737  6.54948354e-06 -9.71812558e-06
50.048  9.74466421e-06 -2.46636790e-06
50.359  7.97033798e-06  4.99309277e-06
50.670  2.18381789e-06  9.62933171e-06
50.981 -5.11977960e-06  9.68998209e-06
51.291 -1.08625999e-05  5.24234445e-06
51.602 -1.27182947e-05 -1.91058053e-06
51.913 -9.92177746e-06 -8.87402138e-06
52.224 -3.46970803e-06 -1.29148990e-05
52.535  4.18705299e-06 -1.24924075e-05
52.846  1.01930639e-05 -7.72823981e-06
53.157  1.24229924e-05 -4.29835010e-07
53.467  1.01616866e-05  6.67969859e-06
53.778  4.42359436e-06  1.11043681e-05
54.089 -2.46943952e-06  1.14026027e-05
54.400 -7.91715704e-06  7.74364825e-06
54.711 -9.94580824e-06  1.84772681e-06
55.022 -7.94038007e-06 -3.83814196e-06
55.333 -2.92689900e-06 -7.04575454e-06
55.643  2.98130469e-06 -6.50484223e-06
55.954  7.42317989e-06 -2.50338192e-06
56.265  8.62586757e-06  3.34801440e-06
56.576  6.17046592e-06  8.80771261e-06
56.887  1.08255902e-06  1.17791258e-05
57.198 -4.67473049e-06  1.11930050e-05
57.509 -8.88027387e-06  7.40576909e-06
57.819 -9.95971636e-06  1.92652134e-06
58.130 -7.62593181e-06 -3.10916362e-06
58.441 -2.84760050e-06 -5.77704208e-06
58.752  2.50278400e-06 -5.18198260e-06
59.063  6.34837269e-06 -1.67801291e-06
59.374  7.30594727e-06  3.29179570e-06
59.685  5.12679915e-06  7.70722227e-06
59.995  7.28947353e-07  9.85926581e-06
60.306 -4.09632684e-06  8.97004060e-06
60.617 -7.47366780e-06  5.40007287e-06
60.928 -8.18145216e-06  5.70056393e-07
61.239 -6.01504531e-06 -3.65960957e-06
61.550 -1.91553229e-06 -5.77057056e-06
61.861  2.42779754e-06 -5.06737290e-06
62.171  5.33087218e-06 -1.97424715e-06
62.482  5.68177846e-06  2.12095693e-06
62.793  3.37082271e-06  5.52068640e-06
63.104 -6.23107999e-07  6.82098824e-06
63.415 -4.72620639e-06  5.42217016e-06
63.726 -7.36504222e-06  1.82858902e-06
64.037 -7.51347581e-06 -2.64061235e-06
64.347 -5.16053782e-06 -6.38955179e-06
64.658 -1.24746418e-06 -8.08252519e-06
64.969  2.76746705e-06 -7.22093028e-06
65.280  5.39399892e-06 -4.30660558e-06
65.591  5.72857550e-06 -5.45896153e-07
65.902  3.81681059e-06  2.55587661e-06
66.213  5.20851489e-07  3.79612116e-06
66.523 -2.78207696e-06  2.79258441e-06
66.834 -4.72501814e-06  2.37525520e-08
67.145 -4.55983055e-06 -3.35706692e-06
67.456 -2.36465746e-06 -5.93337707e-06
67.767  1.01868398e-06 -6.66221722e-06
68.078  4.25431486e-06 -5.23038638e-06
68.389  6.10864517e-06 -2.11297586e-06
68.699  5.91886289e-06  1.54784043e-06
69.010  3.76305916e-06  4.44298120e-06
69.321  4.81963907e-07  5.63162273e-06
69.632 -2.67926194e-06  4.80749083e-06
69.943 -4.61826658e-06  2.44549334e-06
70.254 -4.71528529e-06 -3.88685059e-07
70.565 -3.07617681e-06 -2.54431925e-06
70.875 -5.13727309e-07 -3.17237194e-06
71.186  1.86849036e-06 -2.03361304e-06
71.497  3.07975681e-06  3.60595812e-07
71.808  2.58354003e-06  3.03548615e-06
72.119  5.68599951e-07  4.94236877e-06
72.430 -2.18596270e-06  5.30536733e-06
72.741 -4.65576679e-06  3.98480251e-06
73.051 -5.89905063e-06  1.50340529e-06
73.362 -5.46812699e-06 -1.22449741e-06
73.673 -3.58798391e-06 -3.18127010e-06
73.984 -9.84008842e-07 -3.66064037e-06
74.295  1.35119113e-06 -2.57427815e-06
74.606  2.53583286e-06 -3.95518340e-07
74.917  2.19572614e-06  2.00615470e-06
75.227  5.29256642e-07  3.67344292e-06
75.538 -1.78493813e-06  4.00120272e-06
75.849 -3.80672142e-06  2.91636790e-06
76.160 -4.76941720e-06  8.61381582e-07
76.471 -4.35689129e-06 -1.32546265e-06
76.782 -2.76076960e-06 -2.79462028e-06
77.093 -6.57092912e-07 -3.03202797e-06
77.403  1.09269742e-06 -1.98507433e-06
77.714  1.82459008e-06 -1.24734123e-07
78.025  1.25904501e-06  1.74365370e-06
78.336 -3.66815396e-07  2.86072845e-06
78.647 -2.36706019e-06  2.74867015e-06
78.958 -3.94616810e-06  1.39435539e-06
79.269 -4.46726322e-06 -6.99646812e-07
79.579 -3.66773152e-06 -2.77808226e-06
79.890 -1.81515345e-06 -4.11206514e-06
80.201  4.52533054e-07 -4.22647743e-06
80.512  2.39313152e-06 -3.13408582e-06
80.823  3.38208198e-06 -1.29243530e-06
81.134  3.19287705e-06  6.25212001e-07
81.445  2.07086758e-06  1.93108414e-06
81.755  5.62163095e-07  2.21466871e-06
82.066 -6.56872774e-07  1.51901092e-06
82.377 -1.05219905e-06  2.42689802e-07
82.688 -4.86622408e-07 -9.94299460e-07
82.999  7.95639883e-07 -1.58082393e-06
83.310  2.26277007e-06 -1.21699117e-06
83.621  3.26780819e-06  1.56397000e-08
83.931  3.36470118e-06  1.70446110e-06
84.242  2.45912384e-06  3.21344033e-06
84.553  8.04817228e-07  3.97981635e-06
84.864 -1.03757593e-06  3.73259313e-06
85.175 -2.44642654e-06  2.53756823e-06
85.486 -3.00231736e-06  8.17422287e-07
85.797 -2.57991260e-06 -8.20229546e-07
86.107 -1.41920337e-06 -1.86255265e-06
86.418 -4.13277399e-08 -2.02469089e-06
86.729  1.01636085e-06 -1.35811998e-06
87.040  1.36485060e-06 -2.55292224e-07
87.351  8.93382936e-07  7.72548655e-07
87.662 -1.47352987e-07  1.27939529e-06
87.973 -1.30294824e-06  1.02272752e-06
88.283 -2.10528727e-06  1.07579476e-07
88.594 -2.20932410e-06 -1.09238426e-06
88.905 -1.57583463e-06 -2.11566060e-06
89.216 -4.76461762e-07 -2.54201259e-06
89.527  6.61988136e-07 -2.19158028e-06
89.838  1.37482287e-06 -1.21128104e-06
90.149  1.35354920e-06  3.90916614e-08
90.459  6.01594286e-07  1.08819977e-06
90.770 -6.24034377e-07  1.52395675e-06
91.081 -1.89381840e-06  1.19916703e-06
91.392 -2.73894354e-06  2.37847688e-07
91.703 -2.88094314e-06 -1.02084092e-06
92.014 -2.30347960e-06 -2.10953386e-06
92.325 -1.22464329e-06 -2.65821609e-06
92.635 -5.80985699e-08 -2.52408423e-06
92.946  7.82531719e-07 -1.79415627e-06
93.257  1.05718426e-06 -7.90033078e-07
93.568  7.32754932e-07  7.78737713e-08
93.879  2.23961017e-08  5.08193877e-07
94.190 -6.99080465e-07  3.71847642e-07
94.501 -1.09636716e-06 -2.25082066e-07
94.811 -9.65017287e-07 -9.61960205e-07
95.122 -3.08151326e-07 -1.48686494e-06
95.433  6.24641549e-07 -1.53198280e-06
95.744  1.48338524e-06 -9.96577384e-07
96.055  1.95013156e-06 -3.52340769e-08
96.366  1.82319349e-06  1.03519638e-06
96.677  1.14049809e-06  1.87392129e-06
96.987  1.49509825e-07  2.19783116e-06
97.298 -8.23141066e-07  1.92274047e-06
97.609 -1.44777419e-06  1.19821924e-06
97.920 -1.53307838e-06  2.99675859e-07
98.231 -1.11935863e-06 -4.39916705e-07
98.542 -4.05807545e-07 -7.55613033e-07
98.853  3.08259280e-07 -5.87892040e-07
99.163  7.21600764e-07 -5.36555973e-08
99.474  6.93728407e-07  6.02094446e-07
99.785  2.63671477e-07  1.07146508e-06
100.096 -3.86338726e-07  1.15124067e-06
100.407 -9.62901222e-07  8.08344457e-07
100.718 -1.21475270e-06  1.57989636e-07
101.029 -1.03904675e-06 -5.39279178e-07
101.339 -4.77821901e-07 -1.00079694e-06
101.650  2.61856846e-07 -1.05815860e-06
101.961  8.89420944e-07 -6.75837484e-07
102.272  1.18218597e-06  1.23794292e-08
102.583  1.02839255e-06  7.37294379e-07
102.894  4.73453846e-07  1.24303982e-06
103.205 -2.66379611e-07  1.35388302e-06
103.515 -9.32090983e-07  1.02449183e-06
103.826 -1.30810768e-06  3.94819092e-07
104.137 -1.27193092e-06 -3.02237818e-07
104.448 -8.78791234e-07 -8.39244610e-07
104.759 -3.14911290e-07 -1.04059218e-06
105.070  2.03813143e-07 -8.82784374e-07
105.381  4.74344127e-07 -4.96835195e-07
105.691  4.08196846e-07 -7.42724903e-08
106.002  8.02374680e-08  1.72771193e-07
106.313 -3.47613605e-07  1.02952020e-07
106.624 -6.65211150e-07 -2.66855933e-07
106.935 -6.87081774e-07 -8.10379537e-07
107.246 -3.66579590e-07 -1.32998117e-06
107.557  2.17925498e-07 -1.60658043e-06
107.867  8.98587432e-07 -1.52591726e-06
108.178  1.44385224e-06 -1.10355092e-06
108.489  1.68083988e-06 -4.55508133e-07
108.800  1.55748547e-06  2.04941808e-07
109.111  1.12359935e-06  6.70580695e-07
109.422  5.45774410e-07  8.32261254e-07
109.733  3.49045010e-08  6.74159219e-07
110.043 -2.64129133e-07  3.00464915e-07
110.354 -2.84511489e-07 -9.99366387e-08
110.665 -6.89035506e-08 -3.68291172e-07
110.976  2.28638727e-07 -4.06118882e-07
111.287  4.48447124e-07 -2.05467861e-07
111.598  4.73429608e-07  1.17116862e-07
111.909  2.55041666e-07  4.05449594e-07
112.219 -1.29278816e-07  5.27884416e-07
112.530 -5.30862958e-07  3.98937756e-07
112.841 -8.05320552e-07  5.02309100e-08
113.152 -8.32029259e-07 -3.88243477e-07
113.463 -5.88719858e-07 -7.67203210e-07
113.774 -1.70557994e-07 -9.38142925e-07
114.085  2.82553419e-07 -8.22496741e-07
114.395  6.08577357e-07 -4.65442488e-07
114.706  6.79628122e-07  2.00478322e-08
115.017  4.82518309e-07  4.78813463e-07
115.328  8.81097022e-08  7.51770518e-07
115.639 -3.76343913e-07  7.71263848e-07
115.950 -7.45477460e-07  5.60559460e-07
116.261 -9.12243685e-07  2.06061480e-07
116.571 -8.57966258e-07 -1.42645884e-07
116.882 -6.27167927e-07 -3.57420786e-07
117.193 -3.41210111e-07 -3.88457202e-07
117.504 -1.35321707e-07 -2.45200322e-07
117.815 -8.17879067e-08 -1.72038746e-08
118.126 -1.98809369e-07  1.61581615e-07
118.437 -4.28477617e-07  2.00368879e-07
118.747 -6.43851508e-07  5.69352752e-08
119.058 -7.36711835e-07 -2.43505155e-07
119.369 -6.39971374e-07 -5.89127245e-07
119.680 -3.41506632e-07 -8.58576080e-07
119.991  7.56972455e-08 -9.60577374e-07
120.302  4.90036925e-07 -8.42954591e-07
120.613  7.94984578e-07 -5.46227877e-07
120.923  9.04894523e-07 -1.74908813e-07
121.234  8.13239539e-07  1.64290345e-07
121.545  5.94760710e-07  3.67497983e-07
121.856  3.43351599e-07  3.87840672e-07
122.167  1.65027623e-07  2.66835912e-07
122.478  1.34927980e-07  8.01005009e-08
122.789  2.42452402e-07 -7.42508709e-08
123.099  4.30317187e-07 -1.03341650e-07
123.410  6.12263477e-07  1.06939476e-08
123.721  6.84732890e-07  2.28708924e-07
124.032  6.01618289e-07  4.78046609e-07
124.343  3.80708563e-07  6.50223025e-07
124.654  7.69157230e-08  6.70752153e-07
124.965 -2.05293400e-07  5.30273711e-07
125.275 -3.67992386e-07  2.58884433e-07
125.586 -3.72140066e-07 -5.59596178e-08
125.897 -2.18083945e-07 -3.05202924e-07
126.208  3.57515711e-08 -4.24822380e-07
126.519  2.84944314e-07 -3.87036648e-07
126.830  4.50715361e-07 -2.15713463e-07
127.141  4.84889625e-07  2.53751873e-09
127.451  3.79187100e-07  1.85081897e-07
127.762  1.95240697e-07  2.73077432e-07
128.073  1.16014207e-08  2.33701436e-07
128.384 -1.10014951e-07  1.02190939e-07
128.695 -1.21173119e-07 -5.10050546e-08
129.006 -3.28250769e-08 -1.64945049e-07
129.317  9.40111368e-08 -1.82080264e-07
129.627  1.99046980e-07 -9.10695837e-08
129.938  2.18300886e-07  5.87691532e-08
130.249  1.18054496e-07  2.07802327e-07
130.560 -6.96572377e-08  2.87239379e-07
130.871 -2.89582001e-07  2.40921771e-07
131.182 -4.72334480e-07  7.64114995e-08
131.493 -5.43012046e-07 -1.62856487e-07
131.803 -4.80330592e-07 -4.14746506e-07
132.114 -3.08418833e-07 -5.94928124e-07
132.425 -7.35051478e-08 -6.55374923e-07
132.736  1.43333255e-07 -5.97666558e-07
133.047  2.75655427e-07 -4.47029530e-07
133.358  3.04859257e-07 -2.70157568e-07
133.669  2.35925349e-07 -1.41319265e-07
133.979  1.15546644e-07 -9.39806448e-08
134.290  1.74620869e-08 -1.38862329e-07
134.601 -1.41983883e-08 -2.49848494e-07
134.912  4.29424063e-08 -3.59169722e-07
135.223  1.82372036e-07 -4.14381450e-07
135.534  3.47193329e-07 -3.83469029e-07
135.845  4.79546492e-07 -2.54124420e-07
136.155  5.39520550e-07 -6.67924710e-08
136.466  4.97741697e-07  1.20518060e-07
136.777  3.73547761e-07  2.63504082e-07
137.088  2.18528824e-07  3.20305025e-07
137.399  7.65685613e-08  2.88187414e-07
137.710 -4.85160798e-09  2.07424145e-07
138.021 -4.15481235e-09  1.17977302e-07
138.331  5.15663623e-08  6.68627689e-08
138.642  1.27045492e-07  8.96410298e-08
138.953  1.78687487e-07  1.72908101e-07
139.264  1.60694360e-07  2.85872325e-07
139.575  7.12750201e-08  3.89174189e-07
139.886 -6.49203286e-08  4.29665828e-07
140.197 -2.14294071e-07  3.88357485e-07
140.507 -3.20667838e-07  2.80073354e-07
140.818 -3.48051246e-07  1.29700912e-07
141.129 -2.98131744e-07 -9.83194840e-09
141.440 -1.84302811e-07 -8.92768779e-08
141.751 -4.95962856e-08 -9.61469409e-08
142.062  5.00364090e-08 -3.13390404e-08
142.373  8.95810462e-08  7.69183769e-08
142.683  5.87955166e-08  1.73377224e-07
142.994 -3.06703553e-08  2.23840473e-07
143.305 -1.30519768e-07  2.09787562e-07
143.616 -2.00939046e-07  1.27432266e-07
143.927 -2.17918936e-07  1.38033249e-08
144.238 -1.64864538e-07 -8.88927846e-08
144.549 -6.46584071e-08 -1.53161268e-07
144.859  4.15445276e-08 -1.52732898e-07
145.170  1.24527245e-07 -9.47393221e-08
145.481  1.51991290e-07 -1.55821949e-08
145.792  1.15488697e-07  5.54712256e-08
146.103  4.33518792e-08  8.37081357e-08
146.414 -3.65194268e-08  4.66826414e-08
146.725 -9.00410631e-08 -3.84073113e-08
147.035 -8.34083622e-08 -1.46973462e-07
147.346 -2.01485017e-08 -2.48704867e-07
147.657  8.10389572e-08 -3.02908589e-07
147.968  1.96904510e-07 -2.99102871e-07
148.279  2.86033031e-07 -2.48531836e-07
148.590  3.26554430e-07 -1.65692471e-07
148.901  3.22764039e-07 -8.71454814e-08
149.211  2.81521043e-07 -4.22602078e-08
149.522  2.31663190e-07 -3.23695765e-08
149.833  2.07000341e-07 -5.55348751e-08
150.144  2.14227335e-07 -9.09495653e-08
150.455  2.54249500e-07 -1.02157822e-07
150.766  3.13686258e-07 -7.57347222e-08
151.077  3.55027403e-07 -7.78983946e-09
151.387  3.56216992e-07  9.61242844e-08
151.698  3.08232164e-07  2.00755461e-07
152.009  2.06889858e-07  2.75691987e-07
152.320  7.94836395e-08  3.05314480e-07
152.631 -3.94357617e-08  2.74646979e-07
152.942 -1.29357007e-07  1.97559941e-07
153.253 -1.66929612e-07  1.06498006e-07
153.563 -1.50849185e-07  2.29857238e-08
153.874 -1.06774075e-07 -2.64476889e-08
154.185 -5.42311169e-08 -2.77046086e-08
154.496 -1.80334762e-08  2.14473491e-09
154.807 -2.08727537e-08  4.63749803e-08
155.118 -5.43770538e-08  8.45351361e-08
155.429 -1.04109320e-07  8.93127396e-08
155.739 -1.54403863e-07  6.06069392e-08
156.050 -1.76273272e-07  1.10052311e-08
156.361 -1.61037580e-07 -4.78225194e-08
156.672 -1.18690709e-07 -8.73199286e-08
156.983 -5.74848681e-08 -9.00688009e-08
157.294 -3.32988401e-09 -6.15019027e-08
157.605  1.86138472e-08 -6.16036451e-09
157.915  7.31303911e-09  5.54311231e-08
158.226 -3.68937369e-08  9.32364288e-08
158.537 -1.01326596e-07  9.91213745e-08
158.848 -1.55213961e-07  6.93604425e-08
159.159 -1.84163381e-07  7.59627858e-09
159.470 -1.81351719e-07 -5.89685944e-08
159.781 -1.41974087e-07 -1.11671604e-07
160.091 -8.63603930e-08 -1.42245480e-07
160.402 -3.51521300e-08 -1.39958437e-07
160.713  3.45430160e-09 -1.17098182e-07
161.024  1.62761046e-08 -9.49951184e-08
161.335  8.32801034e-09 -8.19135923e-08
161.646  1.44850056e-09 -9.12499152e-08
161.957  6.01226434e-09 -1.24490009e-07
162.267  3.58039600e-08 -1.60152331e-07
162.578  9.94851303e-08 -1.83826594e-07
162.889  1.79088140e-07 -1.80059386e-07
163.200  2.56779082e-07 -1.31714466e-07
163.511  3.15481643e-07 -4.84142481e-08
163.822  3.29984530e-07  5.22257999e-08
164.133  2.97719955e-07  1.54074258e-07
164.443  2.31436280e-07  2.27525579e-07
164.754  1.42536514e-07  2.57600510e-07
165.065  5.90339683e-08  2.49467898e-07
165.376  4.69606832e-09  2.07602417e-07
165.687 -1.84306023e-08  1.53241364e-07
165.998 -8.72903889e-09  1.14007747e-07
166.309  2.13870752e-08  9.74299258e-08
166.619  4.40831724e-08  1.08822715e-07
166.930  4.72093169e-08  1.44091560e-07
167.241  2.32263211e-08  1.77365856e-07
167.552 -3.11784672e-08  1.91654836e-07
167.863 -9.43002358e-08  1.76901687e-07
168.174 -1.44599754e-07  1.22447157e-07
168.485 -1.68585032e-07  4.25030082e-08
168.795 -1.47952415e-07 -3.93201214e-08
169.106 -8.54465060e-08 -1.06501969e-07
169.417 -1.84484006e-09 -1.34118875e-07
169.728  8.61285536e-08 -1.10828303e-07
170.039  1.50563100e-07 -4.89691476e-08
170.350  1.66793801e-07  3.89282860e-08
170.661  1.34892143e-07  1.27702464e-07
170.971  5.92184830e-08  1.83891136e-07
171.282 -4.38113018e-08  1.94685756e-07
171.593 -1.39014238e-07  1.54261285e-07
171.904 -2.03422064e-07  6.58340868e-08
172.215 -2.21674501e-07 -4.15183610e-08
172.526 -1.82229910e-07 -1.39961075e-07
172.837 -1.01560585e-07 -2.07805553e-07
173.147 -6.16850653e-09 -2.20598687e-07
173.458  8.04170681e-08 -1.78602920e-07
173.769  1.25052293e-07 -1.01535903e-07
174.080  1.11009326e-07 -1.04565259e-08
174.391  4.67732773e-08  5.78387427e-08
174.702 -5.31400790e-08  7.07997410e-08
175.013 -1.53837286e-07  2.17680475e-08
175.323 -2.10181281e-07 -8.59143356e-08
175.634 -1.97593973e-07 -2.26048319e-07
175.945 -1.03199539e-07 -3.47328679e-07
176.256  6.36450691e-08 -4.07532302e-07
176.567  2.55806308e-07 -3.73851858e-07
176.878  4.18899206e-07 -2.30741774e-07
177.189  5.00642678e-07 -7.76957219e-09
177.499  4.55775377e-07  2.40120226e-07
177.810  2.83161625e-07  4.48270854e-07
178.121  2.25863682e-08  5.43769856e-07
178.432 -2.62433922e-07  4.86759021e-07
178.743 -4.81650393e-07  2.86695228e-07
179.054 -5.57009205e-07 -1.06014921e-08
179.365 -4.57517748e-07 -3.14162239e-07
179.675 -1.95843220e-07 -5.17176704e-07
179.986  1.55857126e-07 -5.45544917e-07
180.297  4.78892055e-07 -3.67491211e-07
180.608  6.61829000e-07 -1.71072644e-08
180.919  6.23645966e-07  3.97230942e-07
181.230  3.44519819e-07  7.41167185e-07
181.541 -1.02129766e-07  8.88050570e-07
181.851 -5.81205437e-07  7.54885887e-07
182.162 -9.33691764e-07  3.56715449e-07
182.473 -1.01375813e-06 -1.98491959e-07
182.784 -7.60250940e-07 -7.42570941e-07
183.095 -2.24133530e-07 -1.07947640e-06
183.406  4.49022844e-07 -1.06479966e-06
183.717  1.03918497e-06 -6.66438935e-07
184.027  1.32714030e-06  2.85780459e-08
184.338  1.18253918e-06  8.14334737e-07
184.649  6.00661270e-07  1.42305862e-06
184.960 -2.71486865e-07  1.62809116e-06
185.271 -1.16027985e-06  1.31058509e-06
185.582 -1.76561362e-06  5.15148579e-07
185.893 -1.85063757e-06 -5.32555436e-07
186.203 -1.32517563e-06 -1.50262845e-06
186.514 -3.11343211e-07 -2.05999840e-06
186.825  8.90300668e-07 -1.96779199e-06
187.136  1.89024237e-06 -1.19873834e-06
187.447  2.31946983e-06  4.08730902e-08
187.758  1.97585386e-06  1.37001261e-06
188.069  9.12296016e-07  2.32984142e-06
188.379 -5.72085099e-07  2.54602423e-06
188.690 -1.99554043e-06  1.87641404e-06
189.001 -2.84649791e-06  4.65558439e-07
189.312 -2.77413051e-06 -1.26602212e-06
189.623 -1.70963469e-06 -2.73659439e-06
189.934  7.74442262e-08 -3.40906490e-06
190.245  2.02871244e-06 -2.97000323e-06
190.555  3.48273758e-06 -1.45793355e-06
190.866  3.88963448e-06  7.00085482e-07
191.177  3.00395889e-06  2.81636057e-06
191.488  1.01687377e-06  4.15916389e-06
191.799 -1.48000678e-06  4.18929826e-06
192.110 -3.67270444e-06  2.78221832e-06
192.421 -4.77174443e-06  3.06468041e-07
192.731 -4.30171568e-06 -2.47495570e-06
193.042 -2.30013694e-06 -4.61977422e-06
193.353  6.68160137e-07 -5.32508584e-06
193.664  3.65007385e-06 -4.23167430e-06
193.975  5.60195192e-06 -1.56998460e-06
194.286  5.76297785e-06  1.86369943e-06
194.597  3.93032283e-06  4.92920412e-06
194.907  5.76180375e-07  6.53042473e-06
195.218 -3.24763894e-06  5.99324004e-06
195.529 -6.24654509e-06  3.32858007e-06
195.840 -7.31438151e-06 -6.99235204e-07
196.151 -5.92279290e-06 -4.79127031e-06
196.462 -2.36831502e-06 -7.53125727e-06
196.773  2.27174794e-06 -7.85593527e-06
197.083  6.46699861e-06 -5.46761968e-06
197.394  8.71815014e-06 -9.99501894e-07
197.705  8.09144236e-06  4.15055025e-06
198.016  4.59704344e-06  8.23752787e-06
198.327 -7.61018562e-07  9.75447473e-06
198.638 -6.25385427e-06  7.99146717e-06
198.949 -9.97334383e-06  3.32685732e-06
199.259 -1.05035181e-05 -2.82416786e-06
199.570 -7.44009485e-06 -8.41877481e-06
199.881 -1.59877213e-06 -1.14733235e-05
200.192  5.16977080e-06 -1.07568728e-05
200.503  1.05692923e-05 -6.26330811e-06
200.814  1.26336359e-05  6.87067483e-07
201.125  1.04226499e-05  7.82794048e-06
201.435  4.43345379e-06  1.26863221e-05
201.746 -3.47978513e-06  1.34189009e-05
202.057 -1.06806598e-05  9.50772993e-06
202.368 -1.46090554e-05  2.03299370e-06
202.679 -1.36857251e-05 -6.61991304e-06
202.990 -7.93893146e-06 -1.35034267e-05
203.301  9.21314162e-07 -1.61017865e-05
203.611  9.99442512e-06 -1.32541516e-05
203.922  1.61236300e-05 -5.63092393e-06
204.233  1.70026000e-05  4.39348251e-06
204.544  1.20265997e-05  1.34581164e-05
204.855  2.59534355e-06  1.83494560e-05
205.166 -8.24684208e-06  1.71353196e-05
205.477 -1.67939067e-05  9.90165387e-06
205.787 -1.99458911e-05 -1.15054054e-06
206.098 -1.63134890e-05 -1.23632584e-05
206.409 -6.80851352e-06 -1.98359818e-05
206.720  5.54909598e-06 -2.07650424e-05
207.031  1.65935453e-05 -1.44894628e-05
207.342  2.24021822e-05 -2.84349057e-06
207.653  2.06820774e-05  1.03741573e-05
207.963  1.16699014e-05  2.06262810e-05
208.274 -1.83865854e-06  2.41842409e-05
208.585 -1.53433663e-05  1.94905054e-05
208.896 -2.41235465e-05  7.80065201e-06
209.207 -2.48976592e-05 -7.12912639e-06
209.518 -1.70385521e-05 -2.02282508e-05
209.829 -2.90452530e-06 -2.68408263e-05
210.139  1.28387554e-05 -2.43811100e-05
210.450  2.47580901e-05 -1.33184569e-05
210.761  2.85347213e-05  2.84243378e-06
211.072  2.25126451e-05  1.86603927e-05
211.383  8.39862751e-06  2.85989709e-05
211.694 -9.19112654e-06  2.89526096e-05
212.005 -2.42482831e-05  1.92223033e-05
212.315 -3.14173972e-05  2.42962140e-06
212.626 -2.78962248e-05 -1.58209524e-05
212.937 -1.45310235e-05 -2.92081611e-05
213.248  4.35487391e-06 -3.28765339e-05
213.559  2.23552693e-05 -2.52091832e-05
213.870  3.31430025e-05 -8.50624397e-06
214.181  3.27067392e-05  1.16946006e-05
214.491  2.08401689e-05  2.84383327e-05
214.802  1.32917700e-06  3.57557342e-05
215.113 -1.92353399e-05  3.07996526e-05
215.424 -3.36853194e-05  1.49308409e-05
215.735 -3.67879690e-05 -6.62062089e-06
216.046 -2.71302819e-05 -2.64714574e-05
216.357 -7.73187067e-06 -3.76306090e-05
216.667  1.48792899e-05 -3.59579634e-05
216.978  3.28776260e-05 -2.16969261e-05
217.289  3.98510356e-05  4.79099673e-07
217.600  3.30847749e-05  2.30047832e-05
217.911  1.46244867e-05  3.80102727e-05
218.222 -9.33271053e-06  4.00696774e-05
218.533 -3.05253781e-05  2.81804687e-05
218.843 -4.14730125e-05  6.21677359e-06
219.154 -3.81342954e-05 -1.83362441e-05
219.465 -2.14074357e-05 -3.69264363e-05
219.776  3.09761360e-06 -4.29265477e-05
220.087  2.69311832e-05 -3.40149246e-05
220.398  4.17232569e-05 -1.30612553e-05
220.709  4.21456059e-05  1.27848736e-05
221.019  2.78304163e-05  3.45310309e-05
221.330  3.58125459e-06  4.44938175e-05
221.641 -2.22274635e-05  3.90204904e-05
221.952 -4.05618888e-05  1.98305571e-05
222.263 -4.49034979e-05 -6.50204652e-06
222.574 -3.35710383e-05 -3.08122391e-05
222.885 -1.03859812e-05 -4.45493575e-05
223.195  1.66163273e-05 -4.27888608e-05
223.506  3.79871450e-05 -2.60190426e-05
223.817  4.61737591e-05 -2.37208253e-08
224.128  3.82092888e-05  2.61253884e-05
224.439  1.68052289e-05  4.32363364e-05
224.750 -1.05790047e-05  4.52445533e-05
225.061 -3.43363108e-05  3.13879029e-05
225.371 -4.60923874e-05  6.49349944e-06
225.682 -4.16872022e-05 -2.07027529e-05
225.993 -2.26547813e-05 -4.06238268e-05
226.304  4.30752366e-06 -4.62527850e-05
226.615  2.96891132e-05 -3.56201146e-05
226.926  4.45435535e-05 -1.24987909e-05
227.237  4.36630071e-05  1.49198122e-05
227.547  2.74117347e-05  3.69403888e-05
227.858  1.59875466e-06  4.58146053e-05
228.169 -2.45987553e-05  3.84757278e-05
228.480 -4.19188644e-05  1.76197610e-05
228.791 -4.42974852e-05 -9.27240375e-06
229.102 -3.10117941e-05 -3.26339579e-05
229.413 -6.91505403e-06 -4.42231352e-05
229.723  1.93432531e-05 -4.00476285e-05
230.034  3.84279380e-05 -2.17672652e-05
230.345  4.36477991e-05  3.95679158e-06
230.656  3.33328509e-05  2.78908408e-05
230.967  1.13738040e-05  4.15455821e-05
231.278 -1.42396224e-05  4.02161777e-05
231.589 -3.43183343e-05  2.46214160e-05
231.899 -4.17913950e-05  5.65147220e-07
232.210 -3.42199035e-05 -2.32065210e-05
232.521 -1.45934174e-05 -3.81937553e-05
232.832  9.82190712e-06 -3.92066979e-05
233.143  3.01678647e-05 -2.61695645e-05
233.454  3.92286682e-05 -4.06409496e-06
233.765  3.39990681e-05  1.89529870e-05
234.075  1.66916812e-05  3.45720895e-05
234.386 -6.15509656e-06  3.73393141e-05
234.697 -2.61470782e-05  2.65721862e-05
235.008 -3.61239084e-05  6.52050769e-06
235.319 -3.27302745e-05 -1.52936270e-05
235.630 -1.75669808e-05 -3.08967190e-05
235.941  3.50840464e-06 -3.47768629e-05
236.251  2.26340810e-05 -2.58534018e-05
236.562  3.28653763e-05 -7.77157394e-06
236.873  3.07106215e-05  1.25631934e-05
237.184  1.73410516e-05  2.76015363e-05
237.495 -1.96915981e-06  3.19544044e-05
237.806 -1.98939215e-05  2.43453803e-05
238.117 -2.98215354e-05  7.97092906e-06
238.427 -2.83096378e-05 -1.08023179e-05
238.738 -1.62832777e-05 -2.48850539e-05
239.049  1.42580071e-06 -2.91478468e-05
239.360  1.79794594e-05 -2.22952783e-05
239.671  2.71649497e-05 -7.25045022e-06
239.982  2.57278537e-05  1.00402537e-05
240.293  1.45231144e-05  2.29346458e-05
240.603 -1.89603432e-06  2.66402698e-05
240.914 -1.70944450e-05  1.99869220e-05
241.225 -2.52638466e-05  5.80075238e-06
241.536 -2.34251631e-05 -1.02552998e-05
241.847 -1.25185093e-05 -2.19236077e-05
242.158  3.02168009e-06 -2.47665703e-05
242.469  1.70492079e-05 -1.78456506e-05
242.779  2.41101190e-05 -4.04116247e-06
243.090  2.15416935e-05  1.11272858e-05
243.401  1.04840312e-05  2.16829157e-05
243.712 -4.60961531e-06  2.35155223e-05
244.023 -1.77484459e-05  1.59778658e-05
244.334 -2.37469438e-05  2.11348449e-06
244.645 -2.02558857e-05 -1.25657879e-05
244.955 -8.67681287e-06 -2.22401943e-05
245.266  6.40740942e-06 -2.30665215e-05
245.577  1.90264275e-05 -1.46938508e-05
245.888  2.41612391e-05 -3.94308704e-07
246.199  1.97277367e-05  1.42098044e-05
246.510  7.39848522e-06  2.33359315e-05
246.821 -8.03540894e-06  2.33200243e-05
247.131 -2.05120996e-05  1.40631470e-05
247.442 -2.50730320e-05 -9.08274161e-07
247.753 -1.98138263e-05 -1.57797098e-05
248.064 -6.64916812e-06 -2.47048879e-05
248.375  9.38462361e-06 -2.40928244e-05
248.686  2.20591671e-05 -1.40223240e-05
248.997  2.63727895e-05  1.73849919e-06
249.307  2.04989228e-05  1.71480391e-05
249.618  6.53739073e-06  2.62168949e-05
249.929 -1.02413076e-05  2.53199146e-05
250.240 -2.34030967e-05  1.46261085e-05
250.551 -2.78134671e-05 -1.90786662e-06
250.862 -2.16253147e-05 -1.80220406e-05
251.173 -7.04087577e-06 -2.75305524e-05
251.483  1.04892130e-05 -2.66866266e-05
251.794  2.43191711e-05 -1.56559444e-05
252.105  2.91240737e-05  1.50342478e-06
252.416  2.29528002e-05  1.83551225e-05
252.727  8.00897207e-06  2.85013070e-05
253.038 -1.01570891e-05  2.80185432e-05
253.349 -2.47174290e-05  1.69761919e-05
253.659 -3.01422132e-05 -5.67712932e-07
253.970 -2.43114453e-05 -1.80683822e-05
254.281 -9.32943345e-06 -2.89453872e-05
254.592  9.24543989e-06 -2.90759784e-05
254.903  2.44702215e-05 -1.83546724e-05
255.214  3.06347788e-05 -7.43864015e-07
255.525  2.54104257e-05  1.71939746e-05
255.835  1.07228570e-05  2.87627010e-05
256.146 -7.95668681e-06  2.96472989e-05
256.457 -2.36655618e-05  1.95208900e-05
256.768 -3.05655121e-05  2.17028791e-06
257.079 -2.61146016e-05 -1.59287005e-05
257.390 -1.20113482e-05 -2.80507453e-05
257.701  6.45280871e-06 -2.97265956e-05
258.011  2.23992165e-05 -2.04003549e-05
258.322  2.99344649e-05 -3.62039399e-06
258.633  2.63382423e-05  1.43247419e-05
258.944  1.30611336e-05  2.67741039e-05
259.255 -4.86310320e-06  2.91748690e-05
259.566 -2.07355228e-05  2.07676177e-05
259.877 -2.87000922e-05  4.82231843e-06
260.187 -2.59247602e-05 -1.26386621e-05
260.498 -1.36176510e-05 -2.51147119e-05
260.809  3.49190290e-06 -2.80637307e-05
261.120  1.89650389e-05 -2.05718326e-05
261.431  2.70861309e-05 -5.62445974e-06
261.742  2.49934008e-05  1.10716247e-05
262.053  1.36869212e-05  2.32677871e-05
262.363 -2.41831870e-06  2.65308927e-05
262.674 -1.72067576e-05  1.98594840e-05
262.985 -2.51986405e-05  5.98454733e-06
263.296 -2.35880873e-05 -9.72667935e-06
263.607 -1.32301700e-05 -2.13526101e-05
263.918  1.75586117e-06 -2.46568282e-05
264.229  1.56191167e-05 -1.86334981e-05
264.539  2.31890707e-05 -5.81560104e-06
264.850  2.18027440e-05  8.77006157e-06
265.161  1.22527851e-05  1.95744335e-05
265.472 -1.59879453e-06  2.26318285e-05
265.783 -1.43755397e-05  1.70241920e-05
266.094 -2.12631779e-05  5.15578813e-06
266.405 -1.98252484e-05 -8.26034993e-06
266.715 -1.08775997e-05 -1.80592703e-05
267.026  1.91841266e-06 -2.06049315e-05
267.337  1.35356465e-05 -1.51516095e-05
267.648  1.95393292e-05 -4.04892044e-06
267.959  1.77861795e-05  8.24831736e-06
268.270  9.19107841e-06  1.69433334e-05
268.581 -2.71171484e-06  1.87657912e-05
268.891 -1.31938975e-05  1.32042708e-05
269.202 -1.81996375e-05  2.62943662e-06
269.513 -1.59147493e-05 -8.68870840e-06
269.824 -7.41513151e-06 -1.62861762e-05
270.135  3.81173254e-06 -1.72619824e-05
270.446  1.32750748e-05 -1.13749205e-05
270.757  1.72702598e-05 -1.08719629e-06
271.067  1.43157041e-05  9.44254638e-06
271.378  5.69508827e-06  1.60312361e-05
271.689 -5.08064074e-06  1.61189062e-05
272.000 -1.36939040e-05  9.74905410e-06
272.311 -1.67378835e-05 -4.71546174e-07
272.622 -1.30438124e-05 -1.04323745e-05
272.933 -4.12874943e-06 -1.61643595e-05
273.243  6.42383266e-06 -1.53992227e-05
273.554  1.44031692e-05 -8.45872691e-06
273.865  1.66319993e-05  1.88092460e-06
274.176  1.22178939e-05  1.15054181e-05
274.487  2.90707683e-06  1.65869264e-05
274.798 -7.61781255e-06  1.50905857e-05
275.109 -1.51908033e-05  7.58454893e-06
275.419 -1.67968258e-05 -2.98950231e-06
275.730 -1.17676116e-05 -1.24748499e-05
276.041 -2.04536081e-06 -1.71226837e-05
276.352  8.58028952e-06 -1.50705346e-05
276.663  1.59436102e-05 -7.07798351e-06
276.974  1.71346300e-05  3.77153591e-06
277.285  1.16440922e-05  1.32603822e-05
277.595  1.56036496e-06  1.76769625e-05
277.906 -9.23034301e-06  1.52689953e-05
278.217 -1.65439591e-05  6.92188805e-06
278.528 -1.75284951e-05 -4.17580950e-06
278.839 -1.17653220e-05 -1.37533484e-05
279.150 -1.43380461e-06 -1.81132849e-05
279.461  9.51548791e-06 -1.55556001e-05
279.771  1.68852574e-05 -7.02886301e-06
280.082  1.78450062e-05  4.22317105e-06
280.393  1.20088168e-05  1.39085795e-05
280.704  1.58946105e-06  1.83356791e-05
281.015 -9.45032955e-06  1.58146464e-05
281.326 -1.69208960e-05  7.30332740e-06
281.637 -1.79948412e-05 -3.96133436e-06
281.947 -1.22792928e-05 -1.37117913e-05
282.258 -1.96088570e-06 -1.82704455e-05
282.569  9.04633963e-06 -1.59397639e-05
282.880  1.65930475e-05 -7.64149155e-06
283.191  1.78618043e-05  3.45808215e-06
283.502  1.24302462e-05  1.31655566e-05
283.813  2.40472031e-06  1.78468426e-05
284.123 -8.40570036e-06  1.58007683e-05
284.434 -1.59370978e-05  7.87880825e-06
284.745 -1.74107903e-05 -2.87473588e-06
285.056 -1.23664849e-05 -1.23915354e-05
285.367 -2.79363071e-06 -1.71276513e-05
285.678  7.64995710e-06 -1.53958819e-05
285.989  1.50402000e-05 -7.96179613e-06
286.299  1.66760552e-05  2.28502046e-06
286.610  1.20664624e-05  1.14524196e-05
286.921  3.07061373e-06  1.61381591e-05
287.232 -6.84273007e-06  1.46963078e-05
287.543 -1.39428097e-05  7.81431498e-06
287.854 -1.56471600e-05 -1.79032914e-06
288.165 -1.14603606e-05 -1.04462497e-05
288.475 -3.11723966e-06 -1.49383863e-05
288.786  6.12942306e-06 -1.37007169e-05
289.097  1.27823978e-05 -7.36965433e-06
289.408  1.44197180e-05  1.51384690e-06
289.719  1.05832385e-05  9.52580052e-06
290.030  2.90126442e-06  1.36741192e-05
290.341 -5.59750833e-06  1.25192721e-05
290.651 -1.16713994e-05  6.68178187e-06
290.962 -1.31002009e-05 -1.46292013e-06
291.273 -9.50713241e-06 -8.74224169e-06
291.584 -2.44058771e-06 -1.24143261e-05
291.895  5.28066727e-06 -1.12093889e-05
292.206  1.06783822e-05 -5.76766491e-06
292.517  1.17674009e-05  1.67236687e-06
292.827  8.28875349e-06  8.17686782e-06
293.138  1.74725223e-06  1.12708534e-05
293.449 -5.21822735e-06  9.88360776e-06
293.760 -9.88979882e-06  4.71106409e-06
294.071 -1.05333475e-05 -2.10443961e-06
294.382 -7.03547283e-06 -7.84610281e-06
294.693 -9.00249425e-07 -1.03052133e-05
295.003  5.37783439e-06 -8.62360052e-06
295.314  9.32435467e-06 -3.58872492e-06
295.625  9.45241532e-06  2.71150806e-06
295.936  5.81545895e-06  7.74779775e-06
296.247 -4.40053551e-08  9.55713677e-06
296.558 -5.73994994e-06  7.49601922e-06
296.869 -9.00810545e-06  2.47185236e-06
297.179 -8.59100773e-06 -3.44720481e-06
297.490 -4.72056100e-06 -7.88005177e-06
297.801  9.96303360e-07 -9.07506273e-06
298.112  6.24488643e-06 -6.59567165e-06
298.423  8.92708226e-06 -1.48090945e-06
298.734  7.98933405e-06  4.19361538e-06
299.045  3.83686347e-06  8.15020445e-06
299.355 -1.84736788e-06  8.81048147e-06
299.666 -6.78329885e-06  5.92388888e-06
299.977 -8.99585258e-06  6.54699499e-07
300.288 -7.60284952e-06 -4.89260024e-06
300.599 -3.15965283e-06 -8.50397568e-06
300.910  2.57267242e-06 -8.73652902e-06
301.221  7.31994697e-06 -5.49014549e-06
301.531  9.19437415e-06 -3.66596312e-08
301.842  7.44391837e-06  5.47824081e-06
302.153  2.73996187e-06  8.87732928e-06
302.464 -3.08476946e-06  8.81414088e-06
302.775 -7.74921816e-06  5.29493170e-06
303.086 -9.42354611e-06 -3.24774818e-07
303.397 -7.44034446e-06 -5.86182060e-06
303.707 -2.55054687e-06 -9.16181320e-06
304.018  3.36067308e-06 -8.93650871e-06
304.329  8.00920263e-06 -5.25674904e-06
304.640  9.59937389e-06  4.68805056e-07
304.951  7.50939464e-06  6.03995116e-06
305.262  2.53412388e-06  9.31983387e-06
305.573 -3.42139590e-06  9.04942178e-06
305.883 -8.08352792e-06  5.33044398e-06
306.194 -9.67675280e-06 -4.13353331e-07
306.505 -7.59943442e-06 -5.99378054e-06
306.816 -2.65433434e-06 -9.29436857e-06
307.127  3.27205926e-06 -9.07248007e-06
307.438  7.93486189e-06 -5.43355242e-06
307.749  9.58022998e-06  2.23654780e-07
308.059  7.61314060e-06  5.75231570e-06
308.370  2.81023144e-06  9.07098430e-06
308.681 -2.99473065e-06  8.95537014e-06
308.992 -7.60958094e-06  5.49276458e-06
309.303 -9.31827600e-06  2.47501908e-08
309.614 -7.52614788e-06 -5.37113149e-06
309.925 -2.95945752e-06 -8.67470338e-06
310.235  2.62682292e-06 -8.68959575e-06
310.546  7.12378195e-06 -5.47270829e-06
310.857  8.87575028e-06 -2.89318793e-07
311.168  7.28968584e-06  4.88069112e-06
311.479  3.03272304e-06  8.10870800e-06
311.790 -2.23940215e-06  8.23978329e-06
312.101 -6.53241387e-06  5.30312813e-06
312.411 -8.27299390e-06  4.79100706e-07
312.722 -6.88239738e-06 -4.37599685e-06
313.033 -2.97302002e-06 -7.45026896e-06
313.344  1.91405406e-06 -7.64921914e-06
313.655  5.92194584e-06 -4.99005193e-06
313.966  7.58031243e-06 -5.65819518e-07
314.277  6.34764206e-06  3.90651400e-06
314.587  2.79191594e-06  6.74922315e-06
314.898 -1.66638406e-06  6.95311330e-06
315.209 -5.31827321e-06  4.54356152e-06
315.520 -6.81764667e-06  5.30812745e-07
315.831 -5.68555753e-06 -3.50889479e-06
316.142 -2.45899810e-06 -6.04504822e-06
316.453  1.55426404e-06 -6.17860301e-06
316.763  4.79507813e-06 -3.96208401e-06
317.074  6.06048054e-06 -3.38199174e-07
317.385  4.95407460e-06  3.24788326e-06
317.696  2.00091963e-06  5.42170020e-06
318.007 -1.58474160e-06  5.41067101e-06
318.318 -4.39049231e-06  3.31281707e-06
318.629 -5.36540395e-06  2.78586065e-08
318.939 -4.20893045e-06 -3.11582196e-06
319.250 -1.45876434e-06 -4.89928937e-06
319.561  1.74204403e-06 -4.68147812e-06
319.872  4.11799581e-06 -2.62515379e-06
320.183  4.76561560e-06  3.87349695e-07
320.494  3.48991882e-06  3.12745053e-06
320.805  8.64692901e-07  4.51821046e-06
321.115 -2.01769108e-06  4.04798610e-06
321.426 -3.99878010e-06  1.96065830e-06
321.737 -4.30880526e-06 -8.59182300e-07
322.048 -2.86414607e-06 -3.26055629e-06
322.359 -2.89248661e-07 -4.28569081e-06
322.670  2.35423677e-06 -3.54632286e-06
322.981  3.99742709e-06 -1.37383206e-06
323.291  3.98751290e-06  1.33133391e-06
323.602  2.34905928e-06  3.46903391e-06
323.913 -2.38420772e-07  4.17644499e-06
324.224 -2.72314914e-06  3.17648310e-06
324.535 -4.09879275e-06  8.82210649e-07
324.846 -3.81059922e-06 -1.77921005e-06
325.157 -1.97624627e-06 -3.73385882e-06
325.467  6.70985202e-07 -4.19192604e-06
325.778  3.07171487e-06 -2.96599717e-06
326.089  4.26147916e-06 -5.37569516e-07
326.400  3.75978279e-06  2.13245732e-06
326.711  1.75479738e-06  3.98097093e-06
327.022 -9.71041483e-07  4.26969932e-06
327.333 -3.34346234e-06  2.87332363e-06
327.643 -4.42479194e-06  3.26675275e-07
327.954 -3.78153983e-06 -2.37756029e-06
328.265 -1.64990167e-06 -4.18105604e-06
328.576  1.14899607e-06 -4.37515314e-06
328.887  3.52982671e-06 -2.87111221e-06
329.198  4.56891538e-06 -2.40373051e-07
329.509  3.85588054e-06  2.50523882e-06
329.819  1.65521636e-06  4.31054607e-06
330.130 -1.19210719e-06  4.47844687e-06
330.441 -3.59918862e-06  2.93775207e-06
330.752 -4.64719155e-06  2.75154003e-07
331.063 -3.93398104e-06 -2.49688559e-06
331.374 -1.73258778e-06 -4.32740016e-06
331.685  1.11994606e-06 -4.52272025e-06
331.995  3.54577176e-06 -3.01474278e-06
332.306  4.63066236e-06 -3.81043217e-07
332.617  3.97411770e-06  2.38301501e-06
332.928  1.83737059e-06  4.23788933e-06
333.239 -9.67597978e-07  4.49548567e-06
333.550 -3.38474915e-06  3.07816084e-06
333.861 -4.51448646e-06  5.34005793e-07
334.171 -3.95505861e-06 -2.17413748e-06
334.482 -1.94009675e-06 -4.03364517e-06
334.793  7.58328886e-07 -4.36892429e-06
335.104  3.12354910e-06 -3.08428509e-06
335.415  4.28549135e-06 -6.87014502e-07
335.726  3.84112202e-06  1.90846929e-06
336.037  1.99076226e-06  3.73595992e-06
336.347 -5.44405539e-07  4.14024208e-06
336.658 -2.80702052e-06  3.00827377e-06
336.969 -3.97019691e-06  8.02620159e-07
337.280 -3.63611118e-06 -1.62700926e-06
337.591 -1.97551206e-06 -3.37710858e-06
337.902  3.50717164e-07 -3.82333027e-06
338.213  2.45987760e-06 -2.84566123e-06
338.523  3.58016177e-06 -8.61158796e-07
338.834  3.33357659e-06  1.35636001e-06
339.145  1.86908589e-06  2.97651430e-06
339.456 -2.17462656e-07  3.42134113e-06
339.767 -2.12445556e-06  2.57833959e-06
340.078 -3.14796399e-06  8.21575691e-07
340.389 -2.94764889e-06 -1.15185353e-06
340.699 -1.65957685e-06 -2.59169837e-06
341.010  1.80459852e-07 -2.98343647e-06
341.321  1.85136871e-06 -2.23497217e-06
341.632  2.72949326e-06 -6.86900867e-07
341.943  2.52581536e-06  1.03226144e-06
342.254  1.37515472e-06  2.25736573e-06
342.565 -2.32802246e-07  2.54849716e-06
342.875 -1.65398689e-06  1.84483209e-06
343.186 -2.35111671e-06  4.70172351e-07
343.497 -2.09386699e-06 -1.00440949e-06
343.808 -1.03151814e-06 -1.99855881e-06
344.119  3.76030387e-07 -2.14893691e-06
344.430  1.55514025e-06 -1.43720491e-06
344.741  2.05077547e-06 -1.88312170e-07
345.051  1.69541255e-06  1.07276903e-06
345.362  6.68445167e-07  1.84095966e-06
345.673 -5.86536756e-07  1.82538770e-06
345.984 -1.55340405e-06  1.06014504e-06
346.295 -1.84771789e-06 -1.16156003e-07
346.606 -1.36683762e-06 -1.21116997e-06
346.917 -3.28982982e-07 -1.77826333e-06
347.227  8.27582052e-07 -1.59283577e-06
347.538  1.62574769e-06 -7.44411036e-07
347.849  1.73859314e-06  4.08740508e-07
348.160  1.12509090e-06  1.39063265e-06
348.471  4.19291914e-08  1.79595048e-06
348.782 -1.06728462e-06  1.45769294e-06
349.093 -1.74689920e-06  5.14187286e-07
349.403 -1.71547748e-06 -6.53696015e-07
349.714 -9.82206170e-07 -1.57190334e-06
350.025  1.62969218e-07 -1.86372375e-06
350.336  1.26253789e-06 -1.40612256e-06
350.647  1.87155891e-06 -3.74183967e-07
350.958  1.74113956e-06  8.27278980e-07
351.269  9.14474588e-07  1.71936567e-06
351.579 -2.90910988e-07  1.94433386e-06
351.890 -1.40177273e-06  1.40610999e-06
352.201 -1.97927871e-06  3.05384200e-07
352.512 -1.79256646e-06 -9.32086359e-07
352.823 -9.04659193e-07 -1.82354031e-06
353.134  3.46116743e-07 -2.02075086e-06
353.445  1.47673452e-06 -1.44018364e-06
353.755  2.05149805e-06 -2.99230068e-07
354.066  1.84549973e-06  9.64754241e-07
354.377  9.32437194e-07  1.86873855e-06
354.688 -3.39158821e-07  2.06621170e-06
354.999 -1.48544161e-06  1.47847733e-06
355.310 -2.07126656e-06  3.30012107e-07
355.621 -1.87260012e-06 -9.42412620e-07
355.931 -9.66983407e-07 -1.85798366e-06
356.242  2.99687297e-07 -2.06987726e-06
356.553  1.44926387e-06 -1.50117641e-06
356.864  2.04791801e-06 -3.72328460e-07
357.175  1.87325056e-06  8.89466805e-07
357.486  9.98994747e-07  1.80845867e-06
357.797 -2.41352200e-07  2.04134527e-06
358.107 -1.37939574e-06  1.50967791e-06
358.418 -1.98831784e-06  4.20852323e-07
358.729 -1.84840938e-06 -8.11976128e-07
359.040 -1.02250043e-06 -1.72434418e-06
359.351  1.72595964e-07 -1.98123389e-06
359.662  1.28383054e-06 -1.49828988e-06
359.973  1.89873534e-06 -4.66179026e-07
360.283  1.79902392e-06  7.20106827e-07
360.594  1.03383343e-06  1.61593530e-06
360.905 -9.89029550e-08  1.89639874e-06
361.216 -1.16982359e-06  1.46952031e-06
361.527 -1.78534671e-06  5.09047757e-07
361.838 -1.72810427e-06 -6.15074440e-07
362.149 -1.03515489e-06 -1.48457898e-06
362.459  1.88833148e-08 -1.78545503e-06
362.770  1.03587429e-06 -1.42113991e-06
363.081  1.64316319e-06 -5.47112346e-07
363.392  1.62825527e-06  4.99079305e-07
363.703  1.01807445e-06  1.32860095e-06
364.014  5.80065322e-08  1.64263035e-06
364.325 -8.88683532e-07  1.34498935e-06
364.635 -1.47427091e-06  5.69500083e-07
364.946 -1.49839559e-06 -3.82258594e-07
365.257 -9.77741713e-07 -1.15396979e-06
365.568 -1.25726954e-07 -1.47041376e-06
365.879  7.30829267e-07 -1.23920496e-06
366.190  1.27727406e-06 -5.71348561e-07
366.501  1.33188943e-06  2.67125332e-07
366.811  9.02053537e-07  9.58747377e-07
367.122  1.71910933e-07  1.26041156e-06
367.433 -5.71261128e-07  1.08664232e-06
367.744 -1.05471972e-06  5.30522506e-07
368.055 -1.12019254e-06 -1.76327718e-07
368.366 -7.72270987e-07 -7.62479563e-07
368.677 -1.71458249e-07 -1.02235495e-06
368.987  4.38246809e-07 -8.84419036e-07
369.298  8.30610984e-07 -4.33255813e-07
369.609  8.76857399e-07  1.33041486e-07
369.920  5.90365685e-07  5.91479264e-07
370.231  1.13659645e-07  7.77533161e-07
370.542 -3.51774698e-07  6.45037209e-07
370.853 -6.26016199e-07  2.79566780e-07
371.163 -6.18576628e-07 -1.50162185e-07
371.474 -3.63038834e-07 -4.65158913e-07
371.785  9.14513206e-09 -5.45975069e-07
372.096  3.30721243e-07 -3.82676363e-07
372.407  4.66047994e-07 -7.00967316e-08
372.718  3.70712882e-07  2.41608473e-07
373.029  1.06226503e-07  4.09293326e-07
373.339 -1.95741526e-07  3.61308831e-07
373.650 -3.89161917e-07  1.29158947e-07
373.961 -3.79393220e-07 -1.73728199e-07
374.272 -1.69247727e-07 -4.00355617e-07
374.583  1.46700205e-07 -4.34544494e-07
374.894  4.21921922e-07 -2.48875254e-07
375.205  5.18857325e-07  8.42755028e-08
375.515  3.76029202e-07  4.22179304e-07
375.826  3.68759900e-08  6.07046040e-07
376.137 -3.66661905e-07  5.39089538e-07
376.448 -6.61094923e-07  2.23500784e-07
376.759 -7.06302951e-07 -2.29736685e-07
377.070 -4.59550881e-07 -6.41043994e-07
377.381  5.46733897e-09 -8.32863263e-07
377.691  5.18158503e-07 -7.07549747e-07
378.002  8.73266371e-07 -2.87469658e-07
378.313  9.17095667e-07  2.85064731e-07
378.624  6.08338164e-07  7.94160559e-07
378.935  4.02804239e-08  1.03714057e-06
379.246 -5.83630361e-07  9.02911594e-07
379.557 -1.02787926e-06  4.17325588e-07
379.867 -1.11452944e-06 -2.54727481e-07
380.178 -7.89931810e-07 -8.69087356e-07
380.489 -1.55460090e-07 -1.19430017e-06
380.800  5.65420855e-07 -1.09482710e-06
381.111  1.11084306e-06 -5.89291259e-07
381.422  1.27252948e-06  1.49697537e-07
381.733  9.76865100e-07  8.60125647e-07
382.043  3.19598255e-07  1.28153111e-06
382.354 -4.70313271e-07  1.25091323e-06
382.665 -1.10991771e-06  7.69950315e-07
382.976 -1.36257348e-06  3.51254940e-09
383.287 -1.13085589e-06 -7.77746310e-07
383.598 -4.91698669e-07 -1.29049360e-06
383.909  3.31302333e-07 -1.34676174e-06
384.219  1.04261798e-06 -9.22850068e-07
384.530  1.38505762e-06 -1.65814592e-07
384.841  1.23493148e-06  6.53691038e-07
385.152  6.42984216e-07  1.24041585e-06
385.463 -1.79280451e-07  1.38472854e-06
385.774 -9.35113987e-07  1.03386965e-06
386.085 -1.35438037e-06  3.13570095e-07
386.395 -1.28708985e-06 -5.14722023e-07
386.706 -7.57786310e-07 -1.15353738e-06
387.017  3.94080972e-08 -1.37427182e-06
387.328  8.15991171e-07 -1.09785089e-06
387.639  1.29289550e-06 -4.27892492e-07
387.950  1.29784971e-06  3.90731139e-07
388.261  8.32253733e-07  1.06227360e-06
388.571  6.85398589e-08  1.34272850e-06
388.882 -7.15970964e-07  1.13198575e-06
389.193 -1.23501009e-06  5.10238933e-07
389.504 -1.29948054e-06 -2.95944576e-07
389.815 -8.88408573e-07 -9.91835702e-07
390.126 -1.51477352e-07 -1.32183256e-06
390.437  6.42451965e-07 -1.16629920e-06
390.747  1.20101714e-06 -5.80604916e-07
391.058  1.31930358e-06  2.23586630e-07
391.369  9.51177432e-07  9.51014070e-07
391.680  2.25794532e-07  1.33431610e-06
391.991 -5.93359310e-07  1.22956016e-06
392.302 -1.20667048e-06  6.66539811e-07
392.613 -1.38688282e-06 -1.55229383e-07
392.923 -1.05788244e-06 -9.38825372e-07
393.234 -3.28714638e-07 -1.39806547e-06
393.545  5.42970752e-07 -1.35594345e-06
393.856  1.24474620e-06 -8.13304437e-07
394.167  1.51580562e-06  4.60696494e-08
394.478  1.24260730e-06  9.21897915e-07
394.789  5.06510530e-07  1.49826251e-06
395.099 -4.44813202e-07  1.55472777e-06
395.410 -1.27880688e-06  1.05193813e-06
395.721 -1.69032321e-06  1.47091039e-07
396.032 -1.51513883e-06 -8.55469680e-07
396.343 -7.90106427e-07 -1.60208929e-06
396.654  2.54828913e-07 -1.81647560e-06
396.965  1.26492809e-06 -1.39875412e-06
397.275  1.88251594e-06 -4.63344263e-07
397.586  1.87277301e-06  6.87445532e-07
397.897  1.20555380e-06  1.66146381e-06
398.208  7.83421902e-08  2.11167403e-06
398.519 -1.14067675e-06  1.85298614e-06
398.830 -2.03578379e-06  9.35326307e-07
399.141 -2.27999798e-06 -3.59457773e-07
399.451 -1.75121280e-06 -1.60754435e-06
