0.295  4.95675344e-03 -7.85072619e-04
0.590  2.85201750e-03  7.40694748e-04
0.885  1.50649400e-03  1.41956123e-03
1.180  4.46240117e-04  1.52294645e-03
1.475 -3.70684111e-04  1.21601022e-03
1.770 -8.32315740e-04  6.78888004e-04
2.065 -9.01599375e-04  8.48289474e-05
2.360 -6.88424064e-04 -3.78946113e-04
2.655 -3.17075588e-04 -6.39988814e-04
2.951  8.71770552e-05 -6.26679869e-04
3.246  4.00486784e-04 -4.26260141e-04
3.541  5.16068981e-04 -1.01795558e-04
3.836  4.29029781e-04  2.18722398e-04
4.131  2.15147931e-04  4.10888212e-04
4.426 -5.02136406e-05  4.31613802e-04
4.721 -2.65649411e-04  2.99930435e-04
5.016 -3.65338749e-04  7.44203223e-05
5.311 -3.13592373e-04 -1.44182262e-04
5.606 -1.58482672e-04 -2.88453406e-04
5.901  4.33090005e-05 -3.10717566e-04
6.196  2.08445892e-04 -2.18317304e-04
6.491  2.77840187e-04 -6.37667135e-05
6.786  2.47408616e-04  1.02472988e-04
7.081  1.37697600e-04  2.19655246e-04
7.376 -1.73698947e-05  2.44807736e-04
7.671 -1.53005088e-04  1.73283523e-04
7.966 -2.17417559e-04  4.39341351e-05
8.261 -1.98603080e-04 -9.37328915e-05
8.556 -1.01271299e-04 -1.85631318e-04
8.852  2.46038792e-05 -2.02010752e-04
9.147  1.30104970e-04 -1.40177081e-04
9.442  1.75621245e-04 -3.13706910e-05
9.737  1.54167201e-04  7.66253162e-05
10.032  7.95513052e-05  1.46103534e-04
10.327 -2.24217491e-05  1.59452850e-04
10.622 -1.11880164e-04  1.13355169e-04
10.917 -1.55938982e-04  2.87356406e-05
11.212 -1.43800386e-04 -5.96231945e-05
11.507 -8.01080118e-05 -1.21761140e-04
11.802  9.04968806e-06 -1.36224790e-04
12.097  8.77721718e-05 -9.86842517e-05
12.392  1.27052585e-04 -2.47626947e-05
12.687  1.16122727e-04  5.76003091e-05
12.982  6.16692723e-05  1.15608164e-04
13.277 -1.24999344e-05  1.25463770e-04
13.572 -7.47063587e-05  8.70719568e-05
13.867 -1.02052157e-04  1.76163620e-05
14.162 -8.64738990e-05 -5.54924771e-05
14.457 -3.54359769e-05 -1.04297442e-04
14.753  2.89418432e-05 -1.11279069e-04
15.048  8.06136482e-05 -7.74990161e-05
15.343  1.00936429e-04 -1.82282472e-05
15.638  8.44634297e-05  4.39302864e-05
15.933  3.74176558e-05  8.53938112e-05
16.228 -2.33827068e-05  9.11740081e-05
16.523 -7.41848349e-05  6.07474739e-05
16.818 -9.51454360e-05  7.88467573e-06
17.113 -8.02924790e-05 -4.55740614e-05
17.408 -3.68481637e-05 -7.92488357e-05
17.703  1.80721627e-05 -8.12495874e-05
17.998  6.33641601e-05 -5.19842937e-05
18.293  8.31316852e-05 -3.78824109e-06
18.588  7.18931834e-05  4.43104131e-05
18.883  3.60903884e-05  7.40167825e-05
19.178 -9.03644815e-06  7.47110903e-05
19.473 -4.56917250e-05  4.71758278e-05
19.768 -6.00527920e-05  3.17679426e-06
20.063 -4.72949300e-05 -4.04763254e-05
20.359 -1.32187824e-05 -6.77790238e-05
20.654  2.85089303e-05 -6.87622129e-05
20.949  6.16452623e-05 -4.36122943e-05
21.244  7.34206603e-05 -2.84579551e-06
21.539  5.93235924e-05  3.71465541e-05
21.834  2.51633598e-05  6.09703933e-05
22.129 -1.52680324e-05  6.03327492e-05
22.424 -4.67829825e-05  3.71854583e-05
22.719 -5.80468022e-05  2.22324918e-06
23.014 -4.59563365e-05 -3.08316051e-05
23.309 -1.64331775e-05 -4.94181842e-05
23.604  1.84038027e-05 -4.71476830e-05
23.899  4.50335397e-05 -2.55791819e-05
24.194  5.36815454e-05  6.50564381e-06
24.489  4.16578513e-05  3.66380283e-05
24.784  1.39477409e-05  5.32036284e-05
25.079 -1.81857803e-05  5.02844662e-05
25.374 -4.20202160e-05  2.94093437e-05
25.669 -4.87020596e-05 -1.08095280e-06
25.964 -3.62701358e-05 -2.93253598e-05
26.260 -9.94926135e-06 -4.47995917e-05
26.555  1.97762805e-05 -4.22589222e-05
26.850  4.16907631e-05 -2.34340446e-05
27.145  4.79668440e-05  3.64864812e-06
27.440  3.68077375e-05  2.80623465e-05
27.735  1.31089906e-05  4.05035925e-05
28.030 -1.36075569e-05  3.63807230e-05
28.325 -3.31673264e-05  1.76637781e-05
28.620 -3.84572978e-05 -8.16476259e-06
28.915 -2.79930976e-05 -3.12628514e-05
29.210 -6.56546360e-06 -4.29519285e-05
29.505  1.71032338e-05 -3.90317916e-05
29.800  3.37500868e-05 -2.14397897e-05
30.095  3.69630907e-05  2.79839248e-06
30.390  2.59009763e-05  2.44445944e-05
30.685  5.24916449e-06  3.54821812e-05
30.980 -1.68200922e-05  3.23609399e-05
31.275 -3.16487195e-05  1.71728155e-05
31.570 -3.37181325e-05 -3.62226546e-06
31.865 -2.26171377e-05 -2.17015455e-05
32.161 -2.77114674e-06 -3.00652303e-05
32.456  1.82158501e-05 -2.58126125e-05
32.751  3.25095275e-05 -1.08596364e-05
33.046  3.51329378e-05  8.83816070e-06
33.341  2.55508336e-05  2.55343372e-05
33.636  7.76663391e-06  3.29145800e-05
33.931 -1.11702256e-05  2.83974836e-05
34.226 -2.41468346e-05  1.39423187e-05
34.521 -2.66461855e-05 -4.62192667e-06
34.816 -1.82666336e-05 -2.01176110e-05
35.111 -2.93365074e-06 -2.68503197e-05
35.406  1.28295818e-05 -2.25294389e-05
35.701  2.26677059e-05 -9.23315187e-06
35.996  2.26856292e-05  7.53338024e-06
36.291  1.29616049e-05  2.12742672e-05
36.586 -2.54168707e-06  2.68360097e-05
36.881 -1.78189782e-05  2.23084200e-05
37.176 -2.70699799e-05  9.78698241e-06
37.471 -2.68355225e-05 -5.74528633e-06
37.767 -1.74232488e-05 -1.83648429e-05
38.062 -2.57352601e-06 -2.33349817e-05
38.357  1.20959481e-05 -1.90816886e-05
38.652  2.11398048e-05 -7.65139278e-06
38.947  2.14830009e-05  6.30782025e-06
39.242  1.35209441e-05  1.72210017e-05
39.537  7.29498594e-07  2.08538197e-05
39.832 -1.16161119e-05  1.60223011e-05
40.127 -1.85591251e-05  4.78157004e-06
40.422 -1.75007045e-05 -8.38731148e-06
40.717 -8.95510529e-06 -1.83234636e-05
41.012  3.71083380e-06 -2.13516236e-05
41.307  1.55465363e-05 -1.65372796e-05
41.602  2.21440627e-05 -5.91133897e-06
41.897  2.12455181e-05  6.26707667e-06
42.192  1.34241040e-05  1.53352541e-05
42.487  1.94111493e-06  1.80380190e-05
42.782 -8.66047454e-06  1.36032089e-05
43.077 -1.44239475e-05  4.09669102e-06
43.372 -1.33261133e-05 -6.47326502e-06
43.668 -6.08390607e-06 -1.38836196e-05
43.963  4.16066697e-06 -1.51930228e-05
44.258  1.32886818e-05 -9.87098873e-06
44.553  1.77248034e-05 -3.83310466e-08
44.848  1.57651845e-05  1.05673364e-05
45.143  8.31156904e-06  1.80164803e-05
45.438 -1.66831043e-06  1.96003670e-05
45.733 -1.03494226e-05  1.49720856e-05
46.028 -1.44152323e-05  6.14095868e-06
46.323 -1.24409630e-05 -3.43735271e-06
46.618 -5.38631095e-06 -1.00820758e-05
46.913  3.93426030e-06 -1.13835741e-05
47.208  1.18411957e-05 -7.14604663e-06
47.503  1.52544772e-05  7.35634805e-07
47.798  1.29593520e-05  8.98376376e-06
48.093  5.88783654e-06  1.42189530e-05
48.388 -3.25241363e-06  1.43936288e-05
48.683 -1.09838637e-05  9.44386264e-06
48.978 -1.45425779e-05  1.25047035e-06
49.273 -1.28491639e-05 -7.02605902e-06
49.569 -6.79557622e-06 -1.23111863e-05
49.864  1.04679817e-06 -1.27859384e-05
50.159  7.55203721e-06 -8.44215317e-06
50.454  1.03059236e-05 -1.14784246e-06
50.749  8.38911767e-06  6.14804989e-06
51.044  2.76671530e-06  1.06643460e-05
51.339 -4.11936929e-06  1.07263419e-05
51.634 -9.45424248e-06  6.41269754e-06
51.929 -1.10537296e-05 -4.54181061e-07
52.224 -8.18498880e-06 -7.17351034e-06
52.519 -1.92594914e-06 -1.11686622e-05
52.814  5.38739939e-06 -1.09152151e-05
53.109  1.10761085e-05 -6.61311755e-06
53.404  1.30571169e-05  6.89175157e-09
53.699  1.07315669e-05  6.43043687e-06
53.994  5.15201821e-06  1.02344423e-05
54.289 -1.50582622e-06  1.00924985e-05
54.584 -6.69688085e-06  6.27384751e-06
54.879 -8.52623084e-06  3.86262616e-07
55.175 -6.51959072e-06 -5.19458432e-06
55.470 -1.65134231e-06 -8.25475891e-06
55.765  4.02590652e-06 -7.68842733e-06
56.060  8.15570185e-06 -3.79921924e-06
56.355  9.10369030e-06  1.85013755e-06
56.650  6.50477949e-06  6.98931630e-06
56.945  1.33226983e-06  9.63198046e-06
57.240 -4.40973516e-06  8.81160762e-06
57.535 -8.55714508e-06  4.85250565e-06
57.830 -9.64143784e-06 -6.90464706e-07
58.125 -7.33174746e-06 -5.69848730e-06
58.420 -2.60377735e-06 -8.37551839e-06
58.715  2.66730521e-06 -7.82209787e-06
59.010  6.53905923e-06 -4.39740379e-06
59.305  7.65863017e-06  4.10004992e-07
59.600  5.76733898e-06  4.68622999e-06
59.895  1.84180157e-06  6.78233527e-06
60.190 -2.41459163e-06  5.90753559e-06
60.485 -5.23564577e-06  2.50410772e-06
60.780 -5.41513548e-06 -2.02460942e-06
61.076 -2.85732585e-06 -5.90115747e-06
61.371  1.44189236e-06 -7.57952357e-06
61.666  5.85812847e-06 -6.40891657e-06
61.961  8.68345950e-06 -2.86742258e-06
62.256  8.82827350e-06  1.73201216e-06
62.551  6.26793282e-06  5.68614667e-06
62.846  1.93445197e-06  7.57001843e-06
63.141 -2.60926219e-06  6.84389865e-06
63.436 -5.74872166e-06  3.94413960e-06
63.731 -6.51611786e-06  9.93796292e-08
64.026 -4.86852751e-06 -3.10794161e-06
64.321 -1.64773027e-06 -4.45067042e-06
64.616  1.69638793e-06 -3.49055235e-06
64.911  3.75739122e-06 -6.73562727e-07
65.206  3.72201543e-06  2.78117564e-06
65.501  1.59276019e-06  5.41628928e-06
65.796 -1.76188771e-06  6.14830792e-06
66.091 -4.97531408e-06  4.59496342e-06
66.386 -6.79356335e-06  1.25975549e-06
66.681 -6.48051879e-06 -2.65033424e-06
66.977 -4.10963401e-06 -5.78121518e-06
67.272 -5.76280973e-07 -7.08881355e-06
67.567  2.84405841e-06 -6.20694009e-06
67.862  4.96212909e-06 -3.63895116e-06
68.157  5.07696419e-06 -4.70729941e-07
68.452  3.30802670e-06  2.06979022e-06
68.747  4.83914359e-07  3.01851551e-06
69.042 -2.23641010e-06  2.10585582e-06
69.337 -3.74229921e-06 -1.70487880e-07
69.632 -3.44646607e-06 -2.82734647e-06
69.927 -1.52302354e-06 -4.72239108e-06
70.222  1.25709592e-06 -5.02361021e-06
70.517  3.78626538e-06 -3.58181338e-06
70.812  5.04303502e-06 -9.00032233e-07
71.107  4.55649429e-06  2.04599699e-06
71.402  2.51455968e-06  4.14871803e-06
71.697 -3.26545924e-07  4.67166585e-06
71.992 -2.87935955e-06  3.48547890e-06
72.287 -4.21360472e-06  1.06768878e-06
72.583 -3.89876781e-06 -1.62153823e-06
72.878 -2.09450915e-06 -3.56286379e-06
73.173  4.60417658e-07 -4.09065444e-06
73.468  2.76544221e-06 -3.06351818e-06
73.763  3.99893798e-06 -9.51040323e-07
74.058  3.75633707e-06  1.35444023e-06
74.353  2.21620664e-06  2.96268191e-06
74.648  9.11623691e-08  3.27339315e-06
74.943 -1.73742266e-06  2.19757162e-06
75.238 -2.53479698e-06  2.38934698e-07
75.533 -1.96583108e-06 -1.77847743e-06
75.828 -2.87066486e-07 -3.03157700e-06
76.123  1.80678143e-06 -2.96429052e-06
76.418  3.48233741e-06 -1.56326280e-06
76.713  4.02618526e-06  6.62487208e-07
77.008  3.16738235e-06  2.93204494e-06
77.303  1.18666909e-06  4.42828681e-06
77.598 -1.26196347e-06  4.63227898e-06
77.893 -3.35097034e-06  3.54788363e-06
78.188 -4.39092438e-06  1.61637354e-06
78.484 -4.14006546e-06 -4.34104286e-07
78.779 -2.81928377e-06 -1.84688509e-06
79.074 -1.01493107e-06 -2.19097513e-06
79.369  5.10563848e-07 -1.47354147e-06
79.664  1.17947919e-06 -9.88629912e-08
79.959  7.99997366e-07  1.24324303e-06
80.254 -4.16380758e-07  1.90458078e-06
80.549 -1.88943062e-06  1.54599354e-06
80.844 -2.93299747e-06  2.09095612e-07
81.139 -3.06396077e-06 -1.65202101e-06
81.434 -2.12763707e-06 -3.34896427e-06
81.729 -3.86994716e-07 -4.27953839e-06
82.024  1.55579158e-06 -4.10063807e-06
82.319  3.05497110e-06 -2.86071488e-06
82.614  3.62788615e-06 -1.02079493e-06
82.909  3.11414003e-06  7.86208188e-07
83.204  1.78505423e-06  1.98172262e-06
83.499  1.83758169e-07  2.21435555e-06
83.794 -1.09959870e-06  1.53929602e-06
84.089 -1.59856921e-06  3.55369487e-07
84.385 -1.19072675e-06 -7.97479238e-07
84.680 -1.32046228e-07 -1.39624883e-06
84.975  1.10679784e-06 -1.16865062e-06
85.270  1.98032810e-06 -2.17292478e-07
85.565  2.09121368e-06  1.08811086e-06
85.860  1.38679032e-06  2.22632784e-06
86.155  1.18389223e-07  2.71555225e-06
86.450 -1.24718693e-06  2.35684469e-06
86.745 -2.17450369e-06  1.26617530e-06
87.040 -2.32290573e-06 -1.82912346e-07
87.335 -1.65148466e-06 -1.45411237e-06
87.630 -3.98005578e-07 -2.10114365e-06
87.925  9.61895804e-07 -1.93506659e-06
88.220  1.92935424e-06 -1.04144542e-06
88.515  2.19455484e-06  2.11276119e-07
88.810  1.69313836e-06  1.32730944e-06
89.105  6.55775661e-07  1.91739527e-06
89.400 -4.75071582e-07  1.79172113e-06
89.695 -1.27410885e-06  1.03878323e-06
89.991 -1.45685085e-06  1.60156694e-08
90.286 -9.76080836e-07 -8.50407153e-07
90.581 -7.98406210e-08 -1.21269071e-06
90.876  8.38581861e-07 -9.06171251e-07
91.171  1.39974021e-06 -6.11253238e-08
91.466  1.34306102e-06  9.82467720e-07
91.761  6.73903141e-07  1.83342476e-06
92.056 -3.49828380e-07  2.15087110e-06
92.351 -1.36058614e-06  1.80821560e-06
92.646 -1.97550070e-06  9.52023735e-07
92.941 -1.95769748e-06 -1.08979271e-07
93.236 -1.33729217e-06 -9.87512408e-07
93.531 -3.44424442e-07 -1.35987334e-06
93.826  6.61872787e-07 -1.13279486e-06
94.121  1.30554508e-06 -4.30158877e-07
94.416  1.38519384e-06  4.61492536e-07
94.711  9.17511238e-07  1.16661953e-06
95.006  1.02277201e-07  1.41224224e-06
95.301 -7.12825321e-07  1.12304551e-06
95.596 -1.20261942e-06  4.07928448e-07
95.892 -1.20243226e-06 -4.41147344e-07
96.187 -7.20224225e-07 -1.08086409e-06
96.482  3.63419105e-08 -1.28201416e-06
96.777  7.40554934e-07 -9.68189901e-07
97.072  1.12070106e-06 -2.61589925e-07
97.367  1.02534487e-06  5.43646429e-07
97.662  4.80415918e-07  1.14590270e-06
97.957 -2.85208199e-07  1.32661200e-06
98.252 -9.75069086e-07  1.01310910e-06
98.547 -1.33394695e-06  3.48434606e-07
98.842 -1.21093477e-06 -3.99969783e-07
99.137 -6.59762863e-07 -9.58813640e-07
99.432  9.95766970e-08 -1.11047549e-06
99.727  7.97946501e-07 -8.09827983e-07
100.022  1.17582851e-06 -2.02667750e-07
100.317  1.10120202e-06  4.76271544e-07
100.612  6.39876079e-07  9.58002679e-07
100.907 -2.00387525e-08  1.04451633e-06
101.202 -6.19018208e-07  7.20143361e-07
101.497 -9.09833491e-07  1.12363074e-07
101.793 -7.95158073e-07 -5.53664060e-07
102.088 -3.30947430e-07 -1.01139484e-06
102.383  3.11239399e-07 -1.09818946e-06
102.678  8.72409555e-07 -8.01451769e-07
102.973  1.14164952e-06 -2.31394306e-07
103.268  1.04103938e-06  3.82355049e-07
103.563  6.13194286e-07  8.01371667e-07
103.858  3.75208422e-08  8.92700557e-07
104.153 -4.44325701e-07  6.34659185e-07
104.448 -6.58810134e-07  1.45695705e-07
104.743 -5.27413636e-07 -3.49112060e-07
105.038 -1.02015680e-07 -6.49627140e-07
105.333  4.27548797e-07 -6.29742931e-07
105.628  8.50415095e-07 -2.74580243e-07
105.923  1.00375836e-06  2.76298720e-07
106.218  8.08758706e-07  8.17604153e-07
106.513  3.40188779e-07  1.16258927e-06
106.808 -2.23829391e-07  1.17718103e-06
107.103 -6.92996730e-07  8.64752674e-07
107.399 -8.97145560e-07  3.59700840e-07
107.694 -7.73623187e-07 -1.60443659e-07
107.989 -4.03470761e-07 -5.06646118e-07
108.284  6.29283092e-08 -5.57697717e-07
108.579  4.38099401e-07 -3.33004779e-07
108.874  5.60604834e-07  5.80882225e-08
109.169  3.93356829e-07  4.48965839e-07
109.464  3.40218232e-09  6.57620259e-07
109.759 -4.70758494e-07  5.96436103e-07
110.054 -8.39681758e-07  2.85791833e-07
110.349 -9.70481576e-07 -1.76193012e-07
110.644 -8.34058110e-07 -6.15135497e-07
110.939 -4.81361054e-07 -8.72139074e-07
111.234 -5.62449154e-08 -8.79009031e-07
111.529  2.70645764e-07 -6.44801548e-07
111.824  3.96547025e-07 -2.76543373e-07
112.119  2.88138145e-07  5.60485685e-08
112.414  5.25263680e-09  2.23604093e-07
112.709 -3.01807654e-07  1.56939572e-07
113.004 -4.90428090e-07 -1.30304250e-07
113.300 -4.64240996e-07 -5.15178843e-07
113.595 -1.92345202e-07 -8.46942906e-07
113.890  2.41757380e-07 -1.00293158e-06
114.185  6.94841956e-07 -9.04849077e-07
114.480  1.03175043e-06 -5.81824133e-07
114.775  1.13955542e-06 -1.49466899e-07
115.070  9.94287064e-07  2.61886382e-07
115.365  6.74811040e-07  5.21050485e-07
115.660  2.95550592e-07  5.57052386e-07
115.955 -9.60759005e-09  4.04632523e-07
116.250 -1.35594682e-07  1.50547545e-07
116.545 -7.56154545e-08 -8.60341967e-08
116.840  1.11799757e-07 -1.84499571e-07
117.135  3.26803008e-07 -1.05357649e-07
117.430  4.41723625e-07  1.17343187e-07
117.725  3.85731102e-07  4.03524122e-07
118.020  1.64879765e-07  6.25693121e-07
118.315 -1.65544649e-07  6.84891569e-07
118.610 -4.89006069e-07  5.56637340e-07
118.905 -6.86018515e-07  2.67541782e-07
119.201 -7.00829598e-07 -8.73330963e-08
119.496 -5.27581693e-07 -3.79334433e-07
119.791 -2.28496302e-07 -5.25404567e-07
120.086  7.49009186e-08 -4.88225793e-07
120.381  2.82855042e-07 -2.91591627e-07
120.676  3.33889450e-07 -3.62168786e-08
120.971  2.15232182e-07  1.72578583e-07
121.266 -1.67518832e-09  2.57958832e-07
121.561 -2.15253209e-07  1.76976729e-07
121.856 -3.40780334e-07 -3.14654478e-08
122.151 -3.12206898e-07 -2.75801409e-07
122.446 -1.34118295e-07 -4.67800156e-07
122.741  1.19624429e-07 -5.23763233e-07
123.036  3.64049162e-07 -4.12823548e-07
123.331  5.06802212e-07 -1.82711680e-07
123.626  4.86407989e-07  9.25542867e-08
123.921  3.20302912e-07  3.21402452e-07
124.216  6.56749332e-08  4.18989437e-07
124.511 -1.95837618e-07  3.69812927e-07
124.807 -3.67569754e-07  2.07701233e-07
125.102 -4.05681668e-07 -5.57070448e-09
125.397 -3.21587663e-07 -1.76306541e-07
125.692 -1.56410265e-07 -2.42111180e-07
125.987  5.77542246e-09 -1.96650118e-07
126.282  8.86506951e-08 -6.32611314e-08
126.577  6.81655182e-08  8.78251452e-08
126.872 -4.96927660e-08  1.72168355e-07
127.167 -2.12404979e-07  1.49799196e-07
127.462 -3.32832761e-07  1.20194386e-08
127.757 -3.54358134e-07 -2.06727723e-07
128.052 -2.50921575e-07 -4.20741767e-07
128.347 -3.26429850e-08 -5.56174816e-07
128.642  2.28934764e-07 -5.66790689e-07
128.937  4.52870443e-07 -4.33732599e-07
129.232  5.79404773e-07 -2.02757319e-07
129.527  5.65218556e-07  4.93908873e-08
129.822  4.25660779e-07  2.57039906e-07
130.117  2.23695408e-07  3.59113514e-07
130.412  2.17896532e-08  3.39456853e-07
130.708 -1.13014628e-07  2.39259856e-07
131.003 -1.41255073e-07  1.09750153e-07
131.298 -8.37550346e-08  1.29412366e-08
131.593  1.84814965e-08  1.84024844e-09
131.888  1.10576253e-07  7.34226357e-08
132.183  1.30249092e-07  1.95761888e-07
132.478  6.18648161e-08  3.22380172e-07
132.773 -7.33578048e-08  3.86805084e-07
133.068 -2.38733243e-07  3.55574060e-07
133.363 -3.68282186e-07  2.37591552e-07
133.658 -4.11529197e-07  5.85011136e-08
133.953 -3.61363416e-07 -1.21772957e-07
134.248 -2.28724745e-07 -2.40059924e-07
134.543 -5.94089472e-08 -2.72727682e-07
134.838  7.98006593e-08 -2.15576528e-07
135.133  1.52778344e-07 -9.59973243e-08
135.428  1.43531027e-07  2.33735308e-08
135.723  6.12736794e-08  9.79126364e-08
136.018 -4.06988345e-08  1.03257409e-07
136.313 -1.12320421e-07  3.28136143e-08
136.609 -1.22889084e-07 -7.26372833e-08
136.904 -5.23826708e-08 -1.59751792e-07
137.199  7.39333031e-08 -1.91551907e-07
137.494  2.03127261e-07 -1.35616814e-07
137.789  2.92777475e-07  2.09587666e-09
138.084  2.99729125e-07  1.75435850e-07
138.379  2.07886215e-07  3.39963028e-07
138.674  4.86056902e-08  4.45787178e-07
138.969 -1.38537086e-07  4.55520735e-07
139.264 -3.05308657e-07  3.79549837e-07
139.559 -4.00983013e-07  2.45700533e-07
139.854 -4.16310587e-07  9.17497205e-08
140.149 -3.66665429e-07 -2.91827542e-08
140.444 -2.76629178e-07 -9.39174393e-08
140.739 -1.94175109e-07 -1.08274427e-07
141.034 -1.50905224e-07 -8.53306828e-08
141.329 -1.46806181e-07 -6.40559381e-08
141.624 -1.75112109e-07 -8.05143480e-08
141.919 -2.04165525e-07 -1.38539916e-07
142.215 -1.92167404e-07 -2.33476173e-07
142.510 -1.26755490e-07 -3.38953317e-07
142.805 -7.36853624e-09 -4.06945250e-07
143.100  1.48927117e-07 -4.12206441e-07
143.395  2.93978834e-07 -3.44988075e-07
143.690  3.91213175e-07 -2.08814992e-07
143.985  4.20991440e-07 -4.42675389e-08
144.280  3.71355210e-07  1.05546862e-07
144.575  2.67530685e-07  2.13118254e-07
144.870  1.50754066e-07  2.52801139e-07
145.165  4.97973227e-08  2.30819686e-07
145.460 -3.97755886e-09  1.80434817e-07
145.755 -1.79030772e-09  1.27328386e-07
146.050  3.11281441e-08  1.02359993e-07
146.345  7.12869209e-08  1.25189776e-07
146.640  9.00127417e-08  1.79075200e-07
146.935  5.91466069e-08  2.42255937e-07
147.230 -1.44464361e-08  2.89186136e-07
147.525 -1.10962172e-07  2.85706040e-07
147.820 -2.07859514e-07  2.27109841e-07
148.116 -2.66780784e-07  1.28966920e-07
148.411 -2.69335331e-07  9.07330305e-09
148.706 -2.22638230e-07 -9.47370021e-08
149.001 -1.36391194e-07 -1.52704240e-07
149.296 -4.13870230e-08 -1.62655848e-07
149.591  2.69481545e-08 -1.26115628e-07
149.886  5.90062776e-08 -6.34034540e-08
150.181  5.04361411e-08 -1.05637762e-08
150.476  1.06434629e-08  1.73412790e-08
150.771 -2.74649979e-08  1.29582939e-08
151.066 -4.48088455e-08 -2.32043599e-08
151.361 -3.30261873e-08 -6.29971252e-08
151.656  1.36264508e-08 -8.30722125e-08
151.951  7.27030247e-08 -7.33517852e-08
152.246  1.16428616e-07 -2.27235006e-08
152.541  1.31146192e-07  5.43422627e-08
152.836  1.00172544e-07  1.27805306e-07
153.131  2.69220564e-08  1.79829838e-07
153.426 -6.09990878e-08  1.88738261e-07
153.721 -1.43580363e-07  1.45046941e-07
154.017 -1.97069972e-07  6.87192101e-08
154.312 -2.00664572e-07 -2.14113934e-08
154.607 -1.63725393e-07 -1.03625880e-07
154.902 -1.01399914e-07 -1.50120268e-07
155.197 -2.99902893e-08 -1.59378557e-07
155.492  2.13221402e-08 -1.41945533e-07
155.787  4.25367279e-08 -1.07431454e-07
156.082  4.10123884e-08 -8.18345822e-08
156.377  2.19036000e-08 -8.09614246e-08
156.672  7.04454032e-09 -9.95845093e-08
156.967  1.76467097e-08 -1.34429590e-07
157.262  5.23390045e-08 -1.67891714e-07
157.557  1.09401611e-07 -1.73998541e-07
157.852  1.76369735e-07 -1.48155615e-07
158.147  2.24459398e-07 -8.98938991e-08
158.442  2.41460350e-07 -5.39802290e-09
158.737  2.22974386e-07  7.71050843e-08
159.032  1.66838495e-07  1.38241525e-07
159.327  9.52110153e-08  1.69282157e-07
159.623  3.06588810e-08  1.59823249e-07
159.918 -1.62002026e-08  1.22431648e-07
160.213 -3.01282522e-08  7.94331188e-08
160.508 -1.39314038e-08  4.17623902e-08
160.803  1.22774479e-08  2.63687199e-08
161.098  3.77481134e-08  3.94209996e-08
161.393  4.64635370e-08  6.48231267e-08
161.688  2.53772053e-08  9.20789354e-08
161.983 -1.42204093e-08  1.07540185e-07
162.278 -6.12782667e-08  9.31035743e-08
162.573 -1.04237991e-07  5.36199421e-08
162.868 -1.21119011e-07 -3.11569833e-10
163.163 -1.08358442e-07 -6.00994312e-08
163.458 -7.39358392e-08 -1.02986558e-07
163.753 -2.22892077e-08 -1.17503106e-07
164.048  2.66528604e-08 -1.08057181e-07
164.343  5.54576586e-08 -7.50369642e-08
164.638  6.44883527e-08 -3.28546142e-08
164.933  5.07084532e-08 -2.10287071e-09
165.228  2.12472475e-08  1.38653227e-08
165.524 -3.39993464e-09  1.02093016e-08
165.819 -1.69371544e-08 -1.29453979e-08
166.114 -1.43748871e-08 -3.73807690e-08
166.409  9.86558518e-09 -5.39421355e-08
166.704  4.16915282e-08 -5.79171578e-08
166.999  6.96272577e-08 -3.91934903e-08
167.294  8.94183196e-08 -5.72664435e-09
167.589  8.80871001e-08  3.03071791e-08
167.884  6.61853685e-08  6.56694710e-08
168.179  3.44244851e-08  8.69743231e-08
168.474 -5.87404176e-09  8.76136287e-08
168.769 -4.40567271e-08  7.50172058e-08
169.064 -6.86030614e-08  4.79391785e-08
169.359 -8.32026895e-08  1.13450117e-08
169.654 -8.44930302e-08 -2.20562364e-08
169.949 -7.01939356e-08 -5.33431204e-08
170.244 -5.02348709e-08 -7.89733443e-08
170.539 -2.40003041e-08 -9.03156732e-08
170.834  7.73140096e-09 -9.20729095e-08
171.129  3.32261038e-08 -8.25405001e-08
171.425  5.16715753e-08 -5.75736728e-08
171.720  5.98278951e-08 -2.81747352e-08
172.015  4.77685677e-08  2.56981360e-10
172.310  2.19821657e-08  2.29547331e-08
172.605 -9.77721667e-09  2.43372687e-08
172.900 -4.21061828e-08  3.11785841e-09
173.195 -5.53228807e-08 -3.36945615e-08
173.490 -3.85490150e-08 -8.14102073e-08
173.785  5.28952825e-09 -1.18428211e-07
174.080  7.40942163e-08 -1.23411352e-07
174.375  1.47454520e-07 -9.10982778e-08
174.670  1.94772105e-07 -1.75113089e-08
174.965  1.99533102e-07  8.32100364e-08
175.260  1.48181920e-07  1.75827789e-07
175.555  4.31298593e-08  2.32403829e-07
175.850 -8.26190526e-08  2.27693522e-07
176.145 -1.92424847e-07  1.47575941e-07
176.440 -2.49168573e-07  1.42179878e-08
176.735 -2.19059133e-07 -1.33513721e-07
177.031 -1.04651237e-07 -2.50106277e-07
177.326  6.21882618e-08 -2.82847593e-07
177.621  2.34336753e-07 -2.08532271e-07
177.916  3.44811356e-07 -4.22306928e-08
178.211  3.42008053e-07  1.76468113e-07
178.506  2.14816927e-07  3.74946280e-07
178.801 -1.59671038e-08  4.75770572e-07
179.096 -2.85041284e-07  4.35498888e-07
179.391 -4.98462160e-07  2.45448782e-07
179.686 -5.80326848e-07 -5.13189866e-08
179.981 -4.85219055e-07 -3.59327059e-07
180.276 -2.19619410e-07 -5.77035387e-07
180.571  1.38557440e-07 -6.20590978e-07
180.866  4.76584856e-07 -4.49047033e-07
181.161  6.78460432e-07 -1.02581090e-07
181.456  6.52132358e-07  3.15430856e-07
181.751  3.83242538e-07  6.71395043e-07
182.046 -5.74061081e-08  8.27534254e-07
182.341 -5.40119286e-07  7.05045897e-07
182.636 -8.96632432e-07  3.19836295e-07
182.932 -9.84018254e-07 -2.28580160e-07
183.227 -7.46574751e-07 -7.66296834e-07
183.522 -2.26721748e-07 -1.09931826e-06
183.817  4.27798752e-07 -1.09410239e-06
184.112  9.97947570e-07 -7.13772823e-07
184.407  1.28025218e-06 -4.57295833e-08
184.702  1.14666744e-06  7.02762075e-07
184.997  5.93883827e-07  1.28208978e-06
185.292 -2.25323002e-07  1.47645606e-06
185.587 -1.05368281e-06  1.17224718e-06
185.882 -1.60931299e-06  4.26404126e-07
186.177 -1.66592719e-06 -5.44713953e-07
186.472 -1.15339002e-06 -1.43273998e-06
186.767 -1.96404767e-07 -1.91769417e-06
187.062  9.23358378e-07 -1.78938048e-06
187.357  1.83298576e-06 -1.03746688e-06
187.652  2.19344949e-06  1.42310139e-07
187.947  1.83328415e-06  1.38331847e-06
188.242  8.07412961e-07  2.25587835e-06
188.537 -5.93498724e-07  2.42723770e-06
188.833 -1.91164246e-06  1.77264250e-06
189.128 -2.68318996e-06  4.38017454e-07
189.423 -2.59072085e-06 -1.17018863e-06
189.718 -1.57997427e-06 -2.51763000e-06
190.013  7.92973843e-08 -3.11463916e-06
190.308  1.86796779e-06 -2.67775613e-06
190.603  3.18091646e-06 -1.26402047e-06
190.898  3.51354931e-06  7.21818236e-07
191.193  2.65947442e-06  2.64828276e-06
191.488  8.12488853e-07  3.84000341e-06
191.783 -1.48065630e-06  3.81576733e-06
192.078 -3.46541985e-06  2.48314298e-06
192.373 -4.42361580e-06  1.88147588e-07
192.668 -3.94134358e-06 -2.35832226e-06
192.963 -2.06459490e-06 -4.28929992e-06
193.258  6.75314882e-07 -4.88724192e-06
193.553  3.39279672e-06 -3.83640230e-06
193.848  5.14277755e-06 -1.36185644e-06
194.143  5.24112081e-06  1.78767483e-06
194.439  3.51394399e-06  4.56979447e-06
194.734  4.16649017e-07  5.99069559e-06
195.029 -3.08007664e-06  5.44095809e-06
195.324 -5.79641700e-06  2.95311868e-06
195.619 -6.72216620e-06 -7.57715128e-07
195.914 -5.39154909e-06 -4.50290395e-06
196.209 -2.09588014e-06 -6.98316936e-06
196.504  2.17489435e-06 -7.23565435e-06
196.799  6.01324721e-06 -5.00857331e-06
197.094  8.04877832e-06 -8.88382356e-07
197.389  7.44507985e-06  3.83691278e-06
197.684  4.22010799e-06  7.56418604e-06
197.979 -6.98787043e-07  8.92746642e-06
198.274 -5.71718958e-06  7.28618609e-06
198.569 -9.09527317e-06  2.99338217e-06
198.864 -9.54541563e-06 -2.63994455e-06
199.159 -6.70140945e-06 -7.74287289e-06
199.454 -1.32619888e-06 -1.05054647e-05
199.749  4.87766701e-06 -9.80038662e-06
200.044  9.80978096e-06 -5.63489596e-06
200.340  1.16640457e-05  7.69059666e-07
200.635  9.58483109e-06  7.33418860e-06
200.930  4.04057258e-06  1.17848860e-05
201.225 -3.26686803e-06  1.24277676e-05
201.520 -9.90947233e-06  8.79645079e-06
201.815 -1.35266495e-05  1.88192916e-06
202.110 -1.26706230e-05 -6.11979613e-06
202.405 -7.36279994e-06 -1.24861518e-05
202.700  8.27227634e-07 -1.49010707e-05
202.995  9.21928951e-06 -1.22882515e-05
203.290  1.49019947e-05 -5.25269109e-06
203.585  1.57414156e-05  4.01426145e-06
203.880  1.11600980e-05  1.24109100e-05
204.175  2.44291529e-06  1.69663897e-05
204.470 -7.60169749e-06  1.58733153e-05
204.765 -1.55501983e-05  9.19416053e-06
205.060 -1.85147079e-05 -1.04601287e-06
205.355 -1.51846296e-05 -1.14727520e-05
205.650 -6.38567885e-06 -1.84604645e-05
205.945  5.10539321e-06 -1.93824606e-05
206.241  1.54250216e-05 -1.35996117e-05
206.536  2.09070019e-05 -2.78078482e-06
206.831  1.93912162e-05  9.56355285e-06
207.126  1.10543100e-05  1.92011672e-05
207.421 -1.54136757e-06  2.26347784e-05
207.716 -1.42101993e-05  1.83660953e-05
208.011 -2.25350590e-05  7.50747470e-06
208.306 -2.34109020e-05 -6.46713713e-06
208.601 -1.61818079e-05 -1.88255194e-05
208.896 -2.99563523e-06 -2.51871435e-05
209.191  1.18116249e-05 -2.30614613e-05
209.486  2.31483957e-05 -1.28104176e-05
209.781  2.69079517e-05  2.33848636e-06
210.076  2.14483043e-05  1.73091748e-05
210.371  8.28942501e-06  2.68706039e-05
210.666 -8.29402540e-06  2.74550287e-05
210.961 -2.26558078e-05  1.84933803e-05
211.256 -2.96880019e-05  2.73353724e-06
211.551 -2.66461272e-05 -1.45943034e-05
211.847 -1.42059952e-05 -2.74978283e-05
212.142  3.64956525e-06 -3.13019157e-05
212.437  2.08865238e-05 -2.43444091e-05
212.732  3.14606126e-05 -8.65995893e-06
213.027  3.14469236e-05  1.05864857e-05
213.322  2.04805879e-05  2.67940200e-05
213.617  2.01639325e-06  3.42030441e-05
213.912 -1.77413953e-05  2.99345260e-05
214.207 -3.19354864e-05  1.50973593e-05
214.502 -3.54336594e-05 -5.45546368e-06
214.797 -2.66794751e-05 -2.47194804e-05
215.092 -8.36606323e-06 -3.59277931e-05
215.387  1.33848449e-05 -3.49228540e-05
215.682  3.10727402e-05 -2.17077772e-05
215.977  3.83978208e-05 -5.65763995e-07
216.272  3.25171191e-05  2.13299726e-05
216.567  1.51430045e-05  3.63411609e-05
216.862 -7.94621330e-06  3.90390779e-05
217.157 -2.88174464e-05  2.81782460e-05
217.452 -4.01131842e-05  7.22877499e-06
217.748 -3.76625963e-05 -1.67185627e-05
218.043 -2.20129525e-05 -3.53498155e-05
218.338  1.65104549e-06 -4.20340532e-05
218.633  2.52138962e-05 -3.41844152e-05
218.928  4.04301692e-05 -1.42514671e-05
219.223  4.18179368e-05  1.10193696e-05
219.518  2.86333613e-05  3.28817138e-05
219.813  5.23731689e-06  4.36279500e-05
220.108 -2.03476795e-05  3.93077612e-05
220.403 -3.92020994e-05  2.11954446e-05
220.698 -4.46199769e-05 -4.56843045e-06
220.993 -3.45113725e-05 -2.90702707e-05
221.288 -1.22155146e-05 -4.37072941e-05
221.583  1.46081144e-05 -4.32223253e-05
221.878  3.66099694e-05 -2.76117881e-05
222.173  4.60178900e-05 -2.18355598e-06
222.468  3.94074101e-05  2.42456970e-05
222.763  1.89493645e-05  4.24093477e-05
223.058 -8.29874432e-06  4.58654521e-05
223.353 -3.28223588e-05  3.32916132e-05
223.649 -4.59944574e-05  8.98989225e-06
223.944 -4.31276613e-05 -1.85733489e-05
224.239 -2.51466332e-05 -3.97319016e-05
224.534  1.69149211e-06 -4.70309187e-05
224.829  2.79787992e-05 -3.78602329e-05
225.124  4.44758317e-05 -1.54071173e-05
225.419  4.53668515e-05  1.24440152e-05
225.714  3.03297856e-05  3.58976708e-05
226.009  4.67043438e-06  4.67000210e-05
226.304 -2.25602059e-05  4.10602466e-05
226.599 -4.17650140e-05  2.10062597e-05
226.894 -4.61944272e-05 -6.34604887e-06
227.189 -3.43476298e-05 -3.13223215e-05
227.484 -1.04876856e-05 -4.51162507e-05
227.779  1.68939869e-05 -4.29230353e-05
228.074  3.80973628e-05 -2.56289910e-05
228.369  4.56736911e-05  5.39464577e-07
228.664  3.70652077e-05  2.62482057e-05
228.959  1.54722123e-05  4.23995387e-05
229.255 -1.13199090e-05  4.33778992e-05
229.550 -3.37503963e-05  2.90108007e-05
229.845 -4.39196456e-05  4.58561539e-06
230.140 -3.83826793e-05 -2.10851694e-05
230.435 -1.93315027e-05 -3.88618901e-05
230.730  6.24434724e-06 -4.25437281e-05
231.025  2.91299932e-05 -3.10464622e-05
231.320  4.12153945e-05 -8.73429940e-06
231.615  3.83799988e-05  1.62300917e-05
231.910  2.19238121e-05  3.48774289e-05
232.205 -1.98853954e-06  4.06585347e-05
232.500 -2.46355237e-05  3.17706387e-05
232.795 -3.79159862e-05  1.17268590e-05
233.090 -3.72671332e-05 -1.20187318e-05
233.385 -2.32539078e-05 -3.08308947e-05
233.680 -1.25290309e-06 -3.80430166e-05
233.975  2.05890624e-05 -3.13448349e-05
234.270  3.43677787e-05 -1.35206254e-05
234.565  3.53043104e-05  8.67227232e-06
234.860  2.34112152e-05  2.70466096e-05
235.156  3.37615157e-06  3.50193565e-05
235.451 -1.72516928e-05  2.99813606e-05
235.746 -3.09068751e-05  1.41532891e-05
236.041 -3.27911582e-05 -6.33586938e-06
236.336 -2.25640909e-05 -2.38070260e-05
236.631 -4.36812196e-06 -3.19115502e-05
236.926  1.48166143e-05 -2.79379002e-05
237.221  2.78435222e-05 -1.37331782e-05
237.516  3.00535760e-05  5.09393308e-06
237.811  2.09533220e-05  2.13710620e-05
238.106  4.30411006e-06  2.90778411e-05
238.401 -1.34046782e-05  2.55736694e-05
238.696 -2.54610077e-05  1.25196150e-05
238.991 -2.74617227e-05 -4.85945741e-06
239.286 -1.89360136e-05 -1.98372162e-05
239.581 -3.43040363e-06 -2.67636800e-05
239.876  1.29352356e-05 -2.32019019e-05
240.171  2.38478752e-05 -1.07908594e-05
240.466  2.52285923e-05  5.47258498e-06
240.761  1.67610132e-05  1.92061189e-05
241.057  1.93626256e-06  2.51256403e-05
241.352 -1.33497281e-05  2.10752059e-05
241.647 -2.31109786e-05  8.80468674e-06
241.942 -2.36047807e-05 -6.75786229e-06
242.237 -1.47521748e-05 -1.94525122e-05
242.532 -1.30617587e-07 -2.43096675e-05
242.827  1.44429678e-05 -1.94744955e-05
243.122  2.32091360e-05 -6.90571347e-06
243.417  2.27187696e-05  8.39884493e-06
243.712  1.31681388e-05  2.03752024e-05
244.007 -1.67343366e-06  2.42756165e-05
244.302 -1.59426756e-05  1.85205611e-05
244.597 -2.39859781e-05  5.33155412e-06
244.892 -2.25677417e-05 -1.01246039e-05
245.187 -1.21546675e-05 -2.17575042e-05
245.482  3.23734788e-06 -2.49265830e-05
245.777  1.75998415e-05 -1.82690664e-05
246.072  2.52612835e-05 -4.27129102e-06
246.367  2.31027484e-05  1.16747480e-05
246.663  1.18136227e-05  2.33453652e-05
246.958 -4.33948639e-06  2.60943673e-05
247.253 -1.91343755e-05  1.86911599e-05
247.548 -2.67773428e-05  3.84057554e-06
247.843 -2.41647460e-05 -1.28225967e-05
248.138 -1.21239705e-05 -2.48673746e-05
248.433  4.86262208e-06 -2.75464245e-05
248.728  2.03297615e-05 -1.96579969e-05
249.023  2.82925163e-05 -4.04728993e-06
249.318  2.55635514e-05  1.34280521e-05
249.613  1.30050354e-05  2.61014091e-05
249.908 -4.74819141e-06  2.90511389e-05
250.203 -2.10053277e-05  2.09988486e-05
250.498 -2.95582891e-05  4.83834071e-06
250.793 -2.70509354e-05 -1.34085639e-05
251.088 -1.42803171e-05 -2.68553238e-05
251.383  4.05279917e-06 -3.03591002e-05
251.678  2.10917927e-05 -2.24783146e-05
251.973  3.04063976e-05 -6.05977680e-06
252.268  2.84168060e-05  1.28015173e-05
252.564  1.57707837e-05  2.70476123e-05
252.859 -2.86819965e-06  3.13028140e-05
253.154 -2.05636910e-05  2.39075594e-05
253.449 -3.06973158e-05  7.56773069e-06
253.744 -2.94519876e-05 -1.16543075e-05
254.039 -1.72611929e-05 -2.66020988e-05
254.334  1.35278510e-06 -3.16979774e-05
254.629  1.94704592e-05 -2.50421164e-05
254.924  3.03547245e-05 -9.11884690e-06
255.219  2.99765898e-05  1.01429125e-05
255.514  1.85143556e-05  2.55820668e-05
255.809  2.64795291e-07  3.14871421e-05
256.104 -1.79689751e-05  2.57250994e-05
256.399 -2.94285786e-05  1.05078116e-05
256.694 -2.99266682e-05 -8.45429543e-06
256.989 -1.93788600e-05 -2.41030003e-05
257.284 -1.80253417e-06 -3.06824164e-05
257.579  1.62121160e-05 -2.58634786e-05
257.874  2.79931828e-05 -1.15733749e-05
258.169  2.92693850e-05  6.76282830e-06
258.465  1.97253849e-05  2.22949259e-05
258.760  3.07488596e-06  2.93195593e-05
259.055 -1.43870156e-05  2.53809128e-05
259.350 -2.61752110e-05  1.21442267e-05
259.645 -2.80273849e-05 -5.29433460e-06
259.940 -1.94620160e-05 -2.03767075e-05
260.235 -3.89197072e-06 -2.75500624e-05
260.530  1.27346915e-05 -2.43253088e-05
260.825  2.42035600e-05 -1.21533077e-05
261.120  2.63646959e-05  4.20933178e-06
261.415  1.86522313e-05  1.85506678e-05
261.710  4.20943108e-06  2.55616196e-05
262.005 -1.13774168e-05  2.28192138e-05
262.300 -2.22302360e-05  1.16255492e-05
262.595 -2.44090248e-05 -3.57640543e-06
262.890 -1.73498371e-05 -1.69473630e-05
263.185 -3.98650960e-06 -2.34993694e-05
263.480  1.04401306e-05 -2.09653266e-05
263.775  2.04315774e-05 -1.05802611e-05
264.071  2.23337204e-05  3.47188097e-06
264.366  1.56711912e-05  1.57265076e-05
264.661  3.24950368e-06  2.15647942e-05
264.956 -9.99792184e-06  1.89500056e-05
265.251 -1.89639269e-05  9.14093733e-06
265.546 -2.03283108e-05 -3.86831034e-06
265.841 -1.37865808e-05 -1.49626087e-05
266.136 -2.10133719e-06 -1.99052660e-05
266.431  1.00458609e-05 -1.69476539e-05
266.726  1.79160289e-05 -7.45640007e-06
267.021  1.85455289e-05  4.69089156e-06
267.316  1.18668559e-05  1.46753883e-05
267.611  6.75309143e-07  1.86269459e-05
267.906 -1.05282414e-05  1.51208344e-05
268.201 -1.73237436e-05  5.69406710e-06
268.496 -1.71037221e-05 -5.81821880e-06
268.791 -1.00750734e-05 -1.48216772e-05
269.086  8.72498503e-07 -1.77775852e-05
269.381  1.13396246e-05 -1.35907312e-05
269.676  1.71635809e-05 -4.00559530e-06
269.972  1.60667543e-05  7.11487981e-06
270.267  8.53579849e-06  1.53260660e-05
270.562 -2.39804680e-06  1.73687846e-05
270.857 -1.23646904e-05  1.24504568e-05
271.152 -1.73927736e-05  2.53769559e-06
271.447 -1.54815924e-05 -8.42399307e-06
271.742 -7.37723759e-06 -1.60739109e-05
272.037  3.72126344e-06 -1.73650187e-05
272.332  1.34214703e-05 -1.17569148e-05
272.627  1.78760893e-05 -1.43129995e-06
272.922  1.52918575e-05  9.55688993e-06
273.217  6.63632652e-06  1.68778971e-05
273.512 -4.72656239e-06  1.76231242e-05
273.807 -1.43541033e-05  1.14441188e-05
274.102 -1.84602943e-05  7.06460333e-07
274.397 -1.53896778e-05 -1.04278703e-05
274.692 -6.27884077e-06 -1.76206227e-05
274.987  5.37498459e-06 -1.80367902e-05
275.282  1.50701281e-05 -1.14572910e-05
275.577  1.90345721e-05 -3.77515089e-07
275.873  1.56906468e-05  1.09567890e-05
276.168  6.27850309e-06  1.81781648e-05
276.463 -5.62159748e-06  1.84797281e-05
276.758 -1.54585973e-05  1.17080832e-05
277.053 -1.94524905e-05  4.21468703e-07
277.348 -1.60542535e-05 -1.10880548e-05
277.643 -6.53747796e-06 -1.84294031e-05
277.938  5.49185016e-06 -1.87988921e-05
278.233  1.54647189e-05 -1.20495182e-05
278.528  1.95969746e-05 -7.37111274e-07
278.823  1.63312410e-05  1.08502323e-05
279.118  6.91446211e-06  1.83289107e-05
279.413 -5.08015130e-06  1.88903172e-05
279.708 -1.51170408e-05  1.23504335e-05
280.003 -1.94292523e-05  1.20774087e-06
280.298 -1.64320283e-05 -1.03146332e-05
280.593 -7.30480752e-06 -1.78862531e-05
280.888  4.47045084e-06 -1.87016128e-05
281.183  1.44520928e-05 -1.25202543e-05
281.479  1.89228710e-05 -1.73857392e-06
281.774  1.62756334e-05  9.54842890e-06
282.069  7.59958226e-06  1.71133377e-05
282.364 -3.76816624e-06  1.81813243e-05
282.659 -1.35367492e-05  1.24586002e-05
282.954 -1.80825469e-05  2.20564348e-06
283.249 -1.58035996e-05 -8.66309484e-06
283.544 -7.69087391e-06 -1.60740036e-05
283.839  3.10097436e-06 -1.73286352e-05
284.134  1.24788033e-05 -1.20983642e-05
284.429  1.69664058e-05 -2.49188565e-06
284.724  1.50071398e-05  7.79038422e-06
285.019  7.50173939e-06  1.48790412e-05
285.314 -2.59130204e-06  1.62045877e-05
285.609 -1.14132438e-05  1.14324432e-05
285.904 -1.56889501e-05  2.52742374e-06
286.199 -1.39497064e-05 -7.04004025e-06
286.494 -7.03270766e-06 -1.36485035e-05
286.789  2.29252996e-06 -1.49042338e-05
287.084  1.04270550e-05 -1.05056477e-05
287.380  1.43379713e-05 -2.30163042e-06
287.675  1.26869598e-05  6.46993773e-06
287.970  6.28991074e-06  1.24627745e-05
288.265 -2.25260881e-06  1.34956961e-05
288.560 -9.60943854e-06  9.34737628e-06
288.855 -1.30131499e-05  1.78857579e-06
289.150 -1.12978816e-05 -6.16302988e-06
289.445 -5.30534272e-06 -1.14410674e-05
289.740  2.50339006e-06 -1.21046539e-05
290.035  9.05036489e-06 -8.05878498e-06
290.330  1.18410898e-05 -1.03571017e-06
290.625  9.91717393e-06  6.13669499e-06
290.920  4.18686490e-06  1.06577010e-05
291.215 -2.98902842e-06  1.08433391e-05
291.510 -8.75307959e-06  6.75775977e-06
291.805 -1.08787604e-05  1.33961878e-07
292.100 -8.63314501e-06 -6.34605026e-06
292.395 -3.02177847e-06 -1.01220653e-05
292.690  3.64894665e-06 -9.76661079e-06
292.985  8.70233670e-06 -5.51872708e-06
293.281  1.01612962e-05  8.49556224e-07
293.576  7.51573958e-06  6.75590679e-06
293.871  1.89136770e-06  9.84790368e-06
294.166 -4.41664929e-06  8.93396112e-06
294.461 -8.87215440e-06  4.43066521e-06
294.756 -9.71288948e-06 -1.81951784e-06
295.051 -6.63329390e-06 -7.29451180e-06
295.346 -8.92413398e-07 -9.80799703e-06
295.641  5.19528864e-06 -8.36844532e-06
295.936  9.19384133e-06 -3.56221692e-06
296.231  9.50952910e-06  2.68246472e-06
296.526  6.01412595e-06  7.87298912e-06
296.821  9.70365943e-08  9.94157568e-06
297.116 -5.89299089e-06  8.05563238e-06
297.411 -9.58073398e-06  2.95070919e-06
297.706 -9.49416308e-06 -3.36295521e-06
298.001 -5.64846244e-06 -8.39852208e-06
298.296  4.58192149e-07 -1.01632843e-05
298.591  6.43918295e-06 -7.94310375e-06
298.887  9.94817486e-06 -2.58766558e-06
299.182  9.59563255e-06  3.82768895e-06
299.477  5.49850000e-06  8.80741046e-06
299.772 -7.70181235e-07  1.04033382e-05
300.067 -6.79118506e-06  7.97950909e-06
300.362 -1.02307611e-05  2.45546889e-06
300.657 -9.75053400e-06 -4.05196733e-06
300.952 -5.52304334e-06 -9.03922956e-06
301.247  8.40968977e-07 -1.05860970e-05
301.542  6.90680232e-06 -8.09548402e-06
301.837  1.03542734e-05 -2.51346782e-06
302.132  9.87105235e-06  4.03145439e-06
302.427  5.64422288e-06  9.04558426e-06
302.722 -7.13981888e-07  1.06300906e-05
303.017 -6.78410067e-06  8.19574014e-06
303.312 -1.02720804e-05  2.67984450e-06
303.607 -9.87607800e-06 -3.81437470e-06
303.902 -5.77012805e-06 -8.83146704e-06
304.197  4.67688446e-07 -1.04959911e-05
304.492  6.47106632e-06 -8.21151708e-06
304.788  9.99019145e-06 -2.87915600e-06
305.083  9.73325841e-06  3.46280512e-06
305.378  5.84692535e-06  8.42693111e-06
305.673 -1.58547250e-07  1.01744056e-05
305.968 -6.00501222e-06  8.10246317e-06
306.263 -9.51028111e-06  3.05455594e-06
306.558 -9.40762923e-06 -3.02909501e-06
306.853 -5.81067951e-06 -7.85723844e-06
307.148 -1.37031159e-07 -9.65308844e-06
307.443  5.45016390e-06 -7.81799961e-06
307.738  8.86626140e-06 -3.12568699e-06
308.033  8.89318681e-06  2.60162512e-06
308.328  5.61382728e-06  7.19667056e-06
308.623  3.43909519e-07  8.97574392e-06
308.918 -4.88815990e-06  7.35949536e-06
309.213 -8.12684767e-06  3.05466452e-06
309.508 -8.22664628e-06 -2.24228577e-06
309.803 -5.25298646e-06 -6.51342461e-06
310.098 -4.25096043e-07 -8.19507217e-06
310.393  4.37741297e-06 -6.74729964e-06
310.689  7.35211327e-06 -2.82664970e-06
310.984  7.44809079e-06  1.99644236e-06
311.279  4.73740499e-06  5.86941813e-06
311.574  3.55830818e-07  7.36743878e-06
311.869 -3.97078924e-06  6.01586529e-06
312.164 -6.60450334e-06  2.44419421e-06
312.459 -6.61084417e-06 -1.89641373e-06
312.754 -4.09651755e-06 -5.32018068e-06
313.049 -1.30480887e-07 -6.55405451e-06
313.344  3.70635095e-06 -5.21538924e-06
313.639  5.94156808e-06 -1.92921896e-06
313.934  5.77669759e-06  1.95547615e-06
314.229  3.37645790e-06  4.90847625e-06
314.524 -2.35522130e-07  5.81663752e-06
314.819 -3.60200696e-06  4.40819371e-06
315.114 -5.41103379e-06  1.32474284e-06
315.409 -5.01033336e-06 -2.16009275e-06
315.704 -2.63844345e-06 -4.65437963e-06
315.999  6.99593690e-07 -5.20416853e-06
316.295  3.64435705e-06 -3.65555483e-06
316.590  5.03281209e-06 -6.87723512e-07
316.885  4.35534606e-06  2.47191889e-06
317.180  1.93516628e-06  4.54977429e-06
317.475 -1.21478160e-06  4.73751864e-06
317.770 -3.80858222e-06  2.99739089e-06
318.065 -4.81110621e-06  6.46379871e-08
318.360 -3.84121347e-06 -2.85581638e-06
318.655 -1.31346922e-06 -4.58433724e-06
318.950  1.73294396e-06 -4.43415437e-06
319.245  4.06273774e-06 -2.47710586e-06
319.540  4.73930846e-06  4.86313567e-07
319.835  3.49139945e-06  3.25688812e-06
320.130  8.23081296e-07  4.71994643e-06
320.425 -2.19296550e-06  4.28323260e-06
320.720 -4.34910100e-06  2.11565672e-06
321.015 -4.77701242e-06 -9.20770502e-07
321.310 -3.29464318e-06 -3.62001045e-06
321.605 -4.81602556e-07 -4.90473700e-06
321.900  2.55616403e-06 -4.25245975e-06
322.196  4.61884029e-06 -1.90774680e-06
322.491  4.88236028e-06  1.21866802e-06
322.786  3.22918961e-06  3.90544956e-06
323.081  2.91723299e-07  5.09377050e-06
323.376 -2.79503175e-06  4.30768283e-06
323.671 -4.82881085e-06  1.83913429e-06
323.966 -5.01236539e-06 -1.36821064e-06
324.261 -3.26427476e-06 -4.07767761e-06
324.556 -2.45583056e-07 -5.24043864e-06
324.851  2.88948207e-06 -4.40386740e-06
325.146  4.93797748e-06 -1.87955799e-06
325.441  5.11565207e-06  1.37337280e-06
325.736  3.35117027e-06  4.11423954e-06
326.031  3.12765087e-07  5.30207944e-06
326.326 -2.84441249e-06  4.48805027e-06
326.621 -4.92622623e-06  1.98222310e-06
326.916 -5.15170989e-06 -1.26221736e-06
327.211 -3.44272552e-06 -4.01934921e-06
327.506 -4.54553760e-07 -5.25747512e-06
327.801  2.68075265e-06 -4.52185519e-06
328.097  4.78947271e-06 -2.10601784e-06
328.392  5.09279004e-06  1.06716912e-06
328.687  3.49853706e-06  3.80555855e-06
328.982  6.29031124e-07  5.09372432e-06
329.277 -2.42911640e-06  4.47258616e-06
329.572 -4.53577188e-06  2.20717866e-06
329.867 -4.92379833e-06 -8.31115748e-07
330.162 -3.48506827e-06 -3.50017791e-06
330.457 -7.93004117e-07 -4.81595281e-06
330.752  2.12701578e-06 -4.32300873e-06
331.047  4.18564219e-06 -2.25002756e-06
331.342  4.64322350e-06  5.95159749e-07
331.637  3.37696437e-06  3.13594557e-06
331.932  9.05360958e-07  4.43962900e-06
332.227 -1.81787420e-06  4.06402091e-06
332.522 -3.77394033e-06  2.20233945e-06
332.817 -4.26603322e-06 -4.04373827e-07
333.112 -3.16381577e-06 -2.76036259e-06
333.407 -9.35315738e-07 -4.00179879e-06
333.703  1.54520688e-06 -3.71107186e-06
333.998  3.34530146e-06 -2.05688226e-06
334.293  3.82370048e-06  2.85314360e-07
334.588  2.85735740e-06  2.41137427e-06
334.883  8.73536592e-07  3.53735381e-06
335.178 -1.33655126e-06  3.28553128e-06
335.473 -2.93357932e-06  1.81603966e-06
335.768 -3.34411096e-06 -2.57140523e-07
336.063 -2.47104739e-06 -2.12244757e-06
336.358 -7.11593973e-07 -3.08223845e-06
336.653  1.22101041e-06 -2.81594189e-06
336.948  2.57948331e-06 -1.48988735e-06
337.243  2.87026948e-06  3.33455004e-07
337.538  2.03763339e-06  1.92654945e-06
337.833  4.61246746e-07  2.68219799e-06
338.128 -1.20929430e-06  2.34953513e-06
338.423 -2.31402110e-06  1.11321592e-06
338.718 -2.44614184e-06 -4.98732788e-07
339.013 -1.60013811e-06 -1.83016343e-06
339.308 -1.54269382e-07 -2.36403734e-06
339.604  1.28762509e-06 -1.92265178e-06
339.899  2.14554250e-06 -7.20661046e-07
340.194  2.09661694e-06  7.28952345e-07
340.489  1.19020486e-06  1.82862919e-06
340.784 -1.79943613e-07  2.14284497e-06
341.079 -1.44022016e-06  1.56358765e-06
341.374 -2.07787632e-06  3.46445353e-07
341.669 -1.84292779e-06 -9.95651544e-07
341.964 -8.42328442e-07 -1.90958211e-06
342.259  5.03339661e-07 -2.02484427e-06
342.554  1.63807594e-06 -1.29706366e-06
342.849  2.09772232e-06 -2.81324031e-08
343.144  1.69158496e-06  1.26063828e-06
343.439  5.82585884e-07  2.04348004e-06
343.734 -7.79380982e-07  1.99655809e-06
344.029 -1.84383483e-06  1.13097833e-06
344.324 -2.17578410e-06 -2.08996843e-07
344.619 -1.63095735e-06 -1.48893126e-06
344.914 -4.18820918e-07 -2.19371949e-06
345.209  9.84808285e-07 -2.03131497e-06
345.505  2.02412672e-06 -1.05543938e-06
345.800  2.27937342e-06  3.57917716e-07
346.095  1.63906609e-06  1.65802756e-06
346.390  3.43603358e-07  2.33003998e-06
346.685 -1.11004489e-06  2.10198726e-06
346.980 -2.15560754e-06  1.05278393e-06
347.275 -2.38093092e-06 -4.21311560e-07
347.570 -1.69145403e-06 -1.75401760e-06
347.865 -3.42796700e-07 -2.42843841e-06
348.160  1.15301599e-06 -2.18128886e-06
348.455  2.22238752e-06 -1.09981374e-06
348.750  2.45577306e-06  4.09414652e-07
349.045  1.76066669e-06  1.77218167e-06
349.340  3.96218485e-07  2.47154551e-06
349.635 -1.12078387e-06  2.24262262e-06
349.930 -2.21762406e-06  1.16984109e-06
350.225 -2.48322589e-06 -3.40653964e-07
350.520 -1.81850078e-06 -1.71916841e-06
350.815 -4.77082009e-07 -2.45100203e-06
351.111  1.03352930e-06 -2.26482595e-06
351.406  2.14928773e-06 -1.23650272e-06
351.701  2.45696122e-06  2.41139060e-07
351.996  1.84921085e-06  1.61438571e-06
352.291  5.64733489e-07  2.37400403e-06
352.586 -9.11074650e-07  2.24453954e-06
352.881 -2.02892839e-06  1.28882006e-06
353.176 -2.37891019e-06 -1.25474877e-07
353.471 -1.84638783e-06 -1.46821532e-06
353.766 -6.46274221e-07 -2.24291937e-06
354.061  7.65789968e-07 -2.17586757e-06
354.356  1.86281822e-06 -1.31235549e-06
354.651  2.24759985e-06  1.14309953e-08
354.946  1.79859694e-06  1.29523395e-06
355.241  7.02925951e-07  2.06629422e-06
355.536 -6.17381910e-07  2.05754119e-06
355.831 -1.66802485e-06  1.29559032e-06
356.126 -2.07278231e-06  8.43661915e-08
356.421 -1.70490041e-06 -1.11357769e-06
356.716 -7.26034568e-07 -1.85915022e-06
357.012  4.79259628e-07 -1.89591823e-06
357.307  1.45904980e-06 -1.23667306e-06
357.602  1.86348329e-06 -1.53808564e-07
357.897  1.56693750e-06  9.35452502e-07
358.192  7.10718056e-07  1.63134951e-06
358.487 -3.62272312e-07  1.69465817e-06
358.782 -1.24728904e-06  1.13284786e-06
359.077 -1.62634622e-06  1.86824764e-07
359.372 -1.38525088e-06 -7.74505287e-07
359.667 -6.49236224e-07 -1.39400287e-06
359.962  2.80924050e-07 -1.45979184e-06
360.257  1.04796291e-06 -9.81746045e-07
360.552  1.37373710e-06 -1.71527359e-07
360.847  1.16516396e-06  6.47279185e-07
361.142  5.36007509e-07  1.16427586e-06
361.437 -2.49143745e-07  1.20460999e-06
361.732 -8.79738545e-07  7.86608042e-07
362.027 -1.12510165e-06  1.00608092e-07
362.322 -9.19442485e-07 -5.69378173e-07
362.617 -3.73482587e-07 -9.63571500e-07
362.913  2.74542617e-07 -9.49025493e-07
363.208  7.59949697e-07 -5.59748700e-07
363.503  9.01881142e-07  2.31033985e-08
363.798  6.66273296e-07  5.49497287e-07
364.093  1.72923667e-07  8.09339766e-07
364.388 -3.56911660e-07  7.12076022e-07
364.683 -7.00130640e-07  3.17041433e-07
364.978 -7.21781856e-07 -1.92440811e-07
365.273 -4.24605777e-07 -5.93344798e-07
365.568  5.15081678e-08 -7.17365346e-07
365.863  4.93962892e-07 -5.15551910e-07
366.158  7.10627326e-07 -8.08817053e-08
366.453  6.05631226e-07  3.93251263e-07
366.748  2.22223893e-07  6.99474512e-07
367.043 -2.73954826e-07  6.99488643e-07
367.338 -6.69178461e-07  3.84051525e-07
367.633 -7.87743360e-07 -1.18250426e-07
367.928 -5.65575402e-07 -5.97889545e-07
368.223 -8.40357795e-08 -8.48736954e-07
368.519  4.64642548e-07 -7.51238347e-07
368.814  8.54305898e-07 -3.29414193e-07
369.109  9.12758636e-07  2.57354487e-07
369.404  5.98494058e-07  7.77622785e-07
369.699  2.12846594e-08  1.01463246e-06
369.994 -6.01065092e-07  8.57503927e-07
370.289 -1.02164517e-06  3.50785914e-07
370.584 -1.06303928e-06 -3.23059484e-07
370.879 -6.93104178e-07 -9.07631138e-07
371.174 -3.71321870e-08 -1.17009012e-06
371.469  6.64365644e-07 -9.97304228e-07
371.764  1.14279039e-06 -4.38900780e-07
372.059  1.20919296e-06  3.07682934e-07
372.354  8.25972840e-07  9.64913517e-07
372.649  1.22400534e-07  1.28357052e-06
372.944 -6.46029324e-07  1.13714493e-06
373.239 -1.19484039e-06  5.67904958e-07
373.534 -1.31838509e-06 -2.21582797e-07
373.829 -9.62951981e-07 -9.43318391e-07
374.124 -2.52094011e-07 -1.33343674e-06
374.420  5.56879927e-07 -1.24537345e-06
374.715  1.17167935e-06 -7.06701902e-07
375.010  1.36845980e-06  8.76529648e-08
375.305  1.07402383e-06  8.51680243e-07
375.600  3.96609462e-07  1.31053372e-06
375.895 -4.18693146e-07  1.29878852e-06
376.190 -1.07943358e-06  8.24907266e-07
376.485 -1.34882956e-06  6.35966048e-08
376.780 -1.13575578e-06 -7.10781563e-07
377.075 -5.24583460e-07 -1.22025765e-06
377.370  2.61193109e-07 -1.28749907e-06
377.665  9.37380521e-07 -8.98881891e-07
377.960  1.26481886e-06 -2.01837848e-07
378.255  1.13728954e-06  5.47801181e-07
378.550  6.11880833e-07  1.08055526e-06
378.845 -1.13229599e-07  1.21475810e-06
379.140 -7.72065158e-07  9.15254525e-07
379.435 -1.13333881e-06  3.02389488e-07
379.730 -1.07959383e-06 -3.92632838e-07
380.025 -6.44425467e-07 -9.19235540e-07
380.321  3.52070526e-10 -1.09714686e-06
380.616  6.15222331e-07 -8.75809832e-07
380.911  9.82631778e-07 -3.52392510e-07
381.206  9.80500706e-07  2.71006369e-07
381.501  6.26491024e-07  7.67156362e-07
381.796  6.58638262e-08  9.62363252e-07
382.091 -4.90413135e-07  7.99741393e-07
382.386 -8.40829592e-07  3.56796674e-07
382.681 -8.66887940e-07 -1.93100198e-07
382.976 -5.76104419e-07 -6.44934231e-07
383.271 -8.93559719e-08 -8.36920984e-07
383.566  4.06818834e-07 -7.12082797e-07
383.861  7.28280052e-07 -3.31030118e-07
384.156  7.65101207e-07  1.55824787e-07
384.451  5.16708563e-07  5.63000682e-07
384.746  8.51634568e-08  7.43245707e-07
385.041 -3.61820933e-07  6.39841578e-07
385.336 -6.57463321e-07  3.00026150e-07
385.631 -6.98718601e-07 -1.42076657e-07
385.927 -4.77098878e-07 -5.18480028e-07
386.222 -8.14879055e-08 -6.93204702e-07
386.517  3.36409280e-07 -6.06276275e-07
386.812  6.23521326e-07 -2.94424960e-07
387.107  6.77254634e-07  1.22382318e-07
387.402  4.80422368e-07  4.91170929e-07
387.697  1.08997050e-07  6.79637507e-07
387.992 -3.01449435e-07  6.20370083e-07
388.287 -6.05070983e-07  3.37511619e-07
388.582 -6.93476983e-07 -6.66909626e-08
388.877 -5.36775201e-07 -4.51097509e-07
389.172 -1.91158098e-07 -6.80813183e-07
389.467  2.25548927e-07 -6.76303775e-07
389.762  5.70640287e-07 -4.40147016e-07
390.057  7.26317566e-07 -5.01652940e-08
390.352  6.40966483e-07  3.64163177e-07
390.647  3.40281480e-07  6.64573218e-07
390.942 -8.01282013e-08  7.52846575e-07
391.237 -4.83970099e-07  5.97573153e-07
391.532 -7.42231358e-07  2.43601163e-07
391.828 -7.70514169e-07 -1.98808994e-07
392.123 -5.53208837e-07 -5.92437189e-07
392.418 -1.52849455e-07 -8.13795147e-07
392.713  3.11453524e-07 -7.87138906e-07
393.008  6.99741148e-07 -5.12289425e-07
393.303  8.87921940e-07 -6.45917667e-08
393.598  8.08674341e-07  4.27874576e-07
393.893  4.73667477e-07  8.15358255e-07
394.188 -3.02786172e-08  9.71951156e-07
394.483 -5.58480717e-07  8.36304327e-07
394.778 -9.48194647e-07  4.29307342e-07
395.073 -1.06975885e-06 -1.43205543e-07
395.368 -8.63913088e-07 -7.14141430e-07
395.663 -3.67244731e-07 -1.10543435e-06
395.958  2.86967996e-07 -1.17843300e-06
396.253  9.05562984e-07 -8.80233394e-07
396.548  1.28838876e-06 -2.73482387e-07
396.843  1.28869934e-06  4.75416507e-07
397.138  8.70863464e-07  1.13878974e-06
397.433  1.31484200e-07  1.49094872e-06
397.729 -7.19793838e-07  1.38662760e-06
398.024 -1.41241109e-06  8.17110078e-07
398.319 -1.70124790e-06 -7.55503946e-08
398.614 -1.45273361e-06 -1.02517574e-06
398.909 -6.97250617e-07 -1.71897256e-06
399.204  3.60198310e-07 -1.90141373e-06
399.499  1.39065616e-06 -1.46237572e-06
