0.290  5.04074423e-03 -7.98375454e-04
0.580  2.90225345e-03  7.49835370e-04
0.870  1.53721917e-03  1.43825574e-03
1.161  4.54652503e-04  1.55932645e-03
1.451 -3.82094879e-04  1.24176813e-03
1.741 -8.55171720e-04  6.79307837e-04
2.031 -9.21948718e-04  8.84493809e-05
2.321 -7.04949028e-04 -3.95142503e-04
2.611 -3.16446619e-04 -6.42522463e-04
2.901  1.00988221e-04 -6.46428480e-04
3.191  4.06119290e-04 -4.11445256e-04
3.482  5.18621233e-04 -9.29652890e-05
3.772  4.43288062e-04  2.08859027e-04
4.062  2.19883676e-04  4.13196286e-04
4.352 -5.40278747e-05  4.45139873e-04
4.642 -2.66246217e-04  3.07596560e-04
4.932 -3.63836290e-04  8.20558692e-05
5.222 -3.11237891e-04 -1.49993699e-04
5.513 -1.58486809e-04 -3.00198001e-04
5.803  3.93419486e-05 -3.26539476e-04
6.093  2.09940647e-04 -2.30706876e-04
6.383  2.89979005e-04 -6.18846755e-05
6.673  2.54613630e-04  1.08134363e-04
6.963  1.29204699e-04  2.20097099e-04
7.253 -3.13417761e-05  2.36876633e-04
7.543 -1.63908916e-04  1.66321613e-04
7.834 -2.24277150e-04  4.01283682e-05
8.124 -2.02079100e-04 -9.14335001e-05
8.414 -1.10167865e-04 -1.78707957e-04
8.704  1.58378744e-05 -2.00810072e-04
8.994  1.28283545e-04 -1.42860082e-04
9.284  1.83415003e-04 -3.13956299e-05
9.574  1.69863487e-04  8.20713902e-05
9.865  8.96987964e-05  1.61410815e-04
10.155 -2.22701631e-05  1.77662141e-04
10.445 -1.16789392e-04  1.26806778e-04
10.735 -1.59879891e-04  3.11463781e-05
11.025 -1.40628830e-04 -7.01751657e-05
11.315 -6.97647108e-05 -1.37001845e-04
11.605  2.15305448e-05 -1.47837611e-04
11.895  9.71947229e-05 -1.04224018e-04
12.186  1.30503577e-04 -2.74701063e-05
12.476  1.13655523e-04  5.37951946e-05
12.766  5.55048582e-05  1.08817199e-04
13.056 -2.10171042e-05  1.18333385e-04
13.346 -8.72014735e-05  8.30079015e-05
13.636 -1.19164883e-04  1.93601632e-05
13.926 -1.05282505e-04 -4.78376735e-05
14.217 -5.26731050e-05 -9.29858312e-05
14.507  1.75828858e-05 -1.00839109e-04
14.797  7.87344283e-05 -7.02547253e-05
15.087  1.08494720e-04 -1.41063835e-05
15.377  9.64720345e-05  4.61123012e-05
15.667  4.87615540e-05  8.62682030e-05
15.957 -1.45690144e-05  9.07967061e-05
16.247 -6.75690342e-05  5.92440053e-05
16.538 -9.08559407e-05  5.40697856e-06
16.828 -7.70967978e-05 -4.92339777e-05
17.118 -3.32813935e-05 -8.42357284e-05
17.408  2.22826721e-05 -8.73075300e-05
17.698  6.73739419e-05 -5.83279555e-05
17.988  8.52183744e-05 -1.01375525e-05
18.278  7.15203517e-05  3.80025641e-05
18.569  3.37083129e-05  6.92690030e-05
18.859 -1.28651724e-05  7.34444801e-05
19.149 -5.08986121e-05  5.02479770e-05
19.439 -6.69806713e-05  9.49152147e-06
19.729 -5.57623081e-05 -3.25841651e-05
20.019 -2.21499281e-05 -5.95191747e-05
20.309  2.00377838e-05 -6.09516309e-05
20.599  5.41447214e-05 -3.68530001e-05
20.890  6.72496086e-05  2.38620932e-06
21.180  5.50383026e-05  4.10004454e-05
21.470  2.29156563e-05  6.41891385e-05
21.760 -1.61574619e-05  6.32701724e-05
22.050 -4.71940411e-05  3.90439857e-05
22.340 -5.84181119e-05  1.59047458e-06
22.630 -4.65257117e-05 -3.47044823e-05
22.921 -1.73938011e-05 -5.60048814e-05
23.211  1.72137720e-05 -5.50286448e-05
23.501  4.36499735e-05 -3.34633219e-05
23.791  5.19628924e-05 -7.66582681e-07
24.081  3.95665732e-05  3.00902969e-05
24.371  1.18249183e-05  4.74759549e-05
24.661 -2.03818637e-05  4.54874015e-05
24.951 -4.46845778e-05  2.55164445e-05
25.242 -5.23037974e-05 -4.24807497e-06
25.532 -4.07774025e-05 -3.21939146e-05
25.822 -1.47553891e-05 -4.77144255e-05
26.112  1.55030935e-05 -4.51126327e-05
26.402  3.83600407e-05 -2.54979509e-05
26.692  4.53351512e-05  3.20140835e-06
26.982  3.44417747e-05  2.97291088e-05
27.273  1.07716183e-05  4.42182320e-05
27.563 -1.58187284e-05  4.15798248e-05
27.853 -3.49342828e-05  2.37046585e-05
28.143 -3.94676407e-05 -1.65052580e-06
28.433 -2.81932819e-05 -2.44022390e-05
28.723 -6.12918784e-06 -3.60263946e-05
29.013  1.80255439e-05 -3.26170683e-05
29.303  3.51427245e-05 -1.62246644e-05
29.594  3.89302212e-05  6.35010767e-06
29.884  2.84497823e-05  2.63458140e-05
30.174  8.09569653e-06  3.60864221e-05
30.464 -1.42660807e-05  3.20556874e-05
30.754 -3.00558907e-05  1.61587329e-05
31.044 -3.34125693e-05 -5.31325289e-06
31.334 -2.34458364e-05 -2.38854814e-05
31.625 -4.33228389e-06 -3.23250103e-05
31.915  1.62715476e-05 -2.75927680e-05
32.205  3.02265833e-05 -1.16781690e-05
32.495  3.23181442e-05  9.13404824e-06
32.785  2.20420635e-05  2.67223856e-05
33.075  3.64969897e-06  3.45218397e-05
33.365 -1.54365447e-05  2.98795883e-05
33.655 -2.78290313e-05  1.49361400e-05
33.946 -2.90937692e-05 -4.19621267e-06
34.236 -1.91491914e-05 -2.01386965e-05
34.526 -2.30018484e-06 -2.71036832e-05
34.816  1.46456339e-05 -2.28527755e-05
35.106  2.52265760e-05 -9.56238065e-06
35.396  2.55515346e-05  7.19341308e-06
35.686  1.57724024e-05  2.08610067e-05
35.977 -1.13734091e-09  2.62459149e-05
36.267 -1.55951365e-05  2.14467431e-05
36.557 -2.50875936e-05  8.61501676e-06
36.847 -2.49570111e-05 -7.16521856e-06
37.137 -1.55358639e-05 -1.98099025e-05
37.427 -6.88219678e-07 -2.44565267e-05
37.717  1.38165356e-05 -1.95254149e-05
38.007  2.23964123e-05 -7.20171441e-06
38.298  2.19484006e-05  7.62032471e-06
38.588  1.29921870e-05  1.91385470e-05
38.878 -8.19758396e-07  2.30065242e-05
39.168 -1.40592501e-05  1.80415775e-05
39.458 -2.16661731e-05  6.38464029e-06
39.748 -2.10062071e-05 -7.34312342e-06
40.038 -1.26276103e-05 -1.78180326e-05
40.329  2.39229600e-08 -2.12393101e-05
40.619  1.18961644e-05 -1.66119844e-05
40.909  1.84708357e-05 -5.98959772e-06
41.199  1.74264131e-05  6.24882073e-06
41.489  9.36493918e-06  1.52764508e-05
41.779 -2.33715890e-06  1.76930410e-05
42.069 -1.29622665e-05  1.26425746e-05
42.359 -1.83722776e-05  2.22430539e-06
42.650 -1.64331492e-05 -9.39204032e-06
42.940 -7.87975949e-06 -1.77565718e-05
43.230  3.97420815e-06 -1.97138106e-05
43.520  1.47197324e-05 -1.46142497e-05
43.810  2.04701888e-05 -4.61260652e-06
44.100  1.93073626e-05  6.38572208e-06
44.390  1.20969106e-05  1.42410289e-05
44.681  1.93183901e-06  1.60944694e-05
44.971 -7.16211805e-06  1.15650802e-05
45.261 -1.16727019e-05  2.74314030e-06
45.551 -1.00509793e-05 -6.76466622e-06
45.841 -3.23588353e-06 -1.31241746e-05
46.131  5.90855995e-06 -1.38373178e-05
46.421  1.36318691e-05 -8.70969191e-06
46.711  1.67879988e-05  2.84109386e-07
47.002  1.41261473e-05  9.71852481e-06
47.292  6.59393767e-06  1.60251606e-05
47.582 -3.02887982e-06  1.69854758e-05
47.872 -1.11485110e-05  1.24361098e-05
48.162 -1.48830741e-05  4.25986063e-06
48.452 -1.30842208e-05 -4.27605629e-06
48.742 -6.66047346e-06 -9.92319746e-06
49.033  1.69482492e-06 -1.06929798e-05
49.323  8.65825575e-06 -6.48116654e-06
49.613  1.16213194e-05  8.31171676e-07
49.903  9.54548723e-06  8.19162423e-06
50.193  3.39391096e-06  1.26845391e-05
50.483 -4.27179877e-06  1.25302412e-05
50.773 -1.04437072e-05  7.77785858e-06
51.063 -1.27465008e-05  3.11658534e-07
51.354 -1.03210181e-05 -7.04762123e-06
51.644 -4.21385208e-06 -1.15950185e-05
51.934  3.18551830e-06 -1.17052805e-05
52.224  9.09403078e-06 -7.53596399e-06
52.514  1.13133106e-05 -8.46142858e-07
52.804  9.16077785e-06  5.76725709e-06
53.094  3.66571258e-06  9.77233510e-06
53.385 -2.95990767e-06  9.74708661e-06
53.675 -8.09531882e-06  5.91773356e-06
53.965 -9.76604277e-06 -8.74317244e-08
54.255 -7.45451092e-06 -5.82002892e-06
54.545 -2.14819570e-06 -8.96813138e-06
54.835  4.03096900e-06 -8.34701938e-06
55.125  8.61964904e-06 -4.23610581e-06
55.415  9.88180415e-06  1.76222062e-06
55.706  7.39377201e-06  7.28837343e-06
55.996  2.12541478e-06  1.02535224e-05
56.286 -3.86930532e-06  9.61252216e-06
56.576 -8.34134901e-06  5.65579908e-06
56.866 -9.73531800e-06 -3.84809638e-08
57.156 -7.66105047e-06 -5.27769860e-06
57.446 -3.08504853e-06 -8.17415453e-06
57.737  2.07249745e-06 -7.75423556e-06
58.027  5.79642539e-06 -4.34829029e-06
58.317  6.66931974e-06  5.25614368e-07
58.607  4.40564707e-06  4.88210811e-06
58.897  1.31991712e-08  6.98986565e-06
59.187 -4.72077723e-06  5.99533571e-06
59.477 -7.92132702e-06  2.32638071e-06
59.767 -8.28127613e-06 -2.57246627e-06
60.058 -5.64578753e-06 -6.84619264e-06
60.348 -1.01229160e-06 -8.86161566e-06
60.638  3.94045911e-06 -7.90137980e-06
60.928  7.41653060e-06 -4.42081551e-06
61.218  8.23178491e-06  2.45829709e-07
61.508  6.29066518e-06  4.34245418e-06
61.798  2.49078786e-06  6.38000351e-06
62.089 -1.60448694e-06  5.77187440e-06
62.379 -4.35598990e-06  2.94203981e-06
62.669 -4.77132689e-06 -8.56826883e-07
62.959 -2.80412893e-06 -3.98897651e-06
63.249  6.79626110e-07 -5.16783847e-06
63.539  4.18027572e-06 -3.91680762e-06
63.829  6.23326025e-06 -6.79361719e-07
64.119  5.98516246e-06  3.28522740e-06
64.410  3.43355860e-06  6.44477182e-06
64.700 -5.12685180e-07  7.63192878e-06
64.990 -4.40400071e-06  6.39667378e-06
65.280 -6.88529267e-06  3.21106076e-06
65.570 -7.13006306e-06 -7.03288812e-07
65.860 -5.15554971e-06 -3.94518490e-06
66.150 -1.85037461e-06 -5.41484933e-06
66.441  1.47422499e-06 -4.70246494e-06
66.731  3.57288277e-06 -2.29718045e-06
67.021  3.68990553e-06  6.99016832e-07
67.311  1.91354020e-06  3.02720342e-06
67.601 -9.24134588e-07  3.69395164e-06
67.891 -3.63375483e-06  2.42079350e-06
68.181 -5.06168836e-06 -2.69435630e-07
68.471 -4.58521777e-06 -3.33913269e-06
68.762 -2.37212581e-06 -5.57572319e-06
69.052  7.78223061e-07 -6.08027128e-06
69.342  3.70181841e-06 -4.66463620e-06
69.632  5.30732374e-06 -1.83334537e-06
69.922  5.06513127e-06  1.39786671e-06
70.212  3.13410548e-06  3.85284886e-06
70.502  2.75116564e-07  4.72058905e-06
70.793 -2.38941322e-06  3.81449105e-06
71.083 -3.87997557e-06  1.58315661e-06
71.373 -3.72449370e-06 -1.00992327e-06
71.663 -2.06064748e-06 -2.91817048e-06
71.953  3.70023961e-07 -3.44477366e-06
72.243  2.54362720e-06 -2.42793443e-06
72.533  3.61237753e-06 -3.36597207e-07
72.823  3.15836438e-06  1.91533470e-06
73.114  1.36919002e-06  3.40644913e-06
73.404 -1.00590943e-06  3.51162909e-06
73.694 -3.03084625e-06  2.13494460e-06
73.984 -3.91548682e-06 -1.98785632e-07
74.274 -3.28327488e-06 -2.61860189e-06
74.564 -1.37835945e-06 -4.24270454e-06
74.854  1.08204305e-06 -4.45842979e-06
75.145  3.21619156e-06 -3.21424639e-06
75.435  4.24890975e-06 -1.01104656e-06
75.725  3.85054852e-06  1.35183280e-06
76.015  2.26295786e-06  3.02148537e-06
76.305  1.24480413e-07  3.43886612e-06
76.595 -1.73411200e-06  2.58035691e-06
76.885 -2.60936093e-06  8.78808085e-07
77.175 -2.24958971e-06 -9.30108449e-07
77.466 -8.78594487e-07 -2.07262225e-06
77.756  9.02871136e-07 -2.10547583e-06
78.046  2.31048233e-06 -1.04074667e-06
78.336  2.74901688e-06  6.93522872e-07
78.626  2.02741681e-06  2.36701186e-06
78.916  3.80087336e-07  3.28447465e-06
79.206 -1.56845525e-06  3.06998665e-06
79.497 -3.07387359e-06  1.74821291e-06
79.787 -3.59796685e-06 -2.19466280e-07
80.077 -2.94691262e-06 -2.11391804e-06
80.367 -1.36769953e-06 -3.29135210e-06
80.657  5.26651559e-07 -3.36950230e-06
80.947  2.06127500e-06 -2.36881679e-06
81.237  2.71954065e-06 -7.41109693e-07
81.527  2.31185761e-06  8.73816285e-07
81.818  1.09496004e-06  1.88502863e-06
82.108 -3.86037351e-07  1.93132184e-06
82.398 -1.53094525e-06  1.06956491e-06
82.688 -1.86311547e-06 -2.83932628e-07
82.978 -1.25884875e-06 -1.56319939e-06
83.268  1.04871815e-08 -2.21941547e-06
83.558  1.44591712e-06 -1.96417535e-06
83.849  2.46874666e-06 -9.04291377e-07
84.139  2.65238021e-06  5.65969480e-07
84.429  1.93148806e-06  1.88770110e-06
84.719  5.66324496e-07  2.53691415e-06
85.009 -9.49836315e-07  2.28216505e-06
85.299 -2.04347876e-06  1.22669426e-06
85.589 -2.33678007e-06 -2.48949686e-07
85.879 -1.76536239e-06 -1.58465585e-06
86.170 -5.60541079e-07 -2.30321414e-06
86.460  7.91611340e-07 -2.19161791e-06
86.750  1.77069239e-06 -1.32453709e-06
87.040  2.04728860e-06 -7.48981931e-08
87.330  1.54733134e-06  1.04361846e-06
87.620  5.04865517e-07  1.62159643e-06
87.910 -6.20606253e-07  1.45628826e-06
88.201 -1.38215492e-06  6.35072997e-07
88.491 -1.47983885e-06 -4.70440710e-07
88.781 -8.62947564e-07 -1.41008689e-06
89.071  2.06773395e-07 -1.81292333e-06
89.361  1.30752975e-06 -1.49876073e-06
89.651  2.02721294e-06 -5.96939578e-07
89.941  2.07693836e-06  5.36980724e-07
90.231  1.44688957e-06  1.48773319e-06
90.522  3.99197154e-07  1.88992483e-06
90.812 -6.79515218e-07  1.60034325e-06
91.102 -1.38000536e-06  7.65402999e-07
91.392 -1.43987370e-06 -2.91187564e-07
91.682 -8.75593643e-07 -1.15873823e-06
91.972  8.10204948e-08 -1.48889787e-06
92.262  1.05780676e-06 -1.17400536e-06
92.553  1.65881994e-06 -3.40453006e-07
92.843  1.66602552e-06  7.07897403e-07
93.133  1.09170489e-06  1.56704790e-06
93.423  1.43899598e-07  1.93352270e-06
93.713 -8.10298397e-07  1.71103243e-06
94.003 -1.42108162e-06  1.00099561e-06
94.293 -1.50502428e-06  1.02368267e-07
94.583 -1.06260629e-06 -6.22559395e-07
94.874 -3.06858002e-07 -9.23644575e-07
95.164  4.17768861e-07 -7.09002425e-07
95.454  8.18123069e-07 -9.41612310e-08
95.744  7.26572878e-07  6.21873183e-07
96.034  1.62468672e-07  1.12617776e-06
96.324 -6.38031586e-07  1.19094894e-06
96.614 -1.35997822e-06  7.40872917e-07
96.905 -1.72745483e-06 -7.20883464e-08
97.195 -1.57290465e-06 -9.59712503e-07
97.485 -9.44198464e-07 -1.62383760e-06
97.775 -7.05783727e-08 -1.82444846e-06
98.065  7.59239283e-07 -1.50321541e-06
98.355  1.26183936e-06 -8.08557784e-07
98.645  1.28318763e-06  8.45884066e-09
98.935  8.77559484e-07  6.54374195e-07
99.226  2.33736794e-07  9.04070541e-07
99.516 -3.79290429e-07  7.21500694e-07
99.806 -6.99199837e-07  2.25372212e-07
100.096 -6.15678118e-07 -3.58010525e-07
100.386 -1.80090915e-07 -7.52824060e-07
100.676  4.32806993e-07 -7.85345906e-07
100.966  9.54037077e-07 -4.37986710e-07
101.257  1.16042358e-06  1.76602623e-07
101.547  9.67884757e-07  8.18866815e-07
101.837  4.21838351e-07  1.23536200e-06
102.127 -2.86098407e-07  1.28123583e-06
102.417 -8.93494094e-07  9.30833180e-07
102.707 -1.20509369e-06  3.08092944e-07
102.997 -1.12643210e-06 -3.45584557e-07
103.287 -7.02031545e-07 -8.08299890e-07
103.578 -1.26278065e-07 -9.34003173e-07
103.868  3.76088820e-07 -6.93106908e-07
104.158  6.26083806e-07 -2.20094907e-07
104.448  5.30306684e-07  2.74876738e-07
104.738  1.55364939e-07  5.96127295e-07
105.028 -3.19489595e-07  6.00350789e-07
105.318 -6.97824397e-07  2.85641958e-07
105.609 -8.02150810e-07 -2.10512341e-07
105.899 -5.65004430e-07 -7.01818966e-07
106.189 -7.07980782e-08 -9.88819575e-07
106.479  5.18995783e-07 -9.41405604e-07
106.769  1.00177428e-06 -5.77899926e-07
107.059  1.19948145e-06 -1.62032553e-08
107.349  1.06321738e-06  5.61914524e-07
107.639  6.57247688e-07  9.54700759e-07
107.930  1.24793942e-07  1.05588916e-06
108.220 -3.33355850e-07  8.74422189e-07
108.510 -5.70182685e-07  5.04359336e-07
108.800 -5.46251407e-07  1.23358828e-07
109.090 -3.07319026e-07 -1.01045982e-07
109.380  2.60064593e-09 -9.31970794e-08
109.670  2.07731148e-07  1.41385925e-07
109.961  2.00973449e-07  4.94727105e-07
110.251 -5.07132150e-08  7.90635173e-07
110.541 -4.82012806e-07  8.92228912e-07
110.831 -9.30265748e-07  7.26613375e-07
111.121 -1.23686834e-06  3.08652639e-07
111.411 -1.29169179e-06 -2.30057939e-07
111.701 -1.05450407e-06 -7.23806677e-07
111.991 -6.07176665e-07 -1.03424216e-06
112.282 -1.00288880e-07 -1.06934943e-06
112.572  3.19241323e-07 -8.49737971e-07
112.862  5.25374172e-07 -4.90828291e-07
113.152  4.82631445e-07 -1.28064322e-07
113.442  2.64539800e-07  1.00027889e-07
113.732 -1.46601182e-08  1.15026354e-07
114.022 -2.18879367e-07 -5.10473983e-08
114.313 -2.39701937e-07 -3.08886558e-07
114.603 -7.03385611e-08 -5.34330506e-07
114.893  2.25243402e-07 -6.00363996e-07
115.183  5.38795314e-07 -4.63788156e-07
115.473  7.32163266e-07 -1.61324719e-07
115.763  7.25214709e-07  2.19466600e-07
116.053  5.20732953e-07  5.39617022e-07
116.343  1.76466134e-07  6.86991245e-07
116.634 -1.83466674e-07  6.27861921e-07
116.924 -4.27875550e-07  3.84945722e-07
117.214 -4.90616141e-07  5.46571925e-08
117.504 -3.59532402e-07 -2.27289425e-07
117.794 -9.48150465e-08 -3.69468702e-07
118.084  1.78322823e-07 -3.28698498e-07
118.374  3.53719341e-07 -1.25940670e-07
118.665  3.65228355e-07  1.35731648e-07
118.955  1.98035766e-07  3.44653168e-07
119.245 -7.35226758e-08  4.18153347e-07
119.535 -3.39644124e-07  3.09237546e-07
119.825 -5.06326263e-07  5.67090966e-08
120.115 -4.99151983e-07 -2.42079521e-07
120.405 -3.17280514e-07 -4.90519191e-07
120.695 -3.53805633e-08 -5.96230341e-07
120.986  2.56330406e-07 -5.20770316e-07
121.276  4.58249643e-07 -3.09175404e-07
121.566  5.00497449e-07 -3.72695640e-08
121.856  3.94785608e-07  1.99633960e-07
122.146  1.96474950e-07  3.11481992e-07
122.436 -1.29842470e-08  2.79397849e-07
122.726 -1.35618798e-07  1.38047885e-07
123.017 -1.27142497e-07 -4.78141596e-08
123.307 -2.61520224e-09 -1.79930278e-07
123.597  1.90578223e-07 -1.91620542e-07
123.887  3.60407946e-07 -7.68422675e-08
124.177  4.22046672e-07  1.36209162e-07
124.467  3.47064189e-07  3.68670459e-07
124.757  1.42665510e-07  5.23869632e-07
125.047 -1.32389004e-07  5.50424759e-07
125.338 -3.78996069e-07  4.32073428e-07
125.628 -5.26302638e-07  1.99718646e-07
125.918 -5.35768555e-07 -5.85571570e-08
126.208 -4.07509501e-07 -2.62018445e-07
126.498 -2.07953621e-07 -3.56848661e-07
126.788 -1.82301683e-08 -3.16547747e-07
127.078  9.97863680e-08 -1.81129148e-07
127.369  9.95109535e-08 -2.51364713e-08
127.659 -6.81114595e-09  8.71725510e-08
127.949 -1.56689268e-07  9.63757008e-08
128.239 -2.87476097e-07 -1.13605543e-08
128.529 -3.32871970e-07 -1.89289095e-07
128.819 -2.55090658e-07 -3.78747790e-07
129.109 -8.02627846e-08 -5.10902020e-07
129.399  1.41794409e-07 -5.26805294e-07
129.690  3.46592072e-07 -4.27335072e-07
129.980  4.61784191e-07 -2.47569871e-07
130.270  4.63743417e-07 -4.01791742e-08
130.560  3.70573203e-07  1.19478134e-07
130.850  2.19260865e-07  1.88139743e-07
131.140  7.91872949e-08  1.67675681e-07
131.430  6.64399942e-09  7.90907888e-08
131.721  1.32389337e-08 -2.02124118e-08
132.011  9.07369452e-08 -6.70431294e-08
132.301  1.94896616e-07 -3.84226742e-08
132.591  2.58436434e-07  6.72670826e-08
132.881  2.45364811e-07  2.19096866e-07
133.171  1.42740630e-07  3.48931241e-07
133.461 -3.50481265e-08  4.06673072e-07
133.751 -2.26348404e-07  3.65764837e-07
134.042 -3.70523341e-07  2.20558689e-07
134.332 -4.27883361e-07  1.71465231e-08
134.622 -3.71774259e-07 -1.81022345e-07
134.912 -2.24587756e-07 -3.25549778e-07
135.202 -4.21146167e-08 -3.72670573e-07
135.492  1.26954810e-07 -3.18259945e-07
135.782  2.31297049e-07 -2.02660661e-07
136.073  2.45203974e-07 -6.79181560e-08
136.363  1.92103150e-07  3.64311402e-08
136.653  1.05631862e-07  7.08321786e-08
136.943  2.86451655e-08  4.33474565e-08
137.233  7.99978189e-09 -1.97531496e-08
137.523  4.91667627e-08 -8.33353002e-08
137.813  1.31676098e-07 -9.74232656e-08
138.103  2.26638955e-07 -4.33009935e-08
138.394  2.82786781e-07  6.53594006e-08
138.684  2.66762636e-07  2.06006237e-07
138.974  1.81210278e-07  3.29575165e-07
139.264  3.92628704e-08  3.89647135e-07
139.554 -1.18517299e-07  3.75220686e-07
139.844 -2.38691335e-07  2.87948869e-07
140.134 -2.97681100e-07  1.54579867e-07
140.425 -2.86313316e-07  2.79788144e-08
140.715 -2.15205312e-07 -5.92889190e-08
141.005 -1.29804057e-07 -9.03559631e-08
141.295 -6.71542733e-08 -6.15163214e-08
141.585 -4.78451443e-08 -7.52108447e-09
141.875 -8.55522733e-08  3.22629935e-08
142.165 -1.56684607e-07  3.43934189e-08
142.455 -2.20231115e-07 -2.25103633e-08
142.746 -2.48515981e-07 -1.27776496e-07
143.036 -2.12795694e-07 -2.41972042e-07
143.326 -1.08102298e-07 -3.33548819e-07
143.616  3.34325742e-08 -3.67744927e-07
143.906  1.79487040e-07 -3.22728928e-07
144.196  2.92889024e-07 -2.17007913e-07
144.486  3.37254287e-07 -7.81844598e-08
144.777  3.13752111e-07  6.05760228e-08
145.067  2.40634119e-07  1.55730991e-07
145.357  1.41362611e-07  1.93232442e-07
145.647  5.79078194e-08  1.82023696e-07
145.937  1.42817005e-08  1.35121380e-07
146.227  8.14387891e-09  8.77146943e-08
146.517  3.40642398e-08  6.95289864e-08
146.807  6.51285685e-08  8.27976070e-08
147.098  6.82116645e-08  1.26032008e-07
147.388  3.63973062e-08  1.79642778e-07
147.678 -3.09358369e-08  2.07658510e-07
147.968 -1.20894335e-07  1.95868579e-07
148.258 -1.96280732e-07  1.39949168e-07
148.548 -2.33902685e-07  4.42899242e-08
148.838 -2.23728680e-07 -5.74882217e-08
149.129 -1.59993554e-07 -1.35241091e-07
149.419 -6.73398754e-08 -1.73472414e-07
149.709  2.13681704e-08 -1.56940263e-07
149.999  8.70440351e-08 -9.76328606e-08
150.289  1.07807712e-07 -2.63119912e-08
150.579  8.21540255e-08  3.71207583e-08
150.869  3.51530841e-08  6.85862639e-08
151.159 -1.42340642e-08  5.54173257e-08
151.450 -4.31361934e-08  1.56573727e-08
151.740 -3.06390403e-08 -3.25715912e-08
152.030  1.33990072e-08 -6.87320546e-08
152.320  7.20180044e-08 -6.58834424e-08
152.610  1.27666491e-07 -2.41143631e-08
152.900  1.50046220e-07  4.22591914e-08
153.190  1.28698187e-07  1.19453080e-07
153.481  7.32443440e-08  1.77012449e-07
153.771 -7.36034293e-09  1.94476423e-07
154.061 -8.64691418e-08  1.74757076e-07
154.351 -1.36576468e-07  1.20964028e-07
154.641 -1.53736246e-07  5.20425519e-08
154.931 -1.36068716e-07 -2.08593503e-09
155.221 -9.34216058e-08 -3.20537320e-08
155.511 -5.44260066e-08 -3.31735436e-08
155.802 -3.28139522e-08 -7.12869332e-09
156.092 -3.45065459e-08  2.11714499e-08
156.382 -6.41703985e-08  3.42241136e-08
156.672 -1.02213324e-07  2.53934844e-08
156.962 -1.27750214e-07 -1.44451504e-08
157.252 -1.32628724e-07 -7.22349993e-08
157.542 -1.04188683e-07 -1.24740048e-07
157.833 -4.71895223e-08 -1.61328011e-07
158.123  1.56637184e-08 -1.66603157e-07
158.413  7.17876562e-08 -1.35979479e-07
158.703  1.04978998e-07 -8.82869296e-08
158.993  1.02326554e-07 -3.69212751e-08
159.283  7.64795179e-08  3.11388250e-09
159.573  4.07336650e-08  1.28609833e-08
159.863  7.56407176e-09 -2.55580563e-09
160.154 -9.02939688e-10 -3.07457429e-08
160.444  1.80264173e-08 -6.21895254e-08
160.734  5.34926888e-08 -7.42174144e-08
161.024  9.84051902e-08 -5.64215721e-08
161.314  1.31407363e-07 -1.67656775e-08
161.604  1.34730742e-07  3.99874515e-08
161.894  1.11405630e-07  9.59651437e-08
162.185  6.33087233e-08  1.27973105e-07
162.475  2.52250483e-09  1.33040928e-07
162.765 -4.56479310e-08  1.10114479e-07
163.055 -7.24044999e-08  6.42720251e-08
163.345 -7.42696007e-08  1.94010571e-08
163.635 -4.94308522e-08 -1.09200371e-08
163.925 -1.73493789e-08 -2.16564436e-08
164.215  5.09021050e-09 -5.63325183e-09
164.506  1.19092570e-08  2.37242299e-08
164.796 -7.44244530e-09  4.72677008e-08
165.086 -4.63537268e-08  5.74979676e-08
165.376 -8.47614723e-08  4.15337573e-08
165.666 -1.12876966e-07 -1.83743426e-09
165.956 -1.16140595e-07 -5.42863067e-08
166.246 -8.49334082e-08 -1.04071087e-07
166.537 -3.25605971e-08 -1.36062196e-07
166.827  2.87887585e-08 -1.32838479e-07
167.117  8.51849972e-08 -9.96526610e-08
167.407  1.13692267e-07 -4.67070732e-08
167.697  1.10036090e-07  1.57205689e-08
167.987  8.03435566e-08  6.32858733e-08
168.277  2.94035431e-08  8.31930585e-08
168.567 -2.13636543e-08  7.68319586e-08
168.858 -5.31175675e-08  4.32754033e-08
169.148 -6.26401498e-08 -2.17000468e-09
169.438 -4.40572958e-08 -3.76014145e-08
169.728 -4.58000275e-09 -5.56522183e-08
170.018  3.40685450e-08 -4.67489469e-08
170.308  6.11134276e-08 -9.24503642e-09
170.598  6.45197606e-08  3.85261382e-08
170.889  3.37849339e-08  8.35051174e-08
171.179 -1.96370279e-08  1.12362995e-07
171.469 -8.28378241e-08  1.06540466e-07
171.759 -1.43375405e-07  6.73588663e-08
172.049 -1.77403374e-07  3.99398118e-09
172.339 -1.74884058e-07 -7.52478253e-08
172.629 -1.38154641e-07 -1.46050088e-07
172.919 -6.82792782e-08 -1.88677260e-07
173.210  1.57272933e-08 -1.97199539e-07
173.500  8.88394900e-08 -1.63588407e-07
173.790  1.37862662e-07 -9.62775850e-08
174.080  1.46130297e-07 -1.94836390e-08
174.370  1.08462942e-07  4.94521000e-08
174.660  4.23806785e-08  8.78165554e-08
174.950 -3.45659102e-08  7.64257406e-08
175.241 -9.72145400e-08  2.12033817e-08
175.531 -1.14025416e-07 -6.45891421e-08
175.821 -7.55450474e-08 -1.57877215e-07
176.111  1.43979295e-08 -2.18717945e-07
176.401  1.40535150e-07 -2.20654168e-07
176.691  2.61188906e-07 -1.53180323e-07
176.981  3.34728680e-07 -1.72973523e-08
177.271  3.33219786e-07  1.52924325e-07
177.562  2.37478183e-07  3.07237491e-07
177.852  6.30702192e-08  4.01351279e-07
178.142 -1.42458819e-07  3.93258933e-07
178.432 -3.25208971e-07  2.70751085e-07
178.722 -4.23323957e-07  6.52031459e-08
179.012 -3.92464924e-07 -1.71195914e-07
179.302 -2.35728958e-07 -3.65436441e-07
179.593  9.89138788e-09 -4.43260580e-07
179.883  2.73394189e-07 -3.71662475e-07
180.173  4.59689527e-07 -1.59572171e-07
180.463  4.98268318e-07  1.39408750e-07
180.753  3.60438628e-07  4.24162950e-07
181.043  6.72917136e-08  5.92442430e-07
181.333 -2.92766283e-07  5.73496974e-07
181.623 -5.98876576e-07  3.43141159e-07
181.914 -7.40858721e-07 -4.37675938e-08
182.204 -6.41644537e-07 -4.68116875e-07
182.494 -3.02865615e-07 -7.91977118e-07
182.784  1.83611092e-07 -8.86358958e-07
183.074  6.73140644e-07 -6.85668745e-07
183.364  9.96803941e-07 -2.28011705e-07
183.654  1.01808887e-06  3.63765850e-07
183.945  6.99513893e-07  9.04611117e-07
184.235  1.10682967e-07  1.19753475e-06
184.525 -5.80526300e-07  1.11878094e-06
184.815 -1.14214595e-06  6.57159247e-07
185.105 -1.36924800e-06 -7.39621609e-08
185.395 -1.15289623e-06 -8.45525874e-07
185.685 -5.17438161e-07 -1.39400771e-06
185.975  3.56026763e-07 -1.51172611e-06
186.266  1.18415745e-06 -1.10958735e-06
186.556  1.67869621e-06 -2.75925127e-07
186.846  1.62929911e-06  7.36464742e-07
187.136  9.95310315e-07  1.59609497e-06
187.426 -5.58095508e-08  1.98460198e-06
187.716 -1.20286469e-06  1.71275154e-06
188.006 -2.05582632e-06  8.12530421e-07
188.297 -2.28121519e-06 -4.68431474e-07
188.587 -1.74081172e-06 -1.72630124e-06
188.877 -5.45976181e-07 -2.51606383e-06
189.167  9.58362487e-07 -2.52012554e-06
189.457  2.27624891e-06 -1.66397268e-06
189.747  2.93413671e-06 -1.57160844e-07
190.037  2.64765504e-06  1.53575183e-06
190.327  1.42504598e-06  2.84314928e-06
190.618 -3.92623127e-07  3.28221980e-06
190.908 -2.22292191e-06  2.61930950e-06
191.198 -3.43541080e-06  9.86058490e-07
191.488 -3.55122757e-06 -1.12941217e-06
191.778 -2.42961777e-06 -3.03653472e-06
192.068 -3.57622940e-07 -4.05228142e-06
192.358  2.02867125e-06 -3.73901558e-06
192.649  3.92788800e-06 -2.09366711e-06
192.939  4.63076146e-06  4.27519058e-07
193.229  3.79229943e-06  3.02757184e-06
193.519  1.57396326e-06  4.80463769e-06
193.809 -1.37545716e-06  5.07325300e-06
194.099 -4.08933726e-06  3.61868927e-06
194.389 -5.60555689e-06  7.99681034e-07
194.679 -5.30640090e-06 -2.51360457e-06
194.970 -3.14730583e-06 -5.20704041e-06
195.260  2.68270949e-07 -6.30153586e-06
195.550  3.84630270e-06 -5.28982840e-06
195.840  6.35934788e-06 -2.35880671e-06
196.130  6.85084510e-06  1.61334950e-06
196.420  4.99157236e-06  5.32583964e-06
196.710  1.25597574e-06  7.46758204e-06
197.001 -3.19675489e-06  7.16909211e-06
197.291 -6.87238668e-06  4.35539407e-06
197.581 -8.42758639e-06 -1.78959240e-07
197.871 -7.16611626e-06 -4.98591516e-06
198.161 -3.32466461e-06 -8.40708968e-06
198.451  1.95069247e-06 -9.15058411e-06
198.741  6.92351915e-06 -6.77027660e-06
199.031  9.83904715e-06 -1.86911614e-06
199.322  9.54358195e-06  4.02327978e-06
199.612  5.91483008e-06  8.92120137e-06
199.902 -1.40685492e-08  1.10573530e-05
200.192 -6.33074381e-06  9.50130644e-06
200.482 -1.08669705e-05  4.54529346e-06
200.772 -1.19284876e-05 -2.30479237e-06
201.062 -8.91595157e-06 -8.78972942e-06
201.353 -2.62087986e-06 -1.26316595e-05
201.643  4.97253294e-06 -1.23205287e-05
201.933  1.13051186e-05 -7.70676921e-06
202.223  1.40880333e-05 -1.33064197e-07
202.513  1.21336781e-05  7.94798056e-06
202.803  5.83854594e-06  1.37476127e-05
203.093 -2.86939127e-06  1.51049492e-05
203.383 -1.10977023e-05  1.12861990e-05
203.674 -1.59467781e-05  3.31314636e-06
203.964 -1.55341492e-05 -6.27899736e-06
204.254 -9.69867080e-06 -1.42367571e-05
204.544 -1.62564995e-07 -1.76986750e-05
204.834  9.95457826e-06 -1.52072449e-05
205.124  1.71628193e-05 -7.29800391e-06
205.414  1.87952024e-05  3.56372035e-06
205.705  1.39801264e-05  1.37519467e-05
205.995  4.05874155e-06  1.96844599e-05
206.285 -7.77445140e-06  1.90679017e-05
206.575 -1.74961356e-05  1.17827288e-05
206.865 -2.16055335e-05  3.54285445e-08
207.155 -1.83877053e-05 -1.23036353e-05
207.445 -8.60767472e-06 -2.09567314e-05
207.735  4.64592423e-06 -2.27218798e-05
208.026  1.69157434e-05 -1.66557109e-05
208.316  2.38696066e-05 -4.50015511e-06
208.606  2.28360912e-05  9.79112381e-06
208.896  1.38064990e-05  2.13264901e-05
209.186 -4.36083187e-07  2.59599807e-05
209.476 -1.51525040e-05  2.17691239e-05
209.766 -2.52325129e-05  9.82476479e-06
210.057 -2.69649635e-05 -6.03741794e-06
210.347 -1.93899006e-05 -2.04499919e-05
210.637 -4.76685519e-06 -2.83307602e-05
210.927  1.20862677e-05 -2.66629076e-05
211.217  2.53829624e-05 -1.56492810e-05
211.507  3.03428178e-05  1.22717408e-06
211.797  2.49144018e-05  1.83045006e-05
212.087  1.06074234e-05  2.96284676e-05
212.378 -7.91271288e-06  3.10302963e-05
212.668 -2.43325173e-05  2.16661217e-05
212.958 -3.28389760e-05  4.42329476e-06
213.248 -3.01891611e-05 -1.49528157e-05
213.538 -1.69290727e-05 -2.97629231e-05
213.828  2.66766869e-06 -3.46834076e-05
214.118  2.19592248e-05 -2.76752227e-05
214.409  3.41973745e-05 -1.08016669e-05
214.699  3.48915451e-05  1.03480459e-05
214.989  2.34452134e-05  2.85141763e-05
215.279  3.49865960e-06  3.72671864e-05
215.569 -1.82212757e-05  3.32761016e-05
215.859 -3.41802828e-05  1.75779819e-05
216.149 -3.86450107e-05 -4.65602973e-06
216.439 -2.97498706e-05 -2.58320360e-05
216.730 -1.02664121e-05 -3.85230639e-05
217.020  1.32592132e-05 -3.80792184e-05
217.310  3.27019188e-05 -2.43440268e-05
217.600  4.11645341e-05 -1.81120617e-06
217.890  3.54430972e-05  2.18405995e-05
218.180  1.72323391e-05  3.83594307e-05
218.470 -7.36343943e-06  4.18178652e-05
218.761 -2.98656711e-05  3.07451131e-05
219.051 -4.23592535e-05  8.72893798e-06
219.341 -4.02896877e-05 -1.67297494e-05
219.631 -2.41181596e-05 -3.67805615e-05
219.921  7.36302710e-07 -4.43182175e-05
220.211  2.57112140e-05 -3.65002871e-05
220.501  4.20693745e-05 -1.58259899e-05
220.791  4.39590782e-05  1.06483413e-05
221.082  3.05185465e-05  3.37332440e-05
221.372  6.26381220e-06  4.53017015e-05
221.662 -2.04368336e-05  4.11600069e-05
221.952 -4.02564053e-05  2.25887774e-05
222.242 -4.61730665e-05 -4.04825701e-06
222.532 -3.59825984e-05 -2.94903190e-05
222.822 -1.31235631e-05 -4.47999533e-05
223.113  1.44861668e-05 -4.45261160e-05
223.403  3.71879437e-05 -2.86597369e-05
223.693  4.69797879e-05 -2.67150462e-06
223.983  4.03585069e-05  2.43665278e-05
224.273  1.95742421e-05  4.29588795e-05
224.563 -8.12321558e-06  4.65466085e-05
224.853 -3.30148872e-05  3.38275834e-05
225.143 -4.63478868e-05  9.24080408e-06
225.434 -4.34242899e-05 -1.85743129e-05
225.724 -2.52695450e-05 -3.98337399e-05
226.014  1.70931427e-06 -4.70642853e-05
226.304  2.79959812e-05 -3.77428303e-05
226.594  4.43358116e-05 -1.52013547e-05
226.884  4.50035429e-05  1.25639486e-05
227.174  2.98365778e-05  3.57411131e-05
227.465  4.27770299e-06  4.61751732e-05
227.755 -2.25854163e-05  4.02629755e-05
228.045 -4.12520249e-05  2.02173203e-05
228.335 -4.51882371e-05 -6.76093894e-06
228.625 -3.31407015e-05 -3.10653782e-05
228.915 -9.53479761e-06 -4.41158345e-05
229.205  1.71415094e-05 -4.14165530e-05
229.495  3.73902480e-05 -2.41139852e-05
229.786  4.41119027e-05  1.46672805e-06
230.076  3.51096152e-05  2.61228779e-05
230.366  1.38135077e-05  4.11042735e-05
230.656 -1.20023267e-05  4.12365859e-05
230.946 -3.30654075e-05  2.67184350e-05
231.236 -4.19526268e-05  2.98715302e-06
231.526 -3.57155481e-05 -2.13102445e-05
231.817 -1.68787427e-05 -3.74804287e-05
232.107  7.55378766e-06 -3.99001138e-05
232.397  2.87071619e-05 -2.79929820e-05
232.687  3.90602064e-05 -6.35526917e-06
232.977  3.51357161e-05  1.70103432e-05
233.267  1.86906321e-05  3.36490013e-05
233.557 -4.03372677e-06  3.77198928e-05
233.847 -2.46674097e-05  2.80730568e-05
234.138 -3.57900230e-05  8.56181295e-06
234.428 -3.36222706e-05 -1.34729019e-05
234.718 -1.93212614e-05 -2.99474894e-05
235.008  1.56287084e-06 -3.50150026e-05
235.298  2.12115085e-05 -2.71569560e-05
235.588  3.24649589e-05 -9.62770238e-06
235.878  3.14469166e-05  1.08491944e-05
236.169  1.89026781e-05  2.66440445e-05
236.459 -1.85294385e-07  3.20728826e-05
236.749 -1.85437330e-05  2.54456886e-05
237.039 -2.93783869e-05  9.59523500e-06
237.329 -2.88862659e-05 -9.28246395e-06
237.619 -1.75977886e-05 -2.40360655e-05
237.909 -8.13716081e-08 -2.92585768e-05
238.199  1.68787369e-05 -2.32680275e-05
238.490  2.68934233e-05 -8.66174784e-06
238.780  2.63631143e-05  8.76951661e-06
239.070  1.57860059e-05  2.23152050e-05
239.360 -5.21821028e-07  2.69048118e-05
239.650 -1.61622074e-05  2.10102611e-05
239.940 -2.51335985e-05  7.16229376e-06
240.230 -2.41245298e-05 -9.10874557e-06
240.521 -1.37455561e-05 -2.14467069e-05
240.811  1.78237700e-06 -2.51296106e-05
241.101  1.63124500e-05 -1.88786900e-05
241.391  2.41724643e-05 -5.29761189e-06
241.681  2.23708191e-05  1.01887133e-05
241.971  1.17270673e-05  2.14652936e-05
242.261 -3.48845992e-06  2.41248177e-05
242.551 -1.72368933e-05  1.71756434e-05
242.842 -2.40866446e-05  3.40100478e-06
243.132 -2.13412112e-05 -1.17358510e-05
243.422 -1.00790714e-05 -2.22385913e-05
243.712  5.26442438e-06 -2.39363039e-05
244.002  1.86290496e-05 -1.61112556e-05
244.292  2.47117296e-05 -1.79248158e-06
244.582  2.10416585e-05  1.34090008e-05
244.873  8.96327890e-06  2.34950423e-05
245.163 -6.85417362e-06  2.44235682e-05
245.453 -2.02256210e-05  1.57014447e-05
245.743 -2.58552717e-05  6.20840087e-07
246.033 -2.14061775e-05 -1.49930851e-05
246.323 -8.45457360e-06 -2.50310656e-05
246.613  8.07863743e-06 -2.54667426e-05
246.903  2.18079705e-05 -1.59560231e-05
247.194  2.73347780e-05 -2.21022047e-08
247.484  2.23567923e-05  1.62681797e-05
247.774  8.60872358e-06  2.66100725e-05
248.064 -8.76164338e-06  2.68921079e-05
248.354 -2.31268591e-05  1.68216405e-05
248.644 -2.89048339e-05  8.23250958e-08
248.934 -2.37279743e-05 -1.70264029e-05
249.225 -9.38926405e-06 -2.79611965e-05
249.515  8.79326025e-06 -2.84452408e-05
249.805  2.39533541e-05 -1.81298613e-05
250.095  3.02826189e-05 -7.68332599e-07
250.385  2.52569893e-05  1.71552169e-05
250.675  1.06231117e-05  2.88624308e-05
250.965 -8.21207730e-06  2.98558945e-05
251.255 -2.41923794e-05  1.96352890e-05
251.546 -3.12751745e-05  1.92679228e-06
251.836 -2.67134730e-05 -1.66841386e-05
252.126 -1.21162507e-05 -2.92249485e-05
252.416  7.12094583e-06 -3.09540019e-05
252.706  2.38330188e-05 -2.11525540e-05
252.996  3.17671736e-05 -3.42322509e-06
253.286  2.79252807e-05  1.56521036e-05
253.577  1.37059585e-05  2.89737219e-05
253.867 -5.61420881e-06  3.15724234e-05
254.157 -2.28579194e-05  2.24775036e-05
254.447 -3.16209121e-05  5.07978004e-06
254.737 -2.86671237e-05 -1.41491783e-05
255.027 -1.51342128e-05 -2.80716065e-05
255.317  3.91508882e-06 -3.15485579e-05
255.607  2.13925551e-05 -2.33549833e-05
255.898  3.08333471e-05 -6.60622440e-06
256.188  2.88097427e-05  1.24292063e-05
256.478  1.61785607e-05  2.66810140e-05
256.768 -2.27698923e-06  3.09258465e-05
257.058 -1.96568935e-05  2.37115318e-05
257.348 -2.95429878e-05  7.85183403e-06
257.638 -2.83841566e-05 -1.06614196e-05
257.929 -1.67742194e-05 -2.49337512e-05
258.219  8.17583334e-07 -2.97530558e-05
258.509  1.77684188e-05 -2.34977742e-05
258.799  2.78113999e-05 -8.69085892e-06
259.089  2.73582102e-05  9.00562957e-06
259.379  1.67931432e-05  2.29667205e-05
259.669  2.63912643e-07  2.80894834e-05
259.959 -1.59489300e-05  2.26685205e-05
260.250 -2.58204702e-05  8.97480667e-06
260.540 -2.58259144e-05 -7.68385263e-06
260.830 -1.62169813e-05 -2.10180112e-05
261.120 -8.39772822e-07 -2.61299875e-05
261.410  1.43965698e-05 -2.13298476e-05
261.700  2.37819951e-05 -8.69571422e-06
261.990  2.39570690e-05  6.80665762e-06
262.281  1.51264627e-05  1.92596936e-05
262.571  8.84248247e-07  2.40557114e-05
262.861 -1.32259974e-05  1.96147347e-05
263.151 -2.18612492e-05  7.89789530e-06
263.441 -2.19125324e-05 -6.42581677e-06
263.731 -1.36239612e-05 -1.78216267e-05
264.021 -4.12137781e-07 -2.20317538e-05
264.311  1.25140594e-05 -1.76662291e-05
264.602  2.02028404e-05 -6.65761391e-06
264.892  1.98539602e-05  6.55660051e-06
265.182  1.18355240e-05  1.68095771e-05
265.472 -5.27550505e-07  2.02191687e-05
265.762 -1.23115047e-05  1.56494151e-05
266.052 -1.89449167e-05  5.09291607e-06
266.342 -1.79674318e-05 -7.17128983e-06
266.633 -9.94464007e-06 -1.63003731e-05
266.923  1.80951941e-06 -1.87808431e-05
267.213  1.25898008e-05 -1.37747555e-05
267.503  1.81628530e-05 -3.40624730e-06
267.793  1.64149721e-05  8.12961949e-06
268.083  8.15731315e-06  1.62465010e-05
268.373 -3.24062093e-06  1.77693067e-05
268.663 -1.32142190e-05  1.21740837e-05
268.954 -1.78086293e-05  1.76172319e-06
269.244 -1.52389011e-05 -9.28474679e-06
269.534 -6.57720118e-06 -1.65597265e-05
269.824  4.69983044e-06 -1.71797461e-05
270.114  1.40920804e-05 -1.09183127e-05
270.404  1.78579861e-05 -2.74285488e-07
270.694  1.44970099e-05  1.05202278e-05
270.985  5.32937634e-06  1.71705792e-05
271.275 -6.02723761e-06  1.70224835e-05
271.565 -1.50774221e-05  1.01029101e-05
271.855 -1.82257574e-05 -8.91148122e-07
272.145 -1.41906138e-05 -1.16410308e-05
272.435 -4.50727700e-06 -1.79054666e-05
272.725  7.05776595e-06 -1.71863214e-05
273.015  1.59778155e-05 -9.70540228e-06
273.306  1.87383371e-05  1.66495257e-06
273.596  1.42050126e-05  1.25121979e-05
273.886  4.08040230e-06  1.86041723e-05
274.176 -7.74236977e-06  1.75291224e-05
274.466 -1.66905020e-05  9.64128767e-06
274.756 -1.92762102e-05 -2.05818828e-06
275.046 -1.44482600e-05 -1.30798728e-05
275.337 -4.01530044e-06 -1.91724914e-05
275.627  8.04787860e-06 -1.79573171e-05
275.917  1.71251259e-05 -9.85748222e-06
276.207  1.97232578e-05  2.06089686e-06
276.497  1.48208279e-05  1.32642886e-05
276.787  4.26258772e-06  1.94774634e-05
277.077 -7.95102043e-06  1.83222238e-05
277.367 -1.71835725e-05  1.02283814e-05
277.658 -1.99311239e-05 -1.74076690e-06
277.948 -1.51598915e-05 -1.30534612e-05
278.238 -4.68488222e-06 -1.94329666e-05
278.528  7.52669462e-06 -1.84876292e-05
278.818  1.68632541e-05 -1.06030668e-05
279.108  1.98263193e-05  1.21994204e-06
279.398  1.53434060e-05  1.25094636e-05
279.689  5.15113427e-06  1.90295469e-05
279.979 -6.87552789e-06  1.83774321e-05
280.269 -1.62089957e-05  1.08660270e-05
280.559 -1.93857029e-05 -6.14723320e-07
280.849 -1.52907492e-05 -1.17166475e-05
281.139 -5.55380259e-06 -1.82943525e-05
281.429  6.09856362e-06 -1.79547343e-05
281.719  1.52824802e-05 -1.09340797e-05
282.010  1.86094881e-05  2.61878948e-08
282.300  1.49429788e-05  1.07593177e-05
282.590  5.79330425e-06  1.72613812e-05
282.880 -5.30562972e-06  1.71893165e-05
283.170 -1.41645682e-05  1.07174419e-05
283.460 -1.75213027e-05  4.16162860e-07
283.750 -1.42552945e-05 -9.76959147e-06
284.041 -5.76051052e-06 -1.60282025e-05
284.331  4.64377157e-06 -1.61188899e-05
284.621  1.30027478e-05 -1.01805205e-05
284.911  1.62357107e-05 -6.12603922e-07
285.201  1.32815583e-05  8.88263495e-06
285.491  5.43878774e-06  1.47325556e-05
285.781 -4.18635545e-06  1.48490032e-05
286.071 -1.19023754e-05  9.37150629e-06
286.362 -1.48566876e-05  5.51397529e-07
286.652 -1.20905602e-05 -8.15770130e-06
286.942 -4.84526684e-06 -1.34556676e-05
287.232  3.96855922e-06 -1.34474054e-05
287.522  1.09368230e-05 -8.31836674e-06
287.812  1.34645133e-05 -2.08174849e-07
288.102  1.07377955e-05  7.67049293e-06
288.393  3.98820740e-06  1.23024335e-05
288.683 -4.04199767e-06  1.20162808e-05
288.973 -1.02090578e-05  7.09167087e-06
289.263 -1.21877281e-05 -4.02954793e-07
289.553 -9.34772998e-06 -7.47115714e-06
289.843 -2.95561672e-06 -1.13737545e-05
290.133  4.37812450e-06 -1.06839455e-05
290.423  9.75210905e-06 -5.81471906e-06
290.714  1.11096235e-05  1.19641322e-06
291.004  8.02921231e-06  7.52839042e-06
291.294  1.84749182e-06  1.06952794e-05
291.584 -4.91182318e-06  9.52110770e-06
291.874 -9.55038048e-06  4.57458810e-06
292.164 -1.02662236e-05 -2.09799211e-06
292.454 -6.85175464e-06 -7.80320047e-06
292.745 -7.39882608e-07 -1.02775325e-05
293.035  5.58597495e-06 -8.58244210e-06
293.325  9.58894283e-06 -3.44965829e-06
293.615  9.69256192e-06  3.02993176e-06
293.905  5.88970731e-06  8.24665731e-06
294.195 -2.72555005e-07  1.01201223e-05
294.485 -6.31386280e-06  7.91752870e-06
294.775 -9.81737819e-06  2.52976215e-06
295.066 -9.38831334e-06 -3.88471198e-06
295.356 -5.19506847e-06 -8.76491171e-06
295.646  1.09711550e-06 -1.01662970e-05
295.936  6.98942248e-06 -7.52074613e-06
296.226  1.01438260e-05 -1.86263129e-06
296.516  9.29822521e-06  4.57837849e-06
296.806  4.76450977e-06  9.26292962e-06
297.097 -1.68873331e-06  1.03350900e-05
297.387 -7.53648739e-06  7.34952809e-06
297.677 -1.04830883e-05  1.45397016e-06
297.967 -9.35562872e-06 -5.06351044e-06
298.257 -4.57011404e-06 -9.66626993e-06
298.547  2.03211146e-06 -1.05501778e-05
298.837  7.90167576e-06 -7.35176247e-06
299.127  1.07619638e-05 -1.28980950e-06
299.418  9.49460033e-06  5.31105887e-06
299.708  4.57392876e-06  9.91118648e-06
299.998 -2.12326116e-06  1.07363540e-05
300.288 -8.03573505e-06  7.46449263e-06
300.578 -1.09007104e-05  1.34016020e-06
300.868 -9.62685576e-06 -5.30319781e-06
301.158 -4.70249647e-06 -9.93485207e-06
301.449  1.99713796e-06 -1.08008867e-05
301.739  7.92501274e-06 -7.58567337e-06
302.029  1.08416071e-05 -1.52084346e-06
302.319  9.66330859e-06  5.08571184e-06
302.609  4.85955271e-06  9.73792926e-06
302.899 -1.73149428e-06  1.07013418e-05
303.189 -7.61321686e-06  7.64560766e-06
303.479 -1.05860621e-05  1.75978169e-06
303.770 -9.56793248e-06 -4.71294609e-06
304.060 -4.99098060e-06 -9.34124696e-06
304.350  1.37804417e-06 -1.04190250e-05
304.640  7.12987578e-06 -7.59701232e-06
304.930  1.01262606e-05 -1.99857825e-06
305.220  9.29660049e-06  4.23406321e-06
305.510  5.02793061e-06  8.76305342e-06
305.801 -1.01293157e-06  9.93201852e-06
306.091 -6.53392223e-06  7.38105149e-06
306.381 -9.48569731e-06  2.15236516e-06
306.671 -8.83105887e-06 -3.73752615e-06
306.961 -4.91186911e-06 -8.07182596e-06
307.251  7.19748592e-07 -9.27409880e-06
307.541  5.91048844e-06 -6.98818560e-06
307.831  8.73159915e-06 -2.17273751e-06
308.122  8.20416671e-06  3.29254795e-06
308.412  4.63441507e-06  7.33825454e-06
308.702 -5.39007187e-07  8.49738539e-06
308.992 -5.31713974e-06  6.43608820e-06
309.282 -7.91947236e-06  2.04216736e-06
309.572 -7.44834668e-06 -2.94344685e-06
309.862 -4.19533111e-06 -6.61875933e-06
310.153  5.02698397e-07 -7.64830328e-06
310.443  4.80957468e-06 -5.74491154e-06
310.733  7.10931279e-06 -1.74811156e-06
311.023  6.60775005e-06  2.73529106e-06
311.313  3.61021557e-06  5.97760984e-06
311.603 -6.31735245e-07  6.78992491e-06
311.893 -4.44072626e-06  4.95975274e-06
312.183 -6.36954370e-06  1.30279027e-06
312.474 -5.74890199e-06 -2.69435984e-06
312.764 -2.92479851e-06 -5.47061724e-06
313.054  9.15925516e-07 -5.99360653e-06
313.344  4.23654037e-06 -4.14889510e-06
313.634  5.75494770e-06 -7.50909834e-07
313.924  4.94144982e-06  2.80920784e-06
314.214  2.20212577e-06  5.12036286e-06
314.505 -1.31483891e-06  5.30963338e-06
314.795 -4.18718297e-06  3.37258215e-06
315.085 -5.28842334e-06  1.44211181e-07
315.375 -4.23025875e-06 -3.04938728e-06
315.665 -1.49184491e-06 -4.92712176e-06
315.955  1.78877083e-06 -4.76664256e-06
316.245  4.27733619e-06 -2.67478517e-06
316.535  4.98502621e-06  4.72011054e-07
316.826  3.65392896e-06  3.38506471e-06
317.116  8.45178730e-07  4.88973641e-06
317.406 -2.29008446e-06  4.39284202e-06
317.696 -4.48117874e-06  2.10745181e-06
317.986 -4.84917863e-06 -1.03448489e-06
318.276 -3.24840378e-06 -3.76136240e-06
318.566 -3.23996219e-07 -4.97632756e-06
318.857  2.74775761e-06 -4.18759583e-06
319.147  4.73586224e-06 -1.70408385e-06
319.437  4.83937157e-06  1.48539380e-06
319.727  3.00420128e-06  4.11188473e-06
320.017 -5.00034897e-08  5.12643748e-06
320.307 -3.11954317e-06  4.11192787e-06
320.597 -4.99088555e-06  1.45477189e-06
320.887 -4.91339005e-06 -1.80948915e-06
321.178 -2.90103802e-06 -4.40399795e-06
321.468  2.72451369e-07 -5.30426048e-06
321.758  3.37879913e-06 -4.14362294e-06
322.048  5.20696028e-06 -1.35927351e-06
322.338  5.03630019e-06  1.98195886e-06
322.628  2.92096077e-06  4.59138120e-06
322.918 -3.36167803e-07  5.45629606e-06
323.209 -3.48977255e-06  4.23674351e-06
323.499 -5.32848346e-06  1.39123761e-06
323.789 -5.14647573e-06 -1.99930629e-06
324.079 -3.00978924e-06 -4.64158701e-06
324.369  2.72683034e-07 -5.53075255e-06
324.659  3.45399125e-06 -4.33179445e-06
324.949  5.33005182e-06 -1.50014261e-06
325.239  5.19846202e-06  1.88929902e-06
325.530  3.11621586e-06  4.55576402e-06
325.820 -1.22356840e-07  5.50282445e-06
326.110 -3.29150733e-06  4.38667188e-06
326.400 -5.20619194e-06  1.64267773e-06
326.690 -5.16296283e-06 -1.68403978e-06
326.980 -3.19947673e-06 -4.34529704e-06
327.270 -7.54937291e-08 -5.35809585e-06
327.561  3.02847137e-06 -4.36781440e-06
327.851  4.95926277e-06 -1.77729091e-06
328.141  5.01852436e-06  1.42127953e-06
328.431  3.22177699e-06  4.02991454e-06
328.721  2.76484896e-07  5.09155202e-06
329.011 -2.70057820e-06  4.24776261e-06
329.301 -4.60395956e-06  1.85980339e-06
329.591 -4.75529243e-06 -1.14857036e-06
329.882 -3.14894828e-06 -3.64502324e-06
330.172 -4.30605363e-07 -4.71767628e-06
330.462  2.35832075e-06 -4.01450549e-06
330.752  4.17930517e-06 -1.85326695e-06
331.042  4.39069018e-06  9.16071906e-07
331.332  2.97113417e-06  3.24182416e-06
331.622  5.06343941e-07  4.27658345e-06
331.913 -2.04529408e-06  3.68573373e-06
332.203 -3.72980626e-06  1.75174333e-06
332.493 -3.95597003e-06 -7.48139178e-07
332.783 -2.69920246e-06 -2.85518315e-06
333.073 -4.94571337e-07 -3.79967931e-06
333.363  1.78717055e-06 -3.27816335e-06
333.653  3.28637732e-06 -1.55323194e-06
333.943  3.47407886e-06  6.66760055e-07
334.234  2.34053550e-06  2.52026541e-06
334.524  3.81388339e-07  3.32239775e-06
334.814 -1.61808517e-06  2.81762723e-06
335.104 -2.89325723e-06  1.26468209e-06
335.394 -2.98918657e-06 -6.89053789e-07
335.684 -1.92817466e-06 -2.27317056e-06
335.974 -1.78184338e-07 -2.89175440e-06
336.265  1.54944718e-06 -2.35181903e-06
336.555  2.58069157e-06 -9.21024893e-07
336.845  2.54354205e-06  7.99693902e-07
337.135  1.50327533e-06  2.11899460e-06
337.425 -8.54630312e-08  2.53134177e-06
337.715 -1.56805602e-06  1.91296535e-06
338.005 -2.35478862e-06  5.51596186e-07
338.295 -2.15759355e-06 -9.79401818e-07
338.586 -1.09028834e-06 -2.05511509e-06
338.876  3.89013801e-07 -2.25550848e-06
339.166  1.66596963e-06 -1.52480388e-06
339.456  2.22537542e-06 -1.82178171e-07
339.746  1.85520419e-06  1.20956953e-06
340.036  7.21510300e-07  2.07916663e-06
340.326 -6.99906570e-07  2.07893530e-06
340.617 -1.82175194e-06  1.21631893e-06
340.907 -2.18744306e-06 -1.49415514e-07
341.197 -1.64863084e-06 -1.45501956e-06
341.487 -4.25015950e-07 -2.16730039e-06
341.777  9.83292077e-07 -1.99335411e-06
342.067  2.00382918e-06 -9.97818674e-07
342.357  2.21919499e-06  4.18965956e-07
342.647  1.53250253e-06  1.68674244e-06
342.938  2.12343360e-07  2.29275652e-06
343.228 -1.21713033e-06  1.98284979e-06
343.518 -2.18565942e-06  8.69362009e-07
343.808 -2.29817902e-06 -6.13237118e-07
344.098 -1.49687132e-06 -1.88228479e-06
344.388 -8.69697212e-08 -2.43084997e-06
344.678  1.38602779e-06 -2.03052923e-06
344.969  2.34427100e-06 -8.26107742e-07
345.259  2.40380849e-06  7.24010506e-07
345.549  1.53044397e-06  2.02147450e-06
345.839  5.03040131e-08  2.55774998e-06
346.129 -1.47349095e-06  2.11739681e-06
346.419 -2.45318269e-06  8.59308449e-07
346.709 -2.50815446e-06 -7.44082868e-07
346.999 -1.61035086e-06 -2.08185319e-06
347.290 -9.27002071e-08 -2.64249208e-06
347.580  1.47184662e-06 -2.21015121e-06
347.870  2.49078272e-06 -9.42319551e-07
348.160  2.57996773e-06  6.85339344e-07
348.450  1.70350313e-06  2.05985617e-06
348.740  1.89526901e-07  2.66749135e-06
349.030 -1.39288808e-06  2.28207767e-06
349.321 -2.45445479e-06  1.04958701e-06
349.611 -2.60335181e-06 -5.65231593e-07
349.901 -1.78910672e-06 -1.96082402e-06
350.191 -3.23250250e-07 -2.62336760e-06
350.481  1.24525168e-06 -2.31422594e-06
350.771  2.33812842e-06 -1.16065502e-06
351.061  2.55859101e-06  3.99287170e-07
351.351  1.84040245e-06  1.78716541e-06
351.642  4.66287930e-07  2.49593723e-06
351.932 -1.04798625e-06  2.27950326e-06
352.222 -2.14456581e-06  1.24018681e-06
352.512 -2.43178223e-06 -2.22346836e-07
352.802 -1.82854678e-06 -1.56252571e-06
353.092 -5.80888672e-07 -2.29302243e-06
353.382  8.36447973e-07 -2.16793439e-06
353.673  1.89892711e-06 -1.26208042e-06
353.963  2.23258213e-06  6.73796628e-08
354.253  1.74449647e-06  1.31773641e-06
354.543  6.44487323e-07  2.03604410e-06
354.833 -6.38606136e-07  1.98425802e-06
355.123 -1.62710867e-06  1.21457740e-06
355.413 -1.97512645e-06  4.29781063e-08
355.703 -1.58599335e-06 -1.08020656e-06
355.994 -6.40584724e-07 -1.74703802e-06
356.284  4.81637268e-07 -1.73665345e-06
356.574  1.35828040e-06 -1.09029778e-06
356.864  1.67981859e-06 -8.60372393e-08
357.154  1.35934048e-06  8.82461927e-07
357.444  5.58026798e-07  1.45743230e-06
357.734 -3.93246978e-07  1.44749335e-06
358.025 -1.12798456e-06  8.96041608e-07
358.315 -1.38126315e-06  4.88315539e-08
358.605 -1.08989395e-06 -7.52853158e-07
358.895 -4.04325522e-07 -1.20358807e-06
359.185  3.84838335e-07 -1.15312253e-06
359.475  9.62470685e-07 -6.57086539e-07
359.765  1.11496381e-06  6.06289042e-08
360.055  8.11584472e-07  7.00797991e-07
360.346  2.02168974e-07  1.01066506e-06
360.636 -4.49051376e-07  8.86415273e-07
360.926 -8.72268080e-07  4.03285374e-07
361.216 -9.05858393e-07 -2.22247486e-07
361.506 -5.54372034e-07 -7.21999775e-07
361.796  2.11097244e-08 -8.91820565e-07
362.086  5.69208263e-07 -6.71842013e-07
362.377  8.57632078e-07 -1.63591755e-07
362.667  7.69371017e-07  4.10798257e-07
362.957  3.44301817e-07  8.04491587e-07
363.247 -2.35438436e-07  8.51240538e-07
363.537 -7.21997123e-07  5.28499242e-07
363.827 -9.08918895e-07 -3.14028874e-08
364.117 -7.11945072e-07 -5.93866114e-07
364.407 -2.04668396e-07 -9.23358683e-07
364.698  4.06920376e-07 -8.77024239e-07
364.988  8.72349752e-07 -4.62473523e-07
365.278  9.96976755e-07  1.58868380e-07
365.568  7.18351489e-07  7.39027242e-07
365.858  1.38186683e-07  1.04319163e-06
366.148 -5.18104669e-07  9.39682361e-07
366.438 -9.92377808e-07  4.58282703e-07
366.729 -1.09092493e-06 -2.19125437e-07
367.019 -7.64687696e-07 -8.32472547e-07
367.309 -1.32693688e-07 -1.14025296e-06
367.599  5.67255101e-07 -1.01502106e-06
367.889  1.06662016e-06 -4.98202372e-07
368.179  1.16858485e-06  2.18898159e-07
368.469  8.29510692e-07  8.66244529e-07
368.759  1.73203483e-07  1.19514915e-06
369.050 -5.56249551e-07  1.07861896e-06
369.340 -1.08276433e-06  5.58366339e-07
369.630 -1.20745754e-06 -1.73310101e-07
369.920 -8.84220070e-07 -8.41583310e-07
370.210 -2.32885213e-07 -1.19595308e-06
370.500  5.02163256e-07 -1.10684318e-06
370.790  1.04550551e-06 -6.09044367e-07
371.081  1.19823444e-06  1.09354978e-07
371.371  9.07394137e-07  7.77702164e-07
371.661  2.85669937e-07  1.14989282e-06
371.951 -4.29838416e-07  1.09269844e-06
372.241 -9.73011389e-07  6.33419826e-07
372.531 -1.14681965e-06 -4.85923219e-08
372.821 -8.93320553e-07 -6.95840021e-07
373.111 -3.17411033e-07 -1.07054855e-06
373.402  3.58484682e-07 -1.03931605e-06
373.692  8.82286823e-07 -6.25075067e-07
373.982  1.06277444e-06  5.97330151e-09
374.272  8.42922778e-07  6.13833777e-07
374.562  3.19024766e-07  9.72243000e-07
374.852 -3.04219539e-07  9.54754858e-07
375.142 -7.90268721e-07  5.82501731e-07
375.433 -9.60301670e-07  7.23587854e-09
375.723 -7.63236247e-07 -5.47923230e-07
376.013 -2.87152068e-07 -8.72717272e-07
376.303  2.78378635e-07 -8.53756773e-07
376.593  7.13745529e-07 -5.11962787e-07
376.883  8.58222655e-07  1.15037760e-08
377.173  6.68724015e-07  5.08461115e-07
377.463  2.29172892e-07  7.88714711e-07
377.754 -2.81276329e-07  7.53719275e-07
378.044 -6.61637860e-07  4.27326701e-07
378.334 -7.70284623e-07 -5.35741366e-08
378.624 -5.73491672e-07 -4.94930721e-07
378.914 -1.57506018e-07 -7.26631328e-07
379.204  3.06016239e-07 -6.64160118e-07
379.494  6.33848006e-07 -3.39547947e-07
379.785  7.00583889e-07  1.10314493e-07
380.075  4.84813053e-07  5.04058817e-07
380.365  7.97980037e-08  6.87278460e-07
380.655 -3.48676485e-07  5.89576430e-07
380.945 -6.30116186e-07  2.55327351e-07
381.235 -6.52550282e-07 -1.77164413e-07
381.525 -4.09715668e-07 -5.34500998e-07
381.815 -2.75887386e-09 -6.72832683e-07
382.106  4.04893087e-07 -5.36844325e-07
382.396  6.48903142e-07 -1.83371371e-07
382.686  6.29632595e-07  2.46207683e-07
382.976  3.55270770e-07  5.79632090e-07
383.266 -6.56479435e-08  6.80602998e-07
383.556 -4.66148041e-07  5.07453039e-07
383.846 -6.83603645e-07  1.26903724e-07
384.137 -6.28692787e-07 -3.12613773e-07
384.427 -3.19801500e-07 -6.34767471e-07
384.717  1.25785034e-07 -7.08401622e-07
385.007  5.32383582e-07 -5.00157701e-07
385.297  7.36489467e-07 -8.50682530e-08
385.587  6.53360428e-07  3.77152707e-07
385.877  3.07124146e-07  7.03600984e-07
386.167 -1.73748536e-07  7.62837490e-07
386.458 -6.02836587e-07  5.22926801e-07
386.748 -8.11349725e-07  6.71320615e-08
387.038 -7.10653297e-07 -4.32481480e-07
387.328 -3.27621667e-07 -7.83733459e-07
387.618  1.98497677e-07 -8.46040423e-07
387.908  6.70136772e-07 -5.83065412e-07
388.198  9.05399325e-07 -8.40198911e-08
388.489  8.03760874e-07  4.68964034e-07
388.779  3.90567318e-07  8.69114162e-07
389.069 -1.89230327e-07  9.57737290e-07
389.359 -7.25365002e-07  6.88106643e-07
389.649 -1.01451481e-06  1.47819772e-07
389.939 -9.37304980e-07 -4.73946289e-07
390.229 -5.08253981e-07 -9.49936404e-07
390.519  1.29726501e-07 -1.09659382e-06
390.810  7.51837191e-07 -8.46979839e-07
391.100  1.12826483e-06 -2.75289780e-07
391.390  1.11204027e-06  4.25583075e-07
391.680  6.92571738e-07  1.00604264e-06
391.970  2.01866080e-09  1.25179844e-06
392.260 -7.22826435e-07  1.06123758e-06
392.550 -1.22433195e-06  4.81951894e-07
392.841 -1.31605802e-06 -2.96853273e-07
393.131 -9.46643983e-07 -1.00759573e-06
393.421 -2.25773120e-07 -1.39868132e-06
393.711  6.08028738e-07 -1.31861304e-06
394.001  1.27013621e-06 -7.73979470e-07
394.291  1.52314652e-06  6.49277380e-08
394.581  1.26041764e-06  9.21673035e-07
394.871  5.51086557e-07  1.50254967e-06
395.162 -3.81404869e-07  1.59460817e-06
395.452 -1.22929361e-06  1.14558312e-06
395.742 -1.69854344e-06  2.84599947e-07
396.032 -1.61312928e-06 -7.16019653e-07
396.322 -9.77600013e-07 -1.52287437e-06
396.612  2.03715889e-08 -1.85455924e-06
396.902  1.06122237e-06 -1.57862600e-06
397.193  1.79683081e-06 -7.57824814e-07
397.483  1.96773841e-06  3.58963097e-07
397.773  1.48874046e-06  1.41164234e-06
398.063  4.87192073e-07  2.04728099e-06
398.353 -7.27913332e-07  2.03327805e-06
398.643 -1.76423050e-06  1.34051240e-06
398.933 -2.26880336e-06  1.65815244e-07
399.223 -2.04529030e-06 -1.12640560e-06
399.514 -1.13067436e-06 -2.11475081e-06
