0.276  5.29270988e-03 -8.38282893e-04
0.553  3.04518839e-03  7.77153988e-04
0.829  1.62506483e-03  1.49578304e-03
1.105  4.60921849e-04  1.64486596e-03
1.382 -3.98765871e-04  1.30765693e-03
1.658 -8.81351828e-04  7.38984349e-04
1.934 -9.96613427e-04  1.01783189e-04
2.211 -7.53839728e-04 -4.04565905e-04
2.487 -3.42357427e-04 -6.76567647e-04
2.763  1.36000942e-04 -6.88079602e-04
3.039  4.46963188e-04 -4.56233262e-04
3.316  5.67739301e-04 -1.05333694e-04
3.592  4.83671380e-04  2.36888684e-04
3.868  2.28193324e-04  4.25800460e-04
4.145 -6.24755534e-05  4.40556181e-04
4.421 -2.95295596e-04  3.11049550e-04
4.697 -3.86471829e-04  9.00694825e-05
4.974 -3.38935754e-04 -1.42926909e-04
5.250 -1.69007558e-04 -3.09683074e-04
5.526  3.84347616e-05 -3.39663994e-04
5.803  2.10306677e-04 -2.44185546e-04
6.079  2.95271229e-04 -6.88468208e-05
6.355  2.58375333e-04  1.05389130e-04
6.632  1.31467685e-04  2.20679908e-04
6.908 -3.78601730e-05  2.51268470e-04
7.184 -1.76460979e-04  1.86106385e-04
7.461 -2.40057613e-04  5.63921892e-05
7.737 -2.09818464e-04 -8.48735793e-05
8.013 -1.10590694e-04 -1.82433917e-04
8.290  2.33631241e-05 -2.03839664e-04
8.566  1.41256475e-04 -1.49815698e-04
8.842  1.94695968e-04 -4.13550225e-05
9.118  1.70032571e-04  7.50603330e-05
9.395  8.48763239e-05  1.57567905e-04
9.671 -2.34837304e-05  1.78978190e-04
9.947 -1.13726239e-04  1.32884471e-04
10.224 -1.55942262e-04  4.06360398e-05
10.500 -1.39012239e-04 -5.87586110e-05
10.776 -7.05036321e-05 -1.29042927e-04
11.053  2.29686904e-05 -1.45447596e-04
11.329  1.01143256e-04 -1.06179890e-04
11.605  1.37374083e-04 -2.95337270e-05
11.882  1.20774052e-04  5.80379306e-05
12.158  5.81063306e-05  1.21706585e-04
12.434 -2.51041586e-05  1.34791798e-04
12.711 -9.71168087e-05  9.53440302e-05
12.987 -1.30918397e-04  2.34275290e-05
13.263 -1.14753612e-04 -5.27033530e-05
13.540 -5.67888883e-05 -1.04775274e-04
13.816  1.81082540e-05 -1.14474142e-04
14.092  8.11716323e-05 -8.13587186e-05
14.369  1.10595547e-04 -2.00537323e-05
14.645  9.84201720e-05  4.52777464e-05
14.921  5.14379542e-05  8.97117491e-05
15.197 -1.15258458e-05  9.76408120e-05
15.474 -6.49814595e-05  6.75641358e-05
15.750 -8.74871509e-05  1.23424744e-05
16.026 -7.19331463e-05 -4.57261393e-05
16.303 -2.67190982e-05 -8.33660476e-05
16.579  2.95397615e-05 -8.72795761e-05
16.855  7.49609132e-05 -5.74164845e-05
17.132  9.27764148e-05 -6.76765133e-06
17.408  7.75265408e-05  4.42010236e-05
17.684  3.57363797e-05  7.64162922e-05
17.961 -1.57844443e-05  7.87306671e-05
18.237 -5.71084596e-05  5.08931758e-05
18.513 -7.33728916e-05  3.97295672e-06
18.790 -5.93436712e-05 -4.36117328e-05
19.066 -2.14191384e-05 -7.36708776e-05
19.342  2.46596720e-05 -7.51756990e-05
19.619  6.05568976e-05 -4.89431889e-05
19.895  7.25367376e-05 -6.83846747e-06
20.171  5.67753727e-05  3.43601390e-05
20.447  2.00304207e-05  5.91639970e-05
20.724 -2.36985228e-05  5.83041622e-05
21.000 -5.81671418e-05  3.26500732e-05
21.276 -7.08014672e-05 -7.32131566e-06
21.553 -5.78691223e-05 -4.58015381e-05
21.829 -2.54958475e-05 -6.75946233e-05
22.105  1.30055792e-05 -6.50498852e-05
22.382  4.23430577e-05 -4.00353708e-05
22.658  5.17787246e-05 -2.46312598e-06
22.934  3.85081337e-05  3.34070087e-05
23.211  8.31304036e-06  5.45442880e-05
23.487 -2.67943798e-05  5.40791244e-05
23.763 -5.32814448e-05  3.32516823e-05
24.040 -6.14539941e-05  6.69333333e-07
24.316 -4.85419725e-05 -3.05997630e-05
24.592 -1.97973386e-05 -4.85815398e-05
24.869  1.34018990e-05 -4.68392621e-05
25.145  3.82815070e-05 -2.66400391e-05
25.421  4.59300436e-05  3.56928560e-06
25.698  3.41647772e-05  3.18125310e-05
25.974  8.44392275e-06  4.73559770e-05
26.250 -2.08121081e-05  4.46465430e-05
26.526 -4.24647152e-05  2.52891300e-05
26.803 -4.85714901e-05 -2.67230209e-06
27.079 -3.73775267e-05 -2.84798274e-05
27.355 -1.38458247e-05 -4.24825998e-05
27.632  1.25940777e-05 -3.97197532e-05
27.908  3.17723958e-05 -2.19138975e-05
28.184  3.64321180e-05  3.60469393e-06
28.461  2.52630731e-05  2.67141856e-05
28.737  3.16748091e-06  3.83364140e-05
29.013 -2.09240147e-05  3.41905533e-05
29.290 -3.74085369e-05  1.63234543e-05
29.566 -4.00335032e-05 -8.15963196e-06
29.842 -2.81697961e-05 -2.97686298e-05
30.119 -6.53791726e-06 -4.03922283e-05
30.395  1.65773224e-05 -3.65624470e-05
30.671  3.25584113e-05 -2.02974969e-05
30.948  3.58907366e-05  1.76873240e-06
31.224  2.59427735e-05  2.09547341e-05
31.500  7.05579230e-06  3.01356415e-05
31.777 -1.30125712e-05  2.62302489e-05
32.053 -2.63625120e-05  1.11681143e-05
32.329 -2.80063791e-05 -8.73431045e-06
32.605 -1.75181534e-05 -2.55448145e-05
32.882  7.96336590e-07 -3.28741798e-05
33.158  1.97326056e-05 -2.80288450e-05
33.434  3.21829544e-05 -1.30698945e-05
33.711  3.36102123e-05  6.11417037e-06
33.987  2.37708192e-05  2.23158902e-05
34.263  6.84798744e-06  2.95955596e-05
34.540 -1.04982602e-05  2.55510596e-05
34.816 -2.16969644e-05  1.22974071e-05
35.092 -2.26868128e-05 -4.69509716e-06
35.369 -1.35901162e-05 -1.87640546e-05
35.645  1.60150860e-06 -2.45133920e-05
35.921  1.67729624e-05 -2.00196491e-05
36.198  2.58956168e-05 -7.37075427e-06
36.474  2.54574749e-05  8.37767208e-06
36.750  1.57738913e-05  2.10330546e-05
37.027  5.75869272e-07  2.57617932e-05
37.303 -1.43721163e-05  2.10115666e-05
37.579 -2.35287068e-05  8.82009326e-06
37.855 -2.38504837e-05 -5.97836926e-06
38.132 -1.57166528e-05 -1.76244077e-05
38.408 -2.68373934e-06 -2.18622457e-05
38.684  9.84692997e-06 -1.73973635e-05
38.961  1.69255136e-05 -6.24397400e-06
39.237  1.59014073e-05  6.97932728e-06
39.513  7.24327645e-06  1.70372953e-05
39.790 -5.57115515e-06  2.01282070e-05
40.066 -1.75265567e-05  1.51394715e-05
40.342 -2.41237683e-05  4.15295048e-06
40.619 -2.29314860e-05 -8.42972408e-06
40.895 -1.45592658e-05 -1.77832796e-05
41.171 -2.42372139e-06 -2.03795381e-05
41.448  8.79543346e-06 -1.53357634e-05
41.724  1.48900847e-05 -4.81896490e-06
42.000  1.36869295e-05  7.02819745e-06
42.277  5.97442668e-06  1.56987352e-05
42.553 -4.99840878e-06  1.79412317e-05
42.829 -1.48575239e-05  1.31170063e-05
43.106 -1.96742763e-05  3.31233427e-06
43.382 -1.75910852e-05 -7.62715427e-06
43.658 -9.47470342e-06 -1.54646301e-05
43.934  1.62082499e-06 -1.72749690e-05
44.211  1.15414788e-05 -1.25970288e-05
44.487  1.66661270e-05 -3.40007075e-06
44.763  1.53920056e-05  6.64989885e-06
45.040  8.55155969e-06  1.36066947e-05
45.316 -9.50247483e-07  1.49101480e-05
45.592 -9.21872753e-06  1.02212020e-05
45.869 -1.30294550e-05  1.46196072e-06
46.145 -1.09931195e-05 -7.85296562e-06
46.421 -3.95772471e-06 -1.41249631e-05
46.698  5.24640325e-06 -1.50606526e-05
46.974  1.30190435e-05 -1.03935577e-05
47.250  1.64532021e-05 -2.05081599e-06
47.527  1.43037177e-05  6.65665709e-06
47.803  7.51000397e-06  1.24485529e-05
48.079 -1.18113699e-06  1.32121209e-05
48.356 -8.44752698e-06  8.81131922e-06
48.632 -1.15865268e-05  1.16831092e-06
48.908 -9.50856028e-06 -6.66302499e-06
49.185 -3.22600960e-06 -1.16560219e-05
49.461  4.69796767e-06 -1.19005915e-05
49.737  1.11816273e-05 -7.43215496e-06
50.013  1.37163129e-05 -1.01427785e-07
50.290  1.14241825e-05  7.24495245e-06
50.566  5.33556104e-06  1.17660095e-05
50.842 -2.15790664e-06  1.17952476e-05
51.119 -8.14919453e-06  7.48853417e-06
51.395 -1.03790556e-05  5.95406447e-07
51.671 -8.16617575e-06 -6.17542190e-06
51.948 -2.50345692e-06 -1.02018200e-05
52.224  4.32997061e-06 -1.00564179e-05
52.500  9.61165698e-06 -5.92182396e-06
52.777  1.13450784e-05  5.30118283e-07
53.053  8.94721776e-06  6.72099606e-06
53.329  3.38264344e-06  1.02805881e-05
53.606 -3.13679330e-06  9.94059777e-06
53.882 -8.10597226e-06  5.90378752e-06
54.158 -9.73336346e-06 -1.71337949e-07
54.435 -7.50151224e-06 -5.87469883e-06
54.711 -2.40877311e-06 -9.06495881e-06
54.987  3.43545047e-06 -8.57698074e-06
55.263  7.75014609e-06 -4.68189002e-06
55.540  8.87445804e-06  9.96076237e-07
55.816  6.38061809e-06  6.24731562e-06
56.092  1.29230550e-06  9.08771588e-06
56.369 -4.44226835e-06  8.46355964e-06
56.645 -8.71215293e-06  4.72967943e-06
56.921 -9.97446844e-06 -5.92660768e-07
57.198 -7.92317595e-06 -5.46762967e-06
57.474 -3.54260291e-06 -8.04357412e-06
57.750  1.38177694e-06 -7.43175062e-06
58.027  4.87876762e-06 -4.03786131e-06
58.303  5.59525296e-06  7.24938704e-07
58.579  3.35823245e-06  4.93027806e-06
58.856 -8.88872421e-07  6.89170820e-06
59.132 -5.43148191e-06  5.89063235e-06
59.408 -8.42114472e-06  2.34206553e-06
59.685 -8.68687140e-06 -2.38493173e-06
59.961 -6.10976805e-06 -6.44347031e-06
60.237 -1.61183112e-06 -8.31952911e-06
60.514  3.13188202e-06 -7.38059826e-06
60.790  6.42068807e-06 -4.02933483e-06
61.066  7.19558661e-06  3.88646908e-07
61.342  5.33942929e-06  4.16188955e-06
61.619  1.76670487e-06  5.93345127e-06
61.895 -1.95643971e-06  5.12130175e-06
62.171 -4.31425352e-06  2.16443370e-06
62.448 -4.34650745e-06 -1.63541255e-06
62.724 -2.01394331e-06 -4.72934560e-06
63.000  1.74035038e-06 -5.87234303e-06
63.277  5.46229055e-06 -4.56927418e-06
63.553  7.73910638e-06 -1.33392414e-06
63.829  7.68313904e-06  2.59484518e-06
64.106  5.34610588e-06  5.76196811e-06
64.382  1.64532066e-06  6.98027386e-06
64.658 -2.05751807e-06  5.84863406e-06
64.935 -4.40350231e-06  2.88932401e-06
65.211 -4.59721290e-06 -7.48766677e-07
65.487 -2.73169046e-06 -3.67207761e-06
65.764  3.56635240e-07 -4.78984538e-06
66.040  3.38042276e-06 -3.78678573e-06
66.316  5.08345170e-06 -1.14340800e-06
66.593  4.80287352e-06  2.05279689e-06
66.869  2.65032095e-06  4.48808579e-06
67.145 -5.66079594e-07  5.21398679e-06
67.421 -3.59672076e-06  3.97307434e-06
67.698 -5.30719900e-06  1.23425594e-06
67.974 -5.11450358e-06 -1.92760766e-06
68.250 -3.12895614e-06 -4.29987340e-06
68.527 -1.63527320e-07 -5.03655333e-06
68.803  2.60368696e-06 -3.89626841e-06
69.079  4.15037040e-06 -1.36678701e-06
69.356  3.92438689e-06  1.51680519e-06
69.632  2.05989361e-06  3.65748242e-06
69.908 -6.42423384e-07  4.26367240e-06
70.185 -3.11622339e-06  3.13064545e-06
70.461 -4.41963822e-06  7.71670994e-07
70.737 -4.05229463e-06 -1.86017401e-06
71.014 -2.21001932e-06 -3.75402443e-06
71.290  3.45996714e-07 -4.16874712e-06
71.566  2.62992844e-06 -2.97607068e-06
71.843  3.74444970e-06 -6.86450797e-07
72.119  3.26863978e-06  1.82018972e-06
72.395  1.43049918e-06  3.57439548e-06
72.671 -1.06636560e-06  3.90916934e-06
72.948 -3.27339099e-06  2.75635660e-06
73.224 -4.35442004e-06  5.87445292e-07
73.500 -3.96777203e-06 -1.75552032e-06
73.777 -2.32647836e-06 -3.35350513e-06
74.053 -9.82646664e-08 -3.63476168e-06
74.329  1.80454611e-06 -2.55037878e-06
74.606  2.64388571e-06 -5.48471761e-07
74.882  2.12859634e-06  1.54362919e-06
75.158  4.62591637e-07  2.88984314e-06
75.435 -1.68195752e-06  2.98845763e-06
75.711 -3.45077024e-06  1.79169938e-06
75.987 -4.18485124e-06 -2.38615650e-07
76.264 -3.60256689e-06 -2.30918555e-06
76.540 -1.92234580e-06 -3.66819145e-06
76.816  1.97484807e-07 -3.83777414e-06
77.093  1.98811483e-06 -2.78631803e-06
77.369  2.83485997e-06 -9.82596600e-07
77.645  2.47919338e-06  8.56723721e-07
77.922  1.17030955e-06  2.04336750e-06
78.198 -4.86413932e-07  2.13242447e-06
78.474 -1.79400622e-06  1.14704068e-06
78.750 -2.17597777e-06 -4.59011317e-07
79.027 -1.44320878e-06 -2.03066449e-06
79.303  1.30311681e-07 -2.90882176e-06
79.579  1.98008067e-06 -2.70937768e-06
79.856  3.42335311e-06 -1.50047732e-06
80.132  3.92137897e-06  2.94750822e-07
80.408  3.33397590e-06  2.03670823e-06
80.685  1.90809194e-06  3.09156613e-06
80.961  1.79486019e-07  3.13202985e-06
81.237 -1.19343109e-06  2.21460774e-06
81.514 -1.74082810e-06  7.26853455e-07
81.790 -1.33954481e-06 -7.14798341e-07
82.066 -2.08158262e-07 -1.55254201e-06
82.343  1.13179636e-06 -1.51033142e-06
82.619  2.09067122e-06 -6.37942412e-07
82.895  2.27544177e-06  6.70653552e-07
83.172  1.58078641e-06  1.83890697e-06
83.448  2.53831729e-07  2.38677167e-06
83.724 -1.18379683e-06  2.06513611e-06
84.001 -2.20016444e-06  9.55845583e-07
84.277 -2.42281560e-06 -5.21233777e-07
84.553 -1.76226140e-06 -1.82923443e-06
84.829 -4.95574177e-07 -2.50732255e-06
85.106  8.88050307e-07 -2.30717679e-06
85.382  1.88722869e-06 -1.33748243e-06
85.658  2.12789384e-06  7.96388493e-09
85.935  1.54683655e-06  1.23816781e-06
86.211  4.07453834e-07  1.89916978e-06
86.487 -8.57446250e-07  1.77297987e-06
86.764 -1.76791780e-06  9.75749894e-07
87.040 -1.98832610e-06 -1.52022758e-07
87.316 -1.49242683e-06 -1.15069627e-06
87.593 -5.12610059e-07 -1.60711614e-06
87.869  5.44648962e-07 -1.36464155e-06
88.145  1.22651805e-06 -5.37955291e-07
88.422  1.26305738e-06  5.47013864e-07
88.698  6.47303458e-07  1.43692709e-06
88.974 -3.96579799e-07  1.77331560e-06
89.251 -1.45300694e-06  1.43081950e-06
89.527 -2.10656827e-06  5.17521189e-07
89.803 -2.12435991e-06 -6.24429827e-07
90.079 -1.49119477e-06 -1.56092501e-06
90.356 -4.43775785e-07 -1.97268296e-06
90.632  6.10044845e-07 -1.72588538e-06
90.908  1.29919755e-06 -9.31799048e-07
91.185  1.39221956e-06  6.87282720e-08
91.461  8.73443525e-07  8.90673934e-07
91.737 -1.19808623e-08  1.23302806e-06
92.014 -9.00400095e-07  9.63743596e-07
92.290 -1.45292805e-06  2.13932379e-07
92.566 -1.44276889e-06 -7.06208987e-07
92.843 -8.82244460e-07 -1.45275136e-06
93.119 -4.26848538e-09 -1.73327433e-06
93.395  8.71027188e-07 -1.44861577e-06
93.672  1.41683472e-06 -7.39194241e-07
93.948  1.43895775e-06  1.22377408e-07
94.224  9.78586303e-07  8.05432875e-07
94.501  2.43062925e-07  1.04404330e-06
94.777 -4.60217903e-07  7.81773846e-07
95.053 -8.20503703e-07  1.49559354e-07
95.330 -6.91840131e-07 -5.89792242e-07
95.606 -1.22269893e-07 -1.10731012e-06
95.882  6.87291735e-07 -1.17914059e-06
96.158  1.41714227e-06 -7.65593187e-07
96.435  1.78354804e-06  1.08675030e-08
96.711  1.65988196e-06  8.70701654e-07
96.987  1.07827129e-06  1.49877613e-06
97.264  2.48517692e-07  1.69402594e-06
97.540 -5.18391411e-07  1.39772835e-06
97.816 -9.70720682e-07  7.29950792e-07
98.093 -9.71159463e-07 -3.68638335e-08
98.369 -5.43885847e-07 -6.29912858e-07
98.645  1.03798862e-07 -8.55350296e-07
98.922  7.07283624e-07 -6.49891429e-07
99.198  1.04236820e-06 -1.42251117e-07
99.474  9.77110414e-07  4.32675314e-07
99.751  5.60577164e-07  8.41823499e-07
100.027 -1.47339040e-08  9.04179873e-07
100.303 -5.21220358e-07  5.92853096e-07
100.580 -7.44859401e-07  4.80001350e-08
100.856 -5.87406429e-07 -5.20579030e-07
101.132 -1.26267318e-07 -8.81442736e-07
101.409  4.60474716e-07 -8.73000705e-07
101.685  9.41504079e-07 -5.01488107e-07
101.961  1.10527552e-06  1.01455170e-07
102.237  8.82893915e-07  7.24252421e-07
102.514  3.45109644e-07  1.12554196e-06
102.790 -3.37969061e-07  1.16602897e-06
103.066 -9.23083249e-07  8.46867305e-07
103.343 -1.21796541e-06  2.78853448e-07
103.619 -1.15730671e-06 -3.21945383e-07
103.895 -7.85877843e-07 -7.35883037e-07
104.172 -2.71339060e-07 -8.44296538e-07
104.448  1.64384962e-07 -6.30377841e-07
104.724  3.65463895e-07 -2.03093140e-07
105.001  2.63336744e-07  2.33350625e-07
105.277 -9.42143595e-08  5.01134155e-07
105.553 -5.36129874e-07  4.91143071e-07
105.830 -8.76519943e-07  1.92741030e-07
106.106 -9.76544113e-07 -2.67297295e-07
106.382 -7.72571279e-07 -7.07549312e-07
106.659 -3.38258964e-07 -9.69126320e-07
106.935  1.63345283e-07 -9.42156266e-07
107.211  5.65174305e-07 -6.40547365e-07
107.487  7.22280656e-07 -1.93739073e-07
107.764  5.88678052e-07  2.37498752e-07
108.040  2.48423087e-07  4.88653341e-07
108.316 -1.57033255e-07  4.61081412e-07
108.593 -4.59135015e-07  1.87037532e-07
108.869 -5.17663665e-07 -2.21645529e-07
109.145 -3.10060976e-07 -6.06594288e-07
109.422  9.09536583e-08 -8.00298159e-07
109.698  5.51503117e-07 -7.27239903e-07
109.974  8.95094910e-07 -4.14441788e-07
110.251  1.00194185e-06  4.05939882e-08
110.527  8.51890777e-07  4.71676867e-07
110.803  4.98560685e-07  7.28939625e-07
111.080  8.00794304e-08  7.49169661e-07
111.356 -2.41940498e-07  5.40633445e-07
111.632 -3.71281301e-07  2.01034223e-07
111.909 -2.76532908e-07 -1.14094875e-07
112.185 -1.10230579e-08 -2.87610710e-07
112.461  2.88688678e-07 -2.57507357e-07
112.738  4.94414013e-07 -3.49283330e-08
113.014  5.21288015e-07  2.70811011e-07
113.290  3.42088728e-07  5.28089812e-07
113.566  3.21079034e-08  6.34607668e-07
113.843 -2.81966618e-07  5.28520410e-07
114.119 -4.85977984e-07  2.44823688e-07
114.395 -4.88336737e-07 -1.05211846e-07
114.672 -2.79196121e-07 -4.03290545e-07
114.948  5.77967084e-08 -5.35760751e-07
115.224  4.11310436e-07 -4.47696256e-07
115.501  6.57909254e-07 -1.84351072e-07
115.777  7.04835429e-07  1.62112614e-07
116.053  5.54374188e-07  4.73286630e-07
116.330  2.70849141e-07  6.32321736e-07
116.606 -4.48620186e-08  6.01393226e-07
116.882 -2.67409026e-07  4.14015299e-07
117.159 -3.26375858e-07  1.46515506e-07
117.435 -2.25489555e-07 -8.04316694e-08
117.711 -1.42832148e-08 -1.72592373e-07
117.988  2.00896923e-07 -1.06274927e-07
118.264  3.10577895e-07  9.54191404e-08
118.540  2.65752337e-07  3.47083308e-07
118.817  6.35107614e-08  5.32238705e-07
119.093 -2.37542163e-07  5.78338871e-07
119.369 -5.24263714e-07  4.56046375e-07
119.645 -7.05588145e-07  1.91315420e-07
119.922 -7.28009707e-07 -1.18985053e-07
120.198 -5.82802997e-07 -3.75130927e-07
120.474 -3.39498568e-07 -5.06326927e-07
120.751 -9.52817982e-08 -4.73326135e-07
121.027  7.05033921e-08 -3.12838441e-07
121.303  9.61975661e-08 -1.10622749e-07
121.580 -1.46491807e-08  5.27532665e-08
121.856 -1.93816429e-07  1.01898052e-07
122.132 -3.64691490e-07  9.96569475e-09
122.409 -4.45608133e-07 -1.76623119e-07
122.685 -3.83486847e-07 -3.88969480e-07
122.961 -1.99244692e-07 -5.45012930e-07
123.238  5.02447860e-08 -5.70338489e-07
123.514  2.88640676e-07 -4.57090026e-07
123.790  4.27606451e-07 -2.44549284e-07
124.067  4.30474261e-07  3.80056529e-09
124.343  3.14810588e-07  1.96240702e-07
124.619  1.25614619e-07  2.72256216e-07
124.895 -5.27288565e-08  2.27302805e-07
125.172 -1.43842188e-07  8.61656974e-08
125.448 -1.23253986e-07 -8.16686725e-08
125.724  3.34119996e-09 -1.91875986e-07
126.001  1.85736554e-07 -2.02466315e-07
126.277  3.39109904e-07 -1.01593590e-07
126.553  4.06677521e-07  8.25177207e-08
126.830  3.60659923e-07  2.72203290e-07
127.106  2.06062464e-07  3.99884898e-07
127.382  5.81467064e-09  4.23919878e-07
127.659 -1.67494959e-07  3.26408847e-07
127.935 -2.61673426e-07  1.48589371e-07
128.211 -2.38612820e-07 -3.97261481e-08
128.488 -1.13383751e-07 -1.81223198e-07
128.764  5.49079510e-08 -2.23636401e-07
129.040  2.09972532e-07 -1.56039880e-07
129.317  2.93178855e-07 -2.15110035e-08
129.593  2.71707643e-07  1.29076063e-07
129.869  1.70134528e-07  2.37356783e-07
130.146  3.14811525e-08  2.54249845e-07
130.422 -9.07107617e-08  1.84962495e-07
130.698 -1.37023016e-07  6.31315958e-08
130.974 -9.34682892e-08 -6.52302400e-08
131.251  1.71432366e-08 -1.35861588e-07
131.527  1.57952695e-07 -1.16294965e-07
131.803  2.65045261e-07 -1.62182994e-08
132.080  2.89330918e-07  1.38680520e-07
132.356  2.24887110e-07  2.90803215e-07
132.632  8.39314538e-08  3.79045197e-07
132.909 -8.85548817e-08  3.81302662e-07
133.185 -2.26760747e-07  2.95409448e-07
133.461 -2.94637783e-07  1.49077622e-07
133.738 -2.76963099e-07  4.70358575e-09
134.014 -1.82575447e-07 -9.19611087e-08
134.290 -6.35207638e-08 -1.15669226e-07
134.567  2.96225929e-08 -5.78965483e-08
134.843  6.50545401e-08  4.42083897e-08
135.119  2.03857528e-08  1.39619274e-07
135.396 -8.43525575e-08  1.92648724e-07
135.672 -2.01508580e-07  1.70868555e-07
135.948 -2.93336564e-07  7.63421172e-08
136.225 -3.20886003e-07 -5.07187525e-08
136.501 -2.68560974e-07 -1.72609385e-07
136.777 -1.64917944e-07 -2.47628915e-07
137.053 -4.48783370e-08 -2.44765542e-07
137.330  5.11278887e-08 -1.77811839e-07
137.606  8.08606559e-08 -7.62746805e-08
137.882  4.20203544e-08  2.40801216e-08
138.159 -4.34853994e-08  7.49433191e-08
138.435 -1.47008054e-07  5.82612831e-08
138.711 -2.19663596e-07 -1.34626744e-08
138.988 -2.29762846e-07 -1.20276098e-07
139.264 -1.79347797e-07 -2.17969827e-07
139.540 -7.91782609e-08 -2.64916986e-07
139.817  3.53739980e-08 -2.52507068e-07
140.093  1.17365092e-07 -1.82668180e-07
140.369  1.48130885e-07 -7.91419622e-08
140.646  1.21708238e-07  1.09826691e-08
140.922  4.90505853e-08  6.06323468e-08
141.198 -2.74947116e-08  5.75271952e-08
141.475 -7.46670276e-08  6.10224994e-10
141.751 -7.52974034e-08 -7.61462189e-08
142.027 -1.80545924e-08 -1.35477626e-07
142.303  7.42489606e-08 -1.55920321e-07
142.580  1.63198601e-07 -1.17537062e-07
142.856  2.23689632e-07 -2.95861030e-08
143.132  2.29227633e-07  7.24527391e-08
143.409  1.74376966e-07  1.61500826e-07
143.685  8.72722246e-08  2.07496742e-07
143.961 -5.43885291e-09  1.91316067e-07
144.238 -7.36397018e-08  1.30256393e-07
144.514 -8.75916677e-08  4.80720032e-08
144.790 -5.18935375e-08 -2.83657540e-08
145.067  1.45884213e-08 -6.32487174e-08
145.343  9.06104365e-08 -4.85769649e-08
145.619  1.39273973e-07  2.76572924e-09
145.896  1.41688549e-07  7.60205992e-08
146.172  1.04363687e-07  1.37357774e-07
146.448  3.60030035e-08  1.59429391e-07
146.725 -3.55028129e-08  1.42012124e-07
147.001 -7.71366054e-08  8.85592642e-08
147.277 -8.15336792e-08  1.91504686e-08
147.554 -4.76030821e-08 -3.07928535e-08
147.830  1.33389165e-08 -4.67472759e-08
148.106  6.69585308e-08 -2.36392726e-08
148.382  9.20941396e-08  3.60250736e-08
148.659  7.98890942e-08  1.02421729e-07
148.935  2.44980032e-08  1.49077517e-07
149.211 -5.21228697e-08  1.63464599e-07
149.488 -1.20800629e-07  1.32449422e-07
149.764 -1.66062714e-07  6.74906907e-08
150.040 -1.69587148e-07 -2.96573720e-09
150.317 -1.31392132e-07 -6.17319011e-08
150.593 -7.59568087e-08 -8.80340027e-08
150.869 -2.09856651e-08 -7.12744174e-08
151.146  1.28893850e-08 -2.93941090e-08
151.422  6.59231911e-09  2.04063017e-08
151.698 -3.02011728e-08  5.96015670e-08
151.975 -8.16685027e-08  6.35328688e-08
152.251 -1.32469477e-07  3.27358374e-08
152.527 -1.55396343e-07 -1.92954173e-08
152.804 -1.41677819e-07 -8.08045670e-08
153.080 -1.01171380e-07 -1.24985120e-07
153.356 -4.18559191e-08 -1.34517646e-07
153.633  1.27308140e-08 -1.14252821e-07
153.909  3.86867446e-08 -6.83867662e-08
154.185  3.49464896e-08 -1.48214308e-08
154.461  2.22956078e-09  1.88304106e-08
154.738 -4.86368962e-08  2.52805268e-08
155.014 -8.96205260e-08  2.22045595e-09
155.290 -1.07574076e-07 -4.70473198e-08
155.567 -9.76409576e-08 -9.73975963e-08
155.843 -5.61277159e-08 -1.30962759e-07
156.119 -2.38848208e-09 -1.40873626e-07
156.396  4.27527298e-08 -1.17883342e-07
156.672  7.09000599e-08 -7.36806405e-08
156.948  6.92507281e-08 -2.99894565e-08
157.225  4.10852373e-08  3.55207903e-09
157.501  6.90854556e-09  1.26323932e-08
157.777 -2.25021964e-08 -7.55162095e-09
158.054 -3.30016314e-08 -3.97257785e-08
158.330 -1.28229277e-08 -7.20209515e-08
158.606  2.58621462e-08 -9.14703930e-08
158.883  7.04632522e-08 -8.08716440e-08
159.159  1.09745660e-07 -4.55309399e-08
159.435  1.23029155e-07  2.37509867e-09
159.711  1.07595680e-07  5.39333614e-08
159.988  7.35858291e-08  8.76102665e-08
160.264  2.70514041e-08  9.28413592e-08
160.540 -1.24891656e-08  7.63601669e-08
160.817 -2.81312571e-08  4.13179565e-08
161.093 -2.23211211e-08  2.90923281e-09
161.369  4.26932271e-09 -1.79167144e-08
161.646  4.21680191e-08 -1.88410258e-08
161.922  6.90771242e-08  1.36374379e-09
162.198  7.78898081e-08  3.93756965e-08
162.475  6.60150807e-08  7.42584547e-08
162.751  3.10792343e-08  9.45335422e-08
163.027 -9.75761983e-09  9.65000986e-08
163.304 -4.15725141e-08  7.30748078e-08
163.580 -5.95756544e-08  3.56103678e-08
163.856 -5.33252428e-08  8.42699741e-10
164.133 -2.70256528e-08 -2.54743857e-08
164.409  2.89876356e-09 -3.12836968e-08
164.685  3.00201185e-08 -1.34117982e-08
164.962  4.25311420e-08  1.41456832e-08
165.238  3.07746918e-08  4.46235584e-08
165.514  4.50363366e-09  6.80791303e-08
165.790 -2.96384824e-08  7.01843013e-08
166.067 -6.48259876e-08  5.52239548e-08
166.343 -8.46555670e-08  2.91899159e-08
166.619 -8.77374988e-08 -4.90225921e-09
166.896 -7.91482247e-08 -3.14892487e-08
167.172 -5.83506370e-08 -4.43452133e-08
167.448 -3.76654644e-08 -4.76897910e-08
167.725 -2.67673380e-08 -3.86288055e-08
168.001 -2.22647856e-08 -2.48677292e-08
168.277 -2.78080034e-08 -1.79996432e-08
168.554 -4.06643792e-08 -1.56679126e-08
168.830 -4.88851991e-08 -2.07878382e-08
169.106 -5.34611324e-08 -3.51125191e-08
169.383 -5.33140538e-08 -4.78513743e-08
169.659 -4.33579583e-08 -5.83966465e-08
169.935 -3.18937877e-08 -6.81613928e-08
170.212 -2.10375184e-08 -7.04475259e-08
170.488 -6.55277377e-09 -7.02615032e-08
170.764  5.53192775e-09 -7.09350470e-08
171.041  1.71708662e-08 -6.55249882e-08
171.317  3.29227028e-08 -5.69663698e-08
171.593  4.41621351e-08 -4.50252920e-08
171.869  4.90565256e-08 -2.33860623e-08
172.146  4.72793456e-08 -2.84004898e-10
172.422  3.00057638e-08  1.74383827e-08
172.698  2.34784300e-09  2.77667147e-08
172.975 -2.52240869e-08  1.87882664e-08
173.251 -4.81749477e-08 -1.03294113e-08
173.527 -5.14548682e-08 -4.83511239e-08
173.804 -2.60217836e-08 -8.85676825e-08
174.080  1.99872425e-08 -1.13608299e-07
174.356  7.93786969e-08 -1.05171049e-07
174.633  1.34352226e-07 -6.42060781e-08
174.909  1.58051269e-07  4.49682214e-09
175.185  1.40882720e-07  8.57198695e-08
175.462  8.16521523e-08  1.46881580e-07
175.738 -1.08936419e-08  1.66287759e-07
176.014 -1.03399080e-07  1.33411560e-07
176.291 -1.63162802e-07  4.64464750e-08
176.567 -1.68280115e-07 -6.69673224e-08
176.843 -1.03034568e-07 -1.67161751e-07
177.119  1.76831288e-08 -2.20984431e-07
177.396  1.53980448e-07 -1.97079045e-07
177.672  2.64388681e-07 -9.12026461e-08
177.948  3.02696670e-07  6.52294643e-08
178.225  2.41207793e-07  2.28423549e-07
178.501  9.35879500e-08  3.41351680e-07
178.777 -1.02645809e-07  3.52062471e-07
179.054 -2.87136947e-07  2.48538608e-07
179.330 -3.87457232e-07  5.20317825e-08
179.606 -3.61331871e-07 -1.84208574e-07
179.883 -2.04191571e-07 -3.76067548e-07
180.159  4.99744947e-08 -4.51650037e-07
180.435  3.18761344e-07 -3.73751578e-07
180.712  5.07765376e-07 -1.45302487e-07
180.988  5.45465333e-07  1.69442921e-07
181.264  3.94953469e-07  4.67244187e-07
181.541  8.54965816e-08  6.47507409e-07
181.817 -2.89719197e-07  6.30431374e-07
182.093 -6.13895971e-07  3.96442025e-07
182.370 -7.69228856e-07  7.37154750e-09
182.646 -6.80086305e-07 -4.23366917e-07
182.922 -3.57345325e-07 -7.53748556e-07
183.198  1.12470188e-07 -8.54459041e-07
183.475  5.84798196e-07 -6.71982121e-07
183.751  8.89890253e-07 -2.42640086e-07
184.027  9.06269120e-07  3.13332072e-07
184.304  6.01447275e-07  8.09336641e-07
184.580  4.31927706e-08  1.06472472e-06
184.856 -5.96728100e-07  9.68767323e-07
185.133 -1.10056642e-06  5.12256848e-07
185.409 -1.28300463e-06 -1.83534848e-07
185.685 -1.04249618e-06 -8.97812929e-07
185.962 -4.16074937e-07 -1.38976702e-06
186.238  4.14461793e-07 -1.46446002e-06
186.514  1.18714326e-06 -1.04987102e-06
186.791  1.63046898e-06 -2.45382069e-07
187.067  1.55437580e-06  7.11947362e-07
187.343  9.39512136e-07  1.50939533e-06
187.620 -5.29191299e-08  1.85081241e-06
187.896 -1.11961571e-06  1.57760253e-06
188.172 -1.89295072e-06  7.28520321e-07
188.449 -2.07734330e-06 -4.61569758e-07
188.725 -1.55673620e-06 -1.60838800e-06
189.001 -4.39804159e-07 -2.30813646e-06
189.277  9.41003433e-07 -2.28068400e-06
189.554  2.12844899e-06 -1.46317878e-06
189.830  2.69838903e-06 -6.44001979e-08
190.106  2.39452518e-06  1.48024543e-06
190.383  1.23971012e-06  2.65375495e-06
190.659 -4.37729018e-07  3.01648340e-06
190.935 -2.10622983e-06  2.36616839e-06
191.212 -3.18895335e-06  8.43137382e-07
191.488 -3.25390859e-06 -1.10208169e-06
191.764 -2.19282394e-06 -2.83556605e-06
192.041 -2.77215572e-07 -3.73255541e-06
192.317  1.90705220e-06 -3.41080263e-06
192.593  3.62132370e-06 -1.88038555e-06
192.870  4.22995334e-06  4.35900289e-07
193.146  3.43267675e-06  2.79887734e-06
193.422  1.38383284e-06  4.38996825e-06
193.699 -1.30979105e-06  4.59789121e-06
193.975 -3.76243613e-06  3.23371068e-06
194.251 -5.10757755e-06  6.40379772e-07
194.527 -4.78753545e-06 -2.37648919e-06
194.804 -2.77559495e-06 -4.80647482e-06
195.080  3.59990170e-07 -5.75977084e-06
195.356  3.62059520e-06 -4.78306203e-06
195.633  5.88642449e-06 -2.06705137e-06
195.909  6.28760801e-06  1.58036301e-06
196.185  4.54215934e-06  4.96907868e-06
196.462  1.09379597e-06  6.89841112e-06
196.738 -2.99451948e-06  6.58775050e-06
197.014 -6.34892604e-06  3.98080241e-06
197.291 -7.74855874e-06 -1.92106913e-07
197.567 -6.56891043e-06 -4.59600339e-06
197.843 -3.02960976e-06 -7.71436580e-06
198.120  1.80997880e-06 -8.37588875e-06
198.396  6.35518783e-06 -6.17436055e-06
198.672  9.00786766e-06 -1.67036877e-06
198.949  8.71281336e-06  3.72563563e-06
199.225  5.36309769e-06  8.19982024e-06
199.501 -8.26603294e-08  1.01335743e-05
199.778 -5.87307321e-06  8.67488023e-06
200.054 -1.00205000e-05  4.10336424e-06
200.330 -1.09672128e-05 -2.19800504e-06
200.606 -8.17191615e-06 -8.15684092e-06
200.883 -2.36460174e-06 -1.16749106e-05
201.159  4.63461276e-06 -1.13691259e-05
201.435  1.04659846e-05 -7.10536606e-06
201.712  1.30239933e-05 -1.12995919e-07
201.988  1.12183724e-05  7.34604560e-06
202.264  5.40561829e-06  1.27004544e-05
202.541 -2.63832708e-06  1.39613639e-05
202.817 -1.02432792e-05  1.04416262e-05
203.093 -1.47371508e-05  3.07654322e-06
203.370 -1.43719351e-05 -5.79289949e-06
203.646 -8.98501413e-06 -1.31667704e-05
203.922 -1.63944627e-07 -1.63933560e-05
204.199  9.21523783e-06 -1.41066051e-05
204.475  1.59222145e-05 -6.79183302e-06
204.751  1.74685296e-05  3.28216193e-06
205.028  1.30305611e-05  1.27639963e-05
205.304  3.83213821e-06  1.83174614e-05
205.580 -7.18250469e-06  1.77953046e-05
205.857 -1.62728025e-05  1.10619926e-05
206.133 -2.01678546e-05  1.35884006e-07
206.409 -1.72465952e-05 -1.13944304e-05
206.685 -8.17886205e-06 -1.95379792e-05
206.962  4.18783462e-06 -2.12899922e-05
207.238  1.57035524e-05 -1.57242064e-05
207.514  2.23153077e-05 -4.41843105e-06
207.791  2.14856327e-05  8.96050760e-06
208.067  1.31464285e-05  1.98480568e-05
208.343 -1.44769242e-07  2.43371766e-05
208.620 -1.39810398e-05  2.05651364e-05
208.896 -2.35683431e-05  9.47273484e-06
209.172 -2.53723983e-05 -5.39621634e-06
209.449 -1.84207399e-05 -1.90276583e-05
209.725 -4.76264560e-06 -2.66144062e-05
210.001  1.11279330e-05 -2.52506606e-05
210.278  2.38044292e-05 -1.50411499e-05
210.554  2.87100804e-05  8.19781028e-07
210.830  2.38229635e-05  1.70326337e-05
211.107  1.04582769e-05  2.79536235e-05
211.383 -7.05803286e-06  2.95698905e-05
211.659 -2.27728879e-05  2.09637091e-05
211.935 -3.11384998e-05  4.74864535e-06
212.212 -2.89702279e-05 -1.36974243e-05
212.488 -1.66407792e-05 -2.80193663e-05
212.764  1.90694146e-06 -3.30793844e-05
213.041  2.04142476e-05 -2.67885572e-05
213.317  3.24261176e-05 -1.09559102e-05
213.593  3.35336801e-05  9.20690269e-06
213.870  2.29931753e-05  2.68075794e-05
214.146  4.11653790e-06  3.56223076e-05
214.422 -1.67693490e-05  3.22978057e-05
214.699 -3.24379233e-05  1.76292820e-05
214.975 -3.72618712e-05 -3.59976173e-06
215.251 -2.92469287e-05 -2.41719807e-05
215.528 -1.08316917e-05 -3.68840951e-05
215.804  1.18431325e-05 -3.70844629e-05
216.080  3.09712193e-05 -2.43737243e-05
216.357  3.97810431e-05 -2.85324907e-06
216.633  3.49411792e-05  2.01807044e-05
216.909  1.78070481e-05  3.67173175e-05
217.186 -5.92611764e-06  4.08307072e-05
217.462 -2.81139772e-05  3.07981510e-05
217.738 -4.09732125e-05  9.81063114e-06
218.014 -3.98107538e-05 -1.50278215e-05
218.291 -2.47409947e-05 -3.51182491e-05
218.567 -7.59037724e-07 -4.33458544e-05
218.843  2.39226657e-05 -3.66047964e-05
219.120  4.06908928e-05 -1.69810108e-05
219.396  4.35405454e-05  8.88859008e-06
219.672  3.12441027e-05  3.20653979e-05
219.949  7.86362451e-06  4.43973991e-05
220.225 -1.85935607e-05  4.14066336e-05
220.501 -3.89131186e-05  2.39233947e-05
220.778 -4.58998149e-05 -2.13377878e-06
221.054 -3.69424607e-05 -2.77538335e-05
221.330 -1.49842544e-05 -4.39600340e-05
221.607  1.24324150e-05 -4.49771727e-05
221.883  3.57589039e-05 -3.02919251e-05
222.159  4.67887407e-05 -4.89688909e-06
222.436  4.15523804e-05  2.23995510e-05
222.712  2.17547468e-05  4.20479806e-05
222.988 -5.76256939e-06  4.71101766e-05
223.265 -3.13980544e-05  3.57184786e-05
223.541 -4.61536825e-05  1.17836529e-05
223.817 -4.48010101e-05 -1.63505342e-05
224.093 -2.77573655e-05 -3.88286798e-05
224.370 -9.66374880e-07 -4.77413103e-05
224.646  2.61847708e-05 -3.99314319e-05
224.922  4.41566505e-05 -1.81292149e-05
225.199  4.66289527e-05  1.00076747e-05
225.475  3.27471992e-05  3.45826216e-05
225.751  7.41912217e-06  4.69540293e-05
226.028 -2.04158815e-05  4.28019881e-05
226.304 -4.09460011e-05  2.36446777e-05
226.580 -4.69729004e-05 -3.70842592e-06
226.857 -3.64495799e-05 -2.95713052e-05
227.133 -1.31843464e-05 -4.48331760e-05
227.409  1.45222688e-05 -4.41858148e-05
227.686  3.68515726e-05 -2.79799246e-05
227.962  4.59651701e-05 -2.07868930e-06
228.238  3.87663934e-05  2.42642869e-05
228.515  1.79742784e-05  4.17277970e-05
228.791 -8.88991540e-06  4.42296700e-05
229.067 -3.22348133e-05  3.10674959e-05
229.343 -4.38290678e-05  7.12182848e-06
229.620 -3.97227314e-05 -1.89556862e-05
229.896 -2.16173223e-05 -3.78696326e-05
230.172  3.82206025e-06 -4.30062837e-05
230.449  2.74158220e-05 -3.27750372e-05
230.725  4.07846480e-05 -1.11008597e-05
231.001  3.93523402e-05  1.40682518e-05
231.278  2.39265533e-05  3.36671551e-05
231.554  3.12988908e-07  4.07981565e-05
231.830 -2.28495614e-05  3.31782663e-05
232.107 -3.72576642e-05  1.38696912e-05
232.383 -3.79400207e-05 -9.91632714e-06
232.659 -2.49796722e-05 -2.95062546e-05
232.936 -3.38826292e-06 -3.79429207e-05
233.212  1.88087777e-05 -3.24639046e-05
233.488  3.35624161e-05 -1.54171851e-05
233.765  3.57235936e-05  6.69711726e-06
234.041  2.48528897e-05  2.57000147e-05
234.317  5.28325880e-06  3.47580270e-05
234.594 -1.55855936e-05  3.08470564e-05
234.870 -3.00770943e-05  1.57818141e-05
235.146 -3.30584344e-05 -4.57223253e-06
235.422 -2.37793137e-05 -2.25655545e-05
235.699 -6.04168311e-06 -3.16250779e-05
235.975  1.33299378e-05 -2.86681074e-05
236.251  2.70890446e-05 -1.51652400e-05
236.528  3.02776756e-05  3.53003729e-06
236.804  2.20292890e-05  2.02696917e-05
237.080  5.78375113e-06  2.88288535e-05
237.357 -1.21055692e-05  2.62310168e-05
237.633 -2.48270653e-05  1.37846780e-05
237.909 -2.77043854e-05 -3.51161811e-06
238.186 -1.99159135e-05 -1.89368612e-05
238.462 -4.71770489e-06 -2.66470490e-05
238.738  1.18723960e-05 -2.38838556e-05
239.015  2.34347281e-05 -1.19590598e-05
239.291  2.56197134e-05  4.31553216e-06
239.567  1.77732160e-05  1.85399901e-05
239.844  3.13511422e-06  2.52253540e-05
240.120 -1.24670239e-05  2.18908965e-05
240.396 -2.29180937e-05  9.98747264e-06
240.673 -2.41842534e-05 -5.70503890e-06
240.949 -1.58591667e-05 -1.89793948e-05
241.225 -1.30096981e-06 -2.46266248e-05
241.501  1.37109614e-05 -2.04565392e-05
241.778  2.32454423e-05 -8.14863957e-06
242.054  2.35315745e-05  7.42194454e-06
242.330  1.44410017e-05  2.01009027e-05
242.607 -4.61836273e-07  2.48551626e-05
242.883 -1.53158842e-05  1.97538258e-05
243.159 -2.42423701e-05  6.73881531e-06
243.436 -2.36510092e-05 -9.12506926e-06
243.712 -1.36675739e-05 -2.16056333e-05
243.988  1.89532963e-06 -2.57323065e-05
244.265  1.69913029e-05 -1.97605218e-05
244.541  2.56746708e-05 -5.87832841e-06
244.817  2.44317474e-05  1.06029229e-05
245.094  1.35744386e-05  2.32729095e-05
245.370 -2.83562942e-06  2.71120039e-05
245.646 -1.85054376e-05  2.04589792e-05
245.923 -2.73273535e-05  5.69535888e-06
246.199 -2.57495652e-05 -1.16096943e-05
246.475 -1.41773571e-05 -2.48089193e-05
246.751  3.11762338e-06 -2.87321325e-05
247.028  1.95846474e-05 -2.16898682e-05
247.304  2.88873153e-05 -6.17820731e-06
247.580  2.73298271e-05  1.20134967e-05
247.857  1.53104436e-05  2.59824651e-05
248.133 -2.76608841e-06  3.03303709e-05
248.409 -2.01240049e-05  2.32399844e-05
248.686 -3.01648032e-05  7.22319426e-06
248.962 -2.89715559e-05 -1.17866169e-05
249.238 -1.68365898e-05 -2.66484444e-05
249.515  1.80524185e-06 -3.16973717e-05
249.791  2.00168312e-05 -2.49106632e-05
250.067  3.09457593e-05 -8.70817119e-06
250.344  3.04140619e-05  1.09290406e-05
250.620  1.85182129e-05  2.66746873e-05
250.896 -3.85506963e-07  3.26038532e-05
251.173 -1.92851876e-05  2.64352528e-05
251.449 -3.11265510e-05  1.03984000e-05
251.725 -3.14657258e-05 -9.58002757e-06
252.002 -2.01358483e-05 -2.60755301e-05
252.278 -1.31823177e-06 -3.29478857e-05
252.554  1.80048076e-05 -2.76346196e-05
252.830  3.06626646e-05 -1.21041299e-05
253.107  3.19726064e-05  7.87179210e-06
253.383  2.14739155e-05  2.48798057e-05
253.659  3.09677723e-06  3.26358804e-05
253.936 -1.63175054e-05  2.83125121e-05
254.212 -2.95837728e-05  1.35806793e-05
254.488 -3.18401975e-05 -6.03400074e-06
254.765 -2.23432093e-05 -2.32412094e-05
255.041 -4.71877561e-06 -3.17046338e-05
255.317  1.44327238e-05 -2.83879676e-05
255.594  2.80167530e-05 -1.46602373e-05
255.870  3.10827739e-05  4.26761802e-06
256.146  2.26490880e-05  2.13265021e-05
256.423  6.01340325e-06  3.02346366e-05
256.699 -1.25370265e-05  2.78319417e-05
256.975 -2.61007518e-05  1.52101157e-05
257.252 -2.97471344e-05 -2.76709949e-06
257.528 -2.23242901e-05 -1.93302162e-05
257.804 -6.81454988e-06 -2.83630575e-05
258.081  1.08475044e-05 -2.66793105e-05
258.357  2.40457263e-05 -1.51483383e-05
258.633  2.79772650e-05  1.70710763e-06
258.909  2.14056587e-05  1.74732699e-05
259.186  7.04762283e-06  2.62969764e-05
259.462 -9.52512476e-06  2.50646997e-05
259.738 -2.20504199e-05  1.45061324e-05
260.015 -2.59462981e-05 -1.16053802e-06
260.291 -1.99905270e-05 -1.59050751e-05
260.567 -6.70893629e-06 -2.42068859e-05
260.844  8.67258816e-06 -2.31207454e-05
261.120  2.02793916e-05 -1.33342462e-05
261.396  2.38243579e-05  1.18195004e-06
261.673  1.82004443e-05  1.47734638e-05
261.949  5.82722586e-06  2.22911190e-05
262.225 -8.36945239e-06  2.10427800e-05
262.502 -1.88998612e-05  1.17687712e-05
262.778 -2.18245200e-05 -1.73431905e-06
263.054 -1.62378093e-05 -1.41460237e-05
263.331 -4.53859910e-06 -2.07003261e-05
263.607  8.57578124e-06 -1.90193875e-05
263.883  1.79705429e-05 -9.97652819e-06
264.159  2.00791243e-05  2.71993095e-06
264.436  1.42566204e-05  1.40192509e-05
264.712  2.96365753e-06  1.95244894e-05
264.988 -9.24657237e-06  1.71994529e-05
265.265 -1.75452095e-05  8.11315136e-06
265.541 -1.87297919e-05 -4.02736736e-06
265.817 -1.24470572e-05 -1.43683970e-05
266.094 -1.29141327e-06 -1.88402933e-05
266.370  1.02473342e-05 -1.57424248e-05
266.646  1.75813373e-05 -6.38248702e-06
266.923  1.78315693e-05  5.46166898e-06
267.199  1.09425980e-05  1.50595492e-05
267.475 -3.08392226e-07  1.86029816e-05
267.752 -1.14278709e-05  1.46961744e-05
268.028 -1.79923202e-05  4.90218407e-06
268.304 -1.73858905e-05 -6.88369192e-06
268.581 -9.83295995e-06 -1.59827914e-05
268.857  1.68949414e-06 -1.87717738e-05
269.133  1.26328300e-05 -1.41117285e-05
269.410  1.86609813e-05 -3.80563837e-06
269.686  1.73541091e-05  8.11264465e-06
269.962  9.17246426e-06  1.69549885e-05
270.238 -2.72021554e-06  1.92108909e-05
270.515 -1.36867291e-05  1.39356425e-05
270.791 -1.94166308e-05  3.12822012e-06
271.067 -1.76180889e-05 -9.03968767e-06
271.344 -8.92190950e-06 -1.78313121e-05
271.620  3.35551648e-06 -1.97898647e-05
271.896  1.44794743e-05 -1.40918262e-05
272.173  2.01269548e-05 -2.87217354e-06
272.449  1.80684244e-05  9.58205333e-06
272.725  9.03191893e-06  1.84757358e-05
273.002 -3.56227217e-06  2.03606465e-05
273.278 -1.49022487e-05  1.44627773e-05
273.554 -2.06367098e-05  2.98845091e-06
273.831 -1.85427240e-05 -9.70571913e-06
274.107 -9.37834047e-06 -1.87827209e-05
274.383  3.39379906e-06 -2.07739896e-05
274.660  1.49294672e-05 -1.48987646e-05
274.936  2.08521717e-05 -3.37006580e-06
275.212  1.89112235e-05  9.44977404e-06
275.489  9.83992674e-06  1.87156593e-05
275.765 -2.92658213e-06  2.09325043e-05
276.041 -1.45689345e-05  1.52786254e-05
276.317 -2.07079402e-05  3.91178027e-06
276.594 -1.90578971e-05 -8.86877867e-06
276.870 -1.02853466e-05 -1.82558314e-05
277.146  2.26872457e-06 -2.07482264e-05
277.423  1.38694861e-05 -1.54691034e-05
277.699  2.01784202e-05 -4.46946759e-06
277.975  1.88904300e-05  8.07569599e-06
278.252  1.05785918e-05  1.74540307e-05
278.528 -1.56081621e-06  2.01998902e-05
278.804 -1.29363188e-05  1.53837430e-05
279.081 -1.93085906e-05  4.91950903e-06
279.357 -1.83833370e-05 -7.19093523e-06
279.633 -1.06352765e-05 -1.63934361e-05
279.910  9.13451724e-07 -1.93087832e-05
280.186  1.18701388e-05 -1.49752664e-05
280.462  1.81554695e-05 -5.16493743e-06
280.739  1.75266758e-05  6.33010442e-06
281.015  1.03800715e-05  1.51721293e-05
281.291 -4.47515220e-07  1.81202443e-05
281.567 -1.08061916e-05  1.42202674e-05
281.844 -1.68286392e-05  5.11810257e-06
282.120 -1.63741541e-05 -5.62547791e-06
282.396 -9.79911325e-06 -1.39305779e-05
282.673  2.40556534e-07 -1.67450754e-05
282.949  9.86051024e-06 -1.31748389e-05
283.225  1.54452291e-05 -4.76803216e-06
283.502  1.50113226e-05  5.14602289e-06
283.778  8.92083843e-06  1.27663798e-05
284.054 -3.29615135e-07  1.52760947e-05
284.331 -9.11975736e-06  1.18937981e-05
284.607 -1.41139864e-05  4.10780728e-06
284.883 -1.35347992e-05 -4.96084438e-06
285.160 -7.79547259e-06 -1.17945466e-05
285.436  7.27332101e-07 -1.38459101e-05
285.712  8.65766048e-06 -1.04895366e-05
285.989  1.29531715e-05 -3.20068723e-06
286.265  1.20738591e-05  5.06867121e-06
286.541  6.52823303e-06  1.10743010e-05
286.818 -1.37689772e-06  1.25518189e-05
287.094 -8.47926480e-06  9.06356680e-06
287.370 -1.20225163e-05  2.12200157e-06
287.646 -1.07169439e-05 -5.44551821e-06
287.923 -5.20611834e-06 -1.06419855e-05
288.199  2.22430397e-06 -1.14771795e-05
288.475  8.58652093e-06 -7.72229428e-06
288.752  1.13815599e-05 -9.69635448e-07
289.028  9.56806211e-06  6.03421147e-06
289.304  3.95239135e-06  1.04970965e-05
289.581 -3.16182662e-06  1.06784017e-05
289.857 -8.91395397e-06  6.56532378e-06
290.133 -1.10203087e-05 -1.43801309e-07
290.410 -8.67309992e-06 -6.74073131e-06
290.686 -2.84928079e-06 -1.05871531e-05
290.962  4.10073224e-06 -1.01584694e-05
291.239  9.39383014e-06 -5.64568635e-06
291.515  1.09161208e-05  1.13753668e-06
291.791  8.06368355e-06  7.48299638e-06
292.068  1.97187662e-06  1.08579862e-05
292.344 -4.94273070e-06  9.91273933e-06
292.620 -9.93322857e-06  5.01078548e-06
292.897 -1.10111231e-05 -1.92225913e-06
293.173 -7.73217597e-06 -8.15194318e-06
293.449 -1.36481754e-06 -1.12124378e-05
293.725  5.60201642e-06 -9.88046559e-06
294.002  1.04321684e-05 -4.64988898e-06
294.278  1.12195406e-05  2.45653736e-06
294.554  7.62888493e-06  8.67078774e-06
294.831  1.02905942e-06  1.15645528e-05
295.107 -6.03057658e-06  9.99172038e-06
295.383 -1.08143891e-05  4.53263268e-06
295.660 -1.14601306e-05 -2.72135765e-06
295.936 -7.69511970e-06 -8.97919869e-06
296.212 -9.49376063e-07 -1.18294640e-05
296.489  6.19620029e-06 -1.01631383e-05
296.765  1.10072807e-05 -4.60489737e-06
297.041  1.16392101e-05  2.72654051e-06
297.318  7.84506646e-06  9.03856240e-06
297.594  1.07073110e-06  1.19287199e-05
297.870 -6.10875690e-06  1.03005553e-05
298.147 -1.09716241e-05  4.78258297e-06
298.423 -1.16828035e-05 -2.52473674e-06
298.699 -7.99310558e-06 -8.85465537e-06
298.975 -1.31948600e-06 -1.18230590e-05
299.252  5.80645458e-06 -1.03354355e-05
299.528  1.06995516e-05 -4.98874935e-06
299.804  1.15424552e-05  2.17477482e-06
300.081  8.06410940e-06  8.44751728e-06
300.357  1.61803580e-06  1.14881172e-05
300.633 -5.34297717e-06  1.02032261e-05
300.910 -1.02054641e-05  5.13563097e-06
301.186 -1.11870052e-05 -1.76095434e-06
301.462 -7.98765365e-06 -7.87625126e-06
301.739 -1.87815432e-06 -1.09424968e-05
302.015  4.80097353e-06 -9.87648658e-06
302.291  9.54554999e-06 -5.16173004e-06
302.568  1.06302237e-05  1.35867995e-06
302.844  7.73551092e-06  7.20820597e-06
303.120  2.04262181e-06  1.02226127e-05
303.397 -4.24807326e-06  9.34983677e-06
303.673 -8.77271875e-06  5.02339562e-06
303.949 -9.89053236e-06 -1.03831732e-06
304.226 -7.28515070e-06 -6.51807526e-06
304.502 -2.05019613e-06 -9.38285503e-06
304.778  3.76909825e-06 -8.64237245e-06
305.054  7.97094653e-06 -4.69693114e-06
305.331  9.03084113e-06  8.61555339e-07
305.607  6.66290436e-06  5.88636117e-06
305.883  1.88428737e-06  8.50151551e-06
306.160 -3.41338436e-06  7.81016755e-06
306.436 -7.20487280e-06  4.20036846e-06
306.712 -8.11091702e-06 -8.48863863e-07
306.989 -5.90189194e-06 -5.36146195e-06
307.265 -1.54084443e-06 -7.63860290e-06
307.541  3.22017300e-06 -6.90153518e-06
307.818  6.53951686e-06 -3.55207308e-06
308.094  7.20121958e-06  1.01857394e-06
308.370  5.05568445e-06  4.99765944e-06
308.647  1.04252522e-06  6.87096227e-06
308.923 -3.20579127e-06  5.99398458e-06
309.199 -6.02647142e-06  2.81192184e-06
309.476 -6.37165673e-06 -1.34358162e-06
309.752 -4.19394640e-06 -4.80722685e-06
310.028 -4.39936056e-07 -6.24161249e-06
310.305  3.35395456e-06 -5.14639821e-06
310.581  5.68484986e-06 -2.03627761e-06
310.857  5.66839465e-06  1.79053756e-06
311.133  3.37568810e-06  4.78993388e-06
311.410 -2.16553547e-07  5.78296433e-06
311.686 -3.63974592e-06  4.41648097e-06
311.962 -5.52237543e-06  1.28987613e-06
312.239 -5.13262974e-06 -2.30774021e-06
312.515 -2.66408271e-06 -4.92035218e-06
312.791  8.61062241e-07 -5.50464111e-06
313.068  4.01103650e-06 -3.84644085e-06
313.344  5.51552849e-06 -6.32960597e-07
313.620  4.77642870e-06  2.83304137e-06
313.897  2.09985086e-06  5.15214182e-06
314.173 -1.43658084e-06  5.39090872e-06
314.449 -4.41128028e-06  3.45300642e-06
314.726 -5.62760307e-06  1.08589023e-07
315.002 -4.59286488e-06 -3.30936645e-06
315.278 -1.70698506e-06 -5.43413133e-06
315.555  1.89363067e-06 -5.41225750e-06
315.831  4.78196415e-06 -3.23629963e-06
316.107  5.80930516e-06  2.51004385e-07
316.383  4.55486249e-06  3.68206671e-06
316.660  1.49045304e-06  5.70621105e-06
316.936 -2.19623554e-06  5.51828341e-06
317.212 -5.06827326e-06  3.17064871e-06
317.489 -6.00100586e-06 -4.39076458e-07
317.765 -4.61494031e-06 -3.91701354e-06
318.041 -1.42952412e-06 -5.91681433e-06
318.318  2.33551788e-06 -5.65530519e-06
318.594  5.23567817e-06 -3.21865598e-06
318.870  6.15313003e-06  4.66843085e-07
319.147  4.72695239e-06  3.99656838e-06
319.423  1.49628840e-06  6.02326264e-06
319.699 -2.31248309e-06  5.77049720e-06
319.976 -5.25452316e-06  3.33401634e-06
320.252 -6.21367124e-06 -3.61254047e-07
320.528 -4.83159617e-06 -3.91772739e-06
320.805 -1.63836228e-06 -5.99262935e-06
321.081  2.15740242e-06 -5.81129641e-06
321.357  5.12482722e-06 -3.45698752e-06
321.634  6.15589737e-06  1.72747749e-07
321.910  4.88344234e-06  3.70722470e-06
322.186  1.80589957e-06  5.82424168e-06
322.462 -1.90700370e-06  5.75177006e-06
322.739 -4.86036804e-06  3.54562619e-06
323.015 -5.96667774e-06  5.78610056e-08
323.291 -4.84497540e-06 -3.39092111e-06
323.568 -1.95045160e-06 -5.51987989e-06
323.844  1.60562640e-06 -5.56499168e-06
324.120  4.48895300e-06 -3.55147257e-06
324.397  5.64642049e-06 -2.73807032e-07
324.673  4.68868138e-06  3.02075716e-06
324.949  2.02527508e-06  5.11177397e-06
325.226 -1.30823768e-06  5.25544935e-06
325.502 -4.05802883e-06  3.45372220e-06
325.778 -5.22134793e-06  4.35537374e-07
326.055 -4.41551336e-06 -2.64174407e-06
326.331 -2.00690761e-06 -4.63398759e-06
326.607  1.05452204e-06 -4.83684943e-06
326.884  3.60773058e-06 -3.24093408e-06
327.160  4.71936221e-06 -5.08069990e-07
327.436  4.03185051e-06  2.30031671e-06
327.713  1.87503671e-06  4.13105784e-06
327.989 -8.85361737e-07  4.34001572e-06
328.265 -3.18818347e-06  2.91938884e-06
328.541 -4.18797515e-06  4.72191349e-07
328.818 -3.56836689e-06 -2.03414114e-06
329.094 -1.63582714e-06 -3.64971591e-06
329.370  8.17649043e-07 -3.80611478e-06
329.647  2.83435521e-06 -2.51205674e-06
329.923  3.66821712e-06 -3.28489422e-07
330.199  3.05728111e-06  1.86534028e-06
330.476  1.30398397e-06  3.22776637e-06
330.752 -8.59580269e-07  3.27454130e-06
331.028 -2.57657694e-06  2.04864913e-06
331.305 -3.20199445e-06  8.77926688e-08
331.581 -2.54059507e-06 -1.80749719e-06
331.857 -9.10578872e-07 -2.89818612e-06
332.134  1.00162044e-06 -2.78835075e-06
332.410  2.42824396e-06 -1.57182795e-06
332.686  2.82035360e-06  2.21026887e-07
332.963  2.05934153e-06  1.85282496e-06
333.239  4.93308048e-07  2.67393270e-06
333.515 -1.22086053e-06  2.37793394e-06
333.791 -2.38560148e-06  1.11889399e-06
334.068 -2.54024034e-06 -5.66892138e-07
334.344 -1.64543649e-06 -1.98438987e-06
334.620 -8.68568583e-08 -2.55811369e-06
334.897  1.48959139e-06 -2.06648173e-06
335.173  2.43687101e-06 -7.24177663e-07
335.449  2.37151541e-06  9.13905786e-07
335.726  1.32638523e-06  2.17487937e-06
336.002 -2.71054255e-07  2.54218450e-06
336.278 -1.76907675e-06  1.86588515e-06
336.555 -2.55481788e-06  4.16246332e-07
336.831 -2.30527378e-06 -1.22308071e-06
337.107 -1.11218390e-06 -2.38708068e-06
337.384  5.53545614e-07 -2.60108047e-06
337.660  2.02491770e-06 -1.76776744e-06
337.936  2.70918898e-06 -2.05909107e-07
338.213  2.32274602e-06  1.46919034e-06
338.489  1.00187364e-06  2.59198805e-06
338.765 -7.43172676e-07  2.71056450e-06
339.042 -2.22890309e-06  1.76145591e-06
339.318 -2.86906536e-06  1.01782143e-07
339.594 -2.39981638e-06 -1.62757497e-06
339.870 -9.87849667e-07 -2.75487590e-06
340.147  8.29304313e-07 -2.83416337e-06
340.423  2.35485229e-06 -1.82048613e-06
340.699  2.99811571e-06 -9.36833858e-08
340.976  2.50142116e-06  1.69102169e-06
341.252  1.04576160e-06  2.85249415e-06
341.528 -8.21010701e-07  2.94137584e-06
341.805 -2.39364417e-06  1.91774510e-06
342.081 -3.07350118e-06  1.64855717e-07
342.357 -2.60073356e-06 -1.65940704e-06
342.634 -1.15270606e-06 -2.86721419e-06
342.910  7.28453781e-07 -3.00404315e-06
343.186  2.33714628e-06 -2.02181865e-06
343.463  3.07170173e-06 -2.90009422e-07
343.739  2.66402124e-06  1.54250154e-06
344.015  1.27280882e-06  2.79158765e-06
344.292 -5.78267366e-07  2.99951117e-06
344.568 -2.19683981e-06  2.09995416e-06
344.844 -2.98750374e-06  4.37390287e-07
345.121 -2.67046991e-06 -1.36219255e-06
345.397 -1.37827351e-06 -2.63290889e-06
345.673  3.95214930e-07 -2.91734907e-06
345.949  1.98755053e-06 -2.12847657e-06
346.226  2.81905587e-06 -5.79267231e-07
346.502  2.60104028e-06  1.14258502e-06
346.778  1.43943661e-06  2.40260607e-06
347.055 -2.12689077e-07  2.75087940e-06
347.331 -1.73681098e-06  2.08522152e-06
347.607 -2.57872100e-06  6.82626910e-07
347.884 -2.45105968e-06 -9.19385810e-07
348.160 -1.43593310e-06 -2.12777104e-06
348.436  6.17762993e-08 -2.51266622e-06
348.713  1.47546418e-06 -1.96598455e-06
348.989  2.28846373e-06 -7.27212347e-07
349.265  2.22832981e-06  7.20519412e-07
349.542  1.35772969e-06  1.83448106e-06
349.818  3.38201053e-08  2.21978301e-06
350.094 -1.23242085e-06  1.77153526e-06
350.371 -1.97487935e-06  6.96646679e-07
350.647 -1.94765299e-06 -5.73791570e-07
350.923 -1.20214796e-06 -1.55566833e-06
351.199 -5.57378344e-08 -1.90054508e-06
351.476  1.03805114e-06 -1.51617489e-06
351.752  1.67240550e-06 -5.88722300e-07
352.028  1.63640138e-06  4.97753442e-07
352.305  9.83316450e-07  1.32186372e-06
352.581  1.45841283e-09  1.58699664e-06
352.857 -9.11725707e-07  1.22506817e-06
353.134 -1.40969541e-06  4.15577158e-07
353.410 -1.32382113e-06 -4.98003973e-07
353.686 -7.23639560e-07 -1.15325273e-06
353.963  1.21611659e-07 -1.30679510e-06
354.239  8.62844324e-07 -9.26310383e-07
354.515  1.20886309e-06 -1.95898873e-07
354.792  1.03966649e-06  5.71555119e-07
355.068  4.51067931e-07  1.06226354e-06
355.344 -2.96716635e-07  1.08581742e-06
355.621 -8.89336240e-07  6.52226788e-07
355.897 -1.08413707e-06 -4.19760767e-08
356.173 -8.11464235e-07 -7.00425155e-07
356.450 -1.97233038e-07 -1.04609111e-06
356.726  4.95798330e-07 -9.38096017e-07
357.002  9.73575249e-07 -4.27702338e-07
357.278  1.03422717e-06  2.69493015e-07
357.555  6.52657251e-07  8.59635786e-07
357.831 -1.47928762e-08  1.09211433e-06
358.107 -6.92096108e-07  8.66316662e-07
358.384 -1.09481191e-06  2.68730996e-07
358.660 -1.05110004e-06 -4.60631594e-07
358.936 -5.69328164e-07 -1.02163923e-06
359.213  1.64695034e-07 -1.18014857e-06
359.489  8.56517261e-07 -8.61972098e-07
359.765  1.22424566e-06 -1.81944427e-07
360.042  1.11232211e-06  5.94876397e-07
360.318  5.51355441e-07  1.15930701e-06
360.594 -2.47161650e-07  1.28276689e-06
360.871 -9.72316395e-07  9.04308048e-07
361.147 -1.33878359e-06  1.59936023e-07
361.423 -1.19479836e-06 -6.66363466e-07
361.700 -5.84303722e-07 -1.25630596e-06
361.976  2.64348815e-07 -1.37745702e-06
362.252  1.02942692e-06 -9.73370755e-07
362.529  1.41745599e-06 -1.91656624e-07
362.805  1.27361568e-06  6.74719330e-07
363.081  6.46903732e-07  1.29894890e-06
363.357 -2.29532956e-07  1.44096608e-06
363.634 -1.02852442e-06  1.04348165e-06
363.910 -1.44817682e-06  2.54030664e-07
364.186 -1.32912301e-06 -6.34233422e-07
364.463 -7.16398032e-07 -1.28888438e-06
364.739  1.62318041e-07 -1.46462165e-06
365.015  9.79549927e-07 -1.09855182e-06
365.292  1.43046875e-06 -3.28458536e-07
365.568  1.35129358e-06  5.58381509e-07
365.844  7.75758544e-07  1.23109063e-06
366.121 -7.95922626e-08  1.44377862e-06
366.397 -8.94163601e-07  1.12408973e-06
366.673 -1.36809634e-06  3.95857549e-07
366.950 -1.33318515e-06 -4.65175828e-07
367.226 -8.09760721e-07 -1.13903739e-06
367.502 -2.03650143e-10 -1.38268416e-06
367.779  7.90617746e-07 -1.11438908e-06
368.055  1.27369036e-06 -4.44088589e-07
368.331  1.27828767e-06  3.70640630e-07
368.607  8.14218593e-07  1.02769252e-06
368.884  6.64193605e-08  1.28987985e-06
369.160 -6.82615314e-07  1.07097186e-06
369.436 -1.15800232e-06  4.67465620e-07
369.713 -1.19214304e-06 -2.86372658e-07
369.989 -7.88155524e-07 -9.09106662e-07
370.265 -1.10671587e-07 -1.17455113e-06
370.542  5.81973013e-07 -9.98189338e-07
370.818  1.03257563e-06 -4.62793058e-07
371.094  1.08389818e-06  2.21212128e-07
371.371  7.34454848e-07  7.94321307e-07
371.647  1.29232385e-07  1.04812669e-06
371.923 -4.96383301e-07  9.03681968e-07
372.200 -9.07894955e-07  4.31571679e-07
372.476 -9.63189933e-07 -1.78268684e-07
372.752 -6.58139263e-07 -6.90646975e-07
373.029 -1.22836201e-07 -9.19655910e-07
373.305  4.29659912e-07 -7.93811896e-07
373.581  7.91359879e-07 -3.76681775e-07
373.858  8.36668844e-07  1.58862463e-07
374.134  5.63370910e-07  6.04152132e-07
374.410  9.21933938e-08  7.96368148e-07
374.686 -3.86382420e-07  6.74537901e-07
374.963 -6.90518539e-07  3.01771385e-07
375.239 -7.12070023e-07 -1.64404971e-07
375.515 -4.57083897e-07 -5.40581347e-07
375.792 -4.02622611e-08 -6.85616596e-07
376.068  3.68522319e-07 -5.53979854e-07
376.344  6.10017758e-07 -2.12639147e-07
376.621  5.96073256e-07  1.93890091e-07
376.897  3.45439671e-07  5.02305829e-07
377.173 -3.09386551e-08  5.92744071e-07
377.450 -3.77926079e-07  4.38775169e-07
377.726 -5.55471136e-07  1.12956339e-07
378.002 -4.97492523e-07 -2.47648626e-07
378.279 -2.36204964e-07 -4.93988410e-07
378.555  1.17001490e-07 -5.27434518e-07
378.831  4.14406994e-07 -3.40132089e-07
379.108  5.32871118e-07 -1.21953720e-08
379.384  4.26458860e-07  3.19330274e-07
379.660  1.40032392e-07  5.15443224e-07
379.937 -2.08493727e-07  4.95589240e-07
380.213 -4.73481320e-07  2.66799902e-07
380.489 -5.44751541e-07 -7.98369391e-08
380.765 -3.90393836e-07 -4.01924101e-07
381.042 -6.77918365e-08 -5.66476539e-07
381.318  2.94418609e-07 -5.03404415e-07
381.594  5.49421477e-07 -2.30719918e-07
381.871  5.92238490e-07  1.47557026e-07
382.147  3.97815914e-07  4.82040186e-07
382.423  3.51190161e-08  6.39367761e-07
382.700 -3.57121867e-07  5.50726446e-07
382.976 -6.27308243e-07  2.41214305e-07
383.252 -6.66229757e-07 -1.75350209e-07
383.529 -4.49465175e-07 -5.42795392e-07
383.805 -5.22083118e-08 -7.19688550e-07
384.081  3.81083412e-07 -6.31172533e-07
384.358  6.89859420e-07 -3.02701009e-07
384.634  7.53878412e-07  1.50176292e-07
384.910  5.42539634e-07  5.65043559e-07
385.187  1.26784843e-07  7.87783708e-07
385.463 -3.48728160e-07  7.32124722e-07
385.739 -7.13393611e-07  4.12920766e-07
386.015 -8.33441917e-07 -6.22741624e-08
386.292 -6.62920965e-07 -5.27844912e-07
386.568 -2.56367293e-07 -8.18361515e-07
386.844  2.48278214e-07 -8.30878340e-07
387.121  6.75854967e-07 -5.57535199e-07
387.397  8.79247877e-07 -8.83197046e-08
387.673  7.87750674e-07  4.16941124e-07
387.950  4.29243086e-07  7.87659609e-07
388.226 -7.60062433e-08  8.99839162e-07
388.502 -5.59721727e-07  7.14314090e-07
388.779 -8.63504744e-07  2.92748614e-07
389.055 -8.87169201e-07 -2.25658051e-07
389.331 -6.23786928e-07 -6.73788939e-07
389.608 -1.60515290e-07 -9.07282856e-07
389.884  3.55152619e-07 -8.52263161e-07
390.160  7.60100493e-07 -5.29242145e-07
390.437  9.27364393e-07 -4.01848581e-08
390.713  8.07964279e-07  4.62883388e-07
390.989  4.40002504e-07  8.24237094e-07
391.266 -6.44320849e-08  9.35711494e-07
391.542 -5.51651159e-07  7.64903429e-07
391.818 -8.76670927e-07  3.61859588e-07
392.094 -9.43793141e-07 -1.53387125e-07
392.371 -7.30568092e-07 -6.29830257e-07
392.647 -2.97264703e-07 -9.29094614e-07
392.923  2.32644831e-07 -9.60425674e-07
393.200  7.08909017e-07 -7.09503911e-07
393.476  9.91576976e-07 -2.42697607e-07
393.752  9.92179694e-07  3.13231627e-07
394.029  7.00938699e-07  8.00384947e-07
394.305  1.88278027e-07  1.07303760e-06
394.581 -4.07793920e-07  1.04171055e-06
394.858 -9.15534726e-07  6.97393240e-07
395.134 -1.17990904e-06  1.21224344e-07
395.410 -1.10502903e-06 -5.29323893e-07
395.687 -6.87044698e-07 -1.06423774e-06
395.963 -2.75183261e-08 -1.31219414e-06
396.239  6.90755793e-07 -1.17206219e-06
396.516  1.25097910e-06 -6.55259960e-07
396.792  1.46267971e-06  1.08732576e-07
397.068  1.22843706e-06  9.01874533e-07
397.345  5.83767897e-07  1.47322134e-06
397.621 -3.02909193e-07  1.61915690e-06
397.897 -1.16645238e-06  1.25525994e-06
398.173 -1.72309226e-06  4.52664679e-07
398.450 -1.76441130e-06 -5.65523114e-07
398.726 -1.23007095e-06 -1.48236612e-06
399.002 -2.45231050e-07 -1.98692250e-06
399.279  9.00999759e-07 -1.87537427e-06
399.555  1.84106638e-06 -1.13071012e-06
