0.268  5.46068120e-03 -8.64886935e-04
0.536  3.13540368e-03  7.93912567e-04
0.803  1.67230666e-03  1.54639907e-03
1.071  4.63529410e-04  1.69223171e-03
1.339 -3.92552412e-04  1.37117661e-03
1.607 -9.00615877e-04  7.74243799e-04
1.875 -9.98836382e-04  1.04882532e-04
2.143 -7.86666755e-04 -4.44987612e-04
2.410 -3.54037982e-04 -7.14971935e-04
2.678  1.15479583e-04 -7.06352328e-04
2.946  4.50688121e-04 -4.48315400e-04
3.214  5.78063282e-04 -1.02690753e-04
3.482  4.95703153e-04  2.20767777e-04
3.749  2.38742940e-04  4.27047933e-04
4.017 -5.40656805e-05  4.56776451e-04
4.285 -2.86339036e-04  3.22600234e-04
4.553 -3.94269624e-04  8.56359280e-05
4.821 -3.55189669e-04 -1.49849887e-04
5.088 -1.85419984e-04 -3.08466452e-04
5.356  3.16473817e-05 -3.31196336e-04
5.624  2.14007807e-04 -2.35556706e-04
5.892  2.96289571e-04 -7.19321536e-05
6.160  2.60933607e-04  1.04870586e-04
6.428  1.33862694e-04  2.30942372e-04
6.695 -2.78040568e-05  2.62084390e-04
6.963 -1.75191844e-04  1.91727444e-04
7.231 -2.47190926e-04  5.31065741e-05
7.499 -2.22375279e-04 -9.47389665e-05
7.767 -1.16589723e-04 -1.93103539e-04
8.034  1.95286013e-05 -2.08456192e-04
8.302  1.42606532e-04 -1.47840417e-04
8.570  2.02512942e-04 -3.33427230e-05
8.838  1.84326036e-04  8.74190504e-05
9.106  9.99913667e-05  1.68743758e-04
9.374 -1.48477599e-05  1.84860052e-04
9.641 -1.10919719e-04  1.35293252e-04
9.909 -1.56908912e-04  3.83730708e-05
10.177 -1.41603837e-04 -6.76002523e-05
10.445 -7.34578482e-05 -1.39525957e-04
10.713  2.01013179e-05 -1.52830022e-04
10.980  1.04650916e-04 -1.06030129e-04
11.248  1.46102903e-04 -2.02993046e-05
11.516  1.30468144e-04  6.78821798e-05
11.784  6.69488064e-05  1.26517018e-04
12.052 -1.83720780e-05  1.34071235e-04
12.320 -9.31359569e-05  8.85833043e-05
12.587 -1.27604873e-04  1.11345720e-05
12.855 -1.10491787e-04 -6.68834321e-05
13.123 -5.19462871e-05 -1.17653320e-04
13.391  2.37343498e-05 -1.24639680e-04
13.659  8.74681098e-05 -8.63158143e-05
13.926  1.14894040e-04 -1.89718319e-05
14.194  9.76063723e-05  5.05569608e-05
14.462  4.50617057e-05  9.52325475e-05
14.730 -2.12265943e-05  9.96949121e-05
14.998 -7.64475694e-05  6.49520120e-05
15.265 -1.01183286e-04  5.13178283e-06
15.533 -8.71521355e-05 -5.57655508e-05
15.801 -4.05567016e-05 -9.38405925e-05
16.069  1.93735565e-05 -9.53554028e-05
16.337  6.90452316e-05 -6.24296455e-05
16.605  9.03310215e-05 -9.31235511e-06
16.872  7.65523892e-05  4.33055577e-05
17.140  3.43269770e-05  7.62650014e-05
17.408 -1.89947389e-05  7.82414055e-05
17.676 -6.26953025e-05  4.96336776e-05
17.944 -8.06473124e-05  2.50800451e-06
18.211 -6.67962051e-05 -4.44883645e-05
18.479 -2.73786739e-05 -7.34129800e-05
18.747  2.16106330e-05 -7.34302169e-05
19.015  6.13222510e-05 -4.48207041e-05
19.283  7.65946527e-05  8.21438289e-07
19.551  6.22403731e-05  4.55562288e-05
19.818  2.51059096e-05  7.23817544e-05
20.086 -2.02231254e-05  7.17203466e-05
20.354 -5.68348505e-05  4.48735578e-05
20.622 -7.13145764e-05  2.69211578e-06
20.890 -5.90883262e-05 -3.88150103e-05
21.157 -2.58165801e-05 -6.42269697e-05
21.425  1.49812969e-05 -6.49301227e-05
21.693  4.73154054e-05 -4.23055284e-05
21.961  5.93722649e-05 -6.26360292e-06
22.229  4.76842641e-05  2.89666329e-05
22.496  1.78987914e-05  5.00616453e-05
22.764 -1.78153860e-05  4.93158250e-05
23.032 -4.52941787e-05  2.75091100e-05
23.300 -5.42593587e-05 -6.58497333e-06
23.568 -4.17323718e-05 -3.94033470e-05
23.836 -1.29726486e-05 -5.85680275e-05
24.103  2.05949610e-05 -5.74036623e-05
24.371  4.62359444e-05 -3.71976846e-05
24.639  5.46727397e-05 -6.59693181e-06
24.907  4.31263800e-05  2.21689042e-05
25.175  1.66804315e-05  3.82936289e-05
25.442 -1.39466360e-05  3.60084711e-05
25.710 -3.69808684e-05  1.68104991e-05
25.978 -4.39804557e-05 -1.12557303e-05
26.246 -3.29489576e-05 -3.70917339e-05
26.514 -9.17343042e-06 -5.06998757e-05
26.782  1.75598901e-05 -4.71054463e-05
27.049  3.67648830e-05 -2.82583830e-05
27.317  4.10453644e-05 -1.74706700e-06
27.585  2.90363985e-05  2.22777304e-05
27.853  5.64737780e-06  3.46366948e-05
28.121 -1.99645281e-05  3.09006658e-05
28.388 -3.79099243e-05  1.30281193e-05
28.656 -4.16024491e-05 -1.18280944e-05
28.924 -3.02812807e-05 -3.39187933e-05
29.192 -8.75043222e-06 -4.48561770e-05
29.460  1.44812480e-05 -4.09387785e-05
29.728  3.04449880e-05 -2.41351845e-05
29.995  3.33698473e-05 -1.24301621e-06
30.263  2.25420000e-05  1.87760762e-05
30.531  2.48242680e-06  2.85016038e-05
30.799 -1.86807917e-05  2.46904673e-05
31.067 -3.26589356e-05  9.26139675e-06
31.334 -3.41758577e-05 -1.13268095e-05
31.602 -2.27497394e-05 -2.87942912e-05
31.870 -2.96635388e-06 -3.63674571e-05
32.138  1.75404042e-05 -3.11014306e-05
32.406  3.12188312e-05 -1.50849795e-05
32.673  3.32271933e-05  5.41214025e-06
32.941  2.32664793e-05  2.26983164e-05
33.209  5.68285118e-06  3.04793290e-05
33.477 -1.25244477e-05  2.61979704e-05
33.745 -2.43417871e-05  1.20954124e-05
34.013 -2.53399896e-05 -6.01552791e-06
34.280 -1.54732129e-05 -2.10764868e-05
34.548  1.15500296e-06 -2.73029022e-05
34.816  1.80402776e-05 -2.25528954e-05
35.084  2.86787237e-05 -8.99093750e-06
35.352  2.92147699e-05  8.03424782e-06
35.619  1.98661122e-05  2.19361640e-05
35.887  4.51165718e-06  2.75291999e-05
36.155 -1.07669458e-05  2.30901072e-05
36.423 -2.00741404e-05  1.06972085e-05
36.691 -2.01067437e-05 -4.58755985e-06
36.959 -1.11880198e-05 -1.66470250e-05
37.226  2.94742894e-06 -2.09039999e-05
37.494  1.65642248e-05 -1.59327016e-05
37.762  2.43524032e-05 -3.82819094e-06
38.030  2.33906745e-05  1.05232750e-05
38.298  1.40604652e-05  2.15249117e-05
38.565 -7.71783748e-09  2.50673288e-05
38.833 -1.34528211e-05  1.98868693e-05
39.101 -2.13718754e-05  8.11860422e-06
39.369 -2.10188060e-05 -5.59019872e-06
39.637 -1.28914365e-05 -1.60833438e-05
39.904 -5.25988132e-07 -1.95368384e-05
40.172  1.11280078e-05 -1.48869055e-05
40.440  1.75493270e-05 -4.29081298e-06
40.708  1.63079677e-05  7.94520373e-06
40.976  8.08760698e-06  1.70517864e-05
41.244 -3.79773269e-06  1.95191799e-05
41.511 -1.47833011e-05  1.45567712e-05
41.779 -2.06814211e-05  4.26958225e-06
42.047 -1.94071800e-05 -7.32882796e-06
42.315 -1.17304424e-05 -1.57675035e-05
42.583 -7.53779482e-07 -1.79226936e-05
42.850  9.20900406e-06 -1.32471688e-05
43.118  1.43251771e-05 -3.75205888e-06
43.386  1.28229002e-05  6.74530551e-06
43.654  5.47862298e-06  1.40810302e-05
43.922 -4.71938267e-06  1.54985824e-05
44.190 -1.36714500e-05  1.05661613e-05
44.457 -1.79178067e-05  1.25196671e-06
44.725 -1.59144163e-05 -8.75521585e-06
44.993 -8.49289802e-06 -1.56280141e-05
45.261  1.38809060e-06 -1.68903848e-05
45.529  9.90795445e-06 -1.22007463e-05
45.796  1.39389288e-05 -3.54163120e-06
46.064  1.20825452e-05  5.60958836e-06
46.332  5.23914379e-06  1.17651920e-05
46.600 -3.74633279e-06  1.26406154e-05
46.868 -1.13602871e-05  8.02758921e-06
47.136 -1.46957275e-05 -8.71093348e-08
47.403 -1.25221331e-05 -8.47906508e-06
47.671 -5.83801587e-06 -1.39194586e-05
47.939  2.67766741e-06 -1.43375433e-05
48.207  9.75817096e-06 -9.71270976e-06
48.475  1.27081867e-05 -1.96032729e-06
48.742  1.05294179e-05  5.92594004e-06
49.010  4.24483933e-06  1.09255589e-05
49.278 -3.65671592e-06  1.12214109e-05
49.546 -1.01036399e-05  6.90830388e-06
49.814 -1.26602069e-05 -2.20658000e-07
50.081 -1.05295928e-05 -7.32673204e-06
50.349 -4.69139331e-06 -1.16147464e-05
50.617  2.48698782e-06 -1.15179351e-05
50.885  8.12285587e-06 -7.17108278e-06
51.153  1.00562459e-05 -3.01643191e-07
51.421  7.60604387e-06  6.36885167e-06
51.688  1.73525708e-06  1.02952615e-05
51.956 -5.24269456e-06  1.00742230e-05
52.224 -1.06500138e-05  5.85538561e-06
52.492 -1.25204629e-05 -6.52446576e-07
52.760 -1.02201241e-05 -6.89761292e-06
53.027 -4.73102611e-06 -1.05653260e-05
53.295  1.74281179e-06 -1.03449638e-05
53.563  6.75880375e-06 -6.43470216e-06
53.831  8.48998348e-06 -4.88071140e-07
54.099  6.39284166e-06  5.17182302e-06
54.367  1.47253151e-06  8.41455083e-06
54.634 -4.24319889e-06  8.06174485e-06
54.902 -8.51120295e-06  4.42152782e-06
55.170 -9.65765499e-06 -9.33010199e-07
55.438 -7.30646506e-06 -5.84755111e-06
55.706 -2.47116527e-06 -8.33349655e-06
55.973  2.94855361e-06 -7.40493059e-06
56.241  6.82235019e-06 -3.46084479e-06
56.509  7.64935668e-06  1.99849250e-06
56.777  5.18550803e-06  6.89459512e-06
57.045  4.07102179e-07  9.37192632e-06
57.312 -4.84891477e-06  8.59377804e-06
57.580 -8.56093516e-06  4.95043166e-06
57.848 -9.40121918e-06 -1.19743781e-07
58.116 -7.16911016e-06 -4.62880583e-06
58.384 -2.79911290e-06 -6.90586740e-06
58.652  1.93384320e-06 -6.21174497e-06
58.919  5.18540995e-06 -2.92662777e-06
59.187  5.77748500e-06  1.53431090e-06
59.455  3.54434877e-06  5.32424939e-06
59.723 -5.56293699e-07  6.94797050e-06
59.991 -4.83091722e-06  5.73710094e-06
60.258 -7.60430156e-06  2.12954742e-06
60.526 -7.78416741e-06 -2.47854301e-06
60.794 -5.26952699e-06 -6.38457431e-06
61.062 -1.03932336e-06 -8.18766660e-06
61.330  3.33450736e-06 -7.28120212e-06
61.598  6.28861585e-06 -4.15027041e-06
61.865  6.79977636e-06 -9.25993775e-08
62.133  4.84534444e-06  3.32540067e-06
62.401  1.35281084e-06  4.79344113e-06
62.669 -2.24109854e-06  3.82025217e-06
62.937 -4.47197904e-06  9.07695727e-07
63.204 -4.45113488e-06 -2.74824425e-06
63.472 -2.23658768e-06 -5.66375466e-06
63.740  1.29940377e-06 -6.65020511e-06
64.008  4.77866671e-06 -5.33563469e-06
64.276  6.82754652e-06 -2.21100165e-06
64.544  6.68760283e-06  1.56364815e-06
64.811  4.43538785e-06  4.55827342e-06
65.079  9.12547013e-07  5.70654274e-06
65.347 -2.53626259e-06  4.67764514e-06
65.615 -4.65281975e-06  1.93090175e-06
65.883 -4.75129835e-06 -1.40097015e-06
66.150 -2.89054892e-06 -3.99954642e-06
66.418  1.02203290e-07 -4.91119494e-06
66.686  2.97404276e-06 -3.82163610e-06
66.954  4.60554863e-06 -1.20245873e-06
67.222  4.36533511e-06  1.86254474e-06
67.489  2.35343453e-06  4.18906785e-06
67.757 -5.99820538e-07  4.89892204e-06
68.025 -3.34810215e-06  3.73143010e-06
68.293 -4.85536109e-06  1.20130178e-06
68.561 -4.54443831e-06 -1.67868166e-06
68.829 -2.58372348e-06 -3.80870380e-06
69.096  2.29579911e-07 -4.35974781e-06
69.364  2.82998769e-06 -3.15002317e-06
69.632  4.22487792e-06 -6.95781885e-07
69.900  3.91550335e-06  2.06636284e-06
70.168  2.10364642e-06  4.08233854e-06
70.435 -4.77061176e-07  4.60155553e-06
70.703 -2.80815999e-06  3.51094121e-06
70.971 -3.96772240e-06  1.29139931e-06
71.239 -3.55122296e-06 -1.16031770e-06
71.507 -1.75836303e-06 -2.84232493e-06
71.775  7.06902882e-07 -3.10665451e-06
72.042  2.85622053e-06 -1.86819662e-06
72.310  3.86415355e-06  4.12618578e-07
72.578  3.37858618e-06  2.85011526e-06
72.846  1.58610722e-06  4.52338273e-06
73.114 -8.10084873e-07  4.85675934e-06
73.381 -2.88590457e-06  3.76307121e-06
73.649 -3.90720825e-06  1.70951986e-06
73.917 -3.54037456e-06 -4.60613137e-07
74.185 -1.99008200e-06 -1.92724725e-06
74.453  5.25427585e-08 -2.15649832e-06
74.720  1.75651431e-06 -1.09120581e-06
74.988  2.44624320e-06  7.80272153e-07
75.256  1.82499302e-06  2.68351879e-06
75.524  1.46483978e-07  3.86205122e-06
75.792 -1.93269507e-06  3.81512254e-06
76.060 -3.63985639e-06  2.54527088e-06
76.327 -4.32172096e-06  5.34823196e-07
76.595 -3.73583353e-06 -1.49716304e-06
76.863 -2.14922848e-06 -2.81339562e-06
77.131 -1.62807583e-07 -2.96028842e-06
77.399  1.47780747e-06 -1.97318349e-06
77.666  2.16409710e-06 -2.86314202e-07
77.934  1.70922964e-06  1.41709019e-06
78.202  3.53655787e-07  2.44203058e-06
78.470 -1.33775966e-06  2.41080522e-06
78.738 -2.65175651e-06  1.36434317e-06
79.006 -3.06229515e-06 -2.88546915e-07
79.273 -2.41799455e-06 -1.87847340e-06
79.541 -9.46883901e-07 -2.78158137e-06
79.809  7.82014587e-07 -2.67406466e-06
80.077  2.10477269e-06 -1.59294081e-06
80.345  2.55763178e-06  3.98289080e-08
80.612  1.99123105e-06  1.58186748e-06
80.880  6.46853029e-07  2.47472876e-06
81.148 -9.15629117e-07  2.40487833e-06
81.416 -2.09871109e-06  1.41928535e-06
81.684 -2.46365588e-06 -5.45143272e-08
81.952 -1.87181896e-06 -1.43612077e-06
82.219 -5.85895241e-07 -2.20875414e-06
82.487  8.81261056e-07 -2.07369869e-06
82.755  1.98474820e-06 -1.11387578e-06
83.023  2.30418864e-06  2.66835345e-07
83.291  1.74582056e-06  1.54347219e-06
83.558  5.75447299e-07  2.21990391e-06
83.826 -7.43805271e-07  2.04446281e-06
84.094 -1.68779869e-06  1.12892257e-06
84.362 -1.87760095e-06 -1.59221513e-07
84.630 -1.26754077e-06 -1.31359761e-06
84.897 -1.04312335e-07 -1.86708416e-06
85.165  1.16511062e-06 -1.62487742e-06
85.433  2.03071800e-06 -6.96313361e-07
85.701  2.16962026e-06  5.67210792e-07
85.969  1.54874034e-06  1.66180367e-06
86.237  3.97466142e-07  2.16974671e-06
86.504 -8.33406753e-07  1.92298199e-06
86.772 -1.67335984e-06  1.01405333e-06
87.040 -1.83904001e-06 -2.00457035e-07
87.308 -1.28496556e-06 -1.24516058e-06
87.576 -2.43968260e-07 -1.75331525e-06
87.843  8.50333285e-07 -1.55574496e-06
88.111  1.58624396e-06 -7.48850549e-07
88.379  1.69618829e-06  3.13155244e-07
88.647  1.14278051e-06  1.21176308e-06
88.915  1.74438992e-07  1.61119898e-06
89.183 -8.18316494e-07  1.35427113e-06
89.450 -1.46308257e-06  5.68343106e-07
89.718 -1.50486053e-06 -4.14127260e-07
89.986 -9.45260582e-07 -1.21475009e-06
90.254 -3.39566679e-08 -1.50746248e-06
90.522  8.73751209e-07 -1.17250592e-06
90.789  1.41081011e-06 -3.57266317e-07
91.057  1.34958158e-06  6.33858695e-07
91.325  7.22399126e-07  1.42575074e-06
91.593 -2.43057494e-07  1.70612518e-06
91.861 -1.19888345e-06  1.38936462e-06
92.128 -1.78215781e-06  6.06200506e-07
92.396 -1.80091433e-06 -3.55997190e-07
92.664 -1.28069629e-06 -1.12411245e-06
92.932 -4.24696431e-07 -1.42446444e-06
93.200  4.21880745e-07 -1.18181675e-06
93.468  9.34929649e-07 -5.03486118e-07
93.735  9.52106393e-07  3.24370973e-07
94.003  4.84206699e-07  9.60889555e-07
94.271 -2.62842432e-07  1.17688562e-06
94.539 -9.62623377e-07  8.95229548e-07
94.807 -1.34147183e-06  2.31120260e-07
95.074 -1.24744371e-06 -5.29684251e-07
95.342 -7.01966978e-07 -1.09144549e-06
95.610  7.23132800e-08 -1.24279842e-06
95.878  7.81493924e-07 -9.14458554e-07
96.146  1.17357989e-06 -2.47999619e-07
96.414  1.09873482e-06  4.89298418e-07
96.681  6.06563717e-07  1.02663772e-06
96.949 -8.55525367e-08  1.15057756e-06
97.217 -7.11339961e-07  8.16647653e-07
97.485 -1.01600479e-06  1.73194454e-07
97.753 -8.68098528e-07 -5.40827775e-07
98.020 -3.33879181e-07 -1.05469352e-06
98.288  3.95782640e-07 -1.16586975e-06
98.556  1.06117816e-06 -8.53674566e-07
98.824  1.41296607e-06 -2.44918306e-07
99.092  1.34933248e-06  4.36396721e-07
99.360  9.25480237e-07  9.22747723e-07
99.627  3.12052768e-07  1.04579870e-06
99.895 -2.32482935e-07  7.89496677e-07
100.163 -4.92695155e-07  2.61174539e-07
100.431 -3.87238532e-07 -3.13009574e-07
100.699  4.31641909e-08 -6.92588945e-07
100.966  6.22513092e-07 -7.41380974e-07
101.234  1.10788013e-06 -4.36058463e-07
101.502  1.32171237e-06  1.08976518e-07
101.770  1.18338791e-06  6.69515345e-07
102.038  7.40275759e-07  1.04205762e-06
102.305  1.79009626e-07  1.09853836e-06
102.573 -2.87984731e-07  8.19679493e-07
102.841 -4.97660875e-07  3.39535939e-07
103.109 -3.70061870e-07 -1.37847177e-07
103.377  2.31179347e-08 -4.28122811e-07
103.645  5.02465610e-07 -4.00500317e-07
103.912  8.76178687e-07 -5.93516659e-08
104.180  9.74820947e-07  4.56044932e-07
104.448  7.34842387e-07  9.61573562e-07
104.716  2.40599224e-07  1.26471419e-06
104.984 -3.49072449e-07  1.24008340e-06
105.251 -8.38981287e-07  9.06764759e-07
105.519 -1.05760047e-06  3.81466499e-07
105.787 -9.58117698e-07 -1.60187244e-07
106.055 -6.04859404e-07 -5.23862096e-07
106.323 -1.36202065e-07 -6.06951190e-07
106.591  2.55207719e-07 -4.20548937e-07
106.858  4.27645834e-07 -5.71202685e-08
107.126  3.45476439e-07  3.11613717e-07
107.394  5.54445845e-08  5.22043558e-07
107.662 -3.02822498e-07  5.00547033e-07
107.930 -5.57546596e-07  2.52683096e-07
108.197 -6.03755043e-07 -1.19396059e-07
108.465 -4.09443441e-07 -4.46688141e-07
108.733 -3.51228843e-08 -5.97678932e-07
109.001  3.64910212e-07 -5.04261530e-07
109.269  6.39747259e-07 -1.80523383e-07
109.536  6.87860776e-07  2.48668479e-07
109.804  4.74259731e-07  6.25737403e-07
110.072  7.97777255e-08  8.23472800e-07
110.340 -3.48247985e-07  7.61203903e-07
110.608 -6.69819670e-07  4.66198016e-07
110.876 -7.68954087e-07  5.88096993e-08
111.143 -6.17852400e-07 -3.23376664e-07
111.411 -2.97305022e-07 -5.44394354e-07
111.679  7.14194063e-08 -5.28160961e-07
111.947  3.48898973e-07 -3.09851236e-07
112.215  4.23269982e-07  1.53422720e-08
112.482  2.84058123e-07  3.18512567e-07
112.750 -5.11144968e-09  4.66557956e-07
113.018 -3.36086446e-07  4.07331281e-07
113.286 -5.69183309e-07  1.70320171e-07
113.554 -6.17759727e-07 -1.64035857e-07
113.822 -4.77249370e-07 -4.63383253e-07
114.089 -1.96892748e-07 -6.16649360e-07
114.357  1.09853008e-07 -5.88128110e-07
114.625  3.18925996e-07 -3.96106836e-07
114.893  3.68242183e-07 -1.27558420e-07
115.161  2.47925671e-07  9.11886428e-08
115.428  1.47577304e-08  1.76554759e-07
115.696 -2.11933770e-07  9.35093526e-08
115.964 -3.31620578e-07 -1.33109384e-07
116.232 -2.86129711e-07 -3.99946228e-07
116.500 -6.70266728e-08 -5.95383257e-07
116.768  2.48090947e-07 -6.40340224e-07
117.035  5.45741496e-07 -4.92760916e-07
117.303  7.30985728e-07 -1.94683021e-07
117.571  7.31233602e-07  1.51483568e-07
117.839  5.46464244e-07  4.44593382e-07
118.107  2.54447572e-07  5.90461804e-07
118.374 -4.99170475e-08  5.47905676e-07
118.642 -2.64411187e-07  3.61068122e-07
118.910 -3.15437999e-07  1.08182468e-07
119.178 -2.11569139e-07 -1.13785961e-07
119.446 -8.97852146e-09 -2.11476911e-07
119.713  2.09760782e-07 -1.61163075e-07
119.981  3.43848758e-07  4.19771104e-09
120.249  3.42830715e-07  2.20885239e-07
120.517  2.17294284e-07  3.90645034e-07
120.785  1.09023010e-08  4.42386244e-07
121.053 -1.88075131e-07  3.65437152e-07
121.320 -2.94066037e-07  1.83590803e-07
121.588 -2.75954919e-07 -3.05163049e-08
121.856 -1.37979731e-07 -1.83558486e-07
122.124  6.74455829e-08 -2.25204986e-07
122.392  2.47086481e-07 -1.40522735e-07
122.659  3.34183099e-07  4.17112681e-08
122.927  2.95726826e-07  2.36929142e-07
123.195  1.35211960e-07  3.66715698e-07
123.463 -7.97685096e-08  3.82099675e-07
123.731 -2.65807802e-07  2.61563378e-07
123.999 -3.61403560e-07  4.84198886e-08
124.266 -3.22497575e-07 -1.77454643e-07
124.534 -1.63049730e-07 -3.47505306e-07
124.802  4.98403557e-08 -4.00618083e-07
125.070  2.47675960e-07 -3.20494521e-07
125.338  3.60344933e-07 -1.53973266e-07
125.605  3.45103043e-07  3.72824754e-08
125.873  2.24416077e-07  1.82665719e-07
126.141  4.81202928e-08  2.20053331e-07
126.409 -1.19788500e-07  1.46715190e-07
126.677 -2.06321178e-07 -2.39709535e-09
126.944 -1.85424136e-07 -1.74841717e-07
127.212 -7.57812589e-08 -2.95278883e-07
127.480  8.43140422e-08 -3.18169059e-07
127.748  2.24501510e-07 -2.45693696e-07
128.016  2.84686231e-07 -1.01228876e-07
128.284  2.50804842e-07  5.55975450e-08
128.551  1.31398396e-07  1.55870057e-07
128.819 -2.90641587e-08  1.70151856e-07
129.087 -1.59501965e-07  9.28063417e-08
129.355 -2.17248271e-07 -4.97060308e-08
129.623 -1.83989118e-07 -1.91065862e-07
129.890 -6.74047286e-08 -2.78730249e-07
130.158  7.70961395e-08 -2.83734364e-07
130.426  1.91210792e-07 -1.95955043e-07
130.694  2.37452404e-07 -5.48805432e-08
130.962  1.90045648e-07  8.03664183e-08
131.230  6.89034840e-08  1.66292279e-07
131.497 -7.17053096e-08  1.64759943e-07
131.765 -1.85473722e-07  7.44585461e-08
132.033 -2.26240907e-07 -6.08404058e-08
132.301 -1.72280777e-07 -1.95688979e-07
132.569 -5.21348513e-08 -2.80834961e-07
132.836  9.34266331e-08 -2.77400032e-07
133.104  2.17080302e-07 -1.95697636e-07
133.372  2.68210297e-07 -6.84173502e-08
133.640  2.38350873e-07  6.33648072e-08
133.908  1.49865123e-07  1.43835166e-07
134.176  3.49289480e-08  1.47476845e-07
134.443 -5.15181264e-08  8.52184654e-08
134.711 -6.98550383e-08 -2.06568015e-08
134.979 -1.87412148e-08 -1.20952017e-07
135.247  8.98961850e-08 -1.65636838e-07
135.515  2.16774648e-07 -1.40397189e-07
135.782  3.06472748e-07 -4.63065080e-08
136.050  3.32227660e-07  9.08966416e-08
136.318  2.84443220e-07  2.16814734e-07
136.586  1.73161637e-07  2.94814121e-07
136.854  4.51550374e-08  3.06236549e-07
137.121 -5.73081088e-08  2.45730281e-07
137.389 -1.09383113e-07  1.47328715e-07
137.657 -9.31858905e-08  5.42789405e-08
137.925 -2.75593598e-08 -5.50726382e-09
138.193  4.70503106e-08 -5.95244068e-09
138.461  1.01742249e-07  4.91906996e-08
138.728  1.06249045e-07  1.24876609e-07
138.996  5.05789121e-08  1.91958197e-07
139.264 -3.79446080e-08  2.18595937e-07
139.532 -1.30475467e-07  1.82622859e-07
139.800 -1.95358384e-07  1.00897903e-07
140.067 -2.00327746e-07  4.20400161e-10
140.335 -1.49242622e-07 -8.91939744e-08
140.603 -6.47792001e-08 -1.28837566e-07
140.871  2.75295311e-08 -1.08211552e-07
141.139  8.60169444e-08 -4.30849440e-08
141.407  8.69519319e-08  4.68665063e-08
141.674  3.70817610e-08  1.22012672e-07
141.942 -5.10495839e-08  1.47730023e-07
142.210 -1.44134746e-07  1.20481860e-07
142.478 -2.00754411e-07  4.50351462e-08
142.746 -2.07038497e-07 -5.50041997e-08
143.013 -1.60097529e-07 -1.36486523e-07
143.281 -7.18803678e-08 -1.76457303e-07
143.549  1.79809805e-08 -1.65208311e-07
143.817  7.98774247e-08 -1.02712111e-07
144.085  9.87506029e-08 -2.04229220e-08
144.352  6.39745352e-08  4.87134710e-08
144.620 -4.40330483e-09  8.62124234e-08
144.888 -7.36269078e-08  7.36825613e-08
145.156 -1.23630075e-07  1.85228361e-08
145.424 -1.31712342e-07 -4.97626578e-08
145.692 -9.31745654e-08 -1.10808525e-07
145.959 -3.18212545e-08 -1.40753084e-07
146.227  3.24702801e-08 -1.24580610e-07
146.495  7.70677074e-08 -7.84947062e-08
146.763  7.92223765e-08 -2.12875826e-08
147.031  4.62566371e-08  2.71191488e-08
147.298 -4.74434368e-09  3.91754586e-08
147.566 -5.71392597e-08  1.26447102e-08
147.834 -8.13945260e-08 -3.80621818e-08
148.102 -6.55724124e-08 -9.96579664e-08
148.370 -1.98575147e-08 -1.43272895e-07
148.638  4.59617101e-08 -1.47953220e-07
148.905  1.06295134e-07 -1.17853444e-07
149.173  1.33070190e-07 -5.89175809e-08
149.441  1.23012147e-07  8.94738890e-09
149.709  7.78479118e-08  5.36159542e-08
149.977  9.95099688e-09  6.38691232e-08
150.244 -4.83848561e-08  3.69794568e-08
150.512 -7.87014141e-08 -2.32422967e-08
150.780 -7.39846482e-08 -8.85088119e-08
151.048 -2.96167977e-08 -1.35144976e-07
151.316  3.37242643e-08 -1.52636398e-07
151.584  9.00240696e-08 -1.29424719e-07
151.851  1.26436669e-07 -7.63913126e-08
152.119  1.26919350e-07 -1.88923395e-08
152.387  9.20559384e-08  2.89923035e-08
152.655  4.38986106e-08  4.94313785e-08
152.923 -3.04952009e-09  3.36711560e-08
153.190 -3.14839368e-08 -1.62302473e-09
153.458 -2.52983350e-08 -4.20591970e-08
153.726  5.69837375e-09 -7.23699934e-08
153.994  4.77004274e-08 -7.15268114e-08
154.262  8.81447507e-08 -4.14851453e-08
154.529  1.03585924e-07  5.38803997e-09
154.797  8.76649761e-08  5.95116436e-08
155.065  4.99708085e-08  9.76761411e-08
155.333 -3.10450234e-09  1.05775782e-07
155.601 -5.12987179e-08  8.93340598e-08
155.869 -7.45857219e-08  5.16470512e-08
156.136 -7.36804600e-08  7.88720292e-09
156.404 -4.93407767e-08 -1.85975022e-08
156.672 -1.05936967e-08 -2.34565987e-08
156.940  1.86401286e-08 -5.60082318e-09
157.208  2.90209236e-08  3.21193902e-08
157.475  1.80612294e-08  6.78167353e-08
157.743 -1.68645545e-08  8.76637628e-08
158.011 -5.81748396e-08  8.78991861e-08
158.279 -8.85892994e-08  6.16074138e-08
158.547 -1.02942094e-07  2.03471936e-08
158.815 -9.14441924e-08 -1.67133335e-08
159.082 -5.86320875e-08 -4.27821655e-08
159.350 -2.35679540e-08 -4.66423490e-08
159.618  5.22350794e-09 -2.56698002e-08
159.886  1.64062777e-08  3.31068575e-09
160.154  9.30447905e-10  3.01216153e-08
160.421 -2.85875140e-08  4.42237610e-08
160.689 -6.06883902e-08  3.14628446e-08
160.957 -8.60935883e-08 -1.48905103e-09
161.225 -8.72350817e-08 -4.28650545e-08
161.493 -6.35647996e-08 -8.50212076e-08
161.760 -2.55701927e-08 -1.09174173e-07
162.028  2.12335842e-08 -1.07368324e-07
162.296  5.94809092e-08 -8.72447288e-08
162.564  7.50728222e-08 -5.19443052e-08
162.832  7.18770311e-08 -1.50515894e-08
163.100  5.10411674e-08  5.47356453e-09
163.367  2.10377675e-08  9.44381744e-09
163.635  1.16746549e-09 -3.15305014e-09
163.903 -4.35969630e-09 -2.90458410e-08
164.171  4.85651622e-09 -4.98047065e-08
164.439  2.98926313e-08 -5.73169082e-08
164.706  5.48891755e-08 -5.10421381e-08
164.974  6.80474160e-08 -2.68021494e-08
165.242  6.82305825e-08  3.38738164e-09
165.510  4.92757457e-08  2.46246277e-08
165.778  1.83394207e-08  3.42858172e-08
166.046 -7.82486790e-09  2.50455883e-08
166.313 -2.42994522e-08 -1.47211510e-09
166.581 -2.32231269e-08 -2.85156903e-08
166.849 -5.87098950e-10 -4.84550950e-08
167.117  2.89643929e-08 -5.33055164e-08
167.385  5.51620604e-08 -3.38889375e-08
167.652  7.00353325e-08 -6.28700278e-10
167.920  6.01091576e-08  3.43242930e-08
168.188  2.96728152e-08  6.30811767e-08
168.456 -8.79907827e-09  6.91649509e-08
168.724 -4.77854319e-08  4.94329529e-08
168.992 -6.95665392e-08  1.45736527e-08
169.259 -6.33044507e-08 -2.88409694e-08
169.527 -3.56971999e-08 -6.39222297e-08
169.795  8.44885443e-09 -7.30909235e-08
170.063  5.52260231e-08 -5.72248485e-08
170.331  8.24695232e-08 -1.84394333e-08
170.598  8.42464150e-08  3.42870071e-08
170.866  5.91894120e-08  7.73122887e-08
171.134  9.94618231e-09  9.80410663e-08
171.402 -4.19104588e-08  9.11664589e-08
171.670 -7.84210852e-08  5.23580082e-08
171.937 -9.02812431e-08 -2.35830703e-09
172.205 -6.62685721e-08 -5.20433510e-08
172.473 -1.38145182e-08 -8.39044324e-08
172.741  4.65656471e-08 -8.06950869e-08
173.009  9.99927315e-08 -3.90993780e-08
173.277  1.25071813e-07  2.48332443e-08
173.544  1.07128192e-07  9.65456141e-08
173.812  5.38863001e-08  1.53474708e-07
174.080 -2.34990563e-08  1.71028274e-07
174.348 -1.05111577e-07  1.45920264e-07
174.616 -1.60023333e-07  8.28356401e-08
174.883 -1.73256248e-07 -4.97798679e-09
175.151 -1.40786096e-07 -8.55296236e-08
175.419 -6.57996267e-08 -1.33848484e-07
175.687  2.46880375e-08 -1.36416203e-07
175.955  9.95923992e-08 -8.42988006e-08
176.223  1.36810400e-07  6.25426245e-09
176.490  1.14898336e-07  1.03608897e-07
176.758  3.45950794e-08  1.79780081e-07
177.026 -7.86350686e-08  2.02346835e-07
177.294 -1.95589323e-07  1.53649178e-07
177.562 -2.76750835e-07  4.59739491e-08
177.829 -2.86114713e-07 -9.67078831e-08
178.097 -2.17029171e-07 -2.34214896e-07
178.365 -8.10298018e-08 -3.16131877e-07
178.633  8.94021555e-08 -3.14181973e-07
178.901  2.37367999e-07 -2.21243413e-07
179.168  3.14729339e-07 -5.32691198e-08
179.436  2.92305521e-07  1.37327117e-07
179.704  1.62140187e-07  2.89201407e-07
179.972 -4.00358561e-08  3.51943356e-07
180.240 -2.50603296e-07  2.89623114e-07
180.508 -4.03630550e-07  1.10132155e-07
180.775 -4.35897233e-07 -1.34313141e-07
181.043 -3.19639896e-07 -3.72670298e-07
181.311 -8.14070639e-08 -5.20703804e-07
181.579  2.16795498e-07 -5.12639452e-07
181.847  4.81767780e-07 -3.37216190e-07
182.114  6.14582821e-07 -3.14604788e-08
182.382  5.59267111e-07  3.19410397e-07
182.650  3.13184781e-07  5.96170796e-07
182.918 -6.59229962e-08  6.99276698e-07
183.186 -4.58486296e-07  5.76637100e-07
183.454 -7.32097612e-07  2.40043589e-07
183.721 -7.83556342e-07 -2.14978240e-07
183.989 -5.65282031e-07 -6.43142920e-07
184.257 -1.23945500e-07 -8.98757646e-07
184.525  4.09372548e-07 -8.70291444e-07
184.793  8.65890785e-07 -5.35169204e-07
185.060  1.07726263e-06  1.98958623e-08
185.328  9.40664597e-07  6.31663900e-07
185.596  4.70662733e-07  1.09498154e-06
185.864 -2.09128593e-07  1.22929456e-06
186.132 -8.88495454e-07  9.57718517e-07
186.400 -1.32753471e-06  3.30385315e-07
186.667 -1.35277514e-06 -4.77209945e-07
186.935 -9.14162348e-07 -1.19977490e-06
187.203 -1.10857767e-07 -1.58032183e-06
187.471  8.12445590e-07 -1.45604945e-06
187.739  1.54758194e-06 -8.14271414e-07
188.006  1.82601794e-06  1.72203402e-07
188.274  1.50201053e-06  1.19293775e-06
188.542  6.28865453e-07  1.90271385e-06
188.810 -5.39778102e-07  2.02268564e-06
189.078 -1.63172584e-06  1.45249620e-06
189.345 -2.26022101e-06  3.29215233e-07
189.613 -2.15954774e-06 -1.01277437e-06
189.881 -1.30103996e-06 -2.12927148e-06
190.149  8.90863393e-08 -2.60633622e-06
190.417  1.58016741e-06 -2.22230195e-06
190.685  2.65807693e-06 -1.03157850e-06
190.952  2.91194859e-06  6.30754204e-07
191.220  2.18071717e-06  2.22603383e-06
191.488  6.24030225e-07  3.19408444e-06
191.756 -1.28912023e-06  3.14666163e-06
192.024 -2.92433814e-06  2.00571920e-06
192.291 -3.69458129e-06  7.21070410e-08
192.559 -3.25430383e-06 -2.04800870e-06
192.827 -1.65110491e-06 -3.63908682e-06
193.095  6.52492340e-07 -4.10197676e-06
193.363  2.91885684e-06 -3.17730266e-06
193.631  4.35777320e-06 -1.07471990e-06
193.898  4.39569346e-06  1.57510130e-06
194.166  2.90749214e-06  3.89886355e-06
194.434  2.85077549e-07  5.05725254e-06
194.702 -2.65647770e-06  4.55530149e-06
194.970 -4.91640775e-06  2.43529118e-06
195.237 -5.65572155e-06 -7.00305849e-07
195.505 -4.50076387e-06 -3.83956156e-06
195.773 -1.69984275e-06 -5.89117398e-06
196.041  1.90031556e-06 -6.06293763e-06
196.309  5.10741941e-06 -4.14781348e-06
196.576  6.78219353e-06 -6.52594857e-07
196.844  6.22583246e-06  3.32222276e-06
197.112  3.46359700e-06  6.43426976e-06
197.380 -7.01779568e-07  7.53748683e-06
197.648 -4.92638572e-06  6.09710033e-06
197.916 -7.74631476e-06  2.43348157e-06
198.183 -8.07426312e-06 -2.33984093e-06
198.451 -5.62053477e-06 -6.64496933e-06
198.719 -1.04233414e-06 -8.94658030e-06
198.987  4.22174705e-06 -8.30460560e-06
199.255  8.38535747e-06 -4.74043714e-06
199.522  9.92449621e-06  7.12074609e-07
199.790  8.12961557e-06  6.28349797e-06
200.058  3.39686842e-06  1.00421530e-05
200.326 -2.82315735e-06  1.05648807e-05
200.594 -8.46125037e-06  7.45448724e-06
200.862 -1.15223806e-05  1.55458868e-06
201.129 -1.07747252e-05 -5.25767242e-06
201.397 -6.23201875e-06 -1.06732340e-05
201.665  7.60592319e-07 -1.27204982e-05
201.933  7.92438890e-06 -1.04720590e-05
202.201  1.27798114e-05 -4.44769884e-06
202.468  1.34914349e-05  3.48702073e-06
202.736  9.56249286e-06  1.06906873e-05
203.004  2.08452873e-06  1.46091783e-05
203.272 -6.55467890e-06  1.36847987e-05
203.540 -1.34143031e-05  7.95986291e-06
203.808 -1.60027956e-05 -8.54345597e-07
204.075 -1.31800059e-05 -9.86550548e-06
204.343 -5.62073220e-06 -1.59448687e-05
204.611  4.30826055e-06 -1.68168889e-05
204.879  1.32763697e-05 -1.18899396e-05
205.147  1.81119055e-05 -2.56130050e-06
205.414  1.69092429e-05  8.15311448e-06
205.682  9.76253422e-06  1.65977166e-05
205.950 -1.14773611e-06  1.97148209e-05
206.218 -1.22172148e-05  1.61386863e-05
206.486 -1.96025144e-05  6.77488801e-06
206.753 -2.05418552e-05 -5.40586947e-06
207.021 -1.43880162e-05 -1.63056474e-05
207.289 -2.93918057e-06 -2.20624522e-05
207.557  1.00773498e-05 -2.04211873e-05
207.825  2.02012086e-05 -1.16043970e-05
208.093  2.37672586e-05  1.65755638e-06
208.360  1.92333570e-05  1.49514580e-05
208.628  7.80707276e-06  2.36440277e-05
208.896 -6.84320264e-06  2.45035194e-05
209.164 -1.97522792e-05  1.68832838e-05
209.432 -2.63490773e-05  3.06500764e-06
209.699 -2.40658480e-05 -1.23990923e-05
209.967 -1.33192493e-05 -2.41911294e-05
210.235  2.49468370e-06 -2.80527111e-05
210.503  1.80711317e-05 -2.23105457e-05
210.771  2.79760493e-05 -8.58167842e-06
211.039  2.85304936e-05  8.66157566e-06
211.306  1.91783948e-05  2.35493356e-05
211.574  2.80596259e-06  3.08006840e-05
211.842 -1.51455341e-05  2.76003878e-05
212.110 -2.84759507e-05  1.46845705e-05
212.378 -3.23685728e-05 -3.79603465e-06
212.645 -2.51370930e-05 -2.15962567e-05
212.913 -8.91764041e-06 -3.24825920e-05
213.181  1.09413966e-05 -3.24279351e-05
213.449  2.76316965e-05 -2.10897795e-05
213.717  3.52311099e-05 -2.05265736e-06
213.984  3.08030526e-05  1.82848621e-05
214.252  1.55149002e-05  3.28687686e-05
214.520 -5.62792999e-06  3.64404213e-05
214.788 -2.54210154e-05  2.74239161e-05
215.056 -3.69235305e-05  8.60085536e-06
215.324 -3.58858109e-05 -1.37349653e-05
215.591 -2.23235233e-05 -3.18902193e-05
215.859 -6.37492915e-07 -3.94170535e-05
216.127  2.18188745e-05 -3.34094008e-05
216.395  3.72290279e-05 -1.56253090e-05
216.663  4.00382158e-05  8.01853233e-06
216.930  2.89693590e-05  2.94109781e-05
217.198  7.56734934e-06  4.10286305e-05
217.466 -1.69290827e-05  3.85995124e-05
217.734 -3.60295010e-05  2.26713777e-05
218.002 -4.29514368e-05 -1.47742131e-06
218.270 -3.50360204e-05 -2.55746669e-05
218.537 -1.47583201e-05 -4.12000656e-05
218.805  1.10259508e-05 -4.27408145e-05
219.073  3.34028082e-05 -2.94050012e-05
219.341  4.44980443e-05 -5.59841145e-06
219.609  4.02490373e-05  2.05255197e-05
219.876  2.19011239e-05  3.98741294e-05
220.144 -4.33481691e-06  4.55839077e-05
220.412 -2.93965615e-05  3.54655532e-05
220.680 -4.45057918e-05  1.28534402e-05
220.948 -4.42511470e-05 -1.44969011e-05
221.216 -2.85468263e-05 -3.70738967e-05
221.483 -2.72400740e-06 -4.69220872e-05
221.751  2.42826825e-05 -4.04684898e-05
222.019  4.30261332e-05 -1.98260006e-05
222.287  4.68726446e-05  7.89848295e-06
222.555  3.43657476e-05  3.30458020e-05
222.822  9.77436062e-06  4.67856013e-05
223.090 -1.83551312e-05  4.42386757e-05
223.358 -4.01768678e-05  2.62131630e-05
223.626 -4.80154416e-05 -1.03798173e-06
223.894 -3.90735657e-05 -2.79844085e-05
224.161 -1.64428600e-05 -4.51730996e-05
224.429  1.19537233e-05 -4.65559104e-05
224.697  3.61515596e-05 -3.16307221e-05
224.965  4.76539658e-05 -5.64286901e-06
225.233  4.24271019e-05  2.22652301e-05
225.501  2.23391326e-05  4.22827015e-05
225.768 -5.50384761e-06  4.73874572e-05
226.036 -3.12811738e-05  3.58354400e-05
226.304 -4.59256657e-05  1.17695872e-05
226.572 -4.43363597e-05 -1.62705607e-05
226.840 -2.71769785e-05 -3.83784023e-05
227.107 -6.06261573e-07 -4.67973919e-05
227.375  2.59267816e-05 -3.86691963e-05
227.643  4.30511056e-05 -1.70095445e-05
227.911  4.48107635e-05  1.03992023e-05
228.179  3.07482097e-05  3.38015509e-05
228.447  6.01926971e-06  4.49645252e-05
228.714 -2.04831691e-05  4.00899636e-05
228.982 -3.93422084e-05  2.11170655e-05
229.250 -4.39802475e-05 -5.02033438e-06
229.518 -3.29640701e-05 -2.89308819e-05
229.786 -1.04620899e-05 -4.21553234e-05
230.053  1.53208652e-05 -4.01683922e-05
230.321  3.51448970e-05 -2.39496742e-05
230.589  4.20515513e-05  4.45397545e-07
230.857  3.38269523e-05  2.41469216e-05
231.125  1.37266038e-05  3.86951940e-05
231.392 -1.07989395e-05  3.90743498e-05
231.660 -3.08584936e-05  2.54669345e-05
231.928 -3.93478581e-05  3.08348257e-06
232.196 -3.34917075e-05 -1.98168637e-05
232.464 -1.57565237e-05 -3.49663697e-05
232.732  7.15557849e-06 -3.70939472e-05
232.999  2.68195091e-05 -2.57743361e-05
233.267  3.61948584e-05 -5.46954308e-06
233.535  3.21636532e-05  1.61964757e-05
233.803  1.65697003e-05  3.12956559e-05
234.071 -4.56407984e-06  3.45102496e-05
234.338 -2.33408147e-05  2.50111526e-05
234.606 -3.29456181e-05  6.65863470e-06
234.874 -3.01214339e-05 -1.35275501e-05
235.142 -1.62841063e-05 -2.80470983e-05
235.410  3.10821154e-06 -3.17022480e-05
235.678  2.06889890e-05 -2.34654230e-05
235.945  2.99703583e-05 -6.76849518e-06
236.213  2.77345794e-05  1.18930985e-05
236.481  1.51675726e-05  2.54681955e-05
236.749 -2.69414423e-06  2.89995023e-05
237.017 -1.89561093e-05  2.14465992e-05
237.284 -2.75011892e-05  5.98994358e-06
237.552 -2.52911125e-05 -1.12764909e-05
237.820 -1.34585496e-05 -2.37138086e-05
238.088  3.22045780e-06 -2.66767282e-05
238.356  1.82173611e-05 -1.92559254e-05
238.624  2.57794022e-05 -4.54776438e-06
238.891  2.31342738e-05  1.16035635e-05
239.159  1.15031670e-05  2.28929328e-05
239.427 -4.43237621e-06  2.50035288e-05
239.695 -1.83782315e-05  1.72481301e-05
239.963 -2.48938581e-05  2.78690026e-06
240.230 -2.14990878e-05 -1.26295144e-05
240.498 -9.60628447e-06 -2.29234967e-05
240.766  6.04791751e-06 -2.40673014e-05
241.034  1.92674857e-05 -1.56363083e-05
241.302  2.48311141e-05 -9.69106266e-07
241.569  2.05251309e-05  1.41391998e-05
241.837  8.01269758e-06  2.37136391e-05
242.105 -7.80192527e-06  2.39328101e-05
242.373 -2.06908818e-05  1.46309848e-05
242.641 -2.55321253e-05 -6.08495062e-07
242.909 -2.03159704e-05 -1.58376271e-05
243.176 -6.96599205e-06 -2.50532182e-05
243.444  9.37992316e-06 -2.45349482e-05
243.712  2.23477208e-05 -1.43303340e-05
243.980  2.67905203e-05  1.72031807e-06
244.248  2.08143503e-05  1.74410689e-05
244.515  6.56184437e-06  2.66842305e-05
244.783 -1.05735999e-05  2.57204557e-05
245.051 -2.39871403e-05  1.47268835e-05
245.319 -2.83994660e-05 -2.23280908e-06
245.587 -2.19260472e-05 -1.87181951e-05
245.855 -6.84869843e-06 -2.83548062e-05
246.122  1.12010177e-05 -2.72989688e-05
246.390  2.53472062e-05 -1.57497331e-05
246.658  3.00965168e-05  2.07165498e-06
246.926  2.34620542e-05  1.94694755e-05
247.194  7.76590169e-06  2.98017802e-05
247.461 -1.11777326e-05  2.90187648e-05
247.729 -2.62303781e-05  1.72312835e-05
247.997 -3.16323352e-05 -1.27083341e-06
248.265 -2.51968709e-05 -1.95919524e-05
248.533 -9.18360385e-06 -3.08207479e-05
248.800  1.05007164e-05 -3.06372174e-05
249.068  2.65037747e-05 -1.89698625e-05
249.336  3.27823273e-05 -7.16674067e-08
249.604  2.68844583e-05  1.90508058e-05
249.872  1.09090412e-05  3.12500327e-05
250.140 -9.25520320e-06  3.19132306e-05
250.407 -2.61186608e-05  2.07162472e-05
250.675 -3.33796128e-05  1.76604589e-06
250.943 -2.82935465e-05 -1.79239288e-05
251.211 -1.27133558e-05 -3.10376750e-05
251.479  7.60046231e-06 -3.26911526e-05
251.746  2.51176482e-05 -2.22638503e-05
252.014  3.33445285e-05 -3.62285322e-06
252.282  2.92509723e-05  1.63175059e-05
252.550  1.43854672e-05  3.01711753e-05
252.818 -5.71358941e-06  3.28394343e-05
253.086 -2.35860674e-05  2.33942791e-05
253.353 -3.26414591e-05  5.40009988e-06
253.621 -2.96024662e-05 -1.44289795e-05
253.889 -1.56940027e-05 -2.87518052e-05
254.157  3.83904718e-06 -3.23353773e-05
254.425  2.17189242e-05 -2.39724386e-05
254.692  3.13647606e-05 -6.89692717e-06
254.960  2.93220420e-05  1.24649886e-05
255.228  1.65132420e-05  2.69287962e-05
255.496 -2.15676508e-06  3.12250570e-05
255.764 -1.96880642e-05  2.39329188e-05
256.032 -2.96160762e-05  7.95918560e-06
256.299 -2.84062983e-05 -1.06190271e-05
256.567 -1.67307540e-05 -2.48687396e-05
256.835  8.61185664e-07 -2.95939211e-05
257.103  1.77125450e-05 -2.32502383e-05
257.371  2.75762945e-05 -8.44969349e-06
257.638  2.69483729e-05  9.10298659e-06
257.906  1.63233851e-05  2.27997989e-05
258.174 -8.27988877e-08  2.76274178e-05
258.442 -1.59883138e-05  2.20168784e-05
258.710 -2.54510670e-05  8.34737479e-06
258.977 -2.51025878e-05 -8.03451313e-06
259.245 -1.53490561e-05 -2.08951835e-05
259.513 -1.29504952e-07 -2.54952501e-05
259.781  1.46524511e-05 -2.03392147e-05
260.049  2.34200135e-05 -7.66042424e-06
260.317  2.30283319e-05  7.51038307e-06
260.584  1.38947058e-05  1.93329890e-05
260.852 -2.40541678e-07  2.34032332e-05
261.120 -1.38275141e-05  1.83914946e-05
261.388 -2.16783089e-05  6.48287279e-06
261.656 -2.09391817e-05 -7.54614146e-06
261.923 -1.21359263e-05 -1.82314883e-05
262.191  1.10473974e-06 -2.15344634e-05
262.459  1.35336826e-05 -1.63694525e-05
262.727  2.03403471e-05 -4.96422135e-06
262.995  1.90064276e-05  8.08233607e-06
263.263  1.02447799e-05  1.76329286e-05
263.530 -2.34743673e-06  2.00174853e-05
263.798 -1.37459416e-05  1.44456152e-05
264.066 -1.94805744e-05  3.26202075e-06
264.334 -1.73833194e-05 -9.02580484e-06
264.602 -8.40397720e-06 -1.75392028e-05
264.869  3.81115629e-06 -1.89537869e-05
265.137  1.43782023e-05 -1.27906893e-05
265.405  1.91128452e-05 -1.56700299e-06
265.673  1.61779952e-05  1.02180710e-05
265.941  6.78203368e-06  1.78707075e-05
266.208 -5.31467132e-06  1.83624335e-05
266.476 -1.52914204e-05  1.15103128e-05
266.744 -1.91808821e-05  3.79513907e-08
267.012 -1.54283425e-05 -1.14990800e-05
267.280 -5.49805081e-06 -1.85187314e-05
267.548  6.69634629e-06 -1.82178019e-05
267.815  1.63353887e-05 -1.06713453e-05
268.083  1.95910809e-05  1.18407931e-06
268.351  1.51265855e-05  1.26983335e-05
268.619  4.63525634e-06  1.93326423e-05
268.887 -7.80898404e-06  1.84318372e-05
269.154 -1.73425263e-05  1.02753231e-05
269.422 -2.02028048e-05 -2.01248840e-06
269.690 -1.52020011e-05 -1.36736137e-05
269.958 -4.21108838e-06 -2.01570351e-05
270.226  8.55687223e-06 -1.88860345e-05
270.494  1.81680130e-05 -1.02775306e-05
270.761  2.08692207e-05  2.40702242e-06
271.029  1.55535090e-05  1.43099424e-05
271.297  4.19970038e-06  2.08368440e-05
271.565 -8.88021503e-06  1.94339771e-05
271.833 -1.86817712e-05  1.05814537e-05
272.100 -2.14297345e-05 -2.38586014e-06
272.368 -1.60341717e-05 -1.45405486e-05
272.636 -4.50788657e-06 -2.12433054e-05
272.904  8.79185534e-06 -1.99228000e-05
273.172  1.88183449e-05 -1.10531764e-05
273.440  2.17646990e-05  2.02338882e-06
273.707  1.65072611e-05  1.43618506e-05
273.975  5.02775566e-06  2.13009096e-05
274.243 -8.33628702e-06  2.02289833e-05
274.511 -1.85462143e-05  1.15632070e-05
274.779 -2.17728317e-05 -1.41159224e-06
275.046 -1.68316000e-05 -1.37999334e-05
275.314 -5.62179192e-06 -2.09572938e-05
275.582  7.60921410e-06 -2.02333671e-05
275.850  1.78906179e-05 -1.19601773e-05
276.118  2.14000137e-05  6.94409945e-07
276.385  1.68921772e-05  1.29529077e-05
276.653  6.14664445e-06  2.02375897e-05
276.921 -6.74267644e-06  1.98870893e-05
277.189 -1.69331303e-05  1.21400987e-05
277.457 -2.06578776e-05  1.60098827e-09
277.725 -1.66326038e-05 -1.19271369e-05
277.992 -6.49701713e-06 -1.91946665e-05
278.260  5.85309190e-06 -1.91747720e-05
278.528  1.57611285e-05 -1.20215951e-05
278.796  1.95766749e-05 -5.54582078e-07
279.064  1.60111724e-05  1.08459403e-05
279.331  6.56753845e-06  1.79176523e-05
279.599 -5.07944575e-06  1.81224422e-05
279.867 -1.45113834e-05  1.15569712e-05
280.135 -1.82539896e-05  8.58004209e-07
280.403 -1.50590397e-05 -9.84632659e-06
280.671 -6.31977449e-06 -1.65369777e-05
280.938  4.51478808e-06 -1.68161468e-05
281.206  1.33022820e-05 -1.07679486e-05
281.474  1.67933015e-05 -8.68274585e-07
281.742  1.38327973e-05  9.02140101e-06
282.010  5.74736615e-06  1.51606168e-05
282.277 -4.22875661e-06  1.53413669e-05
282.545 -1.22442151e-05  9.68997486e-06
282.813 -1.53103216e-05  5.54717479e-07
283.081 -1.24200166e-05 -8.46175707e-06
283.349 -4.88115363e-06 -1.39125076e-05
283.616  4.25850828e-06 -1.38227673e-05
283.884  1.14299013e-05 -8.41314926e-06
284.152  1.39282702e-05  5.34909752e-08
284.420  1.09397399e-05  8.20320592e-06
284.688  3.80012845e-06  1.28810728e-05
284.956 -4.58447371e-06  1.23745149e-05
285.223 -1.09017874e-05  7.03953988e-06
285.491 -1.27379398e-05 -8.96629440e-07
285.759 -9.49900695e-06 -8.24491584e-06
286.027 -2.59292690e-06 -1.21262899e-05
286.295  5.16307500e-06 -1.10972244e-05
286.562  1.06780304e-05 -5.67831392e-06
286.830  1.18145847e-05  1.88815225e-06
287.098  8.20685179e-06  8.55079066e-06
287.366  1.37296225e-06  1.16740165e-05
287.634 -5.90980277e-06  1.00685985e-05
287.902 -1.07281361e-05  4.43732459e-06
288.169 -1.11866028e-05 -2.92197364e-06
288.437 -7.14090278e-06 -9.04992688e-06
288.705 -2.43056022e-07 -1.15070347e-05
288.973  6.73142241e-06 -9.32920362e-06
289.241  1.09964526e-05 -3.40354586e-06
289.508  1.08526184e-05  3.89378980e-06
289.776  6.35745745e-06  9.65220861e-06
290.044 -7.00403389e-07  1.15749433e-05
290.312 -7.51990572e-06  8.88554557e-06
290.580 -1.13920787e-05  2.63760938e-06
290.848 -1.07659374e-05 -4.70846631e-06
291.115 -5.86613221e-06 -1.02538778e-05
291.383  1.39865184e-06 -1.17964536e-05
291.651  8.18511951e-06 -8.70281395e-06
291.919  1.18222055e-05 -2.15739182e-06
292.187  1.08618308e-05  5.30180680e-06
292.454  5.64814963e-06  1.07650415e-05
292.722 -1.81849067e-06  1.20872192e-05
292.990 -8.65045592e-06  8.72785681e-06
293.258 -1.21923016e-05  1.95789938e-06
293.526 -1.10558954e-05 -5.62555957e-06
293.793 -5.65347900e-06 -1.10988512e-05
294.061  1.95800751e-06 -1.23464013e-05
294.329  8.86302213e-06 -8.87214931e-06
294.597  1.24145534e-05 -1.98915016e-06
294.865  1.12480771e-05  5.67854069e-06
295.133  5.79899971e-06  1.12073525e-05
295.400 -1.86024884e-06  1.24935842e-05
295.668 -8.81812415e-06  9.04876097e-06
295.936 -1.24398221e-05  2.18623214e-06
296.204 -1.13623938e-05 -5.48603946e-06
296.472 -6.01000867e-06 -1.10682669e-05
296.739  1.57491289e-06 -1.24649792e-05
297.007  8.52310371e-06 -9.17468591e-06
297.275  1.22265701e-05 -2.47200462e-06
297.543  1.13205650e-05  5.09608969e-06
297.811  6.19283027e-06  1.06827149e-05
298.079 -1.18674237e-06  1.22143397e-05
298.346 -8.02834696e-06  9.16946788e-06
298.614 -1.17780008e-05  2.75201604e-06
298.882 -1.10809270e-05 -4.58950330e-06
299.150 -6.27275460e-06 -1.00956166e-05
299.418  7.79470137e-07 -1.17420200e-05
299.685  7.39980441e-06 -8.99004809e-06
299.953  1.11248424e-05 -2.95538979e-06
300.221  1.06295814e-05  4.03914453e-06
300.489  6.19556856e-06  9.35945781e-06
300.757 -4.27779838e-07  1.10623568e-05
301.024 -6.70987597e-06  8.60506156e-06
301.292 -1.03147273e-05  3.01520296e-06
301.560 -9.97157757e-06 -3.52884576e-06
301.828 -5.92227963e-06 -8.55230059e-06
302.096  2.03924715e-07 -1.02231397e-05
302.364  6.04589218e-06 -8.01933864e-06
302.631  9.42393614e-06 -2.89405550e-06
302.899  9.15102717e-06  3.12838359e-06
303.167  5.45558006e-06  7.75400796e-06
303.435 -1.47041487e-07  9.28936257e-06
303.703 -5.47485846e-06  7.26605761e-06
303.970 -8.52373481e-06  2.58301594e-06
304.238 -8.22257248e-06 -2.88573260e-06
304.506 -4.81569348e-06 -7.03396525e-06
304.774  2.79462995e-07 -8.33132249e-06
305.042  5.05328854e-06 -6.39489007e-06
305.310  7.68879159e-06 -2.09364050e-06
305.577  7.25815961e-06  2.82974864e-06
305.845  4.04864061e-06  6.45301003e-06
306.113 -5.93364689e-07  7.42585579e-06
306.381 -4.81227661e-06  5.47450096e-06
306.649 -6.98125876e-06  1.46687468e-06
306.916 -6.33078812e-06 -2.95672339e-06
307.184 -3.21561062e-06 -6.04645317e-06
307.452  1.05545064e-06 -6.63510028e-06
307.720  4.75728494e-06 -4.57281188e-06
307.988  6.44347713e-06 -7.57351184e-07
308.256  5.50446414e-06  3.24277996e-06
308.523  2.38426863e-06  5.82970242e-06
308.791 -1.61469236e-06  6.00721903e-06
309.059 -4.87085382e-06  3.75747015e-06
309.327 -6.09471896e-06  3.33207386e-08
309.595 -4.82922987e-06 -3.64076313e-06
309.862 -1.62181654e-06 -5.78857721e-06
310.130  2.20868937e-06 -5.56333030e-06
310.398  5.11327826e-06 -3.07922178e-06
310.666  5.92782240e-06  6.42651185e-07
310.934  4.33371099e-06  4.09641260e-06
311.201  9.82472349e-07  5.89225457e-06
311.469 -2.77588925e-06  5.30739704e-06
311.737 -5.43284750e-06  2.57614717e-06
312.005 -5.91794529e-06 -1.21109014e-06
312.273 -4.02878584e-06 -4.54442792e-06
312.541 -5.08139312e-07 -6.08868442e-06
312.808  3.25403392e-06 -5.21698575e-06
313.076  5.76400743e-06 -2.25948333e-06
313.344  6.01654618e-06  1.63073182e-06
313.612  3.89455270e-06  4.92502191e-06
313.880  2.11447633e-07  6.31954703e-06
314.147 -3.60168540e-06  5.25177366e-06
314.415 -6.05218993e-06  2.11724879e-06
314.683 -6.17387608e-06 -1.88060369e-06
314.951 -3.90057707e-06 -5.19265257e-06
315.219 -9.31494874e-08 -6.53050812e-06
315.487  3.78648016e-06 -5.36426717e-06
315.754  6.24392501e-06 -2.12548812e-06
316.022  6.32891231e-06  1.95205015e-06
316.290  3.99640475e-06  5.30920236e-06
316.558  1.29189405e-07  6.66259723e-06
316.826 -3.80130195e-06  5.49038789e-06
317.093 -6.30275226e-06  2.23423346e-06
317.361 -6.42587844e-06 -1.86944243e-06
317.629 -4.12546756e-06 -5.26824148e-06
317.897 -2.77748652e-07 -6.68089759e-06
318.165  3.66232973e-06 -5.58081576e-06
318.432  6.21355772e-06 -2.39604384e-06
318.700  6.42538343e-06  1.66418835e-06
318.968  4.23789863e-06  5.07283992e-06
319.236  4.93002285e-07  6.55889824e-06
319.504 -3.39489051e-06  5.58813168e-06
319.772 -5.97201275e-06  2.55455353e-06
320.039 -6.29531480e-06 -1.38428207e-06
320.307 -4.28074126e-06 -4.74743033e-06
320.575 -7.15793263e-07 -6.29223289e-06
320.843  3.04627207e-06 -5.47962802e-06
321.111  5.60241388e-06 -2.65764478e-06
321.378  6.03092246e-06  1.08407065e-06
321.646  4.22162155e-06  4.33408306e-06
321.914  8.98926745e-07  5.89956459e-06
322.182 -2.66372013e-06  5.24435114e-06
322.450 -5.13833430e-06  2.67076017e-06
322.718 -5.63972963e-06 -8.09647359e-07
322.985 -4.04029501e-06 -3.87697020e-06
323.253 -1.00149656e-06 -5.40718265e-06
323.521  2.29827976e-06 -4.88179077e-06
323.789  4.62458699e-06 -2.56746511e-06
324.057  5.14605807e-06  6.07865959e-07
324.324  3.73516535e-06  3.42984927e-06
324.592  9.95360584e-07  4.85906860e-06
324.860 -1.99671983e-06  4.41566195e-06
325.128 -4.11090172e-06  2.34463251e-06
325.396 -4.58936810e-06 -5.07938993e-07
325.664 -3.32439438e-06 -3.03652588e-06
325.931 -8.70955348e-07 -4.30048628e-06
326.199  1.79119774e-06 -3.87962382e-06
326.467  3.64167801e-06 -2.01217544e-06
326.735  4.01397374e-06  5.25746173e-07
327.003  2.83694076e-06  2.73309983e-06
327.270  6.33301911e-07  3.77869242e-06
327.538 -1.70078083e-06  3.31683274e-06
327.806 -3.25605941e-06  1.59594040e-06
328.074 -3.46690661e-06 -6.58388459e-07
328.342 -2.31264137e-06 -2.54138043e-06
328.609 -3.05240430e-07 -3.33347680e-06
328.877  1.72670506e-06 -2.77116163e-06
329.145  2.97936868e-06 -1.13205315e-06
329.413  2.98763483e-06  8.88338350e-07
329.681  1.79376993e-06  2.46908924e-06
329.949 -8.04391739e-08  2.99373975e-06
330.216 -1.85749056e-06  2.28420267e-06
330.484 -2.82390376e-06  6.63692849e-07
330.752 -2.60829925e-06 -1.18531269e-06
331.020 -1.32473787e-06 -2.50714507e-06
331.288  4.81153306e-07 -2.77289727e-06
331.555  2.06462629e-06 -1.88938761e-06
331.823  2.78127134e-06 -2.33497255e-07
332.091  2.34364853e-06  1.51100021e-06
332.359  9.38038160e-07  2.63087977e-06
332.627 -8.58709138e-07  2.66767785e-06
332.895 -2.31474552e-06  1.60579553e-06
333.162 -2.83371105e-06 -1.25321247e-07
333.430 -2.19851168e-06 -1.82759778e-06
333.698 -6.58234546e-07 -2.80946127e-06
333.966  1.17540947e-06 -2.66576204e-06
334.234  2.56695237e-06 -1.44260716e-06
334.501  2.95083628e-06  3.84374239e-07
334.769  2.16111024e-06  2.09369029e-06
335.037  4.94599896e-07  3.00143978e-06
335.305 -1.40202279e-06  2.73703511e-06
335.573 -2.78161077e-06  1.38755167e-06
335.840 -3.09473944e-06 -5.33919669e-07
336.108 -2.20425872e-06 -2.28173492e-06
336.376 -4.39088259e-07 -3.17183140e-06
336.644  1.52563852e-06 -2.84851851e-06
336.912  2.93144235e-06 -1.42044571e-06
337.180  3.23170092e-06  5.74058999e-07
337.447  2.29870794e-06  2.37342879e-06
337.715  4.78109429e-07  3.28877956e-06
337.983 -1.54076861e-06  2.96364288e-06
338.251 -2.99271814e-06  1.51283556e-06
338.519 -3.32472104e-06 -5.17398647e-07
338.786 -2.40605240e-06 -2.36221307e-06
339.054 -5.82213329e-07 -3.32660393e-06
339.322  1.46121321e-06 -3.04606644e-06
339.590  2.95871867e-06 -1.62845649e-06
339.858  3.34993876e-06  3.91621141e-07
340.126  2.49416330e-06  2.25853398e-06
340.393  7.19410592e-07  3.27629818e-06
340.661 -1.30829684e-06  3.07265421e-06
340.929 -2.83295497e-06  1.73661326e-06
341.197 -3.29397435e-06 -2.24769128e-07
341.465 -2.53626357e-06 -2.07726724e-06
341.732 -8.57423137e-07 -3.13611242e-06
342.000  1.10803353e-06 -3.02486575e-06
342.268  2.62815485e-06 -1.80605180e-06
342.536  3.15256753e-06  5.00908527e-08
342.804  2.51059740e-06  1.84454368e-06
343.072  9.64590858e-07  2.91864129e-06
343.339 -8.92664759e-07  2.89680907e-06
343.607 -2.36940113e-06  1.81541044e-06
343.875 -2.93531949e-06  1.03230675e-07
344.143 -2.40925498e-06 -1.58997329e-06
344.411 -1.02001810e-06 -2.64399739e-06
344.678  6.90541159e-07 -2.69260385e-06
344.946  2.08300664e-06 -1.75349829e-06
345.214  2.65696519e-06 -2.11329570e-07
345.482  2.23229325e-06  1.34288058e-06
345.750  1.00841987e-06  2.33629500e-06
346.017 -5.28687341e-07  2.42502002e-06
346.285 -1.79799212e-06  1.61801344e-06
346.553 -2.34063419e-06  2.56194617e-07
346.821 -1.99097736e-06 -1.13000155e-06
347.089 -9.24513052e-07 -2.02293117e-06
347.357  4.25983312e-07 -2.11513888e-06
347.624  1.54016106e-06 -1.41596313e-06
347.892  2.01249228e-06 -2.29196447e-07
348.160  1.70255969e-06  9.71577931e-07
348.428  7.70953834e-07  1.73093390e-06
348.696 -3.93704886e-07  1.78782586e-06
348.963 -1.33258638e-06  1.16143738e-06
349.231 -1.70055474e-06  1.30931267e-07
349.499 -1.39019677e-06 -8.81451170e-07
349.767 -5.60591064e-07 -1.48514709e-06
350.035  4.33081495e-07 -1.46986402e-06
350.303  1.19118569e-06 -8.76138609e-07
350.570  1.42882976e-06  2.77663555e-08
350.838  1.07881313e-06  8.64142031e-07
351.106  3.12646465e-07  1.30253524e-06
351.374 -5.38058781e-07  1.18473698e-06
351.642 -1.12435750e-06  5.83945867e-07
351.909 -1.21664130e-06 -2.31609844e-07
352.177 -7.94265704e-07 -9.18163156e-07
352.445 -5.07524019e-08 -1.19497219e-06
352.713  6.95326796e-07 -9.55951826e-07
352.981  1.13185015e-06 -3.13230667e-07
353.248  1.07815972e-06  4.56717125e-07
353.516  5.61782987e-07  1.02943325e-06
353.784 -1.97488050e-07  1.16239589e-06
354.052 -8.81618133e-07  7.98229039e-07
354.320 -1.20091385e-06  8.72536162e-08
354.588 -1.01588411e-06 -6.77944811e-07
354.855 -3.96528391e-07 -1.17775679e-06
355.123  4.09473970e-07 -1.19729066e-06
355.391  1.07295339e-06 -7.18270406e-07
355.659  1.31538926e-06  7.58065113e-08
355.927  1.02681120e-06  8.69659631e-07
356.194  3.08975089e-07  1.33888621e-06
356.462 -5.62336503e-07  1.28486290e-06
356.730 -1.24073467e-06  7.14078801e-07
356.998 -1.45009078e-06 -1.62943278e-07
357.266 -1.09482028e-06 -1.00689720e-06
357.534 -2.97197650e-07 -1.48417395e-06
357.801  6.42512389e-07 -1.39946954e-06
358.069  1.36154663e-06 -7.70002078e-07
358.337  1.57794446e-06  1.74418953e-07
358.605  1.19648663e-06  1.07636349e-06
358.873  3.49783206e-07  1.59108952e-06
359.140 -6.47124845e-07  1.51536416e-06
359.408 -1.41975969e-06  8.66650541e-07
359.676 -1.67399110e-06 -1.17425128e-07
359.944 -1.30633217e-06 -1.07150981e-06
360.212 -4.48891498e-07 -1.63939690e-06
360.480  5.82098651e-07 -1.60484536e-06
360.747  1.40596813e-06 -9.77604085e-07
361.015  1.71578796e-06  1.10364280e-08
361.283  1.39633305e-06  9.97834243e-07
361.551  5.67374250e-07  1.61885104e-06
361.819 -4.65989973e-07  1.64648314e-06
362.086 -1.32396404e-06  1.07558893e-06
362.354 -1.69309293e-06  1.19111775e-07
362.622 -1.44521451e-06 -8.70509330e-07
362.890 -6.78488365e-07 -1.53101849e-06
363.158  3.21453027e-07 -1.62826326e-06
363.425  1.18610253e-06 -1.13741570e-06
363.693  1.60508331e-06 -2.46905931e-07
363.961  1.43769671e-06  7.10727098e-07
364.229  7.57722649e-07  1.38711472e-06
364.497 -1.74475047e-07  1.54674384e-06
364.765 -1.01381589e-06  1.14613181e-06
365.032 -1.46157990e-06  3.47893298e-07
365.300 -1.36887827e-06 -5.44841019e-07
365.568 -7.88487138e-07 -1.20752186e-06
365.836  4.94620975e-08 -1.40971110e-06
366.104  8.32396541e-07 -1.09645077e-06
366.371  1.28012782e-06 -4.04995643e-07
366.639  1.24484738e-06  3.97277084e-07
366.907  7.63883342e-07  1.01528087e-06
367.175  3.46968771e-08  1.23286565e-06
367.443 -6.65762779e-07  9.92854435e-07
367.711 -1.08290406e-06  4.08857627e-07
367.978 -1.08081994e-06 -2.87458593e-07
368.246 -6.86587135e-07 -8.33824802e-07
368.514 -6.80445957e-08 -1.03838413e-06
368.782  5.32428745e-07 -8.49036194e-07
369.050  8.92922587e-07 -3.60935292e-07
369.317  8.97085810e-07  2.24805927e-07
369.585  5.67730457e-07  6.81509400e-07
369.853  5.11241939e-08  8.47933159e-07
370.121 -4.42977223e-07  6.82359371e-07
370.389 -7.29058578e-07  2.70605923e-07
370.656 -7.13690835e-07 -2.10707100e-07
370.924 -4.23592968e-07 -5.70988615e-07
371.192  7.80946636e-09 -6.80289880e-07
371.460  4.00798826e-07 -5.12743455e-07
371.728  6.04166035e-07 -1.54297587e-07
371.996  5.49054179e-07  2.38047398e-07
372.263  2.74316978e-07  5.05510682e-07
372.531 -9.35152024e-08  5.47019640e-07
372.799 -3.99366153e-07  3.57943635e-07
373.067 -5.20482594e-07  3.00552009e-08
373.335 -4.14205646e-07 -2.94025112e-07
373.602 -1.35824397e-07 -4.79381055e-07
373.870  1.91116673e-07 -4.51585333e-07
374.138  4.27860903e-07 -2.29424109e-07
374.406  4.74706622e-07  8.77296578e-08
374.674  3.15047992e-07  3.64650260e-07
374.942  1.99875122e-08  4.82969951e-07
375.209 -2.85610018e-07  3.92737634e-07
375.477 -4.71614002e-07  1.33439324e-07
375.745 -4.57857725e-07 -1.87029544e-07
376.013 -2.49741270e-07 -4.34238132e-07
376.281  6.82397655e-08 -5.02354795e-07
376.548  3.65509487e-07 -3.61541294e-07
376.816  5.16866411e-07 -6.69488290e-08
377.084  4.58000601e-07  2.63398451e-07
377.352  2.09874775e-07  4.93080555e-07
377.620 -1.30786539e-07  5.26557406e-07
377.888 -4.26117309e-07  3.47639398e-07
378.155 -5.55371479e-07  2.37333121e-08
378.423 -4.64873472e-07 -3.16618588e-07
378.691 -1.86359575e-07 -5.36184038e-07
378.959  1.71766161e-07 -5.46619783e-07
379.227  4.66663588e-07 -3.40209604e-07
379.494  5.81433323e-07  4.50243544e-09
379.762  4.68382811e-07  3.51164673e-07
380.030  1.68696666e-07  5.63415733e-07
380.298 -1.99866643e-07  5.56645766e-07
380.566 -4.92819282e-07  3.30331260e-07
380.833 -5.95165842e-07 -2.71843039e-08
381.101 -4.64052216e-07 -3.75795638e-07
381.369 -1.50043661e-07 -5.79592106e-07
381.637  2.23582197e-07 -5.56633234e-07
381.905  5.11533707e-07 -3.14695517e-07
382.173  5.99597781e-07  5.09193103e-08
382.440  4.51610121e-07  3.98051620e-07
382.708  1.26117423e-07  5.89930525e-07
382.976 -2.50195857e-07  5.49238779e-07
383.244 -5.29690696e-07  2.92155159e-07
383.512 -6.00311913e-07 -8.12065818e-08
383.779 -4.33887154e-07 -4.24952670e-07
384.047 -9.50182377e-08 -6.01705781e-07
384.315  2.84630726e-07 -5.40714349e-07
384.583  5.53941852e-07 -2.64962158e-07
384.851  6.04936081e-07  1.19509427e-07
385.119  4.16150478e-07  4.60649072e-07
385.386  5.85223153e-08  6.21763613e-07
385.654 -3.28032866e-07  5.37611416e-07
385.922 -5.89180913e-07  2.37119309e-07
386.190 -6.20088429e-07 -1.64329831e-07
386.458 -4.03854281e-07 -5.07653453e-07
386.725 -2.04856153e-08 -6.55976235e-07
386.993  3.80046579e-07 -5.46217207e-07
387.261  6.39404594e-07 -2.14539302e-07
387.529  6.51680073e-07  2.12073312e-07
387.797  4.03850418e-07  5.66901514e-07
388.064 -1.29338509e-08  7.08342279e-07
388.332 -4.38402137e-07  5.72634422e-07
388.600 -7.06032821e-07  2.04391609e-07
388.868 -7.04081715e-07 -2.58140367e-07
389.136 -4.23206126e-07 -6.37522434e-07
389.404  3.54395651e-08 -7.81391859e-07
389.671  4.99955690e-07 -6.23395386e-07
389.939  7.89311436e-07 -2.14510012e-07
390.207  7.82353560e-07  2.96649108e-07
390.475  4.70367647e-07  7.16464554e-07
390.743 -3.87841080e-08  8.77020229e-07
391.010 -5.58133255e-07  7.05523130e-07
391.278 -8.86920527e-07  2.53782386e-07
391.546 -8.90321237e-07 -3.18732249e-07
391.814 -5.53023358e-07 -7.97619501e-07
392.082  1.33996966e-08 -9.95319882e-07
392.350  6.04029557e-07 -8.24563203e-07
392.617  9.95201451e-07 -3.31537810e-07
392.885  1.03071534e-06  3.13243419e-07
393.153  6.79401539e-07  8.73125012e-07
393.421  5.34366751e-08  1.13480973e-06
393.689 -6.25250907e-07  9.85732605e-07
393.956 -1.10683735e-06  4.60009097e-07
394.224 -1.20309106e-06 -2.64597704e-07
394.492 -8.57812981e-07 -9.29745759e-07
394.760 -1.77122464e-07 -1.28785718e-06
395.028  6.04949945e-07 -1.19047577e-06
395.296  1.20785869e-06 -6.50649543e-07
395.563  1.40114477e-06  1.55736590e-07
395.831  1.09336504e-06  9.49498822e-07
396.099  3.72091733e-07  1.44106541e-06
396.367 -5.23450316e-07  1.43626548e-06
396.635 -1.27872703e-06  9.12817118e-07
396.902 -1.61352015e-06  3.21143489e-08
397.170 -1.38728289e-06 -9.08424612e-07
397.438 -6.52189214e-07 -1.57386373e-06
397.706  3.56332682e-07 -1.71334167e-06
397.974  1.29200400e-06 -1.25063312e-06
398.241  1.81914342e-06 -3.17938386e-07
398.509  1.73090105e-06  7.77599428e-07
398.777  1.02555486e-06  1.65708376e-06
399.045 -7.95932630e-08  2.00055705e-06
399.313 -1.21587191e-06  1.65853584e-06
399.581 -1.98749374e-06  7.15540718e-07
