0.260  5.62864771e-03 -8.91490218e-04
0.520  3.21619594e-03  8.17161770e-04
0.779  1.72375368e-03  1.61632631e-03
1.039  5.07586780e-04  1.72761962e-03
1.299 -4.06246981e-04  1.40661997e-03
1.559 -9.30499771e-04  7.93095210e-04
1.819 -1.04078968e-03  1.03143850e-04
2.079 -8.01086919e-04 -4.61563075e-04
2.338 -3.63648043e-04 -7.24784059e-04
2.598  1.12521480e-04 -7.16357591e-04
2.858  4.54425735e-04 -4.65267970e-04
3.118  5.90915833e-04 -1.12615495e-04
3.378  5.10320021e-04  2.21166968e-04
3.637  2.47764256e-04  4.42465987e-04
3.897 -6.10278831e-05  4.71291478e-04
4.157 -3.00370576e-04  3.27562453e-04
4.417 -4.07068468e-04  9.08921122e-05
4.677 -3.62813944e-04 -1.50649783e-04
4.937 -1.90879992e-04 -3.14366617e-04
5.196  4.03571664e-05 -3.51270920e-04
5.456  2.24397180e-04 -2.47254659e-04
5.716  3.08554994e-04 -6.03412513e-05
5.976  2.75071250e-04  1.29552759e-04
6.236  1.44291049e-04  2.54558155e-04
6.496 -3.03328889e-05  2.79375418e-04
6.755 -1.80521304e-04  2.02585398e-04
7.015 -2.58587547e-04  5.15986218e-05
7.275 -2.34540729e-04 -1.06251934e-04
7.535 -1.21614217e-04 -2.12450907e-04
7.795  2.53475467e-05 -2.28859014e-04
8.054  1.53537300e-04 -1.59504527e-04
8.314  2.15396996e-04 -4.11580395e-05
8.574  1.95282778e-04  9.03847684e-05
8.834  1.08812255e-04  1.79181001e-04
9.094 -5.46749167e-06  1.93102435e-04
9.354 -1.09560958e-04  1.37109544e-04
9.613 -1.62682857e-04  3.70872309e-05
9.873 -1.49574891e-04 -6.93961145e-05
10.133 -7.91810747e-05 -1.44686930e-04
10.393  2.14366256e-05 -1.62298217e-04
10.653  1.10264534e-04 -1.19164781e-04
10.912  1.52325452e-04 -3.64292427e-05
11.172  1.34069609e-04  5.30214181e-05
11.432  6.65118862e-05  1.16338383e-04
11.692 -2.11900883e-05  1.30032815e-04
11.952 -9.73998957e-05  8.94275974e-05
12.212 -1.35345843e-04  1.28659965e-05
12.471 -1.21501730e-04 -6.74310336e-05
12.731 -6.25231179e-05 -1.19011065e-04
12.991  1.56763127e-05 -1.23805584e-04
13.251  8.17886952e-05 -8.34060473e-05
13.511  1.11627336e-04 -1.47778942e-05
13.771  9.62949901e-05  5.66314440e-05
14.030  4.36803027e-05  1.03338562e-04
14.290 -2.55440127e-05  1.08345299e-04
14.550 -8.37491153e-05  7.16081689e-05
14.810 -1.09523876e-04  8.56129506e-06
15.070 -9.54208793e-05 -5.59339132e-05
15.329 -4.79302485e-05 -9.71448734e-05
15.589  1.42593663e-05 -1.00855310e-04
15.849  6.58252027e-05 -6.72688346e-05
16.109  8.75905228e-05 -1.10447131e-05
16.369  7.35636671e-05  4.56298949e-05
16.629  3.15275854e-05  8.27318910e-05
16.888 -2.13188731e-05  8.80457700e-05
17.148 -6.49615034e-05  6.06280720e-05
17.408 -8.30470374e-05  1.26177072e-05
17.668 -6.89391292e-05 -3.65371633e-05
17.928 -2.90757197e-05 -6.79789212e-05
18.187  2.01913651e-05 -7.01369399e-05
18.447  6.02629083e-05 -4.36167082e-05
18.707  7.66533012e-05 -7.37257903e-08
18.967  6.39470965e-05  4.32248974e-05
19.227  2.82399270e-05  6.94769867e-05
19.487 -1.57856832e-05  6.82296595e-05
19.746 -5.08355415e-05  4.02399933e-05
20.006 -6.34966423e-05 -3.15926061e-06
20.266 -4.97723943e-05 -4.51849636e-05
20.526 -1.57888066e-05 -7.01223169e-05
20.786  2.48582785e-05 -6.94912387e-05
21.045  5.62575481e-05 -4.46883645e-05
21.305  6.65345914e-05 -5.71222846e-06
21.565  5.23500751e-05  3.26407492e-05
21.825  1.94609620e-05  5.59399805e-05
22.085 -1.94338183e-05  5.61386138e-05
22.345 -4.93645654e-05  3.42119992e-05
22.604 -5.95135182e-05 -6.50685435e-07
22.864 -4.68565358e-05 -3.41417832e-05
23.124 -1.69257768e-05 -5.30887630e-05
23.384  1.82333611e-05 -5.06217781e-05
23.644  4.50963012e-05 -2.84107480e-05
23.904  5.38278457e-05  4.52193465e-06
24.163  4.16719166e-05  3.54855771e-05
24.423  1.40569497e-05  5.30555581e-05
24.683 -1.79014056e-05  5.09920148e-05
24.943 -4.20825393e-05  3.07638922e-05
25.203 -4.96272208e-05  8.28200062e-07
25.462 -3.82592468e-05 -2.70501607e-05
25.722 -1.33188948e-05 -4.22740232e-05
25.982  1.49449777e-05 -3.93790415e-05
26.242  3.54409664e-05 -2.02236279e-05
26.502  4.03224291e-05  7.25803035e-06
26.762  2.80738107e-05  3.22993160e-05
27.021  3.82909810e-06  4.52537669e-05
27.281 -2.29444522e-05  4.14768578e-05
27.541 -4.18725755e-05  2.28535855e-05
27.801 -4.58508835e-05 -3.26401805e-06
28.061 -3.37600508e-05 -2.67653243e-05
28.320 -1.04696393e-05 -3.87981953e-05
28.580  1.49305867e-05 -3.53771431e-05
28.840  3.27347160e-05 -1.84591733e-05
29.100  3.65884409e-05  4.97229314e-06
29.360  2.55536227e-05  2.55171606e-05
29.620  4.27633549e-06  3.52945597e-05
29.879 -1.87593295e-05  3.07393464e-05
30.139 -3.47567765e-05  1.37486232e-05
30.399 -3.79899734e-05 -8.91010432e-06
30.659 -2.77112129e-05 -2.85132019e-05
30.919 -8.43513316e-06 -3.78777617e-05
31.179  1.20139286e-05 -3.38515020e-05
31.438  2.57955190e-05 -1.85716798e-05
31.698  2.78157322e-05  1.54826071e-06
31.958  1.76622873e-05  1.86582804e-05
32.218 -2.56855079e-07  2.63051502e-05
32.478 -1.87976420e-05  2.17878473e-05
32.737 -3.07805402e-05  7.26001425e-06
32.997 -3.15882537e-05 -1.14104646e-05
33.257 -2.10941536e-05 -2.69668753e-05
33.517 -3.46911459e-06 -3.34055503e-05
33.777  1.46014972e-05 -2.84238542e-05
34.037  2.63099632e-05 -1.41713701e-05
34.296  2.74690165e-05  3.84650663e-06
34.556  1.80850345e-05  1.87655334e-05
34.816  2.07212160e-06  2.50701926e-05
35.076 -1.41658327e-05  2.07948926e-05
35.336 -2.42487804e-05  7.99059612e-06
35.595 -2.44583724e-05 -8.07800981e-06
35.855 -1.49053407e-05 -2.09279062e-05
36.115  6.23580945e-07 -2.55871936e-05
36.375  1.60773535e-05 -2.03749380e-05
36.635  2.57097302e-05 -7.35914105e-06
36.895  2.62200913e-05  8.37223116e-06
37.154  1.77977500e-05  2.08587488e-05
37.414  4.12503844e-06  2.56258824e-05
37.674 -9.20892157e-06  2.11892648e-05
37.934 -1.70408093e-05  9.66664174e-06
38.194 -1.64309577e-05 -4.12513612e-06
38.453 -7.81961117e-06 -1.47614057e-05
38.713  5.14518011e-06 -1.81725506e-05
38.973  1.72939434e-05 -1.31721264e-05
39.233  2.38697664e-05 -1.96147713e-06
39.493  2.22701034e-05  1.09717254e-05
39.753  1.31673080e-05  2.06207139e-05
40.012  5.17894894e-08  2.32794927e-05
40.272 -1.22306994e-05  1.80805143e-05
40.532 -1.91989906e-05  7.19178384e-06
40.792 -1.85475765e-05 -5.19313132e-06
41.052 -1.09824967e-05 -1.43441354e-05
41.312  2.81484083e-07 -1.68857661e-05
41.571  1.06886884e-05 -1.21381508e-05
41.831  1.61256540e-05 -2.14903286e-06
42.091  1.46147348e-05  9.07323309e-06
42.351  6.87305025e-06  1.70837219e-05
42.611 -4.01410622e-06  1.88723382e-05
42.870 -1.37311456e-05  1.38763771e-05
43.130 -1.85710739e-05  4.08623552e-06
43.390 -1.68065012e-05 -6.64206524e-06
43.650 -9.20681060e-06 -1.42338250e-05
43.910  1.18534638e-06 -1.59889312e-05
44.170  1.03511226e-05 -1.14404251e-05
44.429  1.49416502e-05 -2.58265027e-06
44.689  1.33986128e-05  6.97110169e-06
44.949  6.57747438e-06  1.35472075e-05
45.209 -2.59471302e-06  1.46984322e-05
45.469 -1.04452151e-05  1.01253867e-05
45.728 -1.38969714e-05  1.83078606e-06
45.988 -1.15931983e-05 -6.84666304e-06
46.248 -4.50462267e-06 -1.25111719e-05
46.508  4.60445161e-06 -1.29282629e-05
46.768  1.23034435e-05 -7.98997813e-06
47.028  1.57039113e-05  3.50154893e-07
47.287  1.36558971e-05  8.94839621e-06
47.547  7.13859683e-06  1.45695933e-05
47.807 -1.28104577e-06  1.51928212e-05
48.067 -8.35582826e-06  1.08054234e-05
48.327 -1.14375772e-05  3.22659037e-06
48.587 -9.57192837e-06 -4.55740171e-06
48.846 -3.69539668e-06 -9.53168465e-06
49.106  3.74373650e-06 -9.92694256e-06
49.366  9.68482202e-06 -5.76930848e-06
49.626  1.17706074e-05  1.19749170e-06
49.886  9.19065163e-06  8.11708288e-06
50.145  2.89087914e-06  1.22519230e-05
50.405 -4.71212471e-06  1.20376653e-05
50.665 -1.07584303e-05  7.55417422e-06
50.925 -1.31048253e-05  5.58550765e-07
51.185 -1.10123742e-05 -6.25132287e-06
51.445 -5.46470942e-06 -1.03913208e-05
51.704  1.22740924e-06 -1.04313390e-05
51.964  6.46564473e-06 -6.54493103e-06
52.224  8.28748535e-06 -4.71350487e-07
52.484  6.08366365e-06  5.31041102e-06
52.744  8.96611060e-07  8.51230755e-06
53.003 -5.11815556e-06  7.85180406e-06
53.263 -9.55315188e-06  3.63198806e-06
53.523 -1.05889768e-05 -2.46943569e-06
53.783 -7.77935562e-06 -8.12319680e-06
54.043 -2.17839718e-06 -1.11481327e-05
54.303  4.17988546e-06 -1.04097988e-05
54.562  8.97938695e-06 -6.26029515e-06
54.822  1.05392221e-05 -2.64637554e-07
55.082  8.50790067e-06  5.34963005e-06
55.342  3.85641756e-06  8.54233047e-06
55.602 -1.49189066e-06  8.32748033e-06
55.861 -5.36874774e-06  5.03095272e-06
56.121 -6.30177664e-06  1.20495991e-07
56.381 -4.00790751e-06 -4.30731980e-06
56.641  5.74516248e-07 -6.44407402e-06
56.901  5.58035448e-06 -5.44901331e-06
57.161  9.02358587e-06 -1.67260048e-06
57.420  9.59613625e-06  3.41466786e-06
57.680  7.05945793e-06  7.84216416e-06
57.940  2.38058652e-06  9.97629466e-06
58.200 -2.65344450e-06  9.04518005e-06
58.460 -6.23016792e-06  5.45100815e-06
58.720 -7.12758566e-06  6.40008090e-07
58.979 -5.16244988e-06 -3.57371197e-06
59.239 -1.31024455e-06 -5.66491440e-06
59.499  2.78848924e-06 -4.93213886e-06
59.759  5.47017321e-06 -1.83479959e-06
60.019  5.61991624e-06  2.27491674e-06
60.278  3.17514364e-06  5.72581095e-06
60.538 -8.98066367e-07  7.09168573e-06
60.798 -5.06159377e-06  5.80098966e-06
61.058 -7.72033123e-06  2.35249750e-06
61.318 -7.86978520e-06 -1.98278257e-06
61.578 -5.51808916e-06 -5.59294860e-06
61.837 -1.57181158e-06 -7.14658488e-06
62.097  2.48611540e-06 -6.16941792e-06
62.357  5.13661860e-06 -3.12512737e-06
62.617  5.48896377e-06  7.77772178e-07
62.877  3.54715916e-06  4.00131564e-06
63.136  1.53623774e-07  5.35581222e-06
63.396 -3.27747720e-06  4.42366394e-06
63.656 -5.38212314e-06  1.63875788e-06
63.916 -5.38509098e-06 -1.82404121e-06
64.176 -3.30523855e-06 -4.55557175e-06
64.436  6.56113407e-09 -5.51106838e-06
64.695  3.21607435e-06 -4.32315893e-06
64.955  5.10483291e-06 -1.46892039e-06
65.215  4.96647502e-06  1.89800285e-06
65.475  2.87640754e-06  4.48838722e-06
65.735 -2.92613127e-07  5.32689865e-06
65.995 -3.30044185e-06  4.09450669e-06
66.254 -5.00546852e-06  1.31219647e-06
66.514 -4.74688066e-06 -1.93679678e-06
66.774 -2.66355743e-06 -4.45022014e-06
67.034  4.08445924e-07 -5.29810530e-06
67.294  3.31806285e-06 -4.23435265e-06
67.553  4.97112696e-06 -1.77467988e-06
67.813  4.78590164e-06  1.08872130e-06
68.073  2.93564546e-06  3.21416785e-06
68.333  1.86124480e-07  3.76131835e-06
68.593 -2.36773106e-06  2.56529273e-06
68.853 -3.70707570e-06  1.12528233e-07
69.112 -3.35026924e-06 -2.64430501e-06
69.372 -1.47020854e-06 -4.61324737e-06
69.632  1.20253015e-06 -5.05779970e-06
69.892  3.60739706e-06 -3.84318922e-06
70.152  4.82903422e-06 -1.43124414e-06
70.411  4.44806702e-06  1.23992830e-06
70.671  2.62729301e-06  3.16380973e-06
70.931  9.69978544e-08  3.68481982e-06
71.191 -2.14783092e-06  2.66889410e-06
71.451 -3.29185423e-06  5.83062190e-07
71.711 -2.94148296e-06 -1.67928018e-06
71.970 -1.28106971e-06 -3.22229111e-06
72.230  9.66680078e-07 -3.44343289e-06
72.490  2.90157996e-06 -2.24584921e-06
72.750  3.77272290e-06 -1.26336578e-07
73.010  3.22596021e-06  2.08673768e-06
73.269  1.49909797e-06  3.56427934e-06
73.529 -7.17201836e-07  3.73855674e-06
73.789 -2.58609475e-06  2.57610380e-06
74.049 -3.38358441e-06  5.72336511e-07
74.309 -2.81549696e-06 -1.50232696e-06
74.569 -1.14211239e-06 -2.84181328e-06
74.828  9.97686207e-07 -2.92973912e-06
75.088  2.79211403e-06 -1.77494599e-06
75.348  3.55839513e-06  1.68355510e-07
75.608  3.05926812e-06  2.16115634e-06
75.868  1.52875545e-06  3.43214520e-06
76.128 -4.33793675e-07  3.53654559e-06
76.387 -2.04906452e-06  2.48504362e-06
76.647 -2.71778036e-06  6.97823673e-07
76.907 -2.23969286e-06 -1.10609419e-06
77.167 -8.30464410e-07 -2.23202109e-06
77.427  9.14520961e-07 -2.29615393e-06
77.686  2.27481651e-06 -1.30479868e-06
77.946  2.72873290e-06  3.14497790e-07
78.206  2.09025155e-06  1.87794667e-06
78.466  5.95769352e-07  2.77273742e-06
78.726 -1.16179710e-06  2.64316919e-06
78.986 -2.52950163e-06  1.51957493e-06
79.245 -3.01673362e-06 -1.50287448e-07
79.505 -2.45255470e-06 -1.73601474e-06
79.765 -1.10224000e-06 -2.66538402e-06
80.025  4.82050117e-07 -2.59660473e-06
80.285  1.69971185e-06 -1.59940297e-06
80.544  2.07718495e-06 -1.04399147e-07
80.804  1.48878081e-06  1.31095096e-06
81.064  2.07140863e-07  2.09100168e-06
81.324 -1.26465233e-06  1.93607521e-06
81.584 -2.34564721e-06  9.44196734e-07
81.844 -2.59969919e-06 -4.93052089e-07
82.103 -1.94855547e-06 -1.81968526e-06
82.363 -6.43458525e-07 -2.50691689e-06
82.623  8.33521555e-07 -2.31081444e-06
82.883  1.91585434e-06 -1.32408802e-06
83.143  2.22352353e-06  8.60748792e-08
83.403  1.69010465e-06  1.37217964e-06
83.662  5.41557949e-07  2.06031065e-06
83.922 -7.45250806e-07  1.93954463e-06
84.182 -1.65284569e-06  1.08471703e-06
84.442 -1.85439412e-06 -1.36944343e-07
84.702 -1.28060026e-06 -1.21320231e-06
84.961 -1.66078617e-07 -1.73476445e-06
85.221  1.02494804e-06 -1.50357339e-06
85.481  1.83644563e-06 -6.09239742e-07
85.741  1.96395331e-06  5.71156420e-07
86.001  1.35157605e-06  1.57506084e-06
86.261  2.58590071e-07  2.02263600e-06
86.520 -8.85291099e-07  1.72582100e-06
86.780 -1.65885686e-06  8.07641495e-07
87.040 -1.76343381e-06 -3.70899032e-07
87.300 -1.17662482e-06 -1.38403227e-06
87.560 -1.56792155e-07 -1.85464776e-06
87.819  9.06573956e-07 -1.62271095e-06
88.079  1.60041176e-06 -8.23976215e-07
88.339  1.65187015e-06  2.19610312e-07
88.599  1.06869782e-06  1.09707322e-06
88.859  8.23374217e-08  1.45190208e-06
89.119 -9.34395988e-07  1.16517482e-06
89.378 -1.57942565e-06  3.59015353e-07
89.638 -1.62381761e-06 -6.65965810e-07
89.898 -1.07604204e-06 -1.50552339e-06
90.158 -1.43533638e-07 -1.84913736e-06
90.418  8.04693755e-07 -1.59859816e-06
90.677  1.40875870e-06 -8.57862349e-07
90.937  1.47811798e-06  7.05320525e-08
91.197  1.01287657e-06  8.12696918e-07
91.457  2.27670712e-07  1.10744763e-06
91.717 -5.22090290e-07  8.60345705e-07
91.977 -9.27692878e-07  1.87897837e-07
92.236 -8.12624335e-07 -5.99850403e-07
92.496 -1.90587623e-07 -1.16920574e-06
92.756  6.99320538e-07 -1.27498211e-06
93.016  1.52582954e-06 -8.27099863e-07
93.276  1.99549077e-06  3.09656459e-08
93.536  1.92375045e-06  1.00398356e-06
93.795  1.34310180e-06  1.78050947e-06
94.055  4.80723909e-07  2.10527959e-06
94.315 -3.68434514e-07  1.90145196e-06
94.575 -9.12908730e-07  1.30799239e-06
94.835 -9.85574448e-07  5.75604319e-07
95.094 -6.33217525e-07 -1.30454764e-09
95.354 -4.72092031e-08 -1.91219504e-07
95.614  4.99540795e-07  4.62776309e-08
95.874  7.36475254e-07  5.86503883e-07
96.134  5.45055614e-07  1.19508207e-06
96.394 -1.98716004e-08  1.58507247e-06
96.653 -7.74182813e-07  1.56950120e-06
96.913 -1.43506263e-06  1.12882899e-06
97.173 -1.75905825e-06  3.82931033e-07
97.433 -1.64912648e-06 -4.15843943e-07
97.693 -1.14793082e-06 -9.91555824e-07
97.952 -4.50110878e-07 -1.17929551e-06
98.212  1.67180470e-07 -9.43640960e-07
98.472  4.90579956e-07 -4.04816759e-07
98.732  4.15625800e-07  1.86897727e-07
98.992 -1.82568292e-08  5.91588450e-07
99.252 -6.10947466e-07  6.49797748e-07
99.511 -1.11936548e-06  3.22180386e-07
99.771 -1.34741199e-06 -2.58128044e-07
100.031 -1.18747601e-06 -8.67013273e-07
100.291 -6.97579616e-07 -1.29103367e-06
100.551 -6.44748944e-08 -1.36949410e-06
100.811  4.99515805e-07 -1.08381709e-06
101.070  7.99187654e-07 -5.67667888e-07
101.330  7.45923041e-07 -1.36375685e-08
101.590  4.11290782e-07  3.70461581e-07
101.850 -4.54421290e-08  4.41011170e-07
102.110 -4.22173009e-07  2.06795247e-07
102.369 -5.36640953e-07 -2.13483186e-07
102.629 -3.36889406e-07 -6.36156528e-07
102.889  1.04854707e-07 -8.55425397e-07
103.149  6.34253931e-07 -7.61687792e-07
103.409  1.03786356e-06 -3.73885643e-07
103.669  1.15481831e-06  1.95166791e-07
103.928  9.44955415e-07  7.44385736e-07
104.188  4.67046009e-07  1.07655445e-06
104.448 -1.13124441e-07  1.09447545e-06
104.708 -5.85526632e-07  7.97031981e-07
104.968 -8.08071857e-07  2.96422243e-07
105.227 -7.23651344e-07 -2.10148914e-07
105.487 -3.82058543e-07 -5.54448629e-07
105.747  5.39805292e-08 -6.35910204e-07
106.007  4.10278768e-07 -4.44651573e-07
106.267  5.59413678e-07 -9.68029225e-08
106.527  4.42812712e-07  2.42378885e-07
106.786  1.26786621e-07  4.31592113e-07
107.046 -2.41451694e-07  3.74595846e-07
107.306 -5.14809383e-07  8.68234442e-08
107.566 -5.68040062e-07 -3.11842100e-07
107.826 -3.65202005e-07 -6.77281367e-07
108.085  1.15490448e-08 -8.65625739e-07
108.345  4.31623032e-07 -7.93432502e-07
108.605  7.44760865e-07 -4.97248406e-07
108.865  8.28295567e-07 -8.37352323e-08
109.125  6.68610721e-07  3.03484681e-07
109.385  3.38457128e-07  5.15423258e-07
109.644 -3.86636070e-08  4.89757146e-07
109.904 -3.04265649e-07  2.59385818e-07
110.164 -3.55186339e-07 -8.20234979e-08
110.424 -1.83150364e-07 -3.82190831e-07
110.684  1.53754980e-07 -5.07536006e-07
110.944  5.23348995e-07 -4.09236530e-07
111.203  7.74855197e-07 -1.05764570e-07
111.463  8.23037282e-07  3.03786130e-07
111.723  6.46098022e-07  6.68227432e-07
111.983  3.00536597e-07  8.75469485e-07
112.243 -7.95515981e-08  8.68392428e-07
112.502 -3.68801428e-07  6.58217759e-07
112.762 -4.84678868e-07  3.48357020e-07
113.022 -3.97893594e-07  6.39070980e-08
113.282 -1.74217584e-07 -9.84078228e-08
113.542  7.18430836e-08 -7.80491076e-08
113.802  2.38423920e-07  9.79206596e-08
114.061  2.43512747e-07  3.32253427e-07
114.321  7.74972438e-08  5.23618381e-07
114.581 -1.84565288e-07  5.76165031e-07
114.841 -4.45835068e-07  4.46128882e-07
115.101 -6.02381460e-07  1.80782892e-07
115.360 -5.79019556e-07 -1.32890566e-07
115.620 -3.88696375e-07 -3.89550330e-07
115.880 -1.00256382e-07 -4.88321931e-07
116.140  1.89047828e-07 -4.04018578e-07
116.400  3.63423718e-07 -1.79380694e-07
116.660  3.61641226e-07  1.05892352e-07
116.919  1.95686601e-07  3.34041794e-07
117.179 -7.94741006e-08  4.14444240e-07
117.439 -3.57208181e-07  3.26743719e-07
117.699 -5.28339841e-07  9.63762642e-08
117.959 -5.43059281e-07 -1.93116244e-07
118.219 -3.96940953e-07 -4.27797584e-07
118.478 -1.42984093e-07 -5.35462834e-07
118.738  1.13070421e-07 -4.85726322e-07
118.998  2.85206629e-07 -2.98792179e-07
119.258  3.23123224e-07 -6.17115413e-08
119.518  2.16307084e-07  1.34764789e-07
119.777  2.60990279e-08  2.27719895e-07
120.037 -1.60165989e-07  1.81862718e-07
120.297 -2.73619867e-07  3.04147075e-08
120.557 -2.61533924e-07 -1.48253621e-07
120.817 -1.29671148e-07 -2.83323558e-07
121.077  5.66395268e-08 -3.10411577e-07
121.336  2.27096519e-07 -2.09047295e-07
121.596  3.10005506e-07 -2.68560350e-08
121.856  2.60450469e-07  1.69622286e-07
122.116  1.03276041e-07  3.05741278e-07
122.376 -1.03508222e-07  3.15485733e-07
122.635 -2.87522127e-07  1.96633657e-07
122.895 -3.67433372e-07 -7.38961724e-09
123.155 -3.12256512e-07 -2.32861546e-07
123.415 -1.45013983e-07 -3.91766971e-07
123.675  8.58335996e-08 -4.26864007e-07
123.935  2.96173576e-07 -3.37210249e-07
124.194  4.09689749e-07 -1.50945331e-07
124.454  4.01882759e-07  6.20661817e-08
124.714  2.79081482e-07  2.16791986e-07
124.974  8.97967711e-08  2.69230640e-07
125.234 -8.26802050e-08  2.05874408e-07
125.493 -1.80572670e-07  5.08176357e-08
125.753 -1.74427876e-07 -1.23491926e-07
126.013 -6.44502168e-08 -2.52150157e-07
126.273  9.44520043e-08 -2.94970068e-07
126.533  2.36622300e-07 -2.32245990e-07
126.793  3.16109539e-07 -9.82705718e-08
127.052  2.98824012e-07  4.52179971e-08
127.312  1.98027248e-07  1.49639840e-07
127.572  6.79343948e-08  1.71412195e-07
127.832 -4.21250808e-08  1.03530666e-07
128.092 -8.30031671e-08 -1.08133638e-08
128.352 -2.91035471e-08 -1.23152202e-07
128.611  9.08523858e-08 -1.81725402e-07
128.871  2.31300225e-07 -1.44432261e-07
129.131  3.40308959e-07 -2.16539810e-08
129.391  3.62090668e-07  1.47909084e-07
129.651  2.85331112e-07  3.15988904e-07
129.910  1.36483000e-07  4.18593065e-07
130.170 -4.49792642e-08  4.22711761e-07
130.430 -1.94789587e-07  3.38557645e-07
130.690 -2.62358723e-07  1.92660420e-07
130.950 -2.40447965e-07  4.15291203e-08
131.210 -1.40754581e-07 -5.35433825e-08
131.469 -5.80207367e-09 -6.92667279e-08
131.729  1.00322889e-07 -2.98342670e-09
131.989  1.41487395e-07  1.20177944e-07
132.249  1.02832719e-07  2.40764687e-07
132.509 -8.47881162e-09  3.13943354e-07
132.768 -1.43665175e-07  3.15613936e-07
133.028 -2.53674614e-07  2.36725940e-07
133.288 -3.08249519e-07  1.11231402e-07
133.548 -2.85459214e-07 -1.20593234e-08
133.808 -2.02342572e-07 -9.96120323e-08
134.068 -1.03383308e-07 -1.20921637e-07
134.327 -2.30387263e-08 -7.63484568e-08
134.587  3.93434808e-09 -3.02821991e-09
134.847 -3.68191116e-08  6.48299048e-08
135.107 -1.17663857e-07  9.10957433e-08
135.367 -2.05140217e-07  4.88128216e-08
135.627 -2.63140925e-07 -4.64544146e-08
135.886 -2.54030208e-07 -1.63685916e-07
136.146 -1.78339332e-07 -2.68452327e-07
136.406 -6.12444505e-08 -3.15578585e-07
136.666  6.71891878e-08 -2.89081361e-07
136.926  1.59108920e-07 -2.04638900e-07
137.185  1.83156727e-07 -8.50713201e-08
137.445  1.42854522e-07  2.48383074e-08
137.705  5.14824566e-08  8.22094279e-08
137.965 -5.48345992e-08  7.76966342e-08
138.225 -1.27676595e-07  1.43144926e-08
138.485 -1.46351996e-07 -8.42532748e-08
138.744 -1.04719561e-07 -1.70338637e-07
139.004 -1.28182392e-08 -2.14555222e-07
139.264  8.77905481e-08 -2.03480361e-07
139.524  1.62165524e-07 -1.34236617e-07
139.784  1.91695508e-07 -3.80865904e-08
140.043  1.62881837e-07  4.80627334e-08
140.303  9.42590707e-08  1.02644710e-07
140.563  2.13540393e-08  1.05073602e-07
140.823 -3.29780263e-08  6.09140595e-08
141.083 -4.46071864e-08  1.87698382e-09
141.343 -7.29969756e-09 -4.84248801e-08
141.602  5.29981731e-08 -6.46509706e-08
141.862  1.11944352e-07 -3.02256774e-08
142.122  1.44109346e-07  3.69191055e-08
142.382  1.24020192e-07  1.12433430e-07
142.642  5.89619647e-08  1.71585211e-07
142.901 -2.88473815e-08  1.81931347e-07
143.161 -1.16768322e-07  1.37902112e-07
143.421 -1.68557777e-07  5.63086521e-08
143.681 -1.65371108e-07 -4.45606805e-08
143.941 -1.15527254e-07 -1.29294808e-07
144.201 -3.06897738e-08 -1.68170259e-07
144.460  5.96455974e-08 -1.59724542e-07
144.720  1.19676185e-07 -1.08200248e-07
144.980  1.39082523e-07 -3.36528144e-08
145.240  1.15824542e-07  2.72508489e-08
145.500  5.96100417e-08  5.71904749e-08
145.760  3.84561726e-09  4.96582545e-08
146.019 -2.89066573e-08  4.96579208e-09
146.279 -2.90571950e-08 -4.97000973e-08
146.539  1.06515154e-08 -8.82117467e-08
146.799  7.12391376e-08 -9.85797739e-08
147.059  1.24827757e-07 -6.79751933e-08
147.318  1.57151313e-07 -5.88737142e-09
147.578  1.51592905e-07  6.04143921e-08
147.838  1.07524048e-07  1.14651763e-07
148.098  4.87242347e-08  1.38277237e-07
148.358 -7.29496685e-09  1.21138495e-07
148.618 -4.19760350e-08  8.09897361e-08
148.877 -3.74911155e-08  3.57437168e-08
149.137 -3.80973735e-09  2.71314783e-09
149.397  4.16264576e-08  5.17389576e-09
149.657  8.32808380e-08  4.23174140e-08
149.917  9.47111428e-08  9.87613525e-08
150.176  6.67344442e-08  1.61348387e-07
150.436  1.03977920e-08  2.03221703e-07
150.696 -6.45180439e-08  2.05735530e-07
150.956 -1.34008292e-07  1.73511218e-07
151.216 -1.72327612e-07  1.11977672e-07
151.476 -1.76711216e-07  3.91314402e-08
151.735 -1.47984152e-07 -1.60528998e-08
151.995 -9.61280419e-08 -4.39771048e-08
152.255 -4.91104939e-08 -4.16789784e-08
152.515 -2.18026267e-08 -1.10085819e-08
152.775 -1.95588051e-08  2.44132210e-08
153.035 -4.71277900e-08  4.61003336e-08
153.294 -8.71907745e-08  4.72931408e-08
153.554 -1.19020298e-07  1.87322921e-08
153.814 -1.34577816e-07 -2.96038430e-08
154.074 -1.21907705e-07 -7.63131861e-08
154.334 -8.31530553e-08 -1.11900391e-07
154.593 -3.83621344e-08 -1.23318122e-07
154.853  1.52131996e-09 -1.05224231e-07
155.113  2.37555612e-08 -7.43060020e-08
155.373  1.67317781e-08 -4.28626088e-08
155.633 -7.91320654e-09 -2.25555585e-08
155.893 -3.68289258e-08 -2.96949388e-08
156.152 -5.95837201e-08 -5.91933210e-08
156.412 -5.68186209e-08 -9.76192301e-08
156.672 -2.58925868e-08 -1.35789968e-07
156.932  2.14437049e-08 -1.53159351e-07
157.192  7.75849365e-08 -1.38944531e-07
157.451  1.23047035e-07 -1.00993678e-07
157.711  1.39838749e-07 -4.45272391e-08
157.971  1.30086438e-07  1.47057597e-08
158.231  9.58580808e-08  5.42069947e-08
158.491  4.68228955e-08  6.99949620e-08
158.751  6.19324060e-09  6.11645373e-08
159.010 -1.69602412e-08  3.05024578e-08
159.270 -1.98577350e-08 -1.45453187e-09
159.530  6.04844283e-10 -2.19851610e-08
159.790  2.86937012e-08 -2.75108094e-08
160.050  4.92333817e-08 -1.09909833e-08
160.309  5.81766817e-08  1.76188276e-08
160.569  4.64845067e-08  4.16993780e-08
160.829  1.80366849e-08  5.62948870e-08
161.089 -1.03160854e-08  5.17301754e-08
161.349 -3.20040428e-08  2.58279129e-08
161.609 -3.74788581e-08 -6.05339664e-09
161.868 -1.88274876e-08 -3.54482809e-08
162.128  1.22008336e-08 -5.34762741e-08
162.388  4.57573768e-08 -4.74478076e-08
162.648  7.42326791e-08 -2.36373639e-08
162.908  8.19417706e-08  7.78592850e-09
163.168  6.87027218e-08  4.09752734e-08
163.427  4.38131627e-08  5.94903160e-08
163.687  1.12261886e-08  5.67143924e-08
163.947 -1.40271448e-08  3.98885439e-08
164.207 -1.97823867e-08  1.12118331e-08
164.467 -1.01222581e-08 -1.75170792e-08
164.726  1.42742029e-08 -3.02752774e-08
164.986  4.61459288e-08 -2.72346631e-08
165.246  6.79130766e-08 -7.86326415e-09
165.506  7.56409108e-08  2.56967189e-08
165.766  6.79385806e-08  5.68623861e-08
166.026  4.20430136e-08  7.80688833e-08
166.285  1.11300405e-08  8.75113576e-08
166.545 -1.47514140e-08  7.86284886e-08
166.805 -3.39495748e-08  5.95389041e-08
167.065 -3.80325590e-08  4.14050539e-08
167.325 -2.96310425e-08  2.54126719e-08
167.584 -1.98956567e-08  1.97646737e-08
167.844 -9.81598784e-09  2.67504845e-08
168.104 -5.79111714e-09  3.61512902e-08
168.364 -1.39138277e-08  4.65402613e-08
168.624 -2.57692550e-08  5.41759556e-08
168.884 -3.88811611e-08  5.06247747e-08
169.143 -5.23463810e-08  4.17793091e-08
169.403 -5.70484760e-08  3.15777346e-08
169.663 -5.59727835e-08  1.85410896e-08
169.923 -5.46792006e-08  1.08714807e-08
170.183 -5.03250975e-08  8.44638522e-09
170.443 -4.89745364e-08  4.16292439e-09
170.702 -5.29473889e-08  7.60434829e-10
170.962 -5.39359666e-08 -5.17702834e-09
171.222 -5.29382710e-08 -1.78686001e-08
171.482 -4.88627554e-08 -2.85372523e-08
171.742 -3.60721704e-08 -3.51213855e-08
172.001 -2.26991111e-08 -3.79255434e-08
172.261 -1.45191684e-08 -3.03463317e-08
172.521 -1.11225354e-08 -1.86735372e-08
172.781 -1.97292988e-08 -1.23824172e-08
173.041 -3.70055131e-08 -1.25505886e-08
173.301 -5.05029794e-08 -2.71146129e-08
173.560 -5.60408749e-08 -5.69307605e-08
173.820 -4.42942093e-08 -8.83662239e-08
174.080 -8.75449424e-09 -1.13273353e-07
174.340  3.87873237e-08 -1.20196906e-07
174.600  8.68758170e-08 -9.57141877e-08
174.859  1.21874356e-07 -4.59558101e-08
175.119  1.23102924e-07  1.67350046e-08
175.379  8.73600393e-08  7.77369585e-08
175.639  2.40898517e-08  1.10342998e-07
175.899 -5.36557273e-08  9.96474202e-08
176.159 -1.16220857e-07  4.80044815e-08
176.418 -1.36862716e-07 -3.65464980e-08
176.678 -1.07390134e-07 -1.25989886e-07
176.938 -2.72528836e-08 -1.84190099e-07
177.198  8.25836436e-08 -1.90575886e-07
177.458  1.81494508e-07 -1.32997681e-07
177.717  2.37015186e-07 -1.98784192e-08
177.977  2.23737408e-07  1.10637186e-07
178.237  1.32919606e-07  2.17539995e-07
178.497 -7.90156540e-09  2.62731583e-07
178.757 -1.55368506e-07  2.17708058e-07
179.017 -2.62050573e-07  9.15241385e-08
179.276 -2.80075470e-07 -7.84692227e-08
179.536 -1.93954880e-07 -2.41735898e-07
179.796 -2.57146923e-08 -3.35045086e-07
180.056  1.79698822e-07 -3.15648735e-07
180.316  3.51526144e-07 -1.81633538e-07
180.576  4.21706058e-07  3.77830762e-08
180.835  3.58474300e-07  2.75510292e-07
181.095  1.65416848e-07  4.45525594e-07
181.355 -1.07356998e-07  4.84954214e-07
181.615 -3.68481549e-07  3.64215999e-07
181.875 -5.28857257e-07  1.03026910e-07
182.134 -5.22866592e-07 -2.18576584e-07
182.394 -3.28994904e-07 -4.96899040e-07
182.654  2.33503931e-09 -6.34068890e-07
182.914  3.70376817e-07 -5.62027597e-07
183.174  6.56388448e-07 -2.85168705e-07
183.434  7.48406839e-07  1.19723503e-07
183.693  5.94032928e-07  5.31393156e-07
183.953  2.25271561e-07  8.05759271e-07
184.213 -2.57222652e-07  8.31798315e-07
184.473 -6.97803652e-07  5.80384098e-07
184.733 -9.36070154e-07  1.07294760e-07
184.992 -8.74090466e-07 -4.47425587e-07
185.252 -5.01916248e-07 -8.94724806e-07
185.512  8.59185295e-08 -1.07216185e-06
185.772  7.02184839e-07 -8.91454655e-07
186.032  1.13780389e-06 -3.74102071e-07
186.292  1.22603201e-06  3.30854620e-07
186.551  8.95963765e-07  9.98521963e-07
186.811  2.22020140e-07  1.39886156e-06
187.071 -5.95485134e-07  1.36291230e-06
187.331 -1.29397846e-06  8.61159956e-07
187.591 -1.61846712e-06  2.55329074e-08
187.851 -1.42044795e-06 -8.92261137e-07
188.110 -7.24242316e-07 -1.58198469e-06
188.370  2.79336161e-07 -1.78087851e-06
188.630  1.27201212e-06 -1.37943924e-06
188.890  1.90399460e-06 -4.59231118e-07
189.150  1.92614247e-06  7.11268485e-07
189.409  1.27355575e-06  1.74397406e-06
189.669  1.05238106e-07  2.26962004e-06
189.929 -1.21757288e-06  2.05993299e-06
190.189 -2.25145712e-06  1.11371938e-06
190.449 -2.61533539e-06 -3.07060846e-07
190.709 -2.11733193e-06 -1.75360972e-06
190.968 -8.52751971e-07 -2.73345579e-06
191.228  8.06955529e-07 -2.86348500e-06
191.488  2.32810208e-06 -2.02382394e-06
191.748  3.17132846e-06 -4.25239547e-07
192.008  2.98445308e-06  1.44808160e-06
192.267  1.74933162e-06  2.97068266e-06
192.527 -1.97093211e-07  3.58082446e-06
192.787 -2.24149410e-06  2.99357301e-06
193.047 -3.67760879e-06  1.31075227e-06
193.307 -3.95821610e-06 -9.79478536e-07
193.567 -2.88980656e-06 -3.12879905e-06
193.826 -7.25639771e-07 -4.38086878e-06
194.086  1.87134207e-06 -4.23002596e-06
194.346  4.03590436e-06 -2.60879079e-06
194.606  4.98719328e-06  3.85413921e-08
194.866  4.29467377e-06  2.87452047e-06
195.125  2.06825771e-06  4.93595407e-06
195.385 -1.03641199e-06  5.44524117e-06
195.645 -4.01459594e-06  4.10354295e-06
195.905 -5.82221655e-06  1.23863972e-06
196.165 -5.73848561e-06 -2.27386344e-06
196.425 -3.65278212e-06 -5.26399224e-06
196.684 -1.37078265e-07 -6.64851224e-06
196.944  3.69731890e-06 -5.82842012e-06
197.204  6.53718970e-06 -2.92419244e-06
197.464  7.32362512e-06  1.21400729e-06
197.724  5.63459025e-06  5.23581309e-06
197.984  1.87184479e-06  7.73596375e-06
198.243 -2.80511201e-06  7.74034168e-06
198.503 -6.83563912e-06  5.06561265e-06
198.763 -8.77897940e-06  4.52427376e-07
199.023 -7.81196596e-06 -4.62889508e-06
199.283 -4.06860391e-06 -8.44982760e-06
199.542  1.33590876e-06 -9.59565019e-06
199.802  6.63906178e-06 -7.48452320e-06
200.062  9.99143150e-06 -2.63638506e-06
200.322  1.00942140e-05  3.44675622e-06
200.582  6.70158749e-06  8.73332055e-06
200.842  7.65537148e-07  1.13287348e-05
201.101 -5.81731209e-06  1.01589375e-05
201.361 -1.07949263e-05  5.39175830e-06
201.621 -1.23349746e-05 -1.54672056e-06
201.881 -9.68947361e-06 -8.37645397e-06
202.141 -3.51484489e-06 -1.27139066e-05
202.400  4.25662388e-06 -1.29013655e-05
202.660  1.10159628e-05 -8.61836594e-06
202.920  1.43553773e-05 -1.08557886e-06
203.180  1.29084545e-05  7.26602658e-06
203.440  6.89534675e-06  1.35830562e-05
203.700 -1.85293541e-06  1.55502062e-05
203.959 -1.04521513e-05  1.22305888e-05
204.219 -1.59040045e-05  4.48375362e-06
204.479 -1.61316461e-05 -5.24299763e-06
204.739 -1.07700256e-05 -1.36774037e-05
204.999 -1.38108429e-06 -1.78095193e-05
205.259  8.98848829e-06 -1.59699507e-05
205.518  1.67782180e-05 -8.48287689e-06
205.778  1.91395908e-05  2.34742324e-06
206.038  1.49710568e-05  1.29233357e-05
206.298  5.38387050e-06  1.95479753e-05
206.558 -6.56021806e-06  1.97184420e-05
206.817 -1.68185807e-05  1.30494668e-05
207.077 -2.17409622e-05  1.52251333e-06
207.337 -1.93534963e-05 -1.10829816e-05
207.597 -1.01334239e-05 -2.04337263e-05
207.857  3.02884522e-06 -2.31218703e-05
208.117  1.57356699e-05 -1.78973972e-05
208.376  2.35441872e-05 -6.21923350e-06
208.636  2.35094067e-05  8.13729033e-06
208.896  1.52949710e-05  2.02949205e-05
209.156  1.40417984e-06  2.59185102e-05
209.416 -1.35743696e-05  2.27653259e-05
209.675 -2.44670050e-05  1.15614180e-05
209.935 -2.73052921e-05 -4.13319178e-06
210.195 -2.07701677e-05 -1.90370070e-05
210.455 -6.75303699e-06 -2.79233566e-05
210.715  1.01645216e-05 -2.74594496e-05
210.975  2.42001744e-05 -1.74377266e-05
211.234  3.03564207e-05 -9.77418107e-07
211.494  2.61904176e-05  1.64276406e-05
211.754  1.27660385e-05  2.87504331e-05
212.014 -5.57408117e-06  3.15136795e-05
212.274 -2.26151768e-05  2.34079438e-05
212.533 -3.23756775e-05  6.87783846e-06
212.793 -3.11987368e-05 -1.26045689e-05
213.053 -1.91247347e-05 -2.83520862e-05
213.313 -3.42424897e-09 -3.47488345e-05
213.573  1.97324934e-05 -2.92598037e-05
213.833  3.32214998e-05 -1.34236797e-05
214.092  3.55643979e-05  7.56390917e-06
214.352  2.56092072e-05  2.65434337e-05
214.612  6.45998994e-06  3.68350702e-05
214.872 -1.54749159e-05  3.46022383e-05
215.132 -3.26220789e-05  2.02698876e-05
215.392 -3.88723316e-05 -1.49989652e-06
215.651 -3.17553289e-05 -2.33106175e-05
215.911 -1.34011193e-05 -3.75564362e-05
216.171  1.00704559e-05 -3.90785984e-05
216.431  3.05961688e-05 -2.70285312e-05
216.691  4.09473444e-05 -5.28637350e-06
216.950  3.72726352e-05  1.87842787e-05
217.210  2.05379189e-05  3.68395580e-05
217.470 -3.69788427e-06  4.24453367e-05
217.730 -2.71367473e-05  3.33807369e-05
217.990 -4.15804644e-05  1.25152011e-05
218.250 -4.18072945e-05 -1.31001618e-05
218.509 -2.74732928e-05 -3.46126282e-05
218.769 -3.31956369e-06 -4.44323316e-05
219.029  2.23915056e-05 -3.89293265e-05
219.289  4.07018039e-05 -1.97722872e-05
219.549  4.50987845e-05  6.56621284e-06
219.808  3.38387015e-05  3.09893785e-05
220.068  1.06287938e-05  4.49349703e-05
220.328 -1.65792538e-05  4.33904000e-05
220.588 -3.83237777e-05  2.66949935e-05
220.848 -4.69403917e-05  5.04573506e-07
221.108 -3.92669479e-05 -2.61255774e-05
221.367 -1.78164246e-05 -4.38888207e-05
221.627  1.00360097e-05 -4.64847571e-05
221.887  3.46030409e-05 -3.28683484e-05
222.147  4.72604797e-05 -7.67824571e-06
222.407  4.34874647e-05  2.03518350e-05
222.667  2.45019732e-05  4.14270264e-05
222.926 -3.13140941e-06  4.81229872e-05
223.186 -2.97758555e-05  3.80262414e-05
223.446 -4.60868751e-05  1.46103134e-05
223.706 -4.63142125e-05 -1.39611597e-05
223.966 -3.03441008e-05 -3.76785832e-05
224.225 -3.75236693e-06 -4.82133659e-05
224.485  2.41346857e-05 -4.18636681e-05
224.745  4.35235732e-05 -2.08602953e-05
225.005  4.76165965e-05  7.40492803e-06
225.265  3.50035905e-05  3.29830679e-05
225.525  1.01623540e-05  4.68924250e-05
225.784 -1.81231240e-05  4.42835065e-05
226.044 -3.98863542e-05  2.61451346e-05
226.304 -4.75024657e-05 -1.05148330e-06
226.564 -3.83738116e-05 -2.76708970e-05
226.824 -1.58387534e-05 -4.43389162e-05
227.083  1.20473618e-05 -4.52549484e-05
227.343  3.54003138e-05 -3.02372520e-05
227.603  4.60167411e-05 -4.74779941e-06
227.863  4.02814338e-05  2.20971851e-05
228.123  2.04161163e-05  4.07876406e-05
228.383 -6.37380960e-06  4.48088113e-05
228.642 -3.05059866e-05  3.29364390e-05
228.902 -4.34596354e-05  9.60578100e-06
229.162 -4.08105010e-05 -1.67311620e-05
229.422 -2.37505284e-05 -3.66673545e-05
229.682  1.41180439e-06 -4.32243472e-05
229.941  2.55715045e-05 -3.43085560e-05
230.201  4.01378787e-05 -1.33849987e-05
230.461  4.01044357e-05  1.18417634e-05
230.721  2.57803343e-05  3.22690986e-05
230.981  2.59805627e-06  4.06940575e-05
231.241 -2.09361247e-05  3.43627089e-05
231.500 -3.63708525e-05  1.58880437e-05
231.760 -3.83495895e-05 -7.79530639e-06
232.020 -2.64901860e-05 -2.80325599e-05
232.280 -5.42615276e-06 -3.76098157e-05
232.540  1.69896016e-05 -3.33410424e-05
232.800  3.26027868e-05 -1.71464707e-05
233.059  3.59298956e-05  4.76883046e-06
233.319  2.61074858e-05  2.42740820e-05
233.579  7.09432820e-06  3.43228921e-05
233.839 -1.38946031e-05  3.15185070e-05
234.099 -2.91061091e-05  1.72707461e-05
234.358 -3.31226610e-05 -2.84474813e-06
234.618 -2.48049450e-05 -2.12355662e-05
234.878 -7.60004316e-06 -3.11542853e-05
235.138  1.18412182e-05 -2.91842038e-05
235.398  2.62160234e-05 -1.64184503e-05
235.658  3.03154158e-05  2.05223118e-06
235.917  2.29120687e-05  1.91359896e-05
236.177  7.12697649e-06  2.84554497e-05
236.437 -1.08395219e-05  2.67220557e-05
236.697 -2.41254538e-05  1.49029311e-05
236.957 -2.78137918e-05 -2.23132535e-06
237.216 -2.07496923e-05 -1.80055399e-05
237.476 -5.91087906e-06 -2.64193197e-05
237.736  1.08143473e-05 -2.44146283e-05
237.996  2.29385584e-05 -1.29987466e-05
238.256  2.58652279e-05  3.21375292e-06
238.516  1.86316709e-05  1.78415920e-05
238.775  4.22996108e-06  2.52150714e-05
239.035 -1.16109040e-05  2.25602541e-05
239.295 -2.26700052e-05  1.10464329e-05
239.555 -2.46526468e-05 -4.71604914e-06
239.815 -1.68534216e-05 -1.84942778e-05
240.075 -2.40041318e-06 -2.48662688e-05
240.334  1.29839899e-05 -2.13416038e-05
240.594  2.32180768e-05 -9.32121985e-06
240.854  2.42470291e-05  6.45918561e-06
241.114  1.56297894e-05  1.97710694e-05
241.374  7.12703736e-07  2.53330383e-05
241.633 -1.46572375e-05  2.08851539e-05
241.893 -2.44095313e-05  8.08130904e-06
242.153 -2.46304448e-05 -8.12439367e-06
242.413 -1.51028756e-05 -2.13860465e-05
242.673  5.70120251e-07 -2.64411288e-05
242.933  1.63259082e-05 -2.11697117e-05
243.192  2.59868803e-05 -7.45779671e-06
243.452  2.56609925e-05  9.47876369e-06
243.712  1.52823818e-05  2.30862392e-05
243.972 -1.30009177e-06  2.79987632e-05
244.232 -1.77633419e-05  2.21294315e-05
244.491 -2.77233450e-05  7.53601324e-06
244.751 -2.71924449e-05 -1.03124983e-05
245.011 -1.61611456e-05 -2.45983407e-05
245.271  1.33429219e-06 -2.97499654e-05
245.531  1.87078559e-05 -2.36057508e-05
245.791  2.93030866e-05 -8.30105226e-06
246.050  2.89398125e-05  1.04923545e-05
246.310  1.75561482e-05  2.56760637e-05
246.570 -7.15502663e-07  3.14075052e-05
246.830 -1.90613936e-05  2.53507703e-05
247.090 -3.05323923e-05  9.60680977e-06
247.349 -3.06867734e-05 -1.00283813e-05
247.609 -1.93016015e-05 -2.62044324e-05
247.869 -5.00727025e-07 -3.27839079e-05
248.129  1.87455289e-05 -2.71743289e-05
248.389  3.12218573e-05 -1.13338266e-05
248.649  3.21865046e-05  8.91577094e-06
248.908  2.11663736e-05  2.60436013e-05
249.168  2.17206698e-06  3.36309767e-05
249.428 -1.77711772e-05  2.87779188e-05
249.688 -3.12449831e-05  1.32109345e-05
249.948 -3.32056128e-05 -7.33305026e-06
250.208 -2.28756555e-05 -2.52424308e-05
250.467 -4.05558057e-06 -3.38648317e-05
250.727  1.62905517e-05 -2.99847210e-05
250.987  3.06287896e-05 -1.50339121e-05
251.247  3.36533902e-05  5.44455429e-06
251.507  2.42664098e-05  2.38681783e-05
251.766  5.97821051e-06  3.34311420e-05
252.026 -1.44185945e-05  3.06366171e-05
252.286 -2.93791764e-05  1.65868308e-05
252.546 -3.34140995e-05 -3.45779787e-06
252.806 -2.51221979e-05 -2.20523197e-05
253.066 -7.67416109e-06 -3.23446291e-05
253.325  1.23995650e-05 -3.06228618e-05
253.585  2.76582882e-05 -1.76590381e-05
253.845  3.25311095e-05  1.62416603e-06
254.105  2.53619184e-05  2.00197419e-05
254.365  8.97284881e-06  3.07474907e-05
254.624 -1.04341872e-05  2.99679702e-05
254.884 -2.56339020e-05  1.81617232e-05
255.144 -3.10833370e-05 -1.06164406e-07
255.404 -2.49498280e-05 -1.79497570e-05
255.664 -9.73692153e-06 -2.87709114e-05
255.924  8.72154098e-06 -2.87051398e-05
256.183  2.35055775e-05 -1.80149246e-05
256.443  2.92068903e-05 -9.18664418e-07
256.703  2.39184654e-05  1.60716866e-05
256.963  9.88363443e-06  2.66304919e-05
257.223 -7.43844041e-06  2.69791919e-05
257.483 -2.14903098e-05  1.72559591e-05
257.742 -2.70966871e-05  1.37234386e-06
258.002 -2.23866219e-05 -1.45475429e-05
258.262 -9.42062011e-06 -2.45177820e-05
258.522  6.68590982e-06 -2.49512908e-05
258.782  1.97621171e-05 -1.59609004e-05
259.041  2.49464017e-05 -1.21964000e-06
259.301  2.05047348e-05  1.35138750e-05
259.561  8.40605499e-06  2.26346523e-05
259.821 -6.51509198e-06  2.28304240e-05
260.081 -1.84697087e-05  1.42843808e-05
260.341 -2.29603522e-05  5.20878699e-07
260.600 -1.84713127e-05 -1.30188904e-05
260.860 -6.97834176e-06 -2.11200396e-05
261.120  6.88443537e-06 -2.07968819e-05
261.380  1.76776822e-05 -1.23903521e-05
261.640  2.12812482e-05  6.27971485e-07
261.899  1.64573474e-05  1.30687968e-05
262.159  5.28047707e-06  2.00807886e-05
262.419 -7.73116244e-06  1.90258823e-05
262.679 -1.74285623e-05  1.04727133e-05
262.939 -2.00485845e-05 -2.07409050e-06
263.199 -1.46663122e-05 -1.35983075e-05
263.458 -3.52488894e-06 -1.95561769e-05
263.718  8.89184417e-06 -1.76516046e-05
263.978  1.76461455e-05 -8.72150149e-06
264.238  1.92883607e-05  3.62887231e-06
264.498  1.32106867e-05  1.44710552e-05
264.757  1.86518998e-06  1.94976378e-05
265.017 -1.02246583e-05  1.67229473e-05
265.277 -1.82488526e-05  7.25775333e-06
265.537 -1.90116060e-05 -5.14419735e-06
265.797 -1.21929776e-05 -1.55637828e-05
266.057 -4.66501602e-07 -1.98554579e-05
266.316  1.15473524e-05 -1.62868848e-05
266.576  1.90928538e-05 -6.21815233e-06
266.836  1.91557674e-05  6.42344914e-06
267.096  1.16482811e-05  1.66709739e-05
267.356 -5.46203358e-07  2.04686902e-05
267.616 -1.26808272e-05  1.62628612e-05
267.875 -1.99974171e-05  5.61792456e-06
268.135 -1.95853611e-05 -7.36907705e-06
268.395 -1.15206319e-05 -1.76535164e-05
268.655  1.13893456e-06 -2.12044373e-05
268.915  1.35228449e-05 -1.65694475e-05
269.174  2.08314681e-05 -5.45820089e-06
269.434  2.01875705e-05  7.89685980e-06
269.694  1.17606630e-05  1.83680720e-05
269.954 -1.27548383e-06  2.19002151e-05
270.214 -1.39557538e-05  1.70754955e-05
270.474 -2.14208662e-05  5.67842921e-06
270.733 -2.07773543e-05 -7.98022202e-06
270.993 -1.22206181e-05 -1.87056127e-05
271.253  1.03286994e-06 -2.23956333e-05
271.513  1.39694801e-05 -1.76159139e-05
271.773  2.16787543e-05 -6.15143475e-06
272.032  2.12264296e-05  7.67527408e-06
272.292  1.27731472e-05  1.86394416e-05
272.552 -4.95240973e-07  2.25986495e-05
272.812 -1.35745825e-05  1.80668964e-05
273.072 -2.15391371e-05  6.76421195e-06
273.332 -2.14108923e-05 -7.04182029e-06
273.591 -1.32709913e-05 -1.81540480e-05
273.851 -2.12710527e-07 -2.24188970e-05
274.111  1.28365989e-05 -1.82830489e-05
274.371  2.09907837e-05 -7.35662116e-06
274.631  2.12438505e-05  6.21123145e-06
274.891  1.35780071e-05  1.73201593e-05
275.150  9.46895342e-07  2.18487142e-05
275.410 -1.18684097e-05  1.81855174e-05
275.670 -2.00828008e-05  7.80913123e-06
275.930 -2.06975462e-05 -5.30573059e-06
276.190 -1.36033407e-05 -1.62224520e-05
276.449 -1.58235705e-06 -2.09050693e-05
276.709  1.07895934e-05 -1.77183248e-05
276.969  1.88886373e-05 -8.00717136e-06
277.229  1.97766017e-05  4.46774230e-06
277.489  1.32798974e-05  1.49882322e-05
277.749  1.99616575e-06  1.96649219e-05
278.008 -9.74241427e-06  1.68888384e-05
278.268 -1.75295046e-05  7.88647521e-06
278.528 -1.85497941e-05 -3.81042593e-06
278.788 -1.26046864e-05 -1.37422922e-05
279.048 -2.11815140e-06 -1.82278134e-05
279.307  8.83757862e-06 -1.57388560e-05
279.567  1.61218970e-05 -7.41684390e-06
279.827  1.71005052e-05  3.42519052e-06
280.087  1.15979828e-05  1.26117785e-05
280.347  1.89844337e-06  1.67193710e-05
280.607 -8.18409278e-06  1.43530758e-05
280.866 -1.48060620e-05  6.61896198e-06
281.126 -1.55596632e-05 -3.36086537e-06
281.386 -1.03474423e-05 -1.17021393e-05
281.646 -1.36100193e-06 -1.52682766e-05
281.906  7.82605974e-06 -1.28458726e-05
282.165  1.36744299e-05 -5.56222774e-06
282.425  1.40344891e-05  3.61325912e-06
282.685  8.94059887e-06  1.10717384e-05
282.945  5.41954644e-07  1.39723063e-05
283.205 -7.79331903e-06  1.13229791e-05
283.465 -1.28143634e-05  4.32346532e-06
283.724 -1.26476397e-05 -4.16321434e-06
283.984 -7.50076774e-06 -1.07669117e-05
284.244  4.71814544e-07 -1.29348379e-05
284.504  8.05774330e-06 -9.91957638e-06
284.764  1.22634777e-05 -3.03203423e-06
285.024  1.14918313e-05  4.91897528e-06
285.283  6.14545189e-06  1.07540174e-05
285.543 -1.57227239e-06  1.21860614e-05
285.803 -8.54995836e-06  8.71252000e-06
286.063 -1.20112892e-05  1.78168460e-06
286.323 -1.06142008e-05 -5.80156251e-06
286.582 -4.95963229e-06 -1.09991042e-05
286.842  2.66456195e-06 -1.17513857e-05
287.102  9.19950926e-06 -7.78028548e-06
287.362  1.20387011e-05 -6.85054988e-07
287.622  1.00553201e-05  6.69574244e-06
287.882  4.03755663e-06  1.14185180e-05
288.141 -3.62311911e-06  1.15998819e-05
288.401 -9.88374712e-06  7.15285966e-06
288.661 -1.22552310e-05 -1.75387912e-07
288.921 -9.77720209e-06 -7.49359239e-06
289.181 -3.40066820e-06 -1.19096802e-05
289.440  4.38155496e-06 -1.16619398e-05
289.700  1.05172529e-05 -6.81381452e-06
289.960  1.25853213e-05  7.62579870e-07
290.220  9.74304361e-06  8.12076352e-06
290.480  3.06532903e-06  1.23854082e-05
290.740 -4.87410087e-06  1.18692913e-05
290.999 -1.10002192e-05  6.73922634e-06
291.259 -1.29235214e-05 -1.04686035e-06
291.519 -9.87310661e-06 -8.49722272e-06
291.779 -2.99782010e-06 -1.27345628e-05
292.039  5.07878074e-06 -1.21104755e-05
292.299  1.12610372e-05 -6.84425809e-06
292.558  1.31722813e-05  1.06606022e-06
292.818  1.00714995e-05  8.60553492e-06
293.078  3.13031679e-06  1.28962505e-05
293.338 -5.01492896e-06  1.23035188e-05
293.598 -1.12685409e-05  7.05249588e-06
293.857 -1.32627680e-05 -8.63053379e-07
294.117 -1.02531733e-05 -8.44017077e-06
294.377 -3.39132116e-06 -1.28176643e-05
294.637  4.71605511e-06 -1.23604749e-05
294.897  1.10077288e-05 -7.26652903e-06
295.157  1.31319627e-05  5.15670173e-07
295.416  1.03235590e-05  8.03946802e-06
295.676  3.68244824e-06  1.24864121e-05
295.936 -4.25928668e-06  1.22221257e-05
296.196 -1.05139025e-05  7.40102166e-06
296.456 -1.27639671e-05 -1.10502588e-07
296.715 -1.02250811e-05 -7.46583180e-06
296.975 -3.92386825e-06 -1.19202110e-05
297.235  3.72182475e-06 -1.18581630e-05
297.495  9.83443993e-06 -7.38774076e-06
297.755  1.21611782e-05 -2.65456647e-07
298.015  9.91412557e-06  6.79680050e-06
298.274  4.03557358e-06  1.11635540e-05
298.534 -3.19656309e-06  1.12684026e-05
298.794 -9.04807171e-06  7.18011423e-06
299.054 -1.13685996e-05  5.33412646e-07
299.314 -9.38950937e-06 -6.11839594e-06
299.573 -3.97237650e-06 -1.02863859e-05
299.833  2.75467444e-06 -1.04862422e-05
300.093  8.22970901e-06 -6.76499651e-06
300.353  1.04406637e-05 -6.41314386e-07
300.613  8.66519588e-06  5.50484407e-06
300.873  3.70370933e-06  9.36207864e-06
301.132 -2.46335673e-06  9.55833364e-06
301.392 -7.46604481e-06  6.14756765e-06
301.652 -9.45713895e-06  5.50434855e-07
301.912 -7.79182149e-06 -5.03105924e-06
302.172 -3.23904168e-06 -8.48021801e-06
302.432  2.35745715e-06 -8.56407248e-06
302.691  6.82392557e-06 -5.37825836e-06
302.951  8.49452091e-06 -2.69211656e-07
303.211  6.83416401e-06  4.72961602e-06
303.471  2.61153136e-06  7.69884200e-06
303.731 -2.44555731e-06  7.56733589e-06
303.990 -6.34764148e-06  4.50412012e-06
304.250 -7.61866689e-06 -1.91119567e-07
304.510 -5.85865956e-06 -4.62952514e-06
304.770 -1.86410063e-06 -7.08126535e-06
305.030  2.72218178e-06 -6.65061647e-06
305.290  6.07264258e-06 -3.60248030e-06
305.549  6.89987943e-06  7.78886579e-07
305.809  4.95096260e-06  4.71686934e-06
306.069  1.07519881e-06  6.65557598e-06
306.329 -3.13394882e-06  5.87339048e-06
306.589 -5.98402092e-06  2.74444004e-06
306.848 -6.36186508e-06 -1.43089180e-06
307.108 -4.16031519e-06 -4.95573134e-06
307.368 -3.02505235e-07 -6.42349403e-06
307.628  3.63595150e-06 -5.27081115e-06
307.888  6.06780266e-06 -1.98714969e-06
308.148  6.02671905e-06  2.08687083e-06
308.407  3.54118893e-06  5.30505812e-06
308.667 -3.80017134e-07  6.37651550e-06
308.927 -4.15680448e-06  4.87170848e-06
309.187 -6.27396803e-06  1.39256996e-06
309.447 -5.87807069e-06 -2.66897618e-06
309.707 -3.11629727e-06 -5.69129040e-06
309.966  9.19359564e-07 -6.46237661e-06
310.226  4.63036490e-06 -4.65891229e-06
310.486  6.54107916e-06 -9.79927025e-07
310.746  5.87815406e-06  3.13223472e-06
311.006  2.88225887e-06  6.05852699e-06
311.265 -1.28683172e-06  6.63426756e-06
311.525 -5.00477420e-06  4.61230134e-06
311.785 -6.81115433e-06  7.61889367e-07
312.045 -5.98371109e-06 -3.43259939e-06
312.305 -2.82362417e-06 -6.34211259e-06
312.565  1.46381397e-06 -6.82688690e-06
312.824  5.22970088e-06 -4.68327932e-06
313.084  7.01720895e-06 -7.19195897e-07
313.344  6.12907818e-06  3.55342570e-06
313.604  2.89234128e-06  6.49657053e-06
313.864 -1.46665093e-06  6.98070439e-06
314.123 -5.28752324e-06  4.81464707e-06
314.383 -7.11620541e-06  8.15531676e-07
314.643 -6.25876796e-06 -3.49925845e-06
314.903 -3.03953736e-06 -6.49544373e-06
315.163  1.32055130e-06 -7.04517836e-06
315.423  5.17289432e-06 -4.94745067e-06
315.682  7.07183278e-06 -1.00316098e-06
315.942  6.31468413e-06  3.29369745e-06
316.202  3.20356799e-06  6.33069471e-06
316.462 -1.07453787e-06  6.98156820e-06
316.722 -4.90927863e-06  5.02548074e-06
316.981 -6.87460708e-06  1.22446979e-06
317.241 -6.26008207e-06 -2.98013026e-06
317.501 -3.33313131e-06 -6.01736217e-06
317.761  7.79393437e-07 -6.77371214e-06
318.021  4.52900711e-06 -5.00821235e-06
318.281  6.52773716e-06 -1.42599205e-06
318.540  6.06874176e-06  2.60688521e-06
318.800  3.37800640e-06  5.58242964e-06
319.060 -4.94809355e-07  6.42000895e-06
319.320 -4.08290109e-06  4.86381440e-06
319.580 -6.06068788e-06  1.55369801e-06
319.840 -5.74052192e-06 -2.23351957e-06
320.099 -3.30845696e-06 -5.07602927e-06
320.359  2.68430915e-07 -5.94822124e-06
320.619  3.62225411e-06 -4.58990220e-06
320.879  5.51357320e-06 -1.57964464e-06
321.139  5.29057551e-06  1.90275783e-06
321.398  3.11153752e-06  4.54196139e-06
321.658 -1.35978162e-07  5.38625827e-06
321.918 -3.19564288e-06  4.18841808e-06
322.178 -4.93100514e-06  1.47873827e-06
322.438 -4.74459155e-06 -1.66257038e-06
322.698 -2.78682505e-06 -4.03775897e-06
322.957  1.26473165e-07 -4.78445598e-06
323.217  2.85362883e-06 -3.69079061e-06
323.477  4.37005008e-06 -1.25492908e-06
323.737  4.15256119e-06  1.53707227e-06
323.997  2.36456824e-06  3.60536047e-06
324.256 -2.37280197e-07  4.19009178e-06
324.516 -2.61757500e-06  3.13570363e-06
324.776 -3.86715203e-06  9.25038959e-07
325.036 -3.55368011e-06 -1.53468255e-06
325.296 -1.87082645e-06 -3.27462601e-06
325.556  4.64941232e-07 -3.64609195e-06
325.815  2.50851605e-06 -2.56373963e-06
326.075  3.46501238e-06 -5.13689920e-07
326.335  3.00039990e-06  1.65388648e-06
326.595  1.35279412e-06  3.07048106e-06
326.855 -7.78391614e-07  3.19784369e-06
327.115 -2.52033617e-06  2.02750237e-06
327.374 -3.18364668e-06  6.85444368e-08
327.634 -2.53014203e-06 -1.86429111e-06
327.894 -8.54564791e-07 -2.98772598e-06
328.154  1.13994048e-06 -2.86274311e-06
328.414  2.63452846e-06 -1.55986977e-06
328.673  3.02746073e-06  3.73108634e-07
328.933  2.16797523e-06  2.13910984e-06
329.193  4.14948912e-07  3.01912771e-06
329.453 -1.51113097e-06  2.65598379e-06
329.713 -2.82546879e-06  1.19698562e-06
329.973 -2.99100024e-06 -7.64709058e-07
330.232 -1.93288873e-06 -2.43474642e-06
330.492 -7.25278767e-08 -3.13430995e-06
330.752  1.84529642e-06 -2.56959006e-06
331.012  3.04933926e-06 -9.55102548e-07
331.272  3.04542371e-06  1.07301242e-06
331.531  1.81905545e-06  2.71015832e-06
331.791 -1.57090429e-07  3.29686237e-06
332.051 -2.11090755e-06  2.58421322e-06
332.311 -3.26878855e-06  8.36106887e-07
332.571 -3.16173032e-06 -1.27570648e-06
332.831 -1.81468810e-06 -2.92834937e-06
333.090  2.64567008e-07 -3.46815694e-06
333.350  2.27778761e-06 -2.67124092e-06
333.610  3.44216448e-06 -8.29140352e-07
333.870  3.29882941e-06  1.36070113e-06
334.130  1.88917149e-06  3.05811390e-06
334.389 -2.60429452e-07  3.60783806e-06
334.649 -2.33394773e-06  2.79114191e-06
334.909 -3.54083890e-06  9.07530000e-07
335.169 -3.41935705e-06 -1.33368422e-06
335.429 -2.00834597e-06 -3.08481933e-06
335.689  1.63546443e-07 -3.68512375e-06
335.948  2.27841054e-06 -2.90634667e-06
336.208  3.54359250e-06 -1.04044270e-06
336.468  3.48670755e-06  1.21005124e-06
336.728  2.13240549e-06  3.00361292e-06
336.988 -5.98326688e-09  3.67428647e-06
337.248 -2.12737261e-06  2.97864594e-06
337.507 -3.44482722e-06  1.18804786e-06
337.767 -3.47646789e-06 -1.02160178e-06
338.027 -2.22668315e-06 -2.82833108e-06
338.287 -1.76451714e-07 -3.56829843e-06
338.547  1.90593189e-06 -2.98475893e-06
338.806  3.25086542e-06 -1.31750833e-06
339.066  3.37604307e-06  7.99370432e-07
339.326  2.26260755e-06  2.57666998e-06
339.586  3.47792640e-07  3.36676144e-06
339.846 -1.64479218e-06  2.90479175e-06
340.106 -2.97884172e-06  1.39348661e-06
340.365 -3.18356625e-06 -5.82954618e-07
340.625 -2.21799154e-06 -2.28245648e-06
340.885 -4.72953388e-07 -3.08949187e-06
341.145  1.38237423e-06 -2.73819607e-06
341.405  2.66133580e-06 -1.39730815e-06
341.664  2.91584005e-06  4.02035214e-07
341.924  2.09067651e-06  1.97826975e-06
342.184  5.34185567e-07  2.76060012e-06
342.444 -1.14660827e-06  2.49286896e-06
342.704 -2.32596477e-06  1.31981171e-06
342.964 -2.58952039e-06 -2.81121341e-07
343.223 -1.88161850e-06 -1.69638447e-06
343.483 -5.14473807e-07 -2.40871267e-06
343.743  9.69301317e-07 -2.18620218e-06
344.003  2.00945059e-06 -1.16138868e-06
344.263  2.23746693e-06  2.38689997e-07
344.523  1.61182822e-06  1.46782165e-06
344.782  4.16512644e-07  2.06936519e-06
345.042 -8.64502615e-07  1.84986342e-06
345.302 -1.73698845e-06  9.40270945e-07
345.562 -1.88910382e-06 -2.73203357e-07
345.822 -1.30440430e-06 -1.30555567e-06
346.081 -2.49917640e-07 -1.76597614e-06
346.341  8.37493261e-07 -1.50832253e-06
346.601  1.52821283e-06 -6.72498555e-07
346.861  1.57196192e-06  3.81577970e-07
347.121  9.84854623e-07  1.22243115e-06
347.381  3.15336592e-08  1.52498752e-06
347.640 -8.85932586e-07  1.19320212e-06
347.900 -1.39751083e-06  3.87532908e-07
348.160 -1.31190884e-06 -5.43981784e-07
348.420 -6.84070112e-07 -1.21451832e-06
348.680  2.10173652e-07 -1.35727448e-06
348.939  9.92701750e-07 -9.25958717e-07
349.199  1.34219104e-06 -1.11612176e-07
349.459  1.11943314e-06  7.39028322e-07
349.719  4.22732996e-07  1.27168774e-06
349.979 -4.52717163e-07  1.26572708e-06
350.239 -1.14182082e-06  7.22807473e-07
350.498 -1.35701349e-06 -1.31293515e-07
350.758 -1.00344838e-06 -9.43559230e-07
351.018 -2.22144094e-07 -1.37736069e-06
351.278  6.69595362e-07 -1.24612806e-06
351.538  1.30770085e-06 -5.94207397e-07
351.797  1.42426650e-06  3.20492116e-07
352.057  9.60007408e-07  1.13185061e-06
352.317  9.12265227e-08  1.50748735e-06
352.577 -8.42255771e-07  1.28432910e-06
352.837 -1.46722056e-06  5.38624723e-07
353.097 -1.52514000e-06 -4.45596788e-07
353.356 -9.80263731e-07 -1.28400444e-06
353.616 -3.29777464e-08 -1.64043233e-06
353.876  9.55186783e-07 -1.36434947e-06
354.136  1.59754353e-06 -5.49709125e-07
354.396  1.63713435e-06  4.99766418e-07
354.656  1.04726847e-06  1.38164635e-06
354.915  4.17111158e-08  1.75274875e-06
355.175 -1.00067794e-06  1.46305632e-06
355.435 -1.68161628e-06  6.11359478e-07
355.695 -1.73834298e-06 -4.86603970e-07
355.955 -1.14066399e-06 -1.41680682e-06
356.214 -1.06334370e-07 -1.82762035e-06
356.474  9.78231953e-07 -1.55962887e-06
356.734  1.70779681e-06 -7.07231551e-07
356.994  1.80831521e-06  4.12885151e-07
357.254  1.23880953e-06  1.38477288e-06
357.514  2.10868559e-07  1.84818841e-06
357.773 -8.94262439e-07  1.63033392e-06
358.033 -1.66937037e-06  8.13960611e-07
358.293 -1.82908853e-06 -2.96528111e-07
358.553 -1.31867873e-06 -1.29223649e-06
358.813 -3.32409051e-07 -1.80805281e-06
359.072  7.64715726e-07 -1.65960359e-06
359.332  1.57011519e-06 -9.11045089e-07
359.592  1.79322684e-06  1.56425529e-07
359.852  1.36407904e-06  1.14895493e-06
360.112  4.50998057e-07  1.70567455e-06
360.372 -6.04894741e-07  1.63480077e-06
360.631 -1.41581262e-06  9.77212701e-07
360.891 -1.69483656e-06 -1.47733490e-08
361.151 -1.35681622e-06 -9.71406794e-07
361.411 -5.41601226e-07 -1.54767725e-06
361.671  4.39609478e-07 -1.54899008e-06
361.931  1.22577106e-06 -9.94022328e-07
362.190  1.54162398e-06 -1.04476761e-07
362.450  1.29119511e-06  7.83798360e-07
362.710  5.88805129e-07  1.35127602e-06
362.970 -2.89909898e-07  1.40713745e-06
363.230 -1.01978482e-06  9.54867029e-07
363.489 -1.34450181e-06  1.85204606e-07
363.749 -1.16684811e-06 -6.06609233e-07
364.009 -5.80584855e-07 -1.13282101e-06
364.269  1.77096756e-07 -1.21649009e-06
364.529  8.20737122e-07 -8.55113629e-07
364.789  1.12138180e-06 -2.09958044e-07
365.048  9.92047630e-07  4.64777384e-07
365.308  5.11388421e-07  9.17974176e-07
365.568 -1.18727392e-07  9.97850319e-07
365.828 -6.52700594e-07  7.04060610e-07
366.088 -8.97618651e-07  1.74423610e-07
366.347 -7.85720427e-07 -3.73202139e-07
366.607 -3.88151203e-07 -7.28550157e-07
366.867  1.19884317e-07 -7.72829191e-07
367.127  5.31489273e-07 -5.15309341e-07
367.387  6.94733871e-07 -8.12145913e-08
367.647  5.66678296e-07  3.41625149e-07
367.906  2.21738994e-07  5.84761730e-07
368.166 -1.81384601e-07  5.64798640e-07
368.426 -4.71283667e-07  3.09029541e-07
368.686 -5.35568285e-07 -5.80324687e-08
368.946 -3.60317165e-07 -3.71903014e-07
369.205 -3.43386593e-08 -5.00858082e-07
369.465  2.91490256e-07 -3.95902237e-07
369.725  4.73520997e-07 -1.10382765e-07
369.985  4.32823784e-07  2.23111862e-07
370.245  1.87761786e-07  4.54707091e-07
370.505 -1.51475826e-07  4.79417765e-07
370.764 -4.33968090e-07  2.80482398e-07
371.024 -5.31948266e-07 -5.89948995e-08
371.284 -3.92812131e-07 -3.93066673e-07
371.544 -6.68658020e-08 -5.75118332e-07
371.804  3.12790355e-07 -5.16289088e-07
372.064  5.86692096e-07 -2.27785099e-07
372.323  6.31045371e-07  1.80123495e-07
372.583  4.12334838e-07  5.44216839e-07
372.843  6.61456203e-09  7.10354301e-07
373.103 -4.31563525e-07  5.97157376e-07
373.363 -7.26673738e-07  2.35290832e-07
373.622 -7.50670295e-07 -2.44321552e-07
373.882 -4.80085170e-07 -6.58371416e-07
374.142 -6.50739955e-09 -8.39067295e-07
374.402  4.96391237e-07 -7.04821795e-07
374.662  8.34183473e-07 -2.93935236e-07
374.922  8.69806415e-07  2.48888739e-07
375.181  5.78788750e-07  7.21150482e-07
375.441  5.83356964e-08  9.40499626e-07
375.701 -5.03050911e-07  8.17036912e-07
375.961 -8.95090443e-07  3.85781730e-07
376.221 -9.68071760e-07 -2.01435465e-07
376.480 -6.86763743e-07 -7.29194839e-07
376.740 -1.46429928e-07 -1.00200837e-06
377.000  4.57708362e-07 -9.14896419e-07
377.260  9.05542601e-07 -4.92690791e-07
377.520  1.03208375e-06  1.13883930e-07
377.780  7.86408561e-07  6.85770505e-07
378.039  2.55160245e-07  1.01613550e-06
378.299 -3.70322890e-07  9.82791852e-07
378.559 -8.65729000e-07  5.96541700e-07
378.819 -1.05167042e-06 -2.80667370e-09
379.079 -8.61160633e-07 -6.00725553e-07
379.339 -3.65055098e-07 -9.82500784e-07
379.598  2.58214532e-07 -1.01172087e-06
379.858  7.85284237e-07 -6.81865401e-07
380.118  1.02790510e-06 -1.13665371e-07
380.378  9.04013453e-07  4.88577928e-07
380.638  4.62797292e-07  9.09093849e-07
380.897 -1.35340188e-07  1.00206746e-06
381.157 -6.74659208e-07  7.40935646e-07
381.417 -9.65564318e-07  2.23682449e-07
381.677 -9.11583795e-07 -3.60854467e-07
381.937 -5.38510761e-07 -8.04493660e-07
382.197  1.41838852e-08 -9.55682439e-07
382.456  5.46511501e-07 -7.68089842e-07
382.716  8.73317737e-07 -3.16730327e-07
382.976  8.85683832e-07  2.31216578e-07
383.236  5.88249207e-07  6.81927463e-07
383.496  9.62219532e-08  8.81196361e-07
383.755 -4.12740538e-07  7.66954511e-07
384.015 -7.61487216e-07  3.91108661e-07
384.275 -8.33538221e-07 -1.06214376e-07
384.535 -6.15174214e-07 -5.49008062e-07
384.795 -1.93825334e-07 -7.85195479e-07
385.055  2.78113961e-07 -7.41979219e-07
385.314  6.35389819e-07 -4.46864610e-07
385.574  7.60199549e-07 -1.07621889e-08
385.834  6.21401847e-07  4.10661216e-07
386.094  2.77342199e-07  6.73880613e-07
386.354 -1.45856905e-07  6.98276372e-07
386.613 -5.00521525e-07  4.86503138e-07
386.873 -6.71953642e-07  1.20611386e-07
387.133 -6.11979007e-07 -2.68329990e-07
387.393 -3.51251906e-07 -5.50739264e-07
387.653  1.28130529e-08 -6.39408681e-07
387.913  3.55867495e-07 -5.14201374e-07
388.172  5.68430339e-07 -2.27826444e-07
388.432  5.87719962e-07  1.18713104e-07
388.692  4.18101120e-07  4.12777769e-07
388.952  1.23728234e-07  5.63194023e-07
389.212 -1.98161948e-07  5.30110597e-07
389.472 -4.46070819e-07  3.33877774e-07
389.731 -5.47065377e-07  4.11488892e-08
389.991 -4.78288418e-07 -2.55277523e-07
390.251 -2.66373992e-07 -4.65727070e-07
390.511  2.15180336e-08 -5.32187660e-07
390.771  2.97890351e-07 -4.39143025e-07
391.030  4.83849444e-07 -2.16078361e-07
391.290  5.27395628e-07  7.00595055e-08
391.550  4.15374018e-07  3.37725395e-07
391.810  1.79543439e-07  5.11184130e-07
392.070 -1.15053523e-07  5.37896699e-07
392.330 -3.86860377e-07  4.06309657e-07
392.589 -5.55303234e-07  1.48280679e-07
392.849 -5.65795405e-07 -1.68969687e-07
393.109 -4.06052934e-07 -4.54767905e-07
393.369 -1.10123102e-07 -6.20784841e-07
393.629  2.42957963e-07 -6.07924601e-07
393.888  5.48507929e-07 -4.03227045e-07
394.148  7.07591767e-07 -5.22899416e-08
394.408  6.54603486e-07  3.46883220e-07
394.668  3.84003504e-07  6.71906919e-07
394.928 -3.77988401e-08  8.09174190e-07
395.188 -4.88800607e-07  6.92332399e-07
395.447 -8.22794417e-07  3.33964329e-07
395.707 -9.13914454e-07 -1.71994210e-07
395.967 -7.06031252e-07 -6.71449662e-07
396.227 -2.38264077e-07 -9.92626142e-07
396.487  3.58077030e-07 -1.00707896e-06
396.747  8.90456107e-07 -6.78574093e-07
397.006  1.16819015e-06 -8.39458684e-08
397.266  1.07024511e-06  5.97215221e-07
397.526  5.92097923e-07  1.13595500e-06
397.786 -1.36872111e-07  1.33161443e-06
398.046 -8.84978128e-07  1.08204054e-06
398.305 -1.39308510e-06  4.31948244e-07
398.565 -1.46045060e-06 -4.26574533e-07
398.825 -1.02227066e-06 -1.21165989e-06
399.085 -1.88619860e-07 -1.64092997e-06
399.345  7.81996422e-07 -1.53083491e-06
399.605  1.56016526e-06 -8.74633287e-07
