0.256  5.71262912e-03 -9.04791566e-04
0.512  3.25829274e-03  8.40437741e-04
0.768  1.76326908e-03  1.63143996e-03
1.024  5.06328147e-04  1.74544261e-03
1.280 -4.09393216e-04  1.43604384e-03
1.536 -9.46952115e-04  7.98713741e-04
1.792 -1.05492863e-03  9.95211879e-05
2.048 -8.08547032e-04 -4.59784195e-04
2.304 -3.67868478e-04 -7.39258428e-04
2.560  1.07050195e-04 -7.19960858e-04
2.816  4.54612246e-04 -4.84119977e-04
3.072  6.02818385e-04 -1.11469000e-04
3.328  5.13387941e-04  2.43464608e-04
3.584  2.55558169e-04  4.40548495e-04
3.840 -6.03420606e-05  4.74922159e-04
4.096 -3.07429901e-04  3.39045727e-04
4.352 -4.23000341e-04  9.39452911e-05
4.608 -3.64649398e-04 -1.61205141e-04
4.864 -1.87695096e-04 -3.23340570e-04
5.120  4.18862962e-05 -3.51188022e-04
5.376  2.29432437e-04 -2.46454713e-04
5.632  3.22911719e-04 -6.10991046e-05
5.888  2.90001249e-04  1.31370764e-04
6.144  1.46696144e-04  2.64542067e-04
6.400 -3.80158426e-05  2.87112671e-04
6.656 -1.88575119e-04  1.99532023e-04
6.912 -2.57808830e-04  4.75080781e-05
7.168 -2.30087853e-04 -1.05597548e-04
7.424 -1.17135595e-04 -2.10451166e-04
7.680  2.75646834e-05 -2.34534758e-04
7.936  1.52045261e-04 -1.70237061e-04
8.192  2.14201229e-04 -4.87232064e-05
8.448  1.94050689e-04  8.48240480e-05
8.704  1.07632964e-04  1.76584752e-04
8.960 -1.12246532e-05  1.95788020e-04
9.216 -1.17545001e-04  1.39565722e-04
9.472 -1.69110829e-04  3.59904175e-05
9.728 -1.50867970e-04 -7.42392910e-05
9.984 -7.56505637e-05 -1.53714828e-04
10.240  2.41671803e-05 -1.70574731e-04
10.496  1.10367023e-04 -1.22520550e-04
10.752  1.51908627e-04 -3.43945378e-05
11.008  1.34095898e-04  5.99069625e-05
11.264  6.60947986e-05  1.23936144e-04
11.520 -2.33345699e-05  1.36096959e-04
11.776 -1.01408962e-04  9.45393379e-05
12.032 -1.41312836e-04  1.74644810e-05
12.288 -1.27749439e-04 -6.51518740e-05
12.544 -6.86411510e-05 -1.20346847e-04
12.800  1.07735066e-05 -1.27738425e-04
13.056  7.95282577e-05 -8.84225943e-05
13.312  1.11222542e-04 -1.87822658e-05
13.568  9.70492930e-05  5.53448182e-05
13.824  4.57415783e-05  1.06371845e-04
14.080 -2.20943428e-05  1.16115969e-04
14.336 -8.08098269e-05  8.27418049e-05
14.592 -1.08270829e-04  2.06150288e-05
14.848 -9.45700071e-05 -4.51536330e-05
15.104 -4.61036177e-05 -8.94890774e-05
15.360  1.75413210e-05 -9.72233188e-05
15.616  7.06140714e-05 -6.81208598e-05
15.872  9.35539410e-05 -1.45005397e-05
16.128  7.91996750e-05  4.18350528e-05
16.384  3.40510181e-05  7.93784456e-05
16.640 -2.37374299e-05  8.44703014e-05
16.896 -7.15152459e-05  5.59628765e-05
17.152 -9.16427502e-05  5.99560409e-06
17.408 -7.75217042e-05 -4.51445285e-05
17.664 -3.60274563e-05 -7.75154201e-05
17.920  1.64397480e-05 -7.92277918e-05
18.176  6.05345511e-05 -5.02099213e-05
18.432  7.97897786e-05 -2.49958694e-06
18.688  6.73763910e-05  4.49471999e-05
18.944  2.96908254e-05  7.38835612e-05
19.200 -1.70315616e-05  7.42169589e-05
19.456 -5.43337954e-05  4.75599191e-05
19.712 -6.87397511e-05  5.03558743e-06
19.968 -5.59202276e-05 -3.72792836e-05
20.224 -2.15294471e-05 -6.36784031e-05
20.480  2.09616303e-05 -6.48464285e-05
20.736  5.52681930e-05 -4.13048032e-05
20.992  6.87952512e-05 -2.62636924e-06
21.248  5.74017112e-05  3.59970940e-05
21.504  2.62224910e-05  5.98361793e-05
21.760 -1.23962385e-05  6.08050896e-05
22.016 -4.34790619e-05  3.98291897e-05
22.272 -5.58483652e-05  5.98953069e-06
22.528 -4.56934219e-05 -2.68142668e-05
22.784 -1.77704921e-05 -4.59249193e-05
23.040  1.60144615e-05 -4.40635593e-05
23.296  4.18287751e-05 -2.20225261e-05
23.552  4.95958361e-05  1.12075211e-05
23.808  3.66067261e-05  4.23049910e-05
24.064  8.33998782e-06  5.93702668e-05
24.320 -2.39090934e-05  5.60540981e-05
24.576 -4.77490299e-05  3.40428267e-05
24.832 -5.42087865e-05  2.28607012e-06
25.088 -4.12843926e-05 -2.70104076e-05
25.344 -1.45628980e-05 -4.30790294e-05
25.600  1.55541030e-05 -4.04724422e-05
25.856  3.77676114e-05 -2.12111859e-05
26.112  4.39181663e-05  6.66897207e-06
26.368  3.22716879e-05  3.23947021e-05
26.624  7.91874956e-06  4.62385857e-05
26.880 -1.95484558e-05  4.32659137e-05
27.136 -3.95021349e-05  2.50673117e-05
27.392 -4.45517460e-05 -1.07581108e-06
27.648 -3.33764653e-05 -2.48978139e-05
27.904 -1.07523596e-05 -3.72945114e-05
28.160  1.43196960e-05 -3.40831279e-05
28.416  3.21497850e-05 -1.71471198e-05
28.672  3.62952506e-05  6.45726650e-06
28.928  2.57189920e-05  2.72109989e-05
29.184  4.99066700e-06  3.71507252e-05
29.440 -1.74275786e-05  3.27231687e-05
29.696 -3.27640371e-05  1.58820460e-05
29.952 -3.53167911e-05 -6.61225137e-06
30.208 -2.43531871e-05 -2.60662154e-05
30.464 -4.47127909e-06 -3.52597374e-05
30.720  1.63755571e-05 -3.09390179e-05
30.976  3.01905042e-05 -1.51097821e-05
31.232  3.17343791e-05  5.77350539e-06
31.488  2.05581588e-05  2.36285295e-05
31.744  1.19205054e-06  3.17278752e-05
32.000 -1.89313975e-05  2.72035363e-05
32.256 -3.22738117e-05  1.22126368e-05
32.512 -3.39553491e-05 -7.25344923e-06
32.768 -2.37363379e-05 -2.37568395e-05
33.024 -5.83074622e-06 -3.10526078e-05
33.280  1.28703068e-05 -2.66576932e-05
33.536  2.52972991e-05 -1.27099002e-05
33.792  2.70722791e-05  5.14743944e-06
34.048  1.81714007e-05  1.98330269e-05
34.304  2.58633467e-06  2.56752910e-05
34.560 -1.32236436e-05  2.07037735e-05
34.816 -2.28826121e-05  7.07571725e-06
35.072 -2.27070994e-05 -9.79555668e-06
35.328 -1.28689447e-05 -2.32952282e-05
35.584  2.76530532e-06 -2.83904298e-05
35.840  1.80682456e-05 -2.33953001e-05
36.096  2.72508076e-05 -1.04190385e-05
36.352  2.70476953e-05  5.35859320e-06
36.608  1.77456454e-05  1.78772726e-05
36.864  3.14648070e-06  2.25792807e-05
37.120 -1.10218884e-05  1.79255438e-05
37.376 -1.94534844e-05  6.04804371e-06
37.632 -1.90993630e-05 -8.13622605e-06
37.888 -1.03459190e-05 -1.90648559e-05
38.144  3.14071131e-06 -2.25364743e-05
38.400  1.60931873e-05 -1.72724585e-05
38.656  2.36010012e-05 -5.46732317e-06
38.912  2.28956234e-05  8.30839214e-06
39.168  1.45155093e-05  1.88917956e-05
39.424  1.90542166e-06  2.23735690e-05
39.680 -1.00271101e-05  1.77209876e-05
39.936 -1.66853554e-05  7.05638909e-06
40.192 -1.56790839e-05 -5.35259531e-06
40.448 -7.70708077e-06 -1.46274275e-05
40.704  3.95154362e-06 -1.72338758e-05
40.960  1.46345105e-05 -1.23943228e-05
41.216  2.01235665e-05 -2.15009142e-06
41.472  1.83899170e-05  9.42191075e-06
41.728  1.01761061e-05  1.77657667e-05
41.984 -1.33067753e-06  1.97654925e-05
42.240 -1.16591615e-05  1.48128301e-05
42.496 -1.69577689e-05  4.93228649e-06
42.752 -1.54218292e-05 -5.92771653e-06
43.008 -7.82613728e-06 -1.35795189e-05
43.264  2.69578159e-06 -1.52317206e-05
43.520  1.19735327e-05 -1.03865417e-05
43.776  1.65100015e-05 -1.09572630e-06
44.032  1.46563020e-05  8.88992344e-06
44.288  7.26019714e-06  1.57304021e-05
44.544 -2.67035430e-06  1.68401274e-05
44.800 -1.13173918e-05  1.18560739e-05
45.056 -1.54421864e-05  2.82401327e-06
45.312 -1.35639304e-05 -6.78362080e-06
45.568 -6.61125969e-06 -1.33985643e-05
45.824  2.60129914e-06 -1.46231516e-05
46.080  1.05246045e-05 -1.02418894e-05
46.336  1.41297058e-05 -2.18888942e-06
46.592  1.21684275e-05  6.33210206e-06
46.848  5.60919758e-06  1.19840951e-05
47.104 -2.91235494e-06  1.26527966e-05
47.360 -1.00376895e-05  8.28470158e-06
47.616 -1.30106149e-05  7.21814761e-07
47.872 -1.08226341e-05 -6.98020363e-06
48.128 -4.43456156e-06 -1.17259640e-05
48.384  3.61357106e-06 -1.17036407e-05
48.640  1.01338057e-05 -6.96255748e-06
48.896  1.26529802e-05  6.73348900e-07
49.152  1.02945403e-05  8.23267835e-06
49.408  4.00127441e-06  1.28609824e-05
49.664 -3.75206069e-06  1.29130894e-05
49.920 -1.00082584e-05  8.44537969e-06
50.176 -1.25259678e-05  1.25619372e-06
50.432 -1.04958747e-05 -5.85833395e-06
50.688 -4.88073486e-06 -1.02904014e-05
50.944  1.96647917e-06 -1.04990927e-05
51.200  7.35820064e-06 -6.59527240e-06
51.456  9.23088163e-06 -3.29527613e-07
51.712  6.89987002e-06  5.74074463e-06
51.968  1.39272879e-06  9.21595250e-06
52.224 -5.08143606e-06  8.70805797e-06
52.480 -1.00173671e-05  4.45979392e-06
52.736 -1.14885531e-05 -1.84766647e-06
52.992 -8.97148781e-06 -7.83139540e-06
53.248 -3.49954996e-06 -1.12334737e-05
53.504  2.86313572e-06 -1.08527143e-05
53.760  7.74097530e-06 -7.01281568e-06
54.016  9.39036114e-06 -1.29095230e-06
54.272  7.42267247e-06  4.04647739e-06
54.528  2.80935765e-06  6.91333999e-06
54.784 -2.49329045e-06  6.29980723e-06
55.040 -6.26455422e-06  2.54908258e-06
55.296 -6.98691224e-06 -2.81425947e-06
55.552 -4.36410481e-06 -7.60918214e-06
55.808  6.40282272e-07 -9.94088090e-06
56.064  6.09962954e-06 -8.91066585e-06
56.320  9.94567351e-06 -4.85558538e-06
56.576  1.07966838e-05  7.15644409e-07
56.832  8.37198017e-06  5.74893059e-06
57.088  3.64249223e-06  8.51008703e-06
57.344 -1.55215940e-06  8.13959946e-06
57.600 -5.31935285e-06  4.98800552e-06
57.856 -6.35819661e-06  5.00715855e-07
58.112 -4.43190297e-06 -3.46676772e-06
58.368 -5.08963371e-07 -5.33023251e-06
58.624  3.72926142e-06 -4.33686206e-06
58.880  6.55169092e-06 -9.28057823e-07
59.136  6.77515093e-06  3.51891914e-06
59.392  4.29589323e-06  7.27959080e-06
59.648  8.30692727e-08  8.86795541e-06
59.904 -4.28574657e-06  7.67058067e-06
60.160 -7.15797328e-06  4.18275337e-06
60.416 -7.47577809e-06 -2.90702355e-07
60.672 -5.22204884e-06 -4.08083352e-06
60.928 -1.31317543e-06 -5.79462960e-06
61.184  2.73146309e-06 -4.91701195e-06
61.440  5.34353962e-06 -1.90574265e-06
61.696  5.59374146e-06  2.00494198e-06
61.952  3.47727132e-06  5.22964228e-06
62.208 -1.40269173e-07  6.53030773e-06
62.464 -3.79498680e-06  5.46288647e-06
62.720 -6.06307445e-06  2.46518586e-06
62.976 -6.12450858e-06 -1.25291763e-06
63.232 -3.98326544e-06 -4.22524373e-06
63.488 -5.11432150e-07 -5.35104563e-06
63.744  2.90218159e-06 -4.22708400e-06
64.000  4.97131183e-06 -1.32562065e-06
64.256  4.93120039e-06  2.16882784e-06
64.512  2.82412009e-06  4.91347756e-06
64.768 -4.72890040e-07  5.87805546e-06
65.024 -3.68205865e-06  4.70378014e-06
65.280 -5.60901848e-06  1.90223233e-06
65.536 -5.54234913e-06 -1.41963626e-06
65.792 -3.59079623e-06 -4.01683729e-06
66.048 -5.91640137e-07 -4.91361573e-06
66.304  2.27883901e-06 -3.83289479e-06
66.560  3.89048669e-06 -1.28947221e-06
66.816  3.63092643e-06  1.69757316e-06
67.072  1.66623004e-06  3.94353822e-06
67.328 -1.21818605e-06  4.56393594e-06
67.584 -3.88964048e-06  3.36894935e-06
67.840 -5.28566021e-06  8.48906174e-07
68.096 -4.89482409e-06 -2.01551731e-06
68.352 -2.88836462e-06 -4.08947440e-06
68.608 -2.27624072e-08 -4.59684779e-06
68.864  2.59409077e-06 -3.38505161e-06
69.120  3.99338470e-06 -9.24814986e-07
69.376  3.71748424e-06  1.81202231e-06
69.632  1.91674517e-06  3.77080850e-06
69.888 -6.62321696e-07  4.25432831e-06
70.144 -2.98434204e-06  3.10795561e-06
70.400 -4.18756267e-06  8.05646538e-07
70.656 -3.84328476e-06 -1.72404152e-06
70.912 -2.12193820e-06 -3.53589532e-06
71.168  2.40167491e-07 -3.98249264e-06
71.424  2.30902518e-06 -2.93902034e-06
71.680  3.29640709e-06 -9.01500190e-07
71.936  2.82006947e-06  1.27649666e-06
72.192  1.11099011e-06  2.72914898e-06
72.448 -1.12123259e-06  2.85394854e-06
72.704 -3.00544517e-06  1.59824337e-06
72.960 -3.78049594e-06 -5.36025281e-07
73.216 -3.12527961e-06 -2.75114730e-06
73.472 -1.29676734e-06 -4.20374265e-06
73.728  1.04573734e-06 -4.34211432e-06
73.984  3.05499056e-06 -3.15764664e-06
74.240  4.00796268e-06 -1.11094844e-06
74.496  3.63855081e-06  1.03383684e-06
74.752  2.17398937e-06  2.46900233e-06
75.008  2.27354894e-07  2.71682118e-06
75.264 -1.39255381e-06  1.77253742e-06
75.520 -2.05324258e-06  6.07043762e-08
75.776 -1.53351509e-06 -1.67746061e-06
76.032 -4.64099806e-08 -2.71568899e-06
76.288  1.79636109e-06 -2.64547718e-06
76.544  3.24357983e-06 -1.46476353e-06
76.800  3.74318115e-06  3.87800949e-07
77.056  3.09115980e-06  2.19841104e-06
77.312  1.52355428e-06  3.31743659e-06
77.568 -3.46519076e-07  3.35942406e-06
77.824 -1.83346573e-06  2.33960804e-06
78.080 -2.41562771e-06  7.11691268e-07
78.336 -1.90154274e-06 -8.69848398e-07
78.592 -5.54836328e-07 -1.80307246e-06
78.848  1.05333536e-06 -1.72048586e-06
79.104  2.29280655e-06 -6.79756917e-07
79.360  2.65987927e-06  8.80373552e-07
79.616  2.00816216e-06  2.36000999e-06
79.872  6.09104030e-07  3.17554757e-06
80.128 -1.01733907e-06  3.00273605e-06
80.384 -2.26268191e-06  1.93031599e-06
80.640 -2.66024910e-06  3.58870079e-07
80.896 -2.11087523e-06 -1.13352384e-06
81.152 -8.61707053e-07 -1.98859453e-06
81.408  5.94949444e-07 -1.93706153e-06
81.664  1.67168401e-06 -1.06053285e-06
81.920  1.96641254e-06  2.70522816e-07
82.176  1.40135741e-06  1.49297258e-06
82.432  2.04633738e-07  2.11180572e-06
82.688 -1.13190208e-06  1.90214523e-06
82.944 -2.06726594e-06  9.37573608e-07
83.200 -2.25492567e-06 -4.02390616e-07
83.456 -1.61797528e-06 -1.58115837e-06
83.712 -3.98026038e-07 -2.16369261e-06
83.968  9.17918600e-07 -1.93515946e-06
84.224  1.84330905e-06 -9.81722288e-07
84.480  2.04709040e-06  3.05820878e-07
84.736  1.45697208e-06  1.43815174e-06
84.992  3.32183725e-07  2.00673198e-06
85.248 -8.80929327e-07  1.80008908e-06
85.504 -1.73700870e-06  9.30348091e-07
85.760 -1.91330426e-06 -2.35654838e-07
86.016 -1.37089062e-06 -1.25582443e-06
86.272 -3.66482522e-07 -1.73341926e-06
86.528  6.99918249e-07 -1.49214036e-06
86.784  1.39893624e-06 -6.63704021e-07
87.040  1.44116466e-06  4.21259129e-07
87.296  8.26915504e-07  1.33587399e-06
87.552 -2.07019067e-07  1.70516477e-06
87.808 -1.27382967e-06  1.39825737e-06
88.064 -1.95256339e-06  5.38351900e-07
88.320 -1.99862413e-06 -5.62138154e-07
88.576 -1.41688920e-06 -1.47941856e-06
88.832 -4.23443941e-07 -1.88233122e-06
89.088  5.93752792e-07 -1.66139697e-06
89.344  1.25028051e-06 -9.21791009e-07
89.600  1.33642134e-06  2.07437437e-08
89.856  8.44605709e-07  7.69324379e-07
90.112 -5.35876175e-09  1.03986310e-06
90.368 -8.39422993e-07  7.23404956e-07
90.624 -1.32411584e-06 -6.67609999e-08
90.880 -1.26137354e-06 -1.00955856e-06
91.136 -6.50754550e-07 -1.75007689e-06
91.392  2.70647117e-07 -2.02087675e-06
91.648  1.16171361e-06 -1.71348258e-06
91.904  1.71495094e-06 -9.62162005e-07
92.160  1.73248651e-06 -6.48135232e-08
92.416  1.23911509e-06  6.58468887e-07
92.672  4.64634900e-07  9.42970500e-07
92.928 -2.86952990e-07  7.05977290e-07
93.184 -7.14159916e-07  9.02715426e-08
93.440 -6.42822805e-07 -6.41448639e-07
93.696 -1.22628936e-07 -1.18014719e-06
93.952  6.41003271e-07 -1.28088125e-06
94.208  1.35495716e-06 -8.98470387e-07
94.464  1.72600210e-06 -1.65794362e-07
94.720  1.61784427e-06  6.64940226e-07
94.976  1.07970845e-06  1.28236145e-06
95.232  3.01537270e-07  1.47473659e-06
95.488 -4.18292986e-07  1.20649976e-06
95.744 -8.15101934e-07  5.92314022e-07
96.000 -7.74229380e-07 -1.10155686e-07
96.256 -3.28679543e-07 -6.10652321e-07
96.512  3.27745814e-07 -7.29104119e-07
96.768  9.09072027e-07 -4.20001839e-07
97.024  1.18943387e-06  1.99819341e-07
97.280  1.05480387e-06  8.74298964e-07
97.536  5.39927643e-07  1.35206434e-06
97.792 -1.51713180e-07  1.46334943e-06
98.048 -7.66774174e-07  1.16202897e-06
98.304 -1.09857721e-06  5.81284904e-07
98.560 -1.03158184e-06 -4.68883884e-08
98.816 -6.21586616e-07 -4.99188686e-07
99.072 -6.15362773e-08 -6.06866160e-07
99.328  4.26331013e-07 -3.47972597e-07
99.584  6.37913952e-07  1.38328345e-07
99.840  4.79691206e-07  6.47890777e-07
100.096  2.77593367e-08  9.60570184e-07
100.352 -5.44904272e-07  9.22781521e-07
100.608 -1.01832138e-06  5.41992694e-07
100.864 -1.19134124e-06 -5.30056450e-08
101.120 -9.98587159e-07 -6.60716884e-07
101.376 -5.10013484e-07 -1.05235802e-06
101.632  1.12494755e-07 -1.09577370e-06
101.888  6.39451379e-07 -7.95370036e-07
102.144  8.88913531e-07 -2.58601399e-07
102.400  8.02392945e-07  3.09629216e-07
102.656  4.26028889e-07  6.99982598e-07
102.912 -8.06080753e-08  8.01419810e-07
103.168 -5.06048718e-07  6.01184786e-07
103.424 -7.03739646e-07  2.02789204e-07
103.680 -6.13343939e-07 -1.99976452e-07
103.936 -2.82925462e-07 -4.39741452e-07
104.192  1.22874637e-07 -4.18807218e-07
104.448  4.25780088e-07 -1.32300943e-07
104.704  4.97357335e-07  2.94939724e-07
104.960  2.82148711e-07  6.85670217e-07
105.216 -1.44904278e-07  8.89060268e-07
105.472 -6.21507123e-07  8.04414860e-07
105.728 -9.84426328e-07  4.49514122e-07
105.984 -1.09543370e-06 -4.39972684e-08
106.240 -9.11172399e-07 -5.14692584e-07
106.496 -5.16390314e-07 -8.00956578e-07
106.752 -5.31188823e-08 -8.04031358e-07
107.008  3.12815328e-07 -5.53293238e-07
107.264  4.41645235e-07 -1.58339449e-07
107.520  3.06903995e-07  2.27504251e-07
107.776 -2.27098955e-08  4.40516366e-07
108.032 -4.20450601e-07  4.03283329e-07
108.288 -7.17944217e-07  1.39346751e-07
108.544 -7.98158947e-07 -2.60936182e-07
108.800 -6.41211059e-07 -6.42292817e-07
109.056 -2.97405002e-07 -8.62225135e-07
109.312  1.04576209e-07 -8.62313197e-07
109.568  4.11871925e-07 -6.52974626e-07
109.824  5.35379951e-07 -3.26800876e-07
110.080  4.50288392e-07 -3.20091432e-08
110.336  2.10235687e-07  1.21177481e-07
110.592 -5.17498538e-08  7.95221039e-08
110.848 -2.11137742e-07 -1.40921454e-07
111.104 -1.90047303e-07 -4.30172962e-07
111.360  3.27108443e-08 -6.55863483e-07
111.616  3.79464005e-07 -7.18414799e-07
111.872  7.20177205e-07 -5.60199437e-07
112.128  9.39323615e-07 -2.17668574e-07
112.384  9.46432694e-07  1.94741493e-07
112.640  7.30261575e-07  5.55285903e-07
112.896  3.74332815e-07  7.49180496e-07
113.152 -8.15744146e-09  7.17670062e-07
113.408 -2.93726051e-07  5.01963891e-07
113.664 -3.86874286e-07  1.92908541e-07
113.920 -2.84929358e-07 -9.36970453e-08
114.176 -4.95590993e-08 -2.41354943e-07
114.432  2.22244664e-07 -2.08448189e-07
114.688  4.08192451e-07 -2.56819379e-08
114.944  4.36054608e-07  2.34900250e-07
115.200  3.07543361e-07  4.58108336e-07
115.456  6.88707469e-08  5.50743040e-07
115.712 -1.79938748e-07  4.88895561e-07
115.968 -3.32611853e-07  2.94431582e-07
116.224 -3.41482412e-07  4.69431073e-08
116.480 -2.04709578e-07 -1.42151464e-07
116.736  2.31080613e-08 -2.03871138e-07
116.992  2.34401804e-07 -1.13705661e-07
117.248  3.42821005e-07  1.01470625e-07
117.504  3.02403956e-07  3.46789141e-07
117.760  1.10442873e-07  5.23965110e-07
118.016 -1.60525504e-07  5.67365965e-07
118.272 -4.09291764e-07  4.44264527e-07
118.528 -5.55632115e-07  1.95994658e-07
118.784 -5.40387513e-07 -8.46996939e-08
119.040 -3.68873817e-07 -3.10930200e-07
119.296 -1.14469510e-07 -4.04331289e-07
119.552  1.38627461e-07 -3.34262299e-07
119.808  3.03070132e-07 -1.46051198e-07
120.064  3.18322038e-07  8.81467779e-08
120.320  1.98302937e-07  2.83428380e-07
120.576 -2.62059958e-09  3.59957274e-07
120.832 -2.10310155e-07  3.02040538e-07
121.088 -3.36330033e-07  1.44108394e-07
121.344 -3.39428470e-07 -5.52704506e-08
121.600 -2.33665654e-07 -2.08763602e-07
121.856 -6.00057140e-08 -2.55521982e-07
122.112  1.02851801e-07 -1.90529778e-07
122.368  1.80569664e-07 -3.78415732e-08
122.624  1.49968630e-07  1.36975063e-07
122.880  1.86958338e-08  2.51563080e-07
123.136 -1.64704740e-07  2.64943764e-07
123.392 -3.16760017e-07  1.68244605e-07
123.648 -3.80846730e-07 -1.01090935e-08
123.904 -3.32287730e-07 -1.93000983e-07
124.160 -1.77970333e-07 -3.11687918e-07
124.416  1.86369552e-08 -3.26478393e-07
124.672  1.82135005e-07 -2.21954154e-07
124.928  2.60026811e-07 -4.03739915e-08
125.184  2.16049068e-07  1.44575646e-07
125.440  6.60011262e-08  2.72648863e-07
125.696 -1.26930461e-07  2.91551425e-07
125.952 -3.01003661e-07  1.89400896e-07
126.208 -3.94625732e-07  1.14110698e-08
126.464 -3.70833176e-07 -1.85917513e-07
126.720 -2.51869275e-07 -3.39979439e-07
126.976 -8.31318380e-08 -3.95813404e-07
127.232  7.95458270e-08 -3.52440643e-07
127.488  1.72465029e-07 -2.41834891e-07
127.744  1.74590402e-07 -1.09012231e-07
128.000  1.04633138e-07 -1.87158833e-08
128.256 -4.07512634e-09 -8.23253333e-09
128.512 -9.12537030e-08 -7.16072569e-08
128.768 -1.07141092e-07 -1.86487889e-07
129.024 -4.49337464e-08 -3.00500248e-07
129.280  8.32890897e-08 -3.54712027e-07
129.536  2.35680383e-07 -3.28381818e-07
129.792  3.48285882e-07 -2.22432952e-07
130.048  3.85965199e-07 -6.48725043e-08
130.304  3.37423568e-07  8.16720714e-08
130.560  2.14159315e-07  1.69861783e-07
130.816  7.03997729e-08  1.76483221e-07
131.072 -3.87116434e-08  9.56672850e-08
131.328 -7.96986558e-08 -3.31993766e-08
131.584 -3.04603926e-08 -1.53313311e-07
131.840  8.91099024e-08 -2.24237695e-07
132.096  2.27309482e-07 -2.11166589e-07
132.352  3.40986559e-07 -1.12944437e-07
132.608  3.87651703e-07  2.96794306e-08
132.864  3.46496349e-07  1.75150301e-07
133.120  2.42933224e-07  2.78979622e-07
133.376  1.12857860e-07  3.05053489e-07
133.632 -2.88861247e-09  2.61843018e-07
133.888 -5.95002792e-08  1.77370020e-07
134.144 -4.98860719e-08  8.54987972e-08
134.400  5.91790344e-09  3.37295434e-08
134.656  8.15063704e-08  4.26054393e-08
134.912  1.30803213e-07  1.00151591e-07
135.168  1.21741354e-07  1.86868623e-07
135.424  5.73608850e-08  2.60989972e-07
135.680 -4.93301154e-08  2.80940121e-07
135.936 -1.63122353e-07  2.39059700e-07
136.192 -2.35610136e-07  1.40968273e-07
136.448 -2.46738817e-07  1.23363934e-08
136.704 -1.92976226e-07 -9.66119634e-08
136.960 -8.72278182e-08 -1.54358432e-07
137.216  2.51393807e-08 -1.48014540e-07
137.472  1.04812446e-07 -7.66006018e-08
137.728  1.31158664e-07  2.51236089e-08
137.984  9.05857181e-08  1.14784370e-07
138.240  3.43713006e-09  1.66485415e-07
138.496 -8.98334458e-08  1.57095075e-07
138.752 -1.60954244e-07  9.12834633e-08
139.008 -1.81431567e-07  3.49805220e-09
139.264 -1.41496129e-07 -7.78378111e-08
139.520 -6.67815373e-08 -1.22555374e-07
139.776  1.56452227e-08 -1.08875706e-07
140.032  7.67418376e-08 -5.14551725e-08
140.288  8.60311587e-08  2.55539853e-08
140.544  4.60811935e-08  9.64292200e-08
140.800 -2.32053825e-08  1.25977192e-07
141.056 -1.00564003e-07  1.04791471e-07
141.312 -1.49800394e-07  4.72951669e-08
141.568 -1.50435167e-07 -3.01523398e-08
141.824 -1.09960882e-07 -9.37188767e-08
142.080 -3.95710494e-08 -1.13807376e-07
142.336  3.21334631e-08 -8.97684575e-08
142.592  6.92768475e-08 -2.75373747e-08
142.848  6.21512272e-08  5.16554092e-08
143.104  1.10077835e-08  1.09241610e-07
143.360 -7.21252947e-08  1.26385166e-07
143.616 -1.50612303e-07  9.73017357e-08
143.872 -1.98204164e-07  2.38547864e-08
144.128 -2.03666518e-07 -6.39115948e-08
144.384 -1.59358650e-07 -1.35383182e-07
144.640 -8.52468335e-08 -1.75175680e-07
144.896 -1.26783710e-08 -1.68208795e-07
145.152  4.05353914e-08 -1.22659106e-07
145.408  5.50056409e-08 -6.71839157e-08
145.664  2.76097091e-08 -2.05357684e-08
145.920 -1.80256642e-08 -3.37397332e-09
146.176 -6.27698907e-08 -2.83402503e-08
146.432 -8.64902526e-08 -7.86143388e-08
146.688 -6.89924203e-08 -1.35160974e-07
146.944 -1.85263564e-08 -1.79410608e-07
147.200  4.71152825e-08 -1.85963596e-07
147.456  1.11730416e-07 -1.53329957e-07
147.712  1.47473119e-07 -9.64565789e-08
147.968  1.42894421e-07 -2.85618497e-08
148.224  1.08198428e-07  2.30139530e-08
148.480  5.29654166e-08  3.79118272e-08
148.736  9.98097737e-10  1.99962271e-08
148.992 -2.09246084e-08 -2.51557992e-08
149.248 -9.54997849e-09 -7.96446679e-08
149.504  3.35116321e-08 -1.13498084e-07
149.760  9.76773668e-08 -1.16202348e-07
150.016  1.53424977e-07 -8.54361646e-08
150.272  1.83834604e-07 -2.38098668e-08
150.528  1.83058436e-07  4.34310929e-08
150.784  1.46327341e-07  9.50047893e-08
151.040  9.16703964e-08  1.22490665e-07
151.296  4.22664386e-08  1.15622997e-07
151.552  8.17031641e-09  8.37908546e-08
151.808  2.67691864e-09  4.97614239e-08
152.064  2.49666253e-08  2.46829335e-08
152.320  5.45120581e-08  2.26087648e-08
152.576  7.89677135e-08  5.01950557e-08
152.832  8.47534535e-08  9.06756252e-08
153.088  5.89377470e-08  1.30253091e-07
153.344  1.26693084e-08  1.56161443e-07
153.600 -3.94442472e-08  1.50470858e-07
153.856 -8.58082574e-08  1.16858833e-07
154.112 -1.05416766e-07  6.91779670e-08
154.368 -9.35162431e-08  1.72992459e-08
154.624 -6.13038592e-08 -1.71715704e-08
154.880 -1.63442474e-08 -2.13671751e-08
155.136  2.18455748e-08 -2.09640448e-09
155.392  3.40134996e-08  3.57811924e-08
155.648  2.15651066e-08  7.71516438e-08
155.904 -1.32508852e-08  9.90477957e-08
156.160 -6.10288125e-08  9.71239238e-08
156.416 -9.79961334e-08  7.12677588e-08
156.672 -1.14227432e-07  2.47161697e-08
156.928 -1.07425142e-07 -2.09968825e-08
157.184 -7.49723345e-08 -5.14265822e-08
157.440 -3.34619100e-08 -6.25224589e-08
157.696 -1.34151964e-10 -4.71460433e-08
157.952  1.96922792e-08 -1.53305049e-08
158.208  1.62616904e-08  1.47223484e-08
158.464 -7.41951220e-09  3.66480582e-08
158.720 -3.39557011e-08  3.99906513e-08
158.976 -5.58911776e-08  2.13193660e-08
159.232 -6.35256728e-08 -4.23110147e-09
159.488 -4.82302975e-08 -2.77311592e-08
159.744 -2.15906281e-08 -4.07090434e-08
160.000  5.78218690e-09 -3.05409285e-08
160.256  2.64506830e-08 -3.76359645e-09
160.512  2.50151141e-08  2.80143086e-08
160.768  1.62562676e-09  5.82311457e-08
161.024 -3.26177296e-08  7.02753832e-08
161.280 -7.21275191e-08  5.73404952e-08
161.536 -1.00975035e-07  2.81289503e-08
161.792 -1.05979505e-07 -1.31156133e-08
162.048 -9.17901920e-08 -5.32149828e-08
162.304 -6.09752616e-08 -7.45102404e-08
162.560 -2.23049376e-08 -7.67866625e-08
162.816  4.74142557e-09 -6.10215650e-08
163.072  1.50579765e-08 -3.09255459e-08
163.328  8.31838705e-09 -5.14881271e-09
163.584 -1.65389027e-08  6.79351053e-09
163.840 -4.39810084e-08  3.45384993e-09
164.096 -6.10217803e-08 -2.00594053e-08
164.352 -6.50776745e-08 -5.30212034e-08
164.608 -4.86913505e-08 -8.02903695e-08
164.864 -1.67590056e-08 -9.79478443e-08
165.120  1.51262930e-08 -9.72560184e-08
165.376  4.15922031e-08 -7.69887906e-08
165.632  5.38716439e-08 -5.12971107e-08
165.888  4.52035255e-08 -2.69693049e-08
166.144  2.66099345e-08 -1.18605972e-08
166.400  6.15112236e-09 -1.70901233e-08
166.656 -9.63159782e-09 -3.62357248e-08
166.912 -6.68654666e-09 -6.05545616e-08
167.168  1.43590198e-08 -8.49939614e-08
167.424  4.52760416e-08 -9.43104423e-08
167.680  8.27358867e-08 -8.28434166e-08
167.936  1.12366657e-07 -5.67946867e-08
168.192  1.22798554e-07 -1.74279260e-08
168.448  1.16874940e-07  2.40015545e-08
168.704  9.35557730e-08  5.22975355e-08
168.960  5.90230555e-08  6.64608448e-08
169.216  2.94622085e-08  6.35272425e-08
169.472  9.22361178e-09  4.37747192e-08
169.728  2.18990452e-09  2.15866973e-08
169.984  1.34542229e-08  3.75126053e-09
170.240  3.25704090e-08 -5.96478485e-09
170.496  5.13633150e-08  1.46859006e-09
170.752  6.69354647e-08  2.09276967e-08
171.008  6.82569598e-08  4.40500066e-08
171.264  5.45907714e-08  6.92648843e-08
171.520  3.31969693e-08  8.56610286e-08
171.776  4.06242294e-09  8.69846141e-08
172.032 -2.41281680e-08  7.81154082e-08
172.288 -4.09562120e-08  5.72443479e-08
172.544 -4.80736251e-08  2.88515345e-08
172.800 -4.19070207e-08  5.11707251e-09
173.056 -2.13469016e-08 -1.24161664e-08
173.312  2.63650010e-09 -1.89477042e-08
173.568  2.62317399e-08 -7.42012615e-09
173.824  4.44286725e-08  1.53347185e-08
174.080  4.50260836e-08  4.49489593e-08
174.336  2.83888529e-08  7.77123354e-08
174.592 -2.81148616e-09  9.83738177e-08
174.848 -4.80935015e-08  9.98030969e-08
175.104 -9.24786064e-08  8.07931604e-08
175.360 -1.22180356e-07  3.66282179e-08
175.616 -1.30766652e-07 -2.21175670e-08
175.872 -1.06919279e-07 -7.79365123e-08
176.128 -5.26530290e-08 -1.19429093e-07
176.384  1.54954276e-08 -1.28636380e-07
176.640  8.33808208e-08 -9.60305953e-08
176.896  1.28261819e-07 -3.18266389e-08
177.152  1.28290460e-07  5.08610099e-08
177.408  8.26636328e-08  1.28128633e-07
177.664 -1.08004108e-09  1.67667623e-07
177.920 -1.02756548e-07  1.54716709e-07
178.176 -1.84074686e-07  8.68377266e-08
178.432 -2.16000030e-07 -2.49091905e-08
178.688 -1.82852603e-07 -1.42866309e-07
178.944 -8.15338823e-08 -2.26481281e-07
179.200  5.88816392e-08 -2.45568130e-07
179.456  1.92258444e-07 -1.79087102e-07
179.712  2.75518269e-07 -3.92561255e-08
179.968  2.68280712e-07  1.31038623e-07
180.224  1.58849016e-07  2.81030829e-07
180.480 -2.37119511e-08  3.53184590e-07
180.736 -2.29665065e-07  3.07919181e-07
180.992 -3.90761421e-07  1.50123834e-07
181.248 -4.40317749e-07 -8.27200919e-08
181.504 -3.51302844e-07 -3.22250010e-07
181.760 -1.37130434e-07 -4.81313142e-07
182.016  1.47312100e-07 -4.98267292e-07
182.272  4.06859254e-07 -3.52704988e-07
182.528  5.49329103e-07 -7.16918396e-08
182.784  5.15413702e-07  2.58518695e-07
183.040  2.91980740e-07  5.26575357e-07
183.296 -6.26633612e-08  6.35995052e-07
183.552 -4.35987263e-07  5.25954425e-07
183.808 -7.04205435e-07  2.08926723e-07
184.064 -7.58935186e-07 -2.23810545e-07
184.320 -5.53926317e-07 -6.39126650e-07
184.576 -1.35948477e-07 -8.90664446e-07
184.832  3.76751846e-07 -8.69251661e-07
185.088  8.19195479e-07 -5.57673061e-07
185.344  1.02655519e-06 -3.23830655e-08
185.600  9.06771136e-07  5.50428785e-07
185.856  4.69928424e-07  9.89936000e-07
186.112 -1.68237549e-07  1.12089326e-06
186.368 -8.01489767e-07  8.70151095e-07
186.624 -1.20762156e-06  2.82305481e-07
186.880 -1.22589875e-06 -4.68861555e-07
187.136 -8.06053719e-07 -1.13475591e-06
187.392 -4.99117413e-08 -1.47870500e-06
187.648  8.09553820e-07 -1.34481536e-06
187.904  1.48856166e-06 -7.28980703e-07
188.160  1.73266597e-06  1.99139559e-07
188.416  1.41106557e-06  1.15274374e-06
188.672  5.84888190e-07  1.80623847e-06
188.928 -5.09889437e-07  1.90138431e-06
189.184 -1.52310806e-06  1.35751380e-06
189.440 -2.09243684e-06  3.04950762e-07
189.696 -1.98287823e-06 -9.41923013e-07
189.952 -1.17379240e-06 -1.96399593e-06
190.208  1.21329620e-07 -2.38619245e-06
190.464  1.49320837e-06 -2.01142089e-06
190.720  2.46976418e-06 -8.93698855e-07
190.976  2.68014153e-06  6.44507085e-07
191.232  1.97888225e-06  2.10309062e-06
191.488  5.26653551e-07  2.97289252e-06
191.744 -1.23511018e-06  2.89831854e-06
192.000 -2.72655148e-06  1.81940833e-06
192.256 -3.40797070e-06  2.74138031e-08
192.512 -2.96992063e-06 -1.92010990e-06
192.768 -1.47339327e-06 -3.36390420e-06
193.024  6.51839153e-07 -3.75680556e-06
193.280  2.72474620e-06 -2.87782926e-06
193.536  4.01755007e-06 -9.28525021e-07
193.792  4.01820937e-06  1.50690745e-06
194.048  2.62400307e-06  3.61953149e-06
194.304  2.01109334e-07  4.64844669e-06
194.560 -2.49099725e-06  4.15294088e-06
194.816 -4.53664050e-06  2.17901140e-06
195.072 -5.17873860e-06 -7.06477057e-07
195.328 -4.08154408e-06 -3.57027533e-06
195.584 -1.48744573e-06 -5.42086405e-06
195.840  1.81510813e-06 -5.53739024e-06
196.096  4.73718354e-06 -3.74269949e-06
196.352  6.23747220e-06 -5.18257931e-07
196.608  5.68380414e-06  3.12555119e-06
196.864  3.11788477e-06  5.95848695e-06
197.120 -7.17650480e-07  6.93282176e-06
197.376 -4.58855498e-06  5.57524160e-06
197.632 -7.14994649e-06  2.19002109e-06
197.888 -7.41749918e-06 -2.19791048e-06
198.144 -5.13807003e-06 -6.13430338e-06
198.400 -9.19140540e-07 -8.21767360e-06
198.656  3.90963325e-06 -7.59826088e-06
198.912  7.70939777e-06 -4.30039202e-06
199.168  9.09245719e-06  7.16564710e-07
199.424  7.41151762e-06  5.82260250e-06
199.680  3.03937420e-06  9.25194863e-06
199.936 -2.68167090e-06  9.70048180e-06
200.192 -7.85476312e-06  6.80908711e-06
200.448 -1.06483863e-05  1.36488682e-06
200.704 -9.93171862e-06 -4.90711197e-06
200.960 -5.72837207e-06 -9.88487007e-06
201.216  7.22317868e-07 -1.17522390e-05
201.472  7.32519253e-06 -9.66367978e-06
201.728  1.17925570e-05 -4.10080639e-06
201.984  1.24377907e-05  3.22170210e-06
202.240  8.80631502e-06  9.86499161e-06
202.496  1.89843333e-06  1.34746706e-05
202.752 -6.08126090e-06  1.26168051e-05
203.008 -1.24171260e-05  7.32214900e-06
203.264 -1.48114431e-05 -8.31937534e-07
203.520 -1.22013883e-05 -9.17215294e-06
203.776 -5.20193290e-06 -1.48103293e-05
204.032  3.99983141e-06 -1.56332448e-05
204.288  1.23284410e-05 -1.10790415e-05
204.544  1.68423355e-05 -2.43439905e-06
204.800  1.57584572e-05  7.51781126e-06
205.056  9.15106917e-06  1.53912355e-05
205.312 -9.74360639e-07  1.83331649e-05
205.568 -1.12851319e-05  1.50585050e-05
205.824 -1.82017903e-05  6.38564364e-06
206.080 -1.91394184e-05 -4.94909715e-06
206.336 -1.34701578e-05 -1.51367291e-05
206.592 -2.83185449e-06 -2.05695329e-05
206.848  9.32223442e-06 -1.91223929e-05
207.104  1.88321226e-05 -1.09595506e-05
207.360  2.22612755e-05  1.40765132e-06
207.616  1.81257250e-05  1.38727962e-05
207.872  7.50325712e-06  2.21028988e-05
208.128 -6.20850592e-06  2.30390349e-05
208.384 -1.83780351e-05  1.60169910e-05
208.640 -2.47033864e-05  3.12280430e-06
208.896 -2.27195366e-05 -1.14138708e-05
209.152 -1.27526735e-05 -2.26079376e-05
209.408  2.06823021e-06 -2.64155569e-05
209.664  1.67921107e-05 -2.11946484e-05
209.920  2.62870507e-05 -8.38867676e-06
210.176  2.70273002e-05  7.85796430e-06
210.432  1.84027421e-05  2.20281935e-05
210.688  3.04180242e-06  2.91001222e-05
210.944 -1.39732088e-05  2.63343961e-05
211.200 -2.67765816e-05  1.43151014e-05
211.456 -3.07507451e-05 -3.12612135e-06
211.712 -2.41851655e-05 -2.01133902e-05
211.968 -8.97810519e-06 -3.07129418e-05
212.224  9.88095040e-06 -3.10069545e-05
212.480  2.59485320e-05 -2.05276049e-05
212.736  3.35340819e-05 -2.55497132e-06
212.992  2.97056416e-05  1.68988031e-05
213.248  1.54179439e-05  3.11071946e-05
213.504 -4.68564299e-06  3.49476045e-05
213.760 -2.37860646e-05  2.67494667e-05
214.016 -3.51956094e-05  8.99933119e-06
214.272 -3.46999783e-05 -1.24076279e-05
214.528 -2.21209559e-05 -3.01202239e-05
214.784 -1.49305947e-06 -3.78528957e-05
215.040  2.02235492e-05 -3.26288095e-05
215.296  3.54842874e-05 -1.59130201e-05
215.552  3.87945442e-05  6.77919642e-06
215.808  2.86895190e-05  2.76896318e-05
216.064  8.34742088e-06  3.94795836e-05
216.320 -1.53905206e-05  3.78145936e-05
216.576 -3.43242710e-05  2.29488100e-05
216.832 -4.17408660e-05 -2.41541461e-07
217.088 -3.47912182e-05 -2.38517854e-05
217.344 -1.55831947e-05 -3.96569425e-05
217.600  9.43715203e-06 -4.19774029e-05
217.856  3.16592624e-05 -2.97248073e-05
218.112  4.32740954e-05 -6.89133845e-06
218.368  4.00227478e-05  1.87540007e-05
218.624  2.27711918e-05  3.83125829e-05
218.880 -2.70123348e-06  4.48457884e-05
219.136 -2.76411031e-05  3.58546064e-05
219.392 -4.33275293e-05  1.42327169e-05
219.648 -4.41395190e-05 -1.26640653e-05
219.904 -2.95808477e-05 -3.55152089e-05
220.160 -4.52410347e-06 -4.62793333e-05
220.416  2.24111836e-05 -4.10418195e-05
220.672  4.18309227e-05 -2.14366049e-05
220.928  4.68638121e-05  5.84826038e-06
221.184  3.55969716e-05  3.13507879e-05
221.440  1.18075134e-05  4.61364665e-05
221.696 -1.62931367e-05  4.49369412e-05
221.952 -3.89091807e-05  2.80358966e-05
222.208 -4.80865328e-05  1.23264786e-06
222.464 -4.05186670e-05 -2.61560120e-05
222.720 -1.87571544e-05 -4.45466504e-05
222.976  9.64730933e-06 -4.74493723e-05
223.232  3.47760154e-05 -3.37803153e-05
223.488  4.78103835e-05 -8.27462852e-06
223.744  4.41481201e-05  2.01615101e-05
224.000  2.50467862e-05  4.15622505e-05
224.256 -2.81009130e-06  4.84117006e-05
224.512 -2.96494117e-05  3.83081004e-05
224.768 -4.60468213e-05  1.48102412e-05
225.024 -4.62624760e-05 -1.38104006e-05
225.280 -3.02605653e-05 -3.74820110e-05
225.536 -3.71615191e-06 -4.79008591e-05
225.792  2.39892580e-05 -4.14592820e-05
226.048  4.31012080e-05 -2.05045543e-05
226.304  4.69445966e-05  7.49987548e-06
226.560  3.42655812e-05  3.26410302e-05
226.816  9.65887222e-06  4.60834196e-05
227.072 -1.80938729e-05  4.31843329e-05
227.328 -3.91726899e-05  2.51196906e-05
227.584 -4.62022288e-05 -1.57171183e-06
227.840 -3.68537212e-05 -2.73628040e-05
228.096 -1.46350404e-05 -4.31434270e-05
228.352  1.24228084e-05 -4.34548532e-05
228.608  3.46682630e-05 -2.84041291e-05
228.864  4.42807174e-05 -3.55547340e-06
229.120  3.80474713e-05  2.21203806e-05
229.376  1.84467332e-05  3.94840388e-05
229.632 -7.31999669e-06  4.25045533e-05
229.888 -2.99627407e-05  3.03714404e-05
230.144 -4.14681142e-05  7.69818331e-06
230.400 -3.79558093e-05 -1.72095027e-05
230.656 -2.09935903e-05 -3.53997421e-05
230.912  3.05430939e-06 -4.05108951e-05
231.168  2.54036768e-05 -3.10056570e-05
231.424  3.80719989e-05 -1.06380793e-05
231.680  3.67377290e-05  1.29997382e-05
231.936  2.22291870e-05  3.13105006e-05
232.192  1.25698714e-07  3.78227600e-05
232.448 -2.13772589e-05  3.04900269e-05
232.704 -3.45045238e-05  1.23473562e-05
232.960 -3.47171465e-05 -9.71411914e-06
233.216 -2.23041672e-05 -2.75541588e-05
233.472 -2.16214237e-06 -3.47813839e-05
233.728  1.81155499e-05 -2.90618939e-05
233.984  3.10845412e-05 -1.28813190e-05
234.240  3.21913229e-05  7.49606179e-06
234.496  2.13893330e-05  2.44249521e-05
234.752  3.03653737e-06  3.17425026e-05
235.008 -1.58253347e-05  2.70271138e-05
235.264 -2.81526843e-05  1.23998744e-05
235.520 -2.95375006e-05 -6.37640918e-06
235.776 -1.97877321e-05 -2.21340788e-05
236.032 -2.89653466e-06 -2.90323232e-05
236.288  1.45489773e-05 -2.47223426e-05
236.544  2.59194604e-05 -1.11485773e-05
236.800  2.70555166e-05  6.27279825e-06
237.056  1.77862590e-05  2.07871763e-05
237.312  1.92103833e-06  2.69057656e-05
237.568 -1.42813678e-05  2.24682722e-05
237.824 -2.45614637e-05  9.41465207e-06
238.080 -2.50545616e-05 -7.02467724e-06
238.336 -1.57426717e-05 -2.04021966e-05
238.592 -4.14642895e-07 -2.55530737e-05
238.848  1.48553712e-05 -2.05744914e-05
239.104  2.40852719e-05 -7.53677130e-06
239.360  2.37020020e-05  8.36365345e-06
239.616  1.39230412e-05  2.08510471e-05
239.872 -1.35309098e-06  2.50142982e-05
240.128 -1.60874029e-05  1.92257615e-05
240.384 -2.44553408e-05  5.77070545e-06
240.640 -2.31288621e-05 -1.00548952e-05
240.896 -1.25860029e-05 -2.20039889e-05
241.152  3.07304343e-06 -2.53213998e-05
241.408  1.77078298e-05 -1.86188212e-05
241.664  2.55250574e-05 -4.43080585e-06
241.920  2.33558496e-05  1.17440353e-05
242.176  1.19117009e-05  2.35597936e-05
242.432 -4.45494454e-06  2.63018837e-05
242.688 -1.93994927e-05  1.87416757e-05
242.944 -2.70405707e-05  3.65358880e-06
243.200 -2.42553806e-05 -1.32030321e-05
243.456 -1.19244503e-05 -2.52852197e-05
243.712  5.34378449e-06 -2.77975841e-05
243.968  2.09432254e-05 -1.95676517e-05
244.224  2.88005979e-05 -3.56082182e-06
244.480  2.57198613e-05  1.41968946e-05
244.736  1.26615611e-05  2.69006564e-05
244.992 -5.55491693e-06  2.95649602e-05
245.248 -2.20489221e-05  2.09648020e-05
245.504 -3.04789837e-05  4.17171556e-06
245.760 -2.74714554e-05 -1.45619260e-05
246.016 -1.39615697e-05 -2.81416002e-05
246.272  5.10432114e-06 -3.13140562e-05
246.528  2.25966293e-05 -2.26991319e-05
246.784  3.18709765e-05 -5.36543723e-06
247.040  2.92983099e-05  1.42810455e-05
247.296  1.56778884e-05  2.88711963e-05
247.552 -4.02096111e-06  3.28476128e-05
247.808 -2.24810105e-05  2.45862048e-05
248.064 -3.27677605e-05  7.03954358e-06
248.320 -3.09486766e-05 -1.33271668e-05
248.576 -1.75886334e-05 -2.89297220e-05
248.832  2.42761675e-06 -3.39095471e-05
249.088  2.16892439e-05 -2.63356175e-05
249.344  3.30254506e-05 -8.94638198e-06
249.600  3.21859378e-05  1.18428728e-05
249.856  1.94331751e-05  2.83267892e-05
250.112 -5.34326742e-07  3.43832731e-05
250.368 -2.03272000e-05  2.77506979e-05
250.624 -3.26204985e-05  1.08801947e-05
250.880 -3.28719636e-05 -9.97583027e-06
251.136 -2.10120805e-05 -2.71010897e-05
251.392 -1.46499813e-06 -3.41802951e-05
251.648  1.85176988e-05 -2.86415524e-05
251.904  3.15578664e-05 -1.26031079e-05
252.160  3.28878108e-05  7.94483623e-06
252.416  2.21122251e-05  2.53866679e-05
252.672  3.31818845e-06  3.33136794e-05
252.928 -1.64807338e-05  2.89005812e-05
253.184 -2.99666966e-05  1.39189118e-05
253.440 -3.22430285e-05 -5.97255415e-06
253.696 -2.26262234e-05 -2.33639306e-05
253.952 -4.84143357e-06 -3.18703140e-05
254.208  1.44120584e-05 -2.84944328e-05
254.464  2.79919794e-05 -1.46851026e-05
254.720  3.09818515e-05  4.26331661e-06
254.976  2.24776519e-05  2.12379199e-05
255.232  5.85875394e-06  2.99933206e-05
255.488 -1.25399792e-05  2.74580805e-05
255.744 -2.58519775e-05  1.48198069e-05
256.000 -2.92497411e-05 -2.99167620e-06
256.256 -2.17031320e-05 -1.92262748e-05
256.512 -6.29475873e-06 -2.78769493e-05
256.768  1.10246961e-05 -2.59067651e-05
257.024  2.37346507e-05 -1.43299567e-05
257.280  2.71984879e-05  2.25921421e-06
257.536  2.03690099e-05  1.75025220e-05
257.792  6.10297978e-06  2.57070966e-05
258.048 -1.00165382e-05  2.39794410e-05
258.304 -2.18508686e-05  1.32585279e-05
258.560 -2.50422582e-05 -2.13937483e-06
258.816 -1.86321123e-05 -1.62382386e-05
259.072 -5.33742217e-06 -2.37101891e-05
259.328  9.57450262e-06 -2.18978654e-05
259.584  2.03520673e-05 -1.17618841e-05
259.840  2.29787959e-05  2.57697570e-06
260.096  1.66732432e-05  1.54850505e-05
260.352  4.10859570e-06  2.20207377e-05
260.608 -9.68813599e-06  1.98260977e-05
260.864 -1.93300946e-05  9.97353552e-06
261.120 -2.11687276e-05 -3.51662729e-06
261.376 -1.46664993e-05 -1.52932647e-05
261.632 -2.54798057e-06 -2.07872900e-05
261.888  1.03161368e-05 -1.79711631e-05
262.144  1.88540047e-05 -8.10555664e-06
262.400  1.97753388e-05  4.79922086e-06
262.656  1.28297512e-05  1.56003994e-05
262.912  8.71761865e-07  2.00546211e-05
263.168 -1.13016565e-05  1.64673597e-05
263.424 -1.88606283e-05  6.33897549e-06
263.680 -1.88361365e-05 -6.25634778e-06
263.936 -1.12799623e-05 -1.63007155e-05
264.192  7.72991420e-07 -1.98087737e-05
264.448  1.25229573e-05 -1.53959911e-05
264.704  1.92983434e-05 -4.81987946e-06
264.960  1.83963824e-05  7.72747235e-06
265.216  1.01529770e-05  1.72709557e-05
265.472 -2.19561392e-06  2.00085388e-05
265.728 -1.37831441e-05  1.48169245e-05
265.984 -2.00179634e-05  3.69513000e-06
266.240 -1.83951030e-05 -9.01422147e-06
266.496 -9.48638757e-06 -1.83131207e-05
266.752  3.27497363e-06 -2.05095347e-05
267.008  1.49164732e-05 -1.46713414e-05
267.264  2.08636445e-05 -2.99936549e-06
267.520  1.87323405e-05  1.00069201e-05
267.776  9.26419732e-06  1.92872663e-05
268.032 -3.93831090e-06  2.11917728e-05
268.288 -1.57882387e-05  1.49009900e-05
268.544 -2.16834036e-05  2.76224462e-06
268.800 -1.92858194e-05 -1.05923319e-05
269.056 -9.43585682e-06 -2.00272733e-05
269.312  4.14585994e-06 -2.18791553e-05
269.568  1.62792098e-05 -1.53691739e-05
269.824  2.23086945e-05 -2.92400448e-06
270.080  1.98842360e-05  1.07423589e-05
270.336  9.87574735e-06  2.04284502e-05
270.592 -3.94766487e-06  2.24244555e-05
270.848 -1.63543610e-05  1.59351497e-05
271.104 -2.26342487e-05  3.39234211e-06
271.360 -2.03916340e-05 -1.04733384e-05
271.616 -1.04622026e-05 -2.04244081e-05
271.872  3.41184394e-06 -2.27010908e-05
272.128  1.60019848e-05 -1.64510377e-05
272.384  2.25701419e-05 -4.04080472e-06
272.640  2.06651439e-05  9.85024293e-06
272.896  1.10369178e-05  1.99995369e-05
273.152 -2.66660437e-06  2.26197856e-05
273.408 -1.52846322e-05  1.67786644e-05
273.664 -2.21008299e-05  4.72402573e-06
273.920 -2.06182820e-05 -8.98111650e-06
274.176 -1.14719033e-05 -1.91957098e-05
274.432  1.83717255e-06 -2.21445834e-05
274.688  1.42857565e-05 -1.68155494e-05
274.944  2.12401943e-05 -5.30800091e-06
275.200  2.01864272e-05  7.99056008e-06
275.456  1.16427317e-05  1.80901882e-05
275.712 -1.07349673e-06  2.12783279e-05
275.968 -1.31408719e-05  1.64889454e-05
276.224 -2.00700025e-05  5.66501017e-06
276.480 -1.93772657e-05 -7.02773883e-06
276.736 -1.14860642e-05 -1.68104348e-05
276.992  4.89646802e-07 -2.00919964e-05
277.248  1.19766806e-05 -1.57987909e-05
277.504  1.86877611e-05 -5.72724503e-06
277.760  1.82303891e-05  6.20263893e-06
278.016  1.09695678e-05  1.54681645e-05
278.272 -1.81709031e-07  1.86621375e-05
278.528 -1.09219449e-05  1.47581248e-05
278.784 -1.72173570e-05  5.43344814e-06
279.040 -1.68279423e-05 -5.63535340e-06
279.296 -1.01061269e-05 -1.42119082e-05
279.552  2.09300901e-07 -1.71281164e-05
279.808  1.00918921e-05 -1.34588019e-05
280.064  1.57993136e-05 -4.80709497e-06
280.320  1.52948411e-05  5.37055594e-06
280.576  8.97148217e-06  1.31375872e-05
280.832 -5.61611439e-07  1.56020375e-05
281.088 -9.54001835e-06  1.19900279e-05
281.344 -1.45288326e-05  3.88653137e-06
281.600 -1.37310587e-05 -5.43599039e-06
281.856 -7.63589840e-06 -1.23328932e-05
282.112  1.22600530e-06 -1.42037422e-05
282.368  9.32271976e-06 -1.04695378e-05
282.624  1.35181213e-05 -2.75225239e-06
282.880  1.22775342e-05  5.81515107e-06
283.136  6.23392222e-06  1.18493815e-05
283.392 -2.11085949e-06  1.30386515e-05
283.648 -9.41157125e-06  9.02900019e-06
283.904 -1.28033873e-05  1.52372884e-06
284.160 -1.10206796e-05 -6.43246468e-06
284.416 -4.86981798e-06 -1.16714766e-05
284.672  3.13025288e-06 -1.21523698e-05
284.928  9.76580577e-06 -7.75509663e-06
285.184  1.24049216e-05 -2.95236751e-07
285.440  1.00374122e-05  7.21797472e-06
285.696  3.65264548e-06  1.17807039e-05
285.952 -4.17373492e-06  1.15897083e-05
286.208 -1.03065948e-05  6.74507731e-06
286.464 -1.23011573e-05 -8.06973477e-07
286.720 -9.36833072e-06 -8.04856877e-06
286.976 -2.67390684e-06 -1.20912466e-05
287.232  5.12337702e-06 -1.13215586e-05
287.488  1.09249633e-05 -6.02963629e-06
287.744  1.24214861e-05  1.70415632e-06
288.000  8.99747260e-06  8.82664275e-06
288.256  1.97528263e-06  1.25195769e-05
288.512 -5.89718303e-06  1.13039777e-05
288.768 -1.15283280e-05  5.62098058e-06
289.024 -1.26919834e-05 -2.33044309e-06
289.280 -8.89599080e-06 -9.45349993e-06
289.536 -1.58544158e-06 -1.29612567e-05
289.792  6.41703998e-06 -1.14576388e-05
290.048  1.20086605e-05 -5.48956602e-06
290.304  1.30037133e-05  2.65949197e-06
290.560  8.98582181e-06  9.85494460e-06
290.816  1.47598641e-06  1.33154054e-05
291.072 -6.65669061e-06  1.16872220e-05
291.328 -1.22940321e-05  5.57293358e-06
291.584 -1.32651039e-05 -2.70422219e-06
291.840 -9.18565409e-06 -9.98948567e-06
292.096 -1.60042322e-06 -1.35007240e-05
292.352  6.61038892e-06 -1.18978880e-05
292.608  1.23269399e-05 -5.78979637e-06
292.864  1.33842656e-05  2.50626132e-06
293.120  9.39314635e-06  9.84571508e-06
293.376  1.87519995e-06  1.34579761e-05
293.632 -6.31872051e-06  1.19984873e-05
293.888 -1.20973639e-05  6.04342356e-06
294.144 -1.33054096e-05 -2.13807655e-06
294.400 -9.52487882e-06 -9.45326468e-06
294.656 -2.21868428e-06 -1.31669864e-05
294.912  5.83602451e-06 -1.19254551e-05
295.168  1.16151902e-05 -6.24998490e-06
295.424  1.29874835e-05  1.67659766e-06
295.680  9.50110533e-06  8.85844649e-06
295.936  2.53567165e-06  1.26254502e-05
296.192 -5.24770681e-06  1.16268358e-05
296.448 -1.09303302e-05  6.32239646e-06
296.704 -1.24310089e-05 -1.22263181e-06
296.960 -9.27594260e-06 -8.14790227e-06
297.216 -2.74697878e-06 -1.18822933e-05
297.472  4.64201477e-06 -1.11050966e-05
297.728  1.01119905e-05 -6.21904632e-06
297.984  1.16679321e-05  8.46058726e-07
298.240  8.83564788e-06  7.39279534e-06
298.496  2.79770405e-06  1.09861569e-05
298.752 -4.09431039e-06  1.03690426e-05
299.008 -9.23132987e-06  5.90143685e-06
299.264 -1.07424915e-05 -6.22224857e-07
299.520 -8.17954756e-06 -6.68471995e-06
299.776 -2.64037827e-06 -1.00213896e-05
300.032  3.68658417e-06 -9.47090707e-06
300.288  8.38559226e-06 -5.37592041e-06
300.544  9.74072421e-06  5.89196875e-07
300.800  7.35996215e-06  6.09521879e-06
301.056  2.28432235e-06  9.07058222e-06
301.312 -3.45193132e-06  8.47804310e-06
301.568 -7.63634629e-06  4.67701337e-06
301.824 -8.72799451e-06 -7.54727117e-07
302.080 -6.42399597e-06 -5.67127059e-06
302.336 -1.74116425e-06 -8.20154125e-06
302.592  3.42234840e-06 -7.45695308e-06
302.848  7.05047609e-06 -3.84840446e-06
303.104  7.78818915e-06  1.11560024e-06
303.360  5.45104725e-06  5.45271912e-06
303.616  1.06218563e-06  7.48716827e-06
303.872 -3.58799268e-06  6.49663466e-06
304.128 -6.65949774e-06  2.97055312e-06
304.384 -6.98538011e-06 -1.62096650e-06
304.640 -4.51734696e-06 -5.42789385e-06
304.896 -3.11626356e-07 -6.95600613e-06
305.152  3.91337994e-06 -5.65380259e-06
305.408  6.46693864e-06 -2.10616052e-06
305.664  6.36052215e-06  2.22233162e-06
305.920  3.68532970e-06  5.57953638e-06
306.176 -4.46096350e-07  6.63086415e-06
306.432 -4.35234462e-06  4.98451334e-06
306.688 -6.46219561e-06  1.32955173e-06
306.944 -5.94205040e-06 -2.84644802e-06
307.200 -3.01497640e-06 -5.85773327e-06
307.456  1.13392151e-06 -6.49810092e-06
307.712  4.83333920e-06 -4.51285872e-06
307.968  6.59879175e-06 -6.96007678e-07
308.224  5.71846602e-06  3.42504631e-06
308.480  2.53242301e-06  6.20315082e-06
308.736 -1.69818271e-06  6.52329349e-06
308.992 -5.29485565e-06  4.24039614e-06
309.248 -6.82585023e-06  2.42913811e-07
309.504 -5.66646909e-06 -3.89845519e-06
309.760 -2.25150542e-06 -6.55091170e-06
310.016  2.09279015e-06 -6.65555407e-06
310.272  5.67079129e-06 -4.14735199e-06
310.528  7.07472532e-06  1.38735245e-08
310.784  5.73597088e-06  4.22020528e-06
311.040  2.15346498e-06  6.83610919e-06
311.296 -2.30209473e-06  6.83227963e-06
311.552 -5.91552137e-06  4.19167750e-06
311.808 -7.28599482e-06 -8.54896018e-08
312.064 -5.87364975e-06 -4.36637673e-06
312.320 -2.20642169e-06 -7.00815925e-06
312.576  2.32476047e-06 -6.99367750e-06
312.832  5.99348746e-06 -4.32139742e-06
313.088  7.40136456e-06 -7.96283662e-10
313.344  6.01357205e-06  4.32946193e-06
313.600  2.35521319e-06  7.02806909e-06
313.856 -2.18826774e-06  7.07929288e-06
314.112 -5.89914192e-06  4.47064784e-06
314.368 -7.38525522e-06  1.93851384e-07
314.624 -6.10054976e-06 -4.13325464e-06
314.880 -2.54427821e-06 -6.88787838e-06
315.136  1.93143861e-06 -7.05222205e-06
315.392  5.64385342e-06 -4.58813869e-06
315.648  7.21635581e-06 -4.46133923e-07
315.904  6.08769306e-06  3.80679741e-06
316.160  2.71670708e-06  6.58596066e-06
316.416 -1.60543813e-06  6.87845024e-06
316.672 -5.25638455e-06  4.61732358e-06
316.928 -6.89085782e-06  6.92037460e-07
317.184 -5.94079534e-06 -3.40708435e-06
317.440 -2.81620380e-06 -6.15426712e-06
317.696  1.27372459e-06 -6.55910584e-06
317.952  4.78821331e-06 -4.53000347e-06
318.208  6.43602997e-06 -8.83146563e-07
318.464  5.65755787e-06  2.98486616e-06
318.720  2.81253562e-06  5.62994415e-06
318.976 -9.81302751e-07  6.10688925e-06
319.232 -4.28269669e-06  4.30849550e-06
319.488 -5.87954628e-06  9.77442465e-07
319.744 -5.23773913e-06 -2.59276594e-06
320.000 -2.67539449e-06 -5.06179546e-06
320.256  7.80192396e-07 -5.55067986e-06
320.512  3.80171269e-06 -3.95185392e-06
320.768  5.27645690e-06 -9.45454075e-07
321.024  4.71399852e-06  2.28202533e-06
321.280  2.40915910e-06  4.50910104e-06
321.536 -6.94013281e-07  4.93993313e-06
321.792 -3.38895670e-06  3.48813951e-06
322.048 -4.67412335e-06  7.87835893e-07
322.304 -4.12275879e-06 -2.07872817e-06
322.560 -2.02853653e-06 -4.01293087e-06
322.816  7.36232991e-07 -4.31608757e-06
323.072  3.08107967e-06 -2.94595180e-06
323.328  4.12057605e-06 -5.08208764e-07
323.584  3.51045896e-06  2.00681175e-06
323.840  1.56300297e-06  3.61805337e-06
324.096 -9.03895965e-07  3.73464425e-06
324.352 -2.90130138e-06  2.37604590e-06
324.608 -3.66011238e-06  1.38062908e-07
324.864 -2.93012976e-06 -2.06003765e-06
325.120 -1.05795400e-06 -3.34443266e-06
325.376  1.17008421e-06 -3.23513214e-06
325.632  2.84781890e-06 -1.82274879e-06
325.888  3.31636125e-06  2.86691446e-07
326.144  2.42060985e-06  2.22162412e-06
326.400  5.54659085e-07  3.20141106e-06
326.656 -1.50352025e-06  2.84920538e-06
326.912 -2.91143573e-06  1.33022548e-06
327.168 -3.10536347e-06 -7.20927091e-07
327.424 -2.01822574e-06 -2.46014973e-06
327.680 -1.01417513e-07 -3.18061549e-06
327.936  1.85817943e-06 -2.59232733e-06
328.192  3.06192838e-06 -9.34405997e-07
328.448  3.01892391e-06  1.11914877e-06
328.704  1.73904975e-06  2.73541471e-06
328.960 -2.66762925e-07  3.25735336e-06
329.216 -2.19323283e-06  2.46260713e-06
329.472 -3.26457618e-06  6.57466645e-07
329.728 -3.03914479e-06 -1.44384266e-06
329.984 -1.58950481e-06 -3.00566270e-06
330.240  5.21820274e-07 -3.39742899e-06
330.496  2.46694922e-06 -2.44549521e-06
330.752  3.47435229e-06 -5.08251629e-07
331.008  3.13181590e-06  1.66605374e-06
331.264  1.55543119e-06  3.22860415e-06
331.520 -6.55935871e-07  3.55843129e-06
331.776 -2.65135410e-06  2.51115235e-06
332.032 -3.65277237e-06  4.76058392e-07
332.288 -3.26145304e-06 -1.77392498e-06
332.544 -1.61406109e-06 -3.37401768e-06
332.800  6.71266033e-07 -3.70338258e-06
333.056  2.72595588e-06 -2.62664411e-06
333.312  3.76410482e-06 -5.42702593e-07
333.568  3.38670057e-06  1.76307716e-06
333.824  1.72967938e-06  3.41672544e-06
334.080 -5.85940655e-07  3.79272045e-06
334.336 -2.68717370e-06  2.74743720e-06
334.592 -3.78498024e-06  6.72222049e-07
334.848 -3.46997017e-06 -1.65191582e-06
335.104 -1.86278703e-06 -3.35477089e-06
335.360  4.29536859e-07 -3.80477243e-06
335.616  2.54792546e-06 -2.84077108e-06
335.872  3.70739643e-06 -8.32997794e-07
336.128  3.48570037e-06  1.46176375e-06
336.384  1.98051453e-06  3.19098064e-06
336.640 -2.32536905e-07  3.72141600e-06
336.896 -2.32583258e-06  2.87390098e-06
337.152 -3.52837355e-06  9.85943720e-07
337.408 -3.41150203e-06 -1.22741906e-06
337.664 -2.04621643e-06 -2.94440971e-06
337.920  3.72819858e-08 -3.54185354e-06
338.176  2.05615346e-06 -2.82715054e-06
338.432  3.26767511e-06 -1.09718680e-06
338.688  3.24837403e-06  9.85514912e-07
338.944  2.04203372e-06  2.64363420e-06
339.200  1.27343650e-07  3.27998348e-06
339.456 -1.76782504e-06  2.69505984e-06
339.712 -2.94581831e-06  1.14474571e-06
339.968 -3.00022528e-06 -7.65525320e-07
340.224 -1.95271607e-06 -2.31701712e-06
340.480 -2.32362786e-07 -2.95302120e-06
340.736  1.49650284e-06 -2.47633080e-06
340.992  2.59523752e-06 -1.10965083e-06
341.248  2.68556718e-06  6.00017017e-07
341.504  1.77900328e-06  2.00297867e-06
341.760  2.61017482e-07  2.59339595e-06
342.016 -1.27246968e-06  2.18977065e-06
342.272 -2.24919822e-06  9.93601615e-07
342.528 -2.33094268e-06 -5.04965642e-07
342.784 -1.53436412e-06 -1.72801903e-06
343.040 -2.08844249e-07 -2.22838591e-06
343.296  1.11564564e-06 -1.85565434e-06
343.552  1.93517600e-06 -8.01825609e-07
343.808  1.96377559e-06  4.92716869e-07
344.064  1.23658844e-06  1.51744514e-06
344.320  7.70624218e-08  1.89032440e-06
344.576 -1.04087406e-06  1.50411979e-06
344.832 -1.68099221e-06  5.52323296e-07
345.088 -1.61785538e-06 -5.61029528e-07
345.344 -9.14497248e-07 -1.38515893e-06
345.600  1.17401467e-07 -1.60589589e-06
345.856  1.04684663e-06 -1.16492618e-06
346.112  1.50191945e-06 -2.69210227e-07
346.368  1.31849206e-06  6.97632988e-07
346.624  5.94757862e-07  1.33577130e-06
346.880 -3.53835881e-07  1.39445041e-06
347.136 -1.12683758e-06  8.65262490e-07
347.392 -1.40780702e-06 -1.93641334e-08
347.648 -1.08831641e-06 -8.82785727e-07
347.904 -3.07760189e-07 -1.36467359e-06
348.160  6.02895668e-07 -1.26650848e-06
348.416  1.26200937e-06 -6.28642108e-07
348.672  1.39402544e-06  2.83344307e-07
348.928  9.38085987e-07  1.09016137e-06
349.184  7.68667234e-08  1.45583692e-06
349.440 -8.37618482e-07  1.22056756e-06
349.696 -1.42982955e-06  4.69548041e-07
349.952 -1.44884732e-06 -4.98196996e-07
350.208 -8.72293877e-07 -1.29298142e-06
350.464  7.88951081e-08 -1.58739951e-06
350.720  1.03039627e-06 -1.24795714e-06
350.976  1.60051108e-06 -3.95376009e-07
351.232  1.54972983e-06  6.43338210e-07
351.488  8.82436098e-07  1.46171354e-06
351.744 -1.53252655e-07  1.72947905e-06
352.000 -1.16133729e-06  1.32769811e-06
352.256 -1.74652584e-06  3.98145431e-07
352.512 -1.67128513e-06 -7.11600443e-07
352.768 -9.51767784e-07 -1.57619509e-06
353.024  1.49332892e-07 -1.85723927e-06
353.280  1.21785166e-06 -1.43779559e-06
353.536  1.84478293e-06 -4.65458652e-07
353.792  1.78687895e-06  6.99843473e-07
354.048  1.05723669e-06  1.61881613e-06
354.304 -7.80040806e-08  1.94353074e-06
354.560 -1.19533210e-06  1.54751360e-06
354.816 -1.87704637e-06  5.72478812e-07
355.072 -1.86808230e-06 -6.20079422e-07
355.328 -1.16856979e-06 -1.58717784e-06
355.584 -3.76472894e-08 -1.97168016e-06
355.840  1.10511654e-06 -1.63134590e-06
356.096  1.83974235e-06 -6.94062528e-07
356.352  1.89784995e-06  4.90645507e-07
356.608  1.26273424e-06  1.48708135e-06
356.864  1.75510695e-07  1.93216123e-06
357.120 -9.61331366e-07  1.66875479e-06
357.376 -1.73259231e-06  8.04592553e-07
357.632 -1.86183032e-06 -3.35327406e-07
357.888 -1.31501966e-06 -1.33174112e-06
358.144 -3.05790436e-07 -1.82394212e-06
358.400  7.89618458e-07 -1.64517540e-06
358.656  1.57023955e-06 -8.78418786e-07
358.912  1.76128853e-06  1.83095735e-07
359.168  1.31237826e-06  1.14497881e-06
359.424  4.05772501e-07  1.66087790e-06
359.680 -6.14116318e-07  1.56043474e-06
359.936 -1.37218062e-06  9.01967998e-07
360.192 -1.60486041e-06 -5.45967548e-08
360.448 -1.24919065e-06 -9.48567252e-07
360.704 -4.58810689e-07 -1.45887811e-06
360.960  4.57914220e-07 -1.41796516e-06
361.216  1.16167461e-06 -8.65803249e-07
361.472  1.40755078e-06 -3.01705863e-08
361.728  1.12839739e-06  7.68836015e-07
361.984  4.55388498e-07  1.24213247e-06
362.240 -3.41702995e-07  1.23349677e-06
362.496 -9.63846117e-07  7.74289298e-07
362.752 -1.19152336e-06  6.22856634e-08
363.008 -9.64559097e-07 -6.24358475e-07
363.264 -3.97832117e-07 -1.03200528e-06
363.520  2.75516542e-07 -1.02595178e-06
363.776  7.96142929e-07 -6.37662891e-07
364.032  9.77008423e-07 -3.96006500e-08
364.288  7.74236738e-07  5.27514103e-07
364.544  2.92667835e-07  8.48040718e-07
364.800 -2.63759908e-07  8.16760363e-07
365.056 -6.72963580e-07  4.71605414e-07
365.312 -7.85380479e-07 -3.15345168e-08
365.568 -5.78477080e-07 -4.82556783e-07
365.824 -1.55235452e-07 -7.04926684e-07
366.080  2.99872687e-07 -6.25553004e-07
366.336  5.99163620e-07 -2.94728681e-07
366.592  6.30280824e-07  1.37600199e-07
366.848  3.94420117e-07  4.85845380e-07
367.104  2.07827398e-09  6.09534481e-07
367.360 -3.73740437e-07  4.66120415e-07
367.616 -5.74663219e-07  1.24540799e-07
367.872 -5.20354643e-07 -2.62964331e-07
368.128 -2.37776413e-07 -5.29318995e-07
368.384  1.48202242e-07 -5.62424498e-07
368.640  4.70397795e-07 -3.47782988e-07
368.896  5.91132888e-07  2.28069902e-08
369.152  4.55674814e-07  3.90652049e-07
369.408  1.17642359e-07  5.99362627e-07
369.664 -2.81818524e-07  5.56212183e-07
369.920 -5.75813381e-07  2.72305849e-07
370.176 -6.37555203e-07 -1.38317228e-07
370.432 -4.32746663e-07 -5.08274103e-07
370.688 -3.87708232e-08 -6.83110814e-07
370.944  3.88328912e-07 -5.82670975e-07
371.200  6.75829659e-07 -2.39186191e-07
371.456  7.00718365e-07  2.15662340e-07
371.712  4.44029344e-07  6.03332666e-07
371.968  9.46156891e-11  7.65166232e-07
372.224 -4.61612388e-07  6.28856972e-07
372.480 -7.58401163e-07  2.40113066e-07
372.736 -7.67555082e-07 -2.56697067e-07
372.992 -4.78427951e-07 -6.70328891e-07
373.248  5.08145949e-09 -8.36232841e-07
373.504  5.01217079e-07 -6.84853405e-07
373.760  8.17585857e-07 -2.67006978e-07
374.016  8.29426710e-07  2.63709703e-07
374.272  5.26599210e-07  7.05342160e-07
374.528  1.75502329e-08  8.88150961e-07
374.784 -5.06868284e-07  7.39430081e-07
375.040 -8.47999490e-07  3.09490527e-07
375.296 -8.75989675e-07 -2.42508874e-07
375.552 -5.75988087e-07 -7.09274787e-07
375.808 -5.75842605e-08 -9.16056896e-07
376.064  4.85451496e-07 -7.83023718e-07
376.320  8.51378088e-07 -3.57453213e-07
376.576  9.03076235e-07  2.01703777e-07
376.832  6.19718159e-07  6.87245685e-07
377.088  1.07740316e-07  9.19248255e-07
377.344 -4.42742628e-07  8.10845987e-07
377.600 -8.28601850e-07  4.04190637e-07
377.856 -9.06720851e-07 -1.48442439e-07
378.112 -6.50675116e-07 -6.43043224e-07
378.368 -1.58549414e-07 -8.96555702e-07
378.624  3.87037763e-07 -8.17715532e-07
378.880  7.83854760e-07 -4.40486218e-07
379.136  8.87027633e-07  9.33772521e-08
379.392  6.64033914e-07  5.85041168e-07
379.648  2.01426933e-07  8.53219203e-07
379.904 -3.26918188e-07  8.04227201e-07
380.160 -7.24189393e-07  4.61808280e-07
380.416 -8.47666520e-07 -4.30723425e-08
380.672 -6.58063656e-07 -5.19972250e-07
380.928 -2.31107066e-07 -7.94327710e-07
381.184  2.69345827e-07 -7.70670348e-07
381.440  6.56848472e-07 -4.63957498e-07
381.696  7.92454625e-07  4.75493013e-09
381.952  6.31850790e-07  4.57358542e-07
382.208  2.42723372e-07  7.28130705e-07
382.464 -2.23283623e-07  7.21335068e-07
382.720 -5.92167385e-07  4.47174342e-07
382.976 -7.29558988e-07  1.66886152e-08
383.232 -5.90448342e-07 -4.05922964e-07
383.488 -2.36339170e-07 -6.63528431e-07
383.744  1.94132253e-07 -6.63727706e-07
384.000  5.38013726e-07 -4.15231185e-07
384.256  6.67507420e-07 -1.90803915e-08
384.512  5.40713083e-07  3.72111230e-07
384.768  2.13564800e-07  6.09648113e-07
385.024 -1.85550297e-07  6.07852251e-07
385.280 -5.02374076e-07  3.74753578e-07
385.536 -6.17801160e-07  3.89790639e-09
385.792 -4.93589233e-07 -3.59596114e-07
386.048 -1.81609023e-07 -5.75805882e-07
386.304  1.95091542e-07 -5.65671800e-07
386.560  4.89437786e-07 -3.36438596e-07
386.816  5.90079049e-07  2.12963808e-08
387.072  4.60398908e-07  3.66977741e-07
387.328  1.51196631e-07  5.67793692e-07
387.584 -2.16295017e-07  5.47452759e-07
387.840 -5.00211475e-07  3.12928391e-07
388.096 -5.91867263e-07 -4.50537016e-08
388.352 -4.53900326e-07 -3.88858814e-07
388.608 -1.37675433e-07 -5.87444481e-07
388.864  2.36795087e-07 -5.62286057e-07
389.120  5.28489886e-07 -3.19603579e-07
389.376  6.24683822e-07  5.07928592e-08
389.632  4.84510508e-07  4.12009497e-07
389.888  1.56952301e-07  6.27812739e-07
390.144 -2.40117101e-07  6.12868510e-07
390.400 -5.60987697e-07  3.67996203e-07
390.656 -6.83525094e-07 -2.22752760e-08
390.912 -5.57731000e-07 -4.19241330e-07
391.168 -2.22773014e-07 -6.76706112e-07
391.424  2.07082643e-07 -6.97070671e-07
391.680  5.78712688e-07 -4.66393195e-07
391.936  7.56669643e-07 -5.82062560e-08
392.192  6.72290980e-07  3.87437494e-07
392.448  3.45709261e-07  7.13332365e-07
392.704 -1.16568248e-07  8.01982796e-07
392.960 -5.56706052e-07  6.13614481e-07
393.216 -8.22183142e-07  2.03277110e-07
393.472 -8.15047366e-07 -2.94265684e-07
393.728 -5.26814842e-07 -7.12326325e-07
393.984 -4.63476193e-08 -9.05827111e-07
394.240  4.71099460e-07 -7.99434499e-07
394.496  8.53340140e-07 -4.18130084e-07
394.752  9.65554527e-07  1.20975541e-07
395.008  7.59561706e-07  6.45510340e-07
395.264  2.91013450e-07  9.79534680e-07
395.520 -2.97652292e-07  1.00404833e-06
395.776 -8.17091595e-07  6.98000139e-07
396.032 -1.09271084e-06  1.45526503e-07
396.288 -1.02352565e-06 -4.84008587e-07
396.544 -6.14197296e-07 -9.87562470e-07
396.800  1.96007533e-08 -1.19530336e-06
397.056  6.82061028e-07 -1.02338294e-06
397.312  1.15983491e-06 -5.05982459e-07
397.568  1.28705983e-06  2.07026230e-07
397.824  1.00058002e-06  8.95537471e-07
398.080  3.69535914e-07  1.33461973e-06
398.336 -4.21966688e-07  1.36453756e-06
398.592 -1.12721054e-06  9.49980863e-07
398.848 -1.50936068e-06  1.97676236e-07
399.104 -1.42206857e-06 -6.70312434e-07
399.360 -8.62833329e-07 -1.37706611e-06
399.616  1.88470150e-08 -1.67933272e-06
