0.252  5.79660928e-03 -9.18092716e-04
0.505  3.31259109e-03  8.64510778e-04
0.757  1.77425796e-03  1.63873735e-03
1.009  5.35413306e-04  1.77970987e-03
1.261 -4.33427053e-04  1.44880529e-03
1.514 -9.57349129e-04  8.10114228e-04
1.766 -1.06573098e-03  9.98710625e-05
2.018 -8.22931531e-04 -4.63284962e-04
2.271 -3.66957744e-04 -7.44074716e-04
2.523  9.06941424e-05 -7.42773048e-04
2.775  4.73675448e-04 -4.83364827e-04
3.027  6.08393794e-04 -1.09648062e-04
3.280  5.11796942e-04  2.41963332e-04
3.532  2.63825542e-04  4.63735159e-04
3.784 -5.52357001e-05  4.86640480e-04
4.037 -3.16332959e-04  3.34345255e-04
4.289 -4.28348841e-04  9.10443938e-05
4.541 -3.75322357e-04 -1.62002584e-04
4.794 -1.84330234e-04 -3.26723444e-04
5.046  4.88586392e-05 -3.61810070e-04
5.298  2.41923067e-04 -2.50390602e-04
5.550  3.30404726e-04 -5.71894205e-05
5.803  2.85871035e-04  1.37334065e-04
6.055  1.47661698e-04  2.64007322e-04
6.307 -2.71570217e-05  2.83004504e-04
6.560 -1.83114109e-04  1.97035938e-04
6.812 -2.62374203e-04  5.00054848e-05
7.064 -2.35806227e-04 -1.09081721e-04
7.316 -1.23390267e-04 -2.15444816e-04
7.569  2.58012894e-05 -2.35999677e-04
7.821  1.50826410e-04 -1.68786740e-04
8.073  2.16853704e-04 -4.71549220e-05
8.326  1.95530003e-04  8.16436939e-05
8.578  1.02512650e-04  1.70647344e-04
8.830 -2.17964859e-05  1.90988793e-04
9.082 -1.27054828e-04  1.38381646e-04
9.335 -1.78280370e-04  3.76504705e-05
9.587 -1.58404057e-04 -7.55162918e-05
9.839 -7.84073621e-05 -1.56130176e-04
10.092  2.70816826e-05 -1.72643723e-04
10.344  1.17985091e-04 -1.22644708e-04
10.596  1.61993048e-04 -2.94827381e-05
10.848  1.41670380e-04  6.80383588e-05
11.101  6.76731702e-05  1.31963081e-04
11.353 -2.76861182e-05  1.42499899e-04
11.605 -1.08540662e-04  9.93629307e-05
11.858 -1.47504046e-04  1.95052375e-05
12.110 -1.30992499e-04 -6.50734037e-05
12.362 -6.82877221e-05 -1.21425725e-04
12.614  1.42340882e-05 -1.30068019e-04
12.867  8.40102022e-05 -9.06865590e-05
13.119  1.15619695e-04 -1.98982103e-05
13.371  1.00173710e-04  5.52888071e-05
13.624  4.60966234e-05  1.07029333e-04
13.876 -2.46317500e-05  1.16940160e-04
14.128 -8.43180079e-05  8.33774008e-05
14.381 -1.11097640e-04  2.03446637e-05
14.633 -9.62538453e-05 -4.59972943e-05
14.885 -4.69464348e-05 -8.91357463e-05
15.137  1.70150558e-05 -9.41064977e-05
15.390  7.06084144e-05 -6.16073658e-05
15.642  9.33323795e-05 -5.93951651e-06
15.894  7.81670476e-05  5.01553375e-05
16.147  3.26113276e-05  8.51918081e-05
16.399 -2.41587476e-05  8.68232628e-05
16.651 -7.05577394e-05  5.55781593e-05
16.903 -9.03392799e-05  3.64112854e-06
17.156 -7.66628895e-05 -4.93368801e-05
17.408 -3.52176843e-05 -8.35823893e-05
17.660  1.74334451e-05 -8.61851957e-05
17.913  6.08246486e-05 -5.69067041e-05
18.165  7.87958155e-05 -8.13864485e-06
18.417  6.58550928e-05  4.13700211e-05
18.669  2.87622010e-05  7.35314082e-05
18.922 -1.73432133e-05  7.70986875e-05
19.174 -5.46166777e-05  5.22805926e-05
19.426 -6.85593657e-05  1.02389246e-05
19.679 -5.43288336e-05 -3.18098180e-05
19.931 -1.83817170e-05 -5.74048464e-05
20.183  2.49443716e-05 -5.73691729e-05
20.435  5.87618698e-05 -3.27530707e-05
20.688  7.04367484e-05  6.23099806e-06
20.940  5.65118078e-05  4.42872971e-05
21.192  2.29330464e-05  6.70982786e-05
21.445 -1.74126608e-05  6.67680117e-05
21.697 -4.92651635e-05  4.40145916e-05
21.949 -6.11591997e-05  7.98167287e-06
22.202 -4.91892503e-05 -2.69276967e-05
22.454 -1.86430023e-05 -4.72676512e-05
22.706  1.78364669e-05 -4.54981777e-05
22.958  4.59549645e-05 -2.27055365e-05
23.211  5.53491495e-05  1.16642083e-05
23.463  4.30206275e-05  4.39814543e-05
23.715  1.43996515e-05  6.21369882e-05
23.968 -1.89778934e-05  5.95548783e-05
24.220 -4.43452220e-05  3.75959262e-05
24.472 -5.21607459e-05  5.05007664e-06
24.724 -3.98275390e-05 -2.56066576e-05
24.977 -1.27677477e-05 -4.30070184e-05
25.229  1.81881078e-05 -4.11646798e-05
25.481  4.11134309e-05 -2.18831874e-05
25.734  4.74268013e-05  6.55096668e-06
25.986  3.53919519e-05  3.27499866e-05
26.238  1.03483504e-05  4.65418507e-05
26.490 -1.78774007e-05  4.30387952e-05
26.743 -3.85491043e-05  2.42153864e-05
26.995 -4.42417840e-05 -2.40738922e-06
27.247 -3.35388950e-05 -2.64729254e-05
27.500 -1.11221643e-05 -3.87994110e-05
27.752  1.39504022e-05 -3.50801411e-05
28.004  3.17287144e-05 -1.70969815e-05
28.256  3.54884818e-05  8.01548362e-06
28.509  2.40263152e-05  3.04666514e-05
28.761  1.93036957e-06  4.18389709e-05
29.013 -2.20294726e-05  3.81316506e-05
29.266 -3.86239163e-05  2.10666552e-05
29.518 -4.17270956e-05 -2.46769796e-06
29.770 -3.03965482e-05 -2.33029983e-05
30.022 -9.32811585e-06 -3.36924777e-05
30.275  1.31819047e-05 -3.00703215e-05
30.527  2.87133182e-05 -1.44466840e-05
30.779  3.17411552e-05  6.52155866e-06
31.032  2.16938831e-05  2.45487374e-05
31.284  3.08466942e-06  3.27489843e-05
31.536 -1.66135739e-05  2.81374322e-05
31.789 -2.97961065e-05  1.28301633e-05
32.041 -3.14857911e-05 -7.12966222e-06
32.293 -2.13509194e-05 -2.41612458e-05
32.545 -3.59654929e-06 -3.18524776e-05
32.798  1.48446797e-05 -2.75989351e-05
33.050  2.68141214e-05 -1.34798439e-05
33.302  2.78192467e-05  4.81499023e-06
33.555  1.77720328e-05  2.00488845e-05
33.807  7.21869231e-07  2.63184063e-05
34.059 -1.66407233e-05  2.14311261e-05
34.311 -2.75809773e-05  7.44233948e-06
34.564 -2.80924638e-05 -1.01597347e-05
34.816 -1.81937551e-05 -2.45504456e-05
35.068 -1.80404093e-06 -3.04231743e-05
35.321  1.46894571e-05 -2.58757842e-05
35.573  2.51327582e-05 -1.29700866e-05
35.825  2.59320274e-05  3.00069729e-06
36.077  1.71788287e-05  1.57712099e-05
36.330  2.67693565e-06  2.05762103e-05
36.582 -1.16757351e-05  1.57414413e-05
36.834 -2.03358630e-05  3.37401096e-06
37.087 -2.00373711e-05 -1.15142629e-05
37.339 -1.10450709e-05 -2.31632862e-05
37.591  2.93157484e-06 -2.71415095e-05
37.843  1.64399817e-05 -2.20215459e-05
38.096  2.43545989e-05 -1.00012121e-05
38.348  2.37630253e-05  4.21735350e-06
38.600  1.51914563e-05  1.52907939e-05
38.853  2.18981416e-06  1.91654742e-05
39.105 -1.01818173e-05  1.47466278e-05
39.357 -1.71707418e-05  4.17427671e-06
39.610 -1.62620468e-05 -8.20662680e-06
39.862 -8.11612197e-06 -1.74040927e-05
40.114  3.91933894e-06 -1.97822897e-05
40.366  1.50365032e-05 -1.45213231e-05
40.619  2.08492302e-05 -3.68853714e-06
40.871  1.92004798e-05  8.55319553e-06
41.123  1.07832034e-05  1.75210971e-05
41.376 -1.18761698e-06  1.99777285e-05
41.628 -1.21506783e-05  1.52317277e-05
41.880 -1.81207192e-05  5.28144021e-06
42.132 -1.71530612e-05 -5.86745253e-06
42.385 -9.92354261e-06 -1.38998138e-05
42.637  4.57111799e-07 -1.58869001e-05
42.889  9.76454510e-06 -1.12326046e-05
43.142  1.44024767e-05 -1.95683629e-06
43.394  1.26207799e-05  8.14610778e-06
43.646  5.21321884e-06  1.51431188e-05
43.898 -4.78676040e-06  1.63491504e-05
44.151 -1.34757995e-05  1.13380894e-05
44.403 -1.75173178e-05  2.16112147e-06
44.655 -1.53639069e-05 -7.63492925e-06
44.908 -7.95057778e-06 -1.43716542e-05
45.160  1.82205675e-06 -1.55569169e-05
45.412  1.02794158e-05 -1.09448446e-05
45.664  1.42712184e-05 -2.51572318e-06
45.917  1.24652172e-05  6.42771781e-06
46.169  5.80759630e-06  1.24257546e-05
46.421 -3.02230523e-06  1.32527911e-05
46.674 -1.05665545e-05  8.79614911e-06
46.926 -1.39395787e-05  9.08450017e-07
47.178 -1.20178238e-05 -7.27619399e-06
47.430 -5.69973712e-06 -1.25309098e-05
47.683  2.46372428e-06 -1.29009907e-05
47.935  9.20195927e-06 -8.33286802e-06
48.187  1.19288450e-05 -6.21893651e-07
48.440  9.68086573e-06  7.20831670e-06
48.692  3.37088604e-06  1.22023904e-05
48.944 -4.49249133e-06  1.26154433e-05
49.197 -1.08732996e-05  8.44015065e-06
49.449 -1.34498616e-05  1.46644011e-06
49.701 -1.13688692e-05 -5.46686272e-06
49.953 -5.60498884e-06 -9.69303584e-06
50.206  1.42326410e-06 -9.63119672e-06
50.458  6.93980965e-06 -5.39130092e-06
50.710  8.80557775e-06  1.22939517e-06
50.963  6.29769312e-06  7.59471110e-06
51.215  4.59956699e-07  1.12238316e-05
51.467 -6.43138568e-06  1.06701369e-05
51.719 -1.17778692e-05  6.16442026e-06
51.972 -1.35601144e-05 -5.67277271e-07
52.224 -1.11916236e-05 -7.05412112e-06
52.476 -5.69783001e-06 -1.09292919e-05
52.729  8.08573418e-07 -1.08938745e-05
52.981  5.86396943e-06 -7.22271522e-06
53.233  7.63010908e-06 -1.50747636e-06
53.485  5.65978199e-06  3.91724960e-06
53.738  9.24483208e-07  6.86852154e-06
53.990 -4.56405040e-06  6.25143799e-06
54.242 -8.49233423e-06  2.36767315e-06
54.495 -9.24924518e-06 -3.24683637e-06
54.747 -6.48123990e-06 -8.35279928e-06
54.999 -1.14738739e-06 -1.09778155e-05
55.251  4.77706790e-06 -1.01635972e-05
55.504  9.14214052e-06 -6.22598384e-06
55.756  1.04872838e-05 -6.95493227e-07
56.008  8.48161375e-06  4.32028941e-06
56.261  4.08731865e-06  7.03093770e-06
56.513 -8.22415265e-07  6.54270082e-06
56.765 -4.30082148e-06  3.20811950e-06
57.018 -5.00051751e-06 -1.48285887e-06
57.270 -2.66591590e-06 -5.60251749e-06
57.522  1.71174768e-06 -7.49341393e-06
57.774  6.39151231e-06 -6.35050660e-06
58.027  9.56740962e-06 -2.60509186e-06
58.279  9.98778738e-06  2.32537402e-06
58.531  7.51111254e-06  6.64014453e-06
58.784  3.11710959e-06  8.76290652e-06
59.036 -1.56288241e-06  8.00375088e-06
59.288 -4.79660451e-06  4.82214091e-06
59.540 -5.44546846e-06  5.32525214e-07
59.793 -3.44074329e-06 -3.15277905e-06
60.045  3.10119965e-07 -4.78339782e-06
60.297  4.25904856e-06 -3.80169435e-06
60.550  6.78553619e-06 -6.56177987e-07
60.802  6.91148768e-06  3.39484599e-06
61.054  4.61079664e-06  6.71737395e-06
61.306  7.61415333e-07  8.02241446e-06
61.559 -3.13028177e-06  6.83889596e-06
61.811 -5.58424442e-06  3.61271897e-06
62.063 -5.73672611e-06 -4.02163498e-07
62.316 -3.57649677e-06 -3.67059863e-06
62.568  4.85735472e-09 -5.02435121e-06
62.820  3.56744965e-06 -4.01631595e-06
63.072  5.76320455e-06 -1.11073346e-06
63.325  5.77802119e-06  2.47574116e-06
63.577  3.63238128e-06  5.34278540e-06
63.829  2.19110930e-07  6.40115315e-06
64.082 -3.13759813e-06  5.24996670e-06
64.334 -5.18738714e-06  2.39103626e-06
64.586 -5.17174191e-06 -1.04391304e-06
64.838 -3.17874889e-06 -3.76580352e-06
65.091 -6.06668196e-08 -4.75219726e-06
65.343  2.96519232e-06 -3.69454193e-06
65.595  4.71692286e-06 -1.10651695e-06
65.848  4.53716097e-06  1.96590977e-06
66.100  2.57311878e-06  4.29489523e-06
66.352 -3.77834286e-07  4.95131640e-06
66.605 -3.14812743e-06  3.71989187e-06
66.857 -4.62921406e-06  1.09556006e-06
67.109 -4.27274928e-06 -1.90978554e-06
67.361 -2.23854636e-06 -4.11202242e-06
67.614  7.01038881e-07 -4.68634477e-06
67.866  3.39920556e-06 -3.45262822e-06
68.118  4.83942567e-06 -8.82448393e-07
68.371  4.52906853e-06  2.02316538e-06
68.623  2.60774180e-06  4.16116425e-06
68.875 -1.60872283e-07  4.78754525e-06
69.127 -2.70003353e-06  3.71799244e-06
69.380 -4.10043020e-06  1.42150500e-06
69.632 -3.89749419e-06 -1.15107739e-06
69.884 -2.24780720e-06 -3.01720191e-06
70.137  9.72642608e-08 -3.49457795e-06
70.389  2.16654565e-06 -2.43786805e-06
70.641  3.12953879e-06 -3.47576494e-07
70.893  2.57028315e-06  1.89319483e-06
71.146  7.08203861e-07  3.37775405e-06
71.398 -1.72982529e-06  3.46496388e-06
71.650 -3.83550580e-06  2.08022211e-06
71.903 -4.80316280e-06 -2.68232642e-07
72.155 -4.27400215e-06 -2.75211881e-06
72.407 -2.48985952e-06 -4.48412942e-06
72.659 -1.19994596e-07 -4.86810023e-06
72.912  1.96063392e-06 -3.86772661e-06
73.164  2.99329673e-06 -1.94035411e-06
73.416  2.68480691e-06  1.32894905e-07
73.669  1.25556689e-06  1.51409346e-06
73.921 -6.68886111e-07  1.69669130e-06
74.173 -2.25251688e-06  6.63142879e-07
74.426 -2.83264475e-06 -1.15595916e-06
74.678 -2.17115593e-06 -2.99622729e-06
74.930 -4.83685978e-07 -4.09915201e-06
75.182  1.59539792e-06 -4.03119406e-06
75.435  3.27665989e-06 -2.78212494e-06
75.687  3.96952695e-06 -8.02385290e-07
75.939  3.44422180e-06  1.16294298e-06
76.192  1.93003973e-06  2.42565925e-06
76.444  5.65031242e-08  2.56896919e-06
76.696 -1.45845694e-06  1.59228269e-06
76.948 -2.05921141e-06 -4.38268240e-08
77.201 -1.52862127e-06 -1.65752922e-06
77.453 -1.22764489e-07 -2.61183614e-06
77.705  1.57309807e-06 -2.50721477e-06
77.958  2.90214748e-06 -1.38327244e-06
78.210  3.33136917e-06  3.17282550e-07
78.462  2.69263119e-06  1.97357852e-06
78.714  1.25395315e-06  2.97292536e-06
78.967 -4.50726713e-07  2.96314068e-06
79.219 -1.78893819e-06  2.01872058e-06
79.471 -2.26761884e-06  5.43282430e-07
79.724 -1.77133294e-06 -8.69989547e-07
79.976 -5.48195090e-07 -1.64139780e-06
80.228  8.94368959e-07 -1.48535629e-06
80.480  1.94408761e-06 -4.82383256e-07
80.733  2.17428037e-06  9.83252352e-07
80.985  1.49552817e-06  2.32252067e-06
81.237  1.40644800e-07  3.00999698e-06
81.490 -1.37797538e-06  2.79952342e-06
81.742 -2.48724868e-06  1.75924749e-06
81.994 -2.80995419e-06  2.80690283e-07
82.246 -2.24955444e-06 -1.07104479e-06
82.499 -1.04303068e-06 -1.82668717e-06
82.751  3.09509595e-07 -1.74292099e-06
83.003  1.29745187e-06 -8.88955290e-07
83.256  1.56599906e-06  3.44356363e-07
83.508  1.02578261e-06  1.45310815e-06
83.760 -6.78072208e-08  2.00988785e-06
84.013 -1.25780542e-06  1.78691550e-06
84.265 -2.08225996e-06  8.89675016e-07
84.517 -2.20289621e-06 -3.07354427e-07
84.769 -1.57310090e-06 -1.34603115e-06
85.022 -4.56653511e-07 -1.81215390e-06
85.274  7.27737685e-07 -1.51676648e-06
85.526  1.52734021e-06 -5.92314228e-07
85.779  1.63070347e-06  6.16109247e-07
86.031  1.02721244e-06  1.65942887e-06
86.283 -4.19048686e-08  2.13784477e-06
86.535 -1.17409322e-06  1.90269028e-06
86.788 -1.92531729e-06  1.07389356e-06
87.040 -2.02912622e-06 -2.64869199e-08
87.292 -1.47975973e-06 -9.54749333e-07
87.545 -4.95281354e-07 -1.35616343e-06
87.797  5.22711933e-07 -1.10521340e-06
88.049  1.16826411e-06 -3.02880691e-07
88.301  1.21288137e-06  7.26820134e-07
88.554  6.39448296e-07  1.56720561e-06
88.806 -3.30732896e-07  1.91185177e-06
89.058 -1.30959352e-06  1.63501937e-06
89.311 -1.94348651e-06  8.41681527e-07
89.563 -2.01673533e-06 -1.43520528e-07
89.815 -1.51741312e-06 -9.53383327e-07
90.067 -6.81474055e-07 -1.30784386e-06
90.320  1.41164841e-07 -1.08949252e-06
90.572  6.32121073e-07 -4.31702086e-07
90.824  5.85521151e-07  3.58419920e-07
91.077  2.55740348e-08  9.48012781e-07
91.329 -8.06716367e-07  1.06186425e-06
91.581 -1.58878815e-06  6.13620166e-07
91.834 -1.99966301e-06 -2.44447928e-07
92.086 -1.84957797e-06 -1.22855969e-06
92.338 -1.18445429e-06 -2.00318204e-06
92.590 -2.20081453e-07 -2.29610388e-06
92.843  7.30328649e-07 -2.04266496e-06
93.095  1.34716777e-06 -1.36991576e-06
93.347  1.46897666e-06 -5.35938581e-07
93.600  1.12914442e-06  1.32171065e-07
93.852  5.11594356e-07  4.02375839e-07
94.104 -8.19294260e-08  2.23054914e-07
94.356 -3.76534037e-07 -3.00518036e-07
94.609 -2.48622496e-07 -9.13049229e-07
94.861  2.72821733e-07 -1.31989273e-06
95.113  9.92781605e-07 -1.33658114e-06
95.366  1.61792126e-06 -9.17902227e-07
95.618  1.91435032e-06 -1.85952807e-07
95.870  1.76542651e-06  5.91526886e-07
96.122  1.20965190e-06  1.14911263e-06
96.375  4.62609690e-07  1.30790406e-06
96.627 -2.04093773e-07  1.01985493e-06
96.879 -5.67224346e-07  4.26071958e-07
97.132 -5.00469756e-07 -2.23525511e-07
97.384 -5.82799715e-08 -6.84963858e-07
97.636  5.55251810e-07 -7.71597459e-07
97.888  1.09919946e-06 -4.50735853e-07
98.141  1.34901824e-06  1.36392886e-07
98.393  1.19323889e-06  7.72507061e-07
98.645  6.99626499e-07  1.21832722e-06
98.898  4.41136565e-08  1.29855841e-06
99.150 -5.42619556e-07  1.00360420e-06
99.402 -8.42922412e-07  4.54318683e-07
99.654 -7.74838079e-07 -1.48409755e-07
99.907 -3.97496027e-07 -5.69657244e-07
100.159  1.32949009e-07 -6.67859805e-07
100.411  5.87815022e-07 -4.40827019e-07
100.664  7.82633006e-07  7.63766357e-09
100.916  6.58913615e-07  4.73890743e-07
101.168  2.66349404e-07  7.47923130e-07
101.421 -2.29642521e-07  7.21650766e-07
101.673 -6.09608031e-07  3.91324858e-07
101.925 -7.22303380e-07 -1.25969618e-07
102.177 -5.10590401e-07 -6.18367467e-07
102.430 -3.32104297e-08 -9.00892410e-07
102.682  5.26311808e-07 -8.65481791e-07
102.934  9.65911223e-07 -5.05750345e-07
103.187  1.13617180e-06  4.40071637e-08
103.439  9.66987589e-07  5.86654474e-07
103.691  5.28392150e-07  9.47989735e-07
103.943 -9.86360681e-09  1.00512032e-06
104.196 -4.69317772e-07  7.58805343e-07
104.448 -6.93233285e-07  3.34082418e-07
104.700 -6.19762542e-07 -1.05248484e-07
104.953 -3.21347680e-07 -3.89655215e-07
105.205  6.49346870e-08 -4.08658107e-07
105.457  3.73365188e-07 -1.81573118e-07
105.709  4.59818253e-07  1.87603688e-07
105.962  2.92907042e-07  5.48674133e-07
106.214 -6.05790521e-08  7.38350628e-07
106.466 -4.74667906e-07  6.79175440e-07
106.719 -7.80888328e-07  3.98026483e-07
106.971 -8.62476897e-07 -9.75121907e-09
107.223 -7.04537588e-07 -3.83658890e-07
107.475 -3.66343421e-07 -5.76753112e-07
107.728  1.27011558e-08 -5.32031568e-07
107.980  2.68241009e-07 -2.68430705e-07
108.232  3.04453844e-07  1.07930298e-07
108.485  9.83436290e-08  4.30902704e-07
108.737 -2.86933063e-07  5.73123229e-07
108.989 -7.00660067e-07  4.71028109e-07
109.242 -9.95958730e-07  1.38287740e-07
109.494 -1.07489254e-06 -3.07519340e-07
109.746 -9.01286252e-07 -7.17081878e-07
109.998 -5.46116222e-07 -9.70623024e-07
110.251 -1.43412165e-07 -9.90458148e-07
110.503  1.80550120e-07 -7.96435419e-07
110.755  3.20836054e-07 -4.94378664e-07
111.008  2.50268567e-07 -2.04003570e-07
111.260  4.00536569e-08 -4.24311158e-08
111.512 -2.04799851e-07 -7.45776046e-08
111.764 -3.66665990e-07 -2.65098609e-07
112.017 -3.52908163e-07 -5.27297111e-07
112.269 -1.63356715e-07 -7.49946711e-07
112.521  1.36325870e-07 -8.20864495e-07
112.774  4.46367600e-07 -7.04015020e-07
113.026  6.43239848e-07 -4.39346716e-07
113.278  6.56154226e-07 -1.09017740e-07
113.530  4.94337366e-07  1.62505012e-07
113.783  2.15847063e-07  2.74887040e-07
114.035 -6.56022319e-08  2.03880508e-07
114.287 -2.29487879e-07 -2.17378583e-08
114.540 -2.18716046e-07 -3.10363434e-07
114.792 -2.98561302e-08 -5.34080746e-07
115.044  2.77162688e-07 -6.07883845e-07
115.296  5.81891174e-07 -4.96748747e-07
115.549  7.80780212e-07 -2.23181776e-07
115.801  8.12144599e-07  1.14158175e-07
116.053  6.60801187e-07  4.05636468e-07
116.306  3.92855894e-07  5.71785107e-07
116.558  1.11123902e-07  5.65632832e-07
116.810 -9.79540278e-08  4.16360265e-07
117.062 -1.66173164e-07  2.10280633e-07
117.315 -8.82830130e-08  3.19280378e-08
117.567  7.04590882e-08 -4.00433856e-08
117.819  2.31849775e-07  2.80893949e-08
118.072  3.13937462e-07  1.93679567e-07
118.324  2.59923843e-07  3.86488895e-07
118.576  8.78722181e-08  5.24997638e-07
118.829 -1.42475495e-07  5.33366825e-07
119.081 -3.53374204e-07  4.01849126e-07
119.333 -4.54752636e-07  1.74388103e-07
119.585 -4.06835800e-07 -8.04631445e-08
119.838 -2.31079398e-07 -2.66347904e-07
120.090  2.03745468e-08 -3.15574859e-07
120.342  2.56014021e-07 -2.22562802e-07
120.595  3.88133902e-07 -1.69125083e-08
120.847  3.84446480e-07  2.26070664e-07
121.099  2.49857165e-07  4.10422807e-07
121.351  3.55113067e-08  4.82067633e-07
121.604 -1.66367311e-07  4.23363341e-07
121.856 -2.87106982e-07  2.58276714e-07
122.108 -2.91222280e-07  6.55763739e-08
122.361 -1.76734779e-07 -7.89358734e-08
122.613 -2.39366641e-09 -1.27302886e-07
122.865  1.55611718e-07 -5.55666479e-08
123.117  2.41657581e-07  1.01084094e-07
123.370  2.14904204e-07  2.71905083e-07
123.622  8.57958712e-08  3.97515331e-07
123.874 -8.56210992e-08  4.25416114e-07
124.127 -2.39659366e-07  3.42037785e-07
124.379 -3.17184687e-07  1.92051716e-07
124.631 -2.83084328e-07  3.21544193e-08
124.883 -1.62806712e-07 -7.63657594e-08
125.136 -6.59755569e-09 -8.05473891e-08
125.388  1.26160700e-07  1.64487787e-08
125.640  1.69522552e-07  1.75110870e-07
125.893  1.02757434e-07  3.42468273e-07
126.145 -5.00709881e-08  4.46330997e-07
126.397 -2.47350211e-07  4.43535578e-07
126.650 -4.19064717e-07  3.39323446e-07
126.902 -5.04907943e-07  1.59939928e-07
127.154 -4.90829491e-07 -3.52138118e-08
127.406 -3.86196085e-07 -1.76928357e-07
127.659 -2.33640436e-07 -2.34627579e-07
127.911 -1.02434301e-07 -2.02474585e-07
128.163 -3.51591883e-08 -1.04230675e-07
128.416 -4.93710924e-08 -2.43304481e-09
128.668 -1.38917019e-07  5.22712879e-08
128.920 -2.52347553e-07  3.33000129e-08
129.172 -3.33983286e-07 -6.87264603e-08
129.425 -3.49457802e-07 -2.16986482e-07
129.677 -2.75597028e-07 -3.54547408e-07
129.929 -1.31258177e-07 -4.40568822e-07
130.182  3.06912655e-08 -4.40260285e-07
130.434  1.65549152e-07 -3.52389383e-07
130.686  2.30370584e-07 -2.19720492e-07
130.938  2.04173899e-07 -8.68662957e-08
131.191  1.14496824e-07 -1.48439701e-10
131.443  1.60345121e-09  3.05645990e-09
131.695 -8.97993748e-08 -6.77141835e-08
131.948 -1.11372492e-07 -1.79916947e-07
132.200 -5.42592279e-08 -2.94365382e-07
132.452  5.91750316e-08 -3.57803786e-07
132.704  1.98009807e-07 -3.44439835e-07
132.957  3.10191896e-07 -2.64706526e-07
133.209  3.56432081e-07 -1.39531452e-07
133.461  3.34755941e-07 -1.41960297e-08
133.714  2.55887938e-07  6.35268533e-08
133.966  1.54564739e-07  8.01056497e-08
134.218  8.18044913e-08  3.71825066e-08
134.470  6.13593722e-08 -4.25993529e-08
134.723  9.93143189e-08 -1.09552165e-07
134.975  1.85151990e-07 -1.31000074e-07
135.227  2.74452736e-07 -9.37822261e-08
135.480  3.27150936e-07  3.31223304e-09
135.732  3.22876519e-07  1.25049532e-07
135.984  2.48932752e-07  2.26827303e-07
136.237  1.27183871e-07  2.81387837e-07
136.489  1.80538725e-09  2.65500394e-07
136.741 -9.52330428e-08  1.84512541e-07
136.993 -1.33080093e-07  7.62353748e-08
137.246 -1.00291583e-07 -2.62889316e-08
137.498 -2.35734353e-08 -8.90843936e-08
137.750  6.64729404e-08 -8.67699110e-08
138.003  1.37215145e-07 -3.25437251e-08
138.255  1.54092421e-07  4.77926316e-08
138.507  1.16579148e-07  1.26048960e-07
138.759  4.45098099e-08  1.63556363e-07
139.012 -3.96671144e-08  1.47187475e-07
139.264 -9.74332334e-08  9.01061991e-08
139.516 -1.04758211e-07  8.87306223e-09
139.769 -6.72098152e-08 -6.14911806e-08
140.021  4.45262056e-09 -8.83744672e-08
140.273  8.14389946e-08 -6.88085717e-08
140.525  1.25756015e-07 -7.83568889e-09
140.778  1.25490048e-07  7.39658247e-08
141.030  8.00920591e-08  1.37032659e-07
141.282  8.62310273e-10  1.60850135e-07
141.535 -7.50893084e-08  1.39354321e-07
141.787 -1.19927866e-07  7.43194680e-08
142.039 -1.22188935e-07 -3.50535221e-09
142.291 -7.46247257e-08 -6.13290885e-08
142.544  1.74786880e-09 -8.26765914e-08
142.796  7.25720593e-08 -5.24836019e-08
143.048  1.17338365e-07  2.03792260e-08
143.301  1.15157579e-07  1.04148199e-07
143.553  6.19139801e-08  1.76138295e-07
143.805 -1.73029037e-08  2.12570646e-07
144.058 -1.00003556e-07  1.97738159e-07
144.310 -1.62859944e-07  1.47317314e-07
144.562 -1.81936763e-07  8.17170589e-08
144.814 -1.62622642e-07  2.13064207e-08
145.067 -1.22325058e-07 -5.74670394e-09
145.319 -7.75382874e-08  5.08066284e-09
145.571 -5.73100336e-08  3.98876184e-08
145.824 -7.53205396e-08  8.57756779e-08
146.076 -1.22155590e-07  1.15205518e-07
146.328 -1.88159976e-07  1.06257458e-07
146.580 -2.49314986e-07  6.21515284e-08
146.833 -2.77206538e-07 -1.10764107e-08
147.085 -2.67314748e-07 -9.51456972e-08
147.337 -2.21326582e-07 -1.58409133e-07
147.590 -1.49824318e-07 -1.88474243e-07
147.842 -8.34145227e-08 -1.82603926e-07
148.094 -4.08959264e-08 -1.43081293e-07
148.346 -2.86435699e-08 -9.56260526e-08
148.599 -5.16173795e-08 -6.32729398e-08
148.851 -9.14865624e-08 -5.51364463e-08
149.103 -1.23154942e-07 -8.15004211e-08
149.356 -1.35206304e-07 -1.32687032e-07
149.608 -1.13930808e-07 -1.83761879e-07
149.860 -5.99177333e-08 -2.21181446e-07
150.112  4.58498550e-09 -2.29419343e-07
150.365  6.43965983e-08 -2.00319410e-07
150.617  1.03710401e-07 -1.50813919e-07
150.869  1.07043625e-07 -9.66846573e-08
151.122  8.40054990e-08 -5.25263467e-08
151.374  4.97853762e-08 -3.86921521e-08
151.626  1.67982891e-08 -5.37898771e-08
151.878  7.52153094e-09 -8.42779431e-08
152.131  2.88201309e-08 -1.20115524e-07
152.383  7.00340249e-08 -1.39090687e-07
152.635  1.23439174e-07 -1.26620353e-07
152.888  1.69213019e-07 -8.88877562e-08
153.140  1.86482191e-07 -3.10816426e-08
153.392  1.75549695e-07  3.14135027e-08
153.645  1.38721417e-07  7.40421261e-08
153.897  8.53064375e-08  9.07631692e-08
154.149  4.01118156e-08  8.10035635e-08
154.401  1.47975964e-08  4.74038038e-08
154.654  1.22551868e-08  1.16943627e-08
154.906  3.57201302e-08 -1.03274467e-08
155.158  6.88601216e-08 -1.41714425e-08
155.411  9.33064503e-08  7.53464458e-09
155.663  1.03216977e-07  4.50015365e-08
155.915  8.88591972e-08  7.87960640e-08
156.167  5.30776892e-08  1.01460039e-07
156.420  1.45973645e-08  1.02243096e-07
156.672 -1.72754438e-08  7.71657068e-08
156.924 -3.17753790e-08  4.21634876e-08
157.177 -1.88652431e-08  8.17808938e-09
157.429  1.03289021e-08 -1.48104374e-08
157.681  4.39587869e-08 -1.21849353e-08
157.933  7.34425595e-08  1.12367106e-08
158.186  8.16409005e-08  4.37913153e-08
158.438  6.64437472e-08  7.86297974e-08
158.690  3.81208151e-08  9.83513293e-08
158.943  1.81394646e-09  9.42212218e-08
159.195 -2.68294932e-08  7.38869346e-08
159.447 -3.35233420e-08  4.09924865e-08
159.699 -2.21161512e-08  7.84409207e-09
159.952  5.08699744e-09 -7.51025845e-09
160.204  4.02116611e-08 -4.29965535e-09
160.456  6.38131294e-08  1.63924002e-08
160.709  7.03173264e-08  5.15286756e-08
160.961  5.97220082e-08  8.27898899e-08
161.213  3.06115638e-08  1.00274967e-07
161.466 -2.01526799e-09  1.03000457e-07
161.718 -2.49190148e-08  8.61618156e-08
161.970 -3.60902203e-08  5.99524138e-08
162.222 -2.87397870e-08  3.96917702e-08
162.475 -7.58512875e-09  2.87579253e-08
162.727  1.13984328e-08  3.47007369e-08
162.979  2.29390524e-08  5.83775505e-08
163.232  1.94979951e-08  8.48893056e-08
163.484 -5.03568834e-09  1.06849423e-07
163.736 -3.88160370e-08  1.17250749e-07
163.988 -7.27600945e-08  1.05654707e-07
164.241 -1.00875115e-07  7.91455371e-08
164.493 -1.10032443e-07  4.76108695e-08
164.745 -1.01662391e-07  1.57119133e-08
164.998 -8.54813803e-08 -2.75547085e-09
165.250 -6.49555386e-08 -3.62637195e-09
165.502 -5.27777088e-08  4.43307593e-09
165.754 -5.80437101e-08  1.85323341e-08
166.007 -7.41323910e-08  2.81334580e-08
166.259 -9.81227215e-08  2.00815337e-08
166.511 -1.22126296e-07 -2.37784359e-09
166.764 -1.30102425e-07 -3.63134352e-08
167.016 -1.20623745e-07 -7.69031604e-08
167.268 -9.59873602e-08 -1.07041934e-07
167.520 -5.75601898e-08 -1.20099914e-07
167.773 -2.11769516e-08 -1.17002854e-07
168.025  1.87993884e-09 -9.56790292e-08
168.277  1.06783506e-08 -6.84946315e-08
168.530  2.99675286e-10 -5.00451683e-08
168.782 -2.18757628e-08 -4.34435203e-08
169.034 -3.96647063e-08 -5.55886387e-08
169.286 -4.74732492e-08 -8.48647548e-08
169.539 -3.71333332e-08 -1.15501811e-07
169.791 -4.22806902e-09 -1.39361203e-07
170.043  3.82355484e-08 -1.47511749e-07
170.296  8.02289540e-08 -1.29749939e-07
170.548  1.12730492e-07 -9.38839520e-08
170.800  1.20859284e-07 -5.03188842e-08
171.053  1.05442785e-07 -7.12289743e-09
171.305  7.53669740e-08  1.82475099e-08
171.557  3.66296405e-08  1.91238857e-08
171.809  6.61167024e-09  1.17337922e-09
172.062 -1.30424722e-09 -3.24998145e-08
172.314  1.17142629e-08 -6.71896336e-08
172.566  4.59694812e-08 -8.46066891e-08
172.819  9.16786989e-08 -8.06221228e-08
173.071  1.28314806e-07 -5.11738638e-08
173.323  1.46399034e-07  7.08541435e-10
173.575  1.37997721e-07  5.57093992e-08
173.828  9.81790147e-08  1.00127222e-07
174.080  4.11702410e-08  1.22705341e-07
174.332 -1.76027032e-08  1.10477216e-07
174.585 -6.51450542e-08  6.91333552e-08
174.837 -8.20021970e-08  1.24101444e-08
175.089 -6.33327963e-08 -4.74344735e-08
175.341 -1.77588466e-08 -8.75644917e-08
175.594  4.59746776e-08 -9.26507199e-08
175.846  1.05731049e-07 -6.35557469e-08
176.098  1.37794167e-07 -2.99565462e-09
176.351  1.33892096e-07  7.19670166e-08
176.603  8.88301527e-08  1.33129640e-07
176.855  1.05009174e-08  1.63347820e-07
177.107 -7.37281585e-08  1.48625963e-07
177.360 -1.40067614e-07  8.44382271e-08
177.612 -1.66299897e-07 -8.84383792e-09
177.864 -1.33791280e-07 -1.05130028e-07
178.117 -4.98844223e-08 -1.76556300e-07
178.369  6.31454140e-08 -1.91102939e-07
178.621  1.76575459e-07 -1.38584797e-07
178.874  2.48771591e-07 -3.06668133e-08
179.126  2.50537948e-07  1.09578379e-07
179.378  1.77083379e-07  2.37681849e-07
179.630  3.87873390e-08  3.07962321e-07
179.883 -1.25986483e-07  2.95935862e-07
180.135 -2.61782420e-07  1.93265360e-07
180.387 -3.25066642e-07  2.25807794e-08
180.640 -2.85355785e-07 -1.61091802e-07
180.892 -1.41049501e-07 -3.00308163e-07
181.144  6.54954070e-08 -3.42905188e-07
181.396  2.72404664e-07 -2.57569073e-07
181.649  4.11045148e-07 -6.17539494e-08
181.901  4.19671837e-07  1.91061180e-07
182.153  2.81121583e-07  4.25903817e-07
182.406  2.63018026e-08  5.55975880e-07
182.658 -2.77630814e-07  5.24971779e-07
182.910 -5.30627614e-07  3.28591494e-07
183.162 -6.40001358e-07  1.01517915e-08
183.415 -5.58288685e-07 -3.34168894e-07
183.667 -2.90093435e-07 -5.86163994e-07
183.919  9.22993772e-08 -6.54521783e-07
184.172  4.63425484e-07 -4.94642328e-07
184.424  6.96246276e-07 -1.35270774e-07
184.676  6.93764261e-07  3.14418418e-07
184.928  4.25618321e-07  7.08824937e-07
185.181 -4.07992428e-08  9.04896822e-07
185.433 -5.66276572e-07  8.05481994e-07
185.685 -9.78739901e-07  4.13218231e-07
185.938 -1.11788301e-06 -1.68699157e-07
186.190 -9.06410417e-07 -7.66211809e-07
186.442 -3.82308235e-07 -1.17289913e-06
186.694  3.12177092e-07 -1.22916442e-06
186.947  9.54473135e-07 -8.85402758e-07
187.199  1.31631649e-06 -2.17137477e-07
187.451  1.25102636e-06  5.76282426e-07
187.704  7.38290263e-07  1.22781935e-06
187.956 -8.85349859e-08  1.50144786e-06
188.208 -9.66856970e-07  1.26449343e-06
188.461 -1.59788435e-06  5.45677926e-07
188.713 -1.73812883e-06 -4.47608446e-07
188.965 -1.28511639e-06 -1.39771555e-06
189.217 -3.40826509e-07 -1.97318850e-06
189.470  8.14537794e-07 -1.93317099e-06
189.722  1.80568095e-06 -1.23415310e-06
189.974  2.27077383e-06 -5.85178141e-08
190.227  2.00052266e-06  1.23582271e-06
190.479  1.02595724e-06  2.20954436e-06
190.731 -3.82229038e-07  2.49467408e-06
190.983 -1.77332733e-06  1.93577913e-06
191.236 -2.65874238e-06  6.49599311e-07
191.488 -2.68983165e-06 -9.82150394e-07
191.740 -1.77879308e-06 -2.41754582e-06
191.993 -1.56046611e-07 -3.14259718e-06
192.245  1.67234781e-06 -2.84275492e-06
192.497  3.09048979e-06 -1.52767819e-06
192.749  3.57245335e-06  4.30973871e-07
193.002  2.86554538e-06  2.40901406e-06
193.254  1.11566960e-06  3.72603720e-06
193.506 -1.15649373e-06  3.86593099e-06
193.759 -3.21133386e-06  2.68287986e-06
194.011 -4.31606721e-06  4.81781290e-07
194.263 -4.00917235e-06 -2.06110916e-06
194.515 -2.28783283e-06 -4.09029623e-06
194.768  3.66734786e-07 -4.85783434e-06
195.020  3.10786522e-06 -4.00184940e-06
195.272  4.98676043e-06 -1.69037100e-06
195.525  5.28742383e-06  1.38988759e-06
195.777  3.78357000e-06  4.22429679e-06
196.029  8.55389131e-07  5.81166293e-06
196.282 -2.58443040e-06  5.50747257e-06
196.534 -5.37976809e-06  3.27014745e-06
196.786 -6.51411522e-06 -2.65192018e-07
197.038 -5.46532052e-06 -3.96519430e-06
197.291 -2.43736577e-06 -6.56013802e-06
197.543  1.65989288e-06 -7.06378475e-06
197.795  5.48471312e-06 -5.14788807e-06
198.048  7.68680674e-06 -1.30719161e-06
198.300  7.38263064e-06  3.26531979e-06
198.552  4.50451996e-06  7.03342727e-06
198.804 -1.30432474e-07  8.62848976e-06
199.057 -5.03607946e-06  7.34971931e-06
199.309 -8.52287583e-06  3.44384229e-06
199.561 -9.28580503e-06 -1.91369246e-06
199.814 -6.87790746e-06 -6.95479216e-06
200.066 -1.92070142e-06 -9.90717618e-06
200.318  4.02805642e-06 -9.60905441e-06
200.570  8.96446076e-06 -5.94659388e-06
200.823  1.11100970e-05  2.43954519e-08
201.075  9.53553288e-06  6.37490965e-06
201.327  4.55015126e-06  1.09260840e-05
201.580 -2.32569336e-06  1.19806280e-05
201.832 -8.82473277e-06  8.95211789e-06
202.084 -1.26654667e-05  2.64517401e-06
202.336 -1.23487205e-05 -4.95091362e-06
202.589 -7.73872324e-06 -1.12752549e-05
202.841 -1.81966224e-07 -1.40502019e-05
203.093  7.86989814e-06 -1.21053285e-05
203.346  1.36411755e-05 -5.84304749e-06
203.598  1.49938994e-05  2.81080801e-06
203.850  1.12066532e-05  1.09785873e-05
204.102  3.30158342e-06  1.57902915e-05
204.355 -6.20017872e-06  1.53862347e-05
204.607 -1.40799485e-05  9.61311223e-06
204.859 -1.75114207e-05  1.84186256e-07
205.112 -1.50570930e-05 -9.81674403e-06
205.364 -7.25398291e-06 -1.69462563e-05
205.616  3.46317271e-06 -1.85725755e-05
205.869  1.35220997e-05 -1.38410296e-05
206.121  1.93912813e-05 -4.07458790e-06
206.373  1.88132314e-05  7.58617089e-06
206.625  1.16695698e-05  1.71812877e-05
206.878  1.21474222e-07  2.12658590e-05
207.130 -1.20307132e-05  1.81509450e-05
207.382 -2.05832161e-05  8.57447542e-06
207.635 -2.23879638e-05 -4.44272438e-06
207.887 -1.65018561e-05 -1.65299079e-05
208.139 -4.61232773e-06 -2.34362074e-05
208.391  9.41706951e-06 -2.25247909e-05
208.644  2.07983527e-05 -1.37576155e-05
208.896  2.54573744e-05  1.63660947e-07
209.148  2.14779274e-05  1.46160025e-05
209.401  9.87180539e-06  2.45955040e-05
209.653 -5.63992253e-06  2.64395137e-05
209.905 -1.98218084e-05  1.91641136e-05
210.157 -2.76831785e-05  4.93170000e-06
210.410 -2.62274819e-05 -1.15833819e-05
210.662 -1.55931733e-05 -2.47236207e-05
210.914  8.74836411e-07 -2.97770497e-05
211.167  1.76698729e-05 -2.46729092e-05
211.419  2.89525587e-05 -1.08062118e-05
211.671  3.05877523e-05  7.32379890e-06
211.923  2.16567194e-05  2.35576308e-05
212.176  4.88784622e-06  3.21716307e-05
212.428 -1.41544204e-05  2.99014776e-05
212.680 -2.89130703e-05  1.71607379e-05
212.933 -3.41059716e-05 -1.96813434e-06
213.185 -2.76070876e-05 -2.10296310e-05
213.437 -1.12984684e-05 -3.33834458e-05
213.690  9.44613864e-06 -3.45136758e-05
213.942  2.75377679e-05 -2.36742615e-05
214.194  3.65943776e-05 -4.28093336e-06
214.446  3.31881806e-05  1.71620074e-05
214.699  1.81460338e-05  3.32447663e-05
214.951 -3.61720362e-06  3.82075708e-05
215.203 -2.47053382e-05  3.00134400e-05
215.456 -3.77475508e-05  1.11673314e-05
215.708 -3.79845649e-05 -1.20435688e-05
215.960 -2.50100523e-05 -3.16381223e-05
216.212 -3.01712988e-06 -4.06917034e-05
216.465  2.05443143e-05 -3.57960006e-05
216.717  3.74913007e-05 -1.83301086e-05
216.969  4.17657751e-05  5.90300487e-06
217.222  3.15984432e-05  2.85970046e-05
217.474  1.02251352e-05  4.18047025e-05
217.726 -1.51256183e-05  4.07256504e-05
217.978 -3.56880127e-05  2.54497521e-05
218.231 -4.41986177e-05  1.03819489e-06
218.483 -3.74629438e-05 -2.41558742e-05
218.735 -1.75635280e-05 -4.13558061e-05
218.988  8.77292390e-06 -4.44196645e-05
219.240  3.24586578e-05 -3.20476444e-05
219.492  4.51808455e-05 -8.32436200e-06
219.744  4.23326008e-05  1.86349959e-05
219.997  2.46943498e-05  3.94599621e-05
220.249 -1.76934362e-06  4.67918298e-05
220.501 -2.79245492e-05  3.79041580e-05
220.754 -4.46251188e-05  1.57137704e-05
221.006 -4.59336720e-05 -1.21711407e-05
221.258 -3.12395874e-05 -3.60571915e-05
221.510 -5.52921365e-06 -4.75560101e-05
221.763  2.22966310e-05 -4.25434953e-05
222.015  4.25186158e-05 -2.26428575e-05
222.267  4.80107052e-05  5.28426623e-06
222.520  3.67571345e-05  3.15096963e-05
222.772  1.26072393e-05  4.68452283e-05
223.024 -1.60376650e-05  4.58685576e-05
223.277 -3.91628752e-05  2.88579183e-05
223.529 -4.86488720e-05  1.72923900e-06
223.781 -4.11387412e-05 -2.60323610e-05
224.033 -1.92464521e-05 -4.46956326e-05
224.286  9.35648536e-06 -4.77075315e-05
224.538  3.46339337e-05 -3.40198335e-05
224.790  4.77142111e-05 -8.45924067e-06
225.043  4.40304514e-05  1.99759749e-05
225.295  2.49285460e-05  4.12843394e-05
225.547 -2.82157317e-06  4.80020482e-05
225.799 -2.94189923e-05  3.78369140e-05
226.052 -4.55092551e-05  1.44554854e-05
226.304 -4.54972537e-05 -1.38270237e-05
226.556 -2.95013783e-05 -3.70101571e-05
226.809 -3.28715223e-06 -4.69670874e-05
227.061  2.38057910e-05 -4.03046849e-05
227.313  4.22098804e-05 -1.95359021e-05
227.565  4.55205180e-05  7.84968308e-06
227.818  3.27412308e-05  3.20970821e-05
228.070  8.59713784e-06  4.46715073e-05
228.322 -1.82106658e-05  4.12758490e-05
228.575 -3.81477075e-05  2.33441151e-05
228.827 -4.42449243e-05 -2.54031672e-06
229.079 -3.45606801e-05 -2.70624413e-05
229.331 -1.28076014e-05 -4.15284458e-05
229.584  1.30618306e-05 -4.09697388e-05
229.836  3.37552586e-05 -2.58699043e-05
230.088  4.19917965e-05 -1.89729357e-06
230.341  3.50882028e-05  2.22067171e-05
230.593  1.58353317e-05  3.78171126e-05
230.845 -8.60027614e-06  3.95343507e-05
231.098 -2.93322476e-05  2.70626270e-05
231.350 -3.90020196e-05  5.21750664e-06
231.602 -3.44033379e-05 -1.79065765e-05
231.854 -1.75526466e-05 -3.39402947e-05
232.107  5.14245876e-06 -3.72791791e-05
232.359  2.53099806e-05 -2.70514112e-05
232.611  3.57069462e-05 -7.33865253e-06
232.864  3.28252579e-05  1.44252559e-05
233.116  1.80930577e-05  3.02541940e-05
233.368 -2.76126502e-06  3.45375942e-05
233.620 -2.19219237e-05  2.60449942e-05
233.873 -3.24034204e-05  8.27909415e-06
234.125 -3.06041693e-05 -1.19393758e-05
234.377 -1.75630680e-05 -2.70695770e-05
234.630  1.54662631e-06 -3.16571699e-05
234.882  1.94402307e-05 -2.43184374e-05
235.134  2.94789412e-05 -8.15169692e-06
235.386  2.81421093e-05  1.05319978e-05
235.639  1.62703531e-05  2.46406276e-05
235.891 -1.35924251e-06  2.89895358e-05
236.143 -1.79146270e-05  2.22135304e-05
236.396 -2.71386754e-05  7.18901890e-06
236.648 -2.57138542e-05 -1.01407869e-05
236.900 -1.44535365e-05 -2.30869895e-05
237.152  2.08579425e-06 -2.67874138e-05
237.405  1.74112918e-05 -2.00237803e-05
237.657  2.56251544e-05 -5.62527427e-06
237.909  2.36770773e-05  1.06766630e-05
238.162  1.24942195e-05  2.25075240e-05
238.414 -3.42070065e-06  2.53192039e-05
238.666 -1.77798891e-05  1.81230420e-05
238.918 -2.49700166e-05  3.84641913e-06
239.171 -2.22201793e-05 -1.18398595e-05
239.423 -1.06690097e-05 -2.27528709e-05
239.675  5.09648830e-06 -2.46021311e-05
239.928  1.88495109e-05 -1.66627701e-05
240.180  2.51510951e-05 -2.05939513e-06
240.432  2.14775945e-05  1.34619868e-05
240.685  9.22204909e-06  2.37709263e-05
240.937 -6.84317016e-06  2.47463370e-05
241.189 -2.04134212e-05  1.59087605e-05
241.441 -2.61006797e-05  6.27905069e-07
241.694 -2.15562048e-05 -1.51644511e-05
241.946 -8.41524562e-06 -2.52586828e-05
242.198  8.30316368e-06 -2.55947402e-05
242.451  2.21040073e-05 -1.58720274e-05
242.703  2.75302540e-05  2.92658948e-07
242.955  2.23037379e-05  1.67104512e-05
243.207  8.24704550e-06  2.69866056e-05
243.460 -9.35674660e-06  2.70035438e-05
243.712 -2.37519018e-05  1.65416552e-05
243.964 -2.93051443e-05 -5.73010696e-07
244.217 -2.36901151e-05 -1.78732561e-05
244.469 -8.83373045e-06 -2.87057850e-05
244.721  9.74769998e-06 -2.87816378e-05
244.973  2.50130070e-05 -1.78531380e-05
245.226  3.10679372e-05  1.19194580e-07
245.478  2.54269698e-05  1.84181818e-05
245.730  1.00198387e-05  3.00939230e-05
245.983 -9.47831312e-06  3.05971244e-05
246.235 -2.57568559e-05  1.95463360e-05
246.487 -3.26123076e-05  9.32711313e-07
246.739 -2.73129852e-05 -1.83424720e-05
246.992 -1.16806319e-05 -3.10349080e-05
247.244  8.55220155e-06 -3.22852115e-05
247.496  2.58572084e-05 -2.14839615e-05
247.749  3.37197257e-05 -2.53744181e-06
248.001  2.91042952e-05  1.75592794e-05
248.253  1.36192949e-05  3.13139414e-05
248.506 -7.05521068e-06  3.35484377e-05
248.758 -2.52586306e-05  2.33522091e-05
249.010 -3.42077555e-05  4.44015107e-06
249.262 -3.05378181e-05 -1.62056185e-05
249.515 -1.55629003e-05 -3.09304382e-05
249.767  5.19546634e-06 -3.42651622e-05
250.019  2.40556744e-05 -2.49595891e-05
250.272  3.40415338e-05 -6.45372010e-06
250.524  3.14709486e-05  1.43978311e-05
250.776  1.73198975e-05  2.98864509e-05
251.028 -3.14344085e-06  3.43122141e-05
251.281 -2.23362662e-05  2.60902416e-05
251.533 -3.31860901e-05  8.32956316e-06
251.785 -3.17465106e-05 -1.23502403e-05
252.038 -1.86493464e-05 -2.83006647e-05
252.290  1.16465585e-06 -3.36818102e-05
252.542  2.03205384e-05 -2.66194471e-05
252.794  3.17603531e-05 -9.86548380e-06
253.047  3.13613198e-05  1.02782419e-05
253.299  1.94378509e-05  2.63325618e-05
253.551  5.62832433e-07  3.24309977e-05
253.804 -1.81830467e-05  2.64841873e-05
254.056 -2.98732373e-05  1.08962630e-05
254.308 -3.03156078e-05 -8.39580225e-06
254.560 -1.95639474e-05 -2.41800431e-05
254.813 -1.82407088e-06 -3.06824040e-05
255.065  1.61780154e-05 -2.56910857e-05
255.317  2.77553229e-05 -1.13103020e-05
255.570  2.87567235e-05  6.89986912e-06
255.822  1.90603768e-05  2.20716705e-05
256.074  2.54281439e-06  2.86301849e-05
256.326 -1.44565216e-05  2.43463989e-05
256.579 -2.55731017e-05  1.11040496e-05
256.831 -2.68017480e-05 -5.89538635e-06
257.083 -1.79500364e-05 -2.01722508e-05
257.336 -2.62896804e-06 -2.64353658e-05
257.588  1.32061563e-05 -2.25484322e-05
257.840  2.35618356e-05 -1.02704873e-05
258.093  2.46724149e-05  5.50876794e-06
258.345  1.63833449e-05  1.87020850e-05
258.597  2.12077275e-06  2.43617491e-05
258.849 -1.25049127e-05  2.05440706e-05
259.102 -2.18867683e-05  8.98109707e-06
259.354 -2.25711274e-05 -5.67571058e-06
259.606 -1.45365351e-05 -1.77014540e-05
259.859 -1.11651461e-06 -2.25240175e-05
260.111  1.23553196e-05 -1.84667172e-05
260.363  2.06457285e-05 -7.32679015e-06
260.615  2.06529493e-05  6.39102841e-06
260.868  1.25625867e-05  1.72705964e-05
261.120 -2.88456472e-07  2.11143930e-05
261.372 -1.27611542e-05  1.65544726e-05
261.625 -1.99559649e-05  5.53450200e-06
261.877 -1.91254214e-05 -7.49419533e-06
262.129 -1.07129554e-05 -1.73549207e-05
262.381  1.85579173e-06 -2.01888986e-05
262.634  1.35529989e-05 -1.49481758e-05
262.886  1.97475376e-05 -3.78348639e-06
263.138  1.80171917e-05  8.82724647e-06
263.391  9.08794674e-06  1.78664609e-05
263.643 -3.46525960e-06  1.97520754e-05
263.895 -1.46474208e-05  1.37412896e-05
264.147 -2.00144217e-05  2.22138120e-06
264.400 -1.74192359e-05 -1.02427211e-05
264.652 -7.86377917e-06 -1.87090466e-05
264.904  4.89732443e-06 -1.97982484e-05
265.157  1.58334581e-05 -1.30324386e-05
265.409  2.06055779e-05 -1.03021921e-06
265.661  1.72773499e-05  1.15169706e-05
265.914  7.08771612e-06  1.96699702e-05
266.166 -6.02595238e-06  2.01775463e-05
266.418 -1.69485876e-05  1.27630095e-05
266.670 -2.13772805e-05  2.43052419e-07
266.923 -1.75116393e-05 -1.25489336e-05
267.175 -6.76564542e-06 -2.06275210e-05
267.427  6.76096525e-06 -2.07995043e-05
267.680  1.78492074e-05 -1.29118454e-05
267.932  2.21813154e-05  7.20173426e-08
268.184  1.80158192e-05  1.31903949e-05
268.436  6.87045268e-06  2.13900028e-05
268.689 -7.03614182e-06  2.14749085e-05
268.941 -1.83930296e-05  1.33393684e-05
269.193 -2.28353148e-05  2.96832155e-08
269.446 -1.86146723e-05 -1.34068961e-05
269.698 -7.28170178e-06 -2.18516735e-05
269.950  6.89047730e-06 -2.20639913e-05
270.202  1.85352147e-05 -1.39221185e-05
270.455  2.32303612e-05 -4.82471024e-07
270.707  1.91778101e-05  1.31844041e-05
270.959  7.89479881e-06  2.19176282e-05
271.212 -6.36652208e-06  2.24175883e-05
271.464 -1.82351142e-05  1.45001086e-05
271.716 -2.32484022e-05  1.15834169e-06
271.968 -1.95408485e-05 -1.25825360e-05
272.221 -8.53956909e-06 -2.15634030e-05
272.473  5.59626749e-06 -2.24399381e-05
272.725  1.75529612e-05 -1.49363563e-05
272.978  2.28702757e-05 -1.92155133e-06
273.230  1.96189338e-05  1.16914558e-05
273.482  9.09780239e-06  2.08075143e-05
273.734 -4.68529035e-06  2.20727256e-05
273.987 -1.65428048e-05  1.51114210e-05
274.239 -2.20757168e-05  2.62977646e-06
274.491 -1.93133925e-05 -1.06328556e-05
274.744 -9.41502895e-06 -1.97156198e-05
274.996  3.80497281e-06 -2.13026987e-05
275.248  1.53527461e-05 -1.49356094e-05
275.501  2.09531297e-05 -3.14302825e-06
275.753  1.86353460e-05  9.56076117e-06
276.005  9.43361723e-06  1.84139015e-05
276.257 -3.05666147e-06  2.01949396e-05
276.510 -1.40891103e-05  1.44029515e-05
276.762 -1.95719468e-05  3.39366526e-06
277.014 -1.75914308e-05 -8.57624724e-06
277.267 -9.08967050e-06 -1.69944954e-05
277.519  2.56239809e-06 -1.87959029e-05
277.771  1.28974542e-05 -1.34907880e-05
278.023  1.80609441e-05 -3.28372030e-06
278.276  1.62591312e-05  7.83293986e-06
278.528  8.38561024e-06  1.56314109e-05
278.780 -2.39442045e-06  1.72619115e-05
279.033 -1.19020660e-05  1.23016822e-05
279.285 -1.65633139e-05  2.84353782e-06
279.537 -1.47603224e-05 -7.36703846e-06
279.789 -7.38940011e-06 -1.44058934e-05
280.042  2.55004483e-06 -1.56832247e-05
280.294  1.11592060e-05 -1.08952085e-05
280.546  1.51690023e-05 -2.07657647e-06
280.799  1.31793344e-05  7.24064533e-06
281.051  6.14516677e-06  1.34355787e-05
281.303 -3.04883407e-06  1.42014290e-05
281.555 -1.07595090e-05  9.39973701e-06
281.808 -1.40223356e-05  1.06485788e-06
282.060 -1.16822118e-05 -7.44178207e-06
282.312 -4.80495069e-06 -1.27792378e-05
282.565  3.78765865e-06 -1.29262837e-05
282.817  1.06670702e-05 -7.94571077e-06
283.069  1.31509022e-05  7.87008175e-08
283.322  1.03414153e-05  7.90628453e-06
283.574  3.45262703e-06  1.24335059e-05
283.826 -4.70846352e-06  1.19112796e-05
284.078 -1.08742178e-05  6.62093360e-06
284.331 -1.26081622e-05 -1.26805037e-06
284.583 -9.26373304e-06 -8.58199278e-06
284.835 -2.22007017e-06 -1.24033148e-05
285.088  5.68784967e-06 -1.12268523e-05
285.340  1.12972321e-05 -5.54651804e-06
285.592  1.23732268e-05  2.35951837e-06
285.844  8.49286887e-06  9.33535638e-06
286.097  1.19895407e-06  1.25982355e-05
286.349 -6.61314426e-06  1.08434261e-05
286.601 -1.18379736e-05  4.75187102e-06
286.854 -1.23918343e-05 -3.28032929e-06
287.106 -8.03095729e-06 -1.00807514e-05
287.358 -4.46230773e-07 -1.29542203e-05
287.610  7.39220699e-06 -1.07421402e-05
287.863  1.24016851e-05 -4.27544356e-06
288.115  1.25962613e-05  3.94003540e-06
288.367  7.86036654e-06  1.07002391e-05
288.620  4.12151318e-09  1.33555879e-05
288.872 -7.93471763e-06  1.08388311e-05
289.124 -1.28737889e-05  4.08735016e-06
289.376 -1.28770751e-05 -4.31102001e-06
289.629 -7.90778747e-06 -1.11217719e-05
289.881  1.47274995e-07 -1.37092294e-05
290.133  8.20696590e-06 -1.10519795e-05
290.386  1.31794854e-05 -4.14510502e-06
290.638  1.31459278e-05  4.38366314e-06
290.890  8.10302293e-06  1.12829071e-05
291.142 -3.71487002e-08  1.39167553e-05
291.395 -8.18360602e-06  1.12766076e-05
291.647 -1.32418648e-05  4.36475876e-06
291.899 -1.32954236e-05 -4.19764562e-06
292.152 -8.33469455e-06 -1.11678397e-05
292.404 -2.47021092e-07 -1.39156442e-05
292.656  7.90547773e-06 -1.14234653e-05
292.909  1.30502486e-05 -4.65702577e-06
293.161  1.32730424e-05  3.81287951e-06
293.413  8.52863395e-06  1.07899492e-05
293.665  6.39581996e-07  1.36704507e-05
293.918 -7.40386323e-06  1.14180470e-05
294.170 -1.25878603e-05  4.93328884e-06
294.422 -1.30112767e-05 -3.30277834e-06
294.675 -8.58122327e-06 -1.01851906e-05
294.927 -1.02745789e-06 -1.31650236e-05
295.179  6.77531102e-06 -1.11932931e-05
295.431  1.19113170e-05 -5.09390590e-06
295.684  1.25145555e-05  2.77561216e-06
295.936  8.45112057e-06  9.44358359e-06
296.188  1.34047135e-06  1.24484772e-05
296.441 -6.09420084e-06  1.07512361e-05
296.693 -1.10711106e-05  5.10074806e-06
296.945 -1.17925058e-05 -2.29198282e-06
297.197 -8.10309181e-06 -8.62015881e-06
297.450 -1.50610201e-06 -1.15459267e-05
297.702  5.44761106e-06 -1.00730189e-05
297.954  1.01418344e-05 -4.88689876e-06
298.207  1.08857787e-05  1.95403382e-06
298.459  7.52865680e-06  7.82809515e-06
298.711  1.46681394e-06  1.05572581e-05
298.963 -4.92605130e-06  9.22212515e-06
299.216 -9.22525158e-06  4.46683176e-06
299.468 -9.88161286e-06 -1.79157708e-06
299.720 -6.77839641e-06 -7.12702472e-06
299.973 -1.22956816e-06 -9.54907608e-06
300.225  4.56147273e-06 -8.24545516e-06
300.477  8.37666948e-06 -3.85117156e-06
300.730  8.83271266e-06  1.83565613e-06
300.982  5.87969025e-06  6.58402904e-06
301.234  7.82189269e-07  8.60404662e-06
301.486 -4.41090845e-06  7.21671981e-06
301.739 -7.68700858e-06  3.08433085e-06
301.991 -7.84246544e-06 -2.08651205e-06
302.243 -4.92615314e-06 -6.24489540e-06
302.496 -1.86276423e-07 -7.79979774e-06
302.748  4.45727535e-06 -6.22620354e-06
303.000  7.18048861e-06 -2.24509295e-06
303.252  6.96439591e-06  2.49791785e-06
303.505  3.97980070e-06  6.10334805e-06
303.757 -5.12519755e-07  7.16729906e-06
304.009 -4.68715260e-06  5.32869883e-06
304.262 -6.88249623e-06  1.38842690e-06
304.514 -6.25893836e-06 -3.03563164e-06
304.766 -3.11809830e-06 -6.16013638e-06
305.018  1.24155135e-06 -6.74873318e-06
305.271  5.05179692e-06 -4.59885356e-06
305.523  6.78357746e-06 -6.03009103e-07
305.775  5.75782419e-06  3.61692452e-06
306.028  2.40277631e-06  6.35964398e-06
306.280 -1.92563378e-06  6.52788168e-06
306.532 -5.48494708e-06  4.05815086e-06
306.784 -6.84624540e-06 -6.15567525e-08
307.037 -5.46014145e-06 -4.18287748e-06
307.289 -1.86868360e-06 -6.65668913e-06
307.541  2.50560031e-06 -6.48857347e-06
307.794  5.92460974e-06 -3.72722608e-06
308.046  7.02504926e-06  5.49800143e-07
308.298  5.35153697e-06  4.65888441e-06
308.550  1.54026439e-06  6.97697556e-06
308.803 -2.92511406e-06  6.57501063e-06
309.055 -6.29812939e-06  3.58444276e-06
309.307 -7.24900936e-06 -8.46092931e-07
309.560 -5.38302314e-06 -5.00066755e-06
309.812 -1.40279706e-06 -7.26164101e-06
310.064  3.16470417e-06 -6.73450288e-06
310.317  6.55913054e-06 -3.60206579e-06
310.569  7.46181273e-06  9.44927712e-07
310.821  5.50973979e-06  5.16855587e-06
311.073  1.43766522e-06  7.44658490e-06
311.326 -3.20786220e-06  6.89811085e-06
311.578 -6.65649870e-06  3.72440224e-06
311.830 -7.59149685e-06 -8.73873912e-07
312.083 -5.65634578e-06 -5.15329091e-06
312.335 -1.58372008e-06 -7.49093558e-06
312.587  3.08563704e-06 -7.00656165e-06
312.839  6.58709541e-06 -3.89026549e-06
313.092  7.60719359e-06  6.76368265e-07
313.344  5.77634932e-06  4.96832100e-06
313.596  1.79831122e-06  7.37684760e-06
313.849 -2.81900781e-06  7.01616954e-06
314.101 -6.34155387e-06  4.04563967e-06
314.353 -7.46691935e-06 -3.96833993e-07
314.605 -5.80360357e-06 -4.63415888e-06
314.858 -2.00911200e-06 -7.09126617e-06
315.110  2.46952609e-06 -6.87985034e-06
315.362  5.95560614e-06 -4.12163789e-06
315.615  7.17129321e-06  1.10131390e-07
315.867  5.70757960e-06  4.21459728e-06
316.119  2.16573460e-06  6.67098920e-06
316.371 -2.09216863e-06  6.60265745e-06
316.624 -5.46982534e-06  4.09624657e-06
316.876 -6.73444124e-06  1.45135449e-07
317.128 -5.47350815e-06 -3.74659547e-06
317.381 -2.22839694e-06 -6.13456320e-06
317.633  1.73763574e-06 -6.17585075e-06
317.885  4.92754087e-06 -3.93008159e-06
318.138  6.17874098e-06 -3.06204111e-07
318.390  5.09277011e-06  3.30007538e-06
318.642  2.15633867e-06  5.54354240e-06
318.894 -1.46809501e-06  5.63788905e-06
319.147 -4.39827614e-06  3.62914072e-06
319.399 -5.56493391e-06  3.49638453e-07
319.651 -4.60191823e-06 -2.91839775e-06
319.904 -1.95695384e-06 -4.94724807e-06
320.156  1.30208804e-06 -5.02607967e-06
320.408  3.91750331e-06 -3.20722865e-06
320.660  4.92853895e-06 -2.62455196e-07
320.913  4.02102520e-06  2.63879553e-06
321.165  1.62599413e-06  4.39450295e-06
321.417 -1.27243619e-06  4.38433598e-06
321.670 -3.54053678e-06  2.69066368e-06
321.922 -4.33307453e-06  4.31405624e-08
322.174 -3.40789435e-06 -2.49237266e-06
322.426 -1.20137930e-06 -3.93687696e-06
322.679  1.37035466e-06 -3.77257064e-06
322.931  3.28563413e-06 -2.13268976e-06
323.183  3.81615603e-06  2.76377735e-07
323.436  2.80694861e-06  2.47362434e-06
323.688  7.17560682e-07  3.59349172e-06
323.940 -1.58223658e-06  3.22700381e-06
324.192 -3.16416010e-06  1.57119132e-06
324.445 -3.41293311e-06 -6.70751838e-07
324.697 -2.26599745e-06 -2.57868587e-06
324.949 -2.20353479e-07 -3.38717320e-06
325.202  1.87610878e-06 -2.79240523e-06
325.454  3.16846593e-06 -1.06067170e-06
325.706  3.14258288e-06  1.08802444e-06
325.958  1.82371245e-06  2.77172718e-06
326.211 -2.42187558e-07  3.30737780e-06
326.463 -2.20834052e-06  2.48246819e-06
326.715 -3.27315875e-06  6.33234253e-07
326.968 -3.00320329e-06 -1.48880353e-06
327.220 -1.50125647e-06 -3.02159679e-06
327.472  6.31999456e-07 -3.34145494e-06
327.725  2.53802035e-06 -2.30794937e-06
327.977  3.44749441e-06 -3.23024982e-07
328.229  2.98329212e-06  1.82531858e-06
328.481  1.31241651e-06  3.27993369e-06
328.734 -9.13590334e-07  3.45168806e-06
328.986 -2.81833423e-06  2.25255027e-06
329.238 -3.64430635e-06  1.38346469e-07
329.491 -3.04852121e-06 -2.07037198e-06
329.743 -1.24483799e-06 -3.50906725e-06
329.995  1.07738746e-06 -3.60280828e-06
330.247  3.02199603e-06 -2.29653655e-06
330.500  3.82857415e-06 -8.04620505e-08
330.752  3.17061141e-06  2.20091393e-06
331.004  1.28676774e-06  3.66924663e-06
331.257 -1.11299918e-06  3.75127036e-06
331.509 -3.11558471e-06  2.40461059e-06
331.761 -3.95252988e-06  1.31574343e-07
332.013 -3.29915257e-06 -2.21055155e-06
332.266 -1.39597143e-06 -3.73258486e-06
332.518  1.04348038e-06 -3.85657753e-06
332.770  3.09930821e-06 -2.53364380e-06
333.023  3.99790228e-06 -2.58817638e-07
333.275  3.40448671e-06  2.11285589e-06
333.527  1.54354880e-06  3.69259076e-06
333.779 -8.84507702e-07  3.89510512e-06
334.032 -2.97004904e-06  2.65196887e-06
334.284 -3.94105969e-06  4.35974350e-07
334.536 -3.44677586e-06 -1.91933400e-06
334.789 -1.68536175e-06 -3.53998157e-06
335.041  6.73421169e-07 -3.83536098e-06
335.293  2.74909500e-06 -2.71375206e-06
335.546  3.78028693e-06 -6.13421069e-07
335.798  3.40347912e-06  1.67299726e-06
336.050  1.78575721e-06  3.30018472e-06
336.302 -4.49776021e-07  3.68137716e-06
336.555 -2.46734161e-06  2.70501848e-06
336.807 -3.52907005e-06  7.65289239e-07
337.059 -3.26932901e-06 -1.40004368e-06
337.312 -1.82266865e-06 -2.98793998e-06
337.564  2.44038531e-07 -3.43083257e-06
337.816  2.15110018e-06 -2.60392343e-06
338.068  3.20082918e-06 -8.53893982e-07
338.321  3.03842679e-06  1.14307561e-06
338.573  1.76905750e-06  2.64062748e-06
338.825 -9.73240757e-08  3.10673292e-06
339.078 -1.84618785e-06  2.41205395e-06
339.330 -2.83618499e-06  8.61122686e-07
339.582 -2.73543972e-06 -9.33348624e-07
339.834 -1.62978938e-06 -2.29422763e-06
340.087  2.21138659e-08 -2.73769248e-06
340.339  1.57726657e-06 -2.14229027e-06
340.591  2.46107759e-06 -7.82224776e-07
340.844  2.37655796e-06  7.92240063e-07
341.096  1.40565992e-06  1.97911370e-06
341.348 -3.62263830e-08  2.35157945e-06
341.600 -1.37781202e-06  1.81180350e-06
341.853 -2.11488710e-06  6.16896675e-07
342.105 -1.99799321e-06 -7.39827535e-07
342.357 -1.12073645e-06 -1.72908558e-06
342.610  1.34856101e-07 -1.98789039e-06
342.862  1.26115623e-06 -1.45653080e-06
343.114  1.82383980e-06 -3.87093426e-07
343.366  1.63137037e-06  7.72057412e-07
343.619  8.00570184e-07  1.55657080e-06
343.871 -3.06488142e-07  1.67139561e-06
344.123 -1.23234752e-06  1.10346580e-06
344.376 -1.60955628e-06  1.11800497e-07
344.628 -1.30813120e-06 -8.83729218e-07
344.880 -4.76046642e-07 -1.47422144e-06
345.133  5.28515973e-07 -1.43051156e-06
345.385  1.28429072e-06 -7.88356157e-07
345.637  1.48339087e-06  1.73899834e-07
345.889  1.05326369e-06  1.04927581e-06
346.142  1.79232330e-07  1.47328310e-06
346.394 -7.70358990e-07  1.27298948e-06
346.646 -1.39797158e-06  5.31710737e-07
346.899 -1.44201800e-06 -4.43193785e-07
347.151 -8.78901816e-07 -1.24631760e-06
347.403  6.52736006e-08 -1.54337674e-06
347.655  1.00413731e-06 -1.20368602e-06
347.908  1.55158551e-06 -3.54695254e-07
348.160  1.47562169e-06  6.64364610e-07
348.412  7.92109898e-07  1.44173763e-06
348.665 -2.34710891e-07  1.65720943e-06
348.917 -1.19843065e-06  1.20874984e-06
349.169 -1.71194841e-06  2.60434899e-07
349.421 -1.55790126e-06 -8.20861154e-07
349.674 -7.80848263e-07 -1.61064632e-06
349.926  3.26377358e-07 -1.78937283e-06
350.178  1.33809539e-06 -1.27185799e-06
350.431  1.85688719e-06 -2.45923280e-07
350.683  1.66953236e-06  9.01524780e-07
350.935  8.35670075e-07  1.72967083e-06
351.187 -3.36079669e-07  1.91247807e-06
351.440 -1.40338432e-06  1.36996201e-06
351.692 -1.95596053e-06  2.98308454e-07
351.944 -1.77728701e-06 -9.03604701e-07
352.197 -9.27177546e-07 -1.78098768e-06
352.449  2.81671853e-07 -1.99940589e-06
352.701  1.39680446e-06 -1.47249349e-06
352.954  1.99887072e-06 -3.91855984e-07
353.206  1.86188776e-06  8.40842948e-07
353.458  1.03419623e-06  1.76536912e-06
353.710 -1.77300203e-07  2.03910661e-06
353.963 -1.32139768e-06  1.56110720e-06
354.215 -1.97595757e-06  5.09854404e-07
354.467 -1.90215495e-06 -7.22037430e-07
354.720 -1.13128226e-06 -1.67974240e-06
354.972  4.54402639e-08 -2.01426750e-06
355.224  1.19116373e-06 -1.60842406e-06
355.476  1.88727589e-06 -6.21554009e-07
355.729  1.88445820e-06  5.75453459e-07
355.981  1.19587506e-06  1.54248279e-06
356.233  8.72891264e-08  1.92976968e-06
356.486 -1.02907468e-06  1.60776228e-06
356.738 -1.74561002e-06  7.11579009e-07
356.990 -1.81034552e-06 -4.18768268e-07
357.242 -1.21871591e-06 -1.36553420e-06
357.495 -2.04730028e-07 -1.78822458e-06
357.747  8.50208764e-07 -1.55048243e-06
357.999  1.55958828e-06 -7.60841573e-07
358.252  1.67817650e-06  2.75036097e-07
358.504  1.18549296e-06  1.16980366e-06
358.756  2.83682015e-07  1.60342242e-06
359.008 -6.81006014e-07  1.43810866e-06
359.261 -1.35379943e-06  7.58958150e-07
359.513 -1.50384339e-06 -1.62512313e-07
359.765 -1.10034297e-06 -9.77314056e-07
360.018 -3.18204887e-07 -1.39406172e-06
360.270  5.35207562e-07 -1.28029278e-06
360.522  1.14388967e-06 -7.05691649e-07
360.774  1.29774151e-06  9.12294513e-08
361.027  9.65378957e-07  8.04277205e-07
361.279  3.00147370e-07  1.17531980e-06
361.531 -4.30485466e-07  1.08661175e-06
361.784 -9.51091503e-07  6.01403877e-07
362.036 -1.07944234e-06 -7.22615748e-08
362.288 -7.93971767e-07 -6.69589157e-07
362.541 -2.31925930e-07 -9.69052117e-07
362.793  3.74781594e-07 -8.77324964e-07
363.045  7.90160187e-07 -4.58408689e-07
363.297  8.66882531e-07  1.03728705e-07
363.550  6.00565745e-07  5.80240229e-07
363.802  1.19476079e-07  7.89144262e-07
364.054 -3.71318255e-07  6.67528618e-07
364.307 -6.73525907e-07  2.86489528e-07
364.559 -6.78089543e-07 -1.83822874e-07
364.811 -4.02023901e-07 -5.44439544e-07
365.063  2.56161900e-08 -6.52966344e-07
365.316  4.17410596e-07 -4.78050690e-07
365.568  6.09466732e-07 -1.05206399e-07
365.820  5.28752365e-07  2.98734467e-07
366.073  2.17060397e-07  5.58706298e-07
366.325 -1.86047013e-07  5.66631366e-07
366.577 -5.03366551e-07  3.21420192e-07
366.829 -5.98098992e-07 -6.99921639e-08
367.082 -4.27442980e-07 -4.36724097e-07
367.334 -6.08558224e-08 -6.19705310e-07
367.586  3.45803881e-07 -5.35955045e-07
367.839  6.18629801e-07 -2.12827220e-07
368.091  6.37039156e-07  2.18307599e-07
368.343  3.82283508e-07  5.78013914e-07
368.595 -4.89026288e-08  7.12803048e-07
368.848 -4.83238738e-07  5.55471826e-07
369.100 -7.42217809e-07  1.58103695e-07
369.352 -7.10854229e-07 -3.26039405e-07
369.605 -3.88171795e-07 -7.05159948e-07
369.857  1.07578898e-07 -8.21528821e-07
370.109  5.86754903e-07 -6.16161149e-07
370.362  8.59159603e-07 -1.58009082e-07
370.614  8.08120247e-07  3.83521542e-07
370.866  4.42042249e-07  8.01304754e-07
371.118 -1.08626237e-07  9.27861708e-07
371.371 -6.39594712e-07  7.05218035e-07
371.623 -9.46372020e-07  2.08151568e-07
371.875 -9.06075259e-07 -3.83791661e-07
372.128 -5.25935518e-07 -8.48967519e-07
372.380  6.04294526e-08 -1.00927446e-06
372.632  6.38085803e-07 -7.99804735e-07
372.884  9.91234287e-07 -2.90980120e-07
373.137  9.87048360e-07  3.33808636e-07
373.389  6.22333607e-07  8.44642469e-07
373.641  2.66760131e-08  1.05401585e-06
373.894 -5.82549061e-07  8.83635135e-07
374.146 -9.84136313e-07  3.93029014e-07
374.398 -1.03293189e-06 -2.38994047e-07
374.650 -7.10861259e-07 -7.83592052e-07
374.903 -1.36639460e-07 -1.04595113e-06
375.155  4.80762458e-07 -9.32974171e-07
375.407  9.20770882e-07 -4.89550847e-07
375.660  1.02779682e-06  1.20153907e-07
375.912  7.69093269e-07  6.76986191e-07
376.164  2.45347694e-07  9.83548174e-07
376.416 -3.52158618e-07  9.36109683e-07
376.669 -8.09919875e-07  5.62178253e-07
376.921 -9.69183739e-07  3.32898602e-09
377.173 -7.84776814e-07 -5.37611984e-07
377.426 -3.34447566e-07 -8.69478352e-07
377.678  2.13498297e-07 -8.84661092e-07
377.930  6.61052650e-07 -5.92428163e-07
378.182  8.56120633e-07 -1.09090682e-07
378.435  7.44426919e-07  3.85003978e-07
378.687  3.81388375e-07  7.15701314e-07
378.939 -9.00924653e-08  7.78230294e-07
379.192 -4.96912211e-07  5.67425932e-07
379.444 -7.02208017e-07  1.76296465e-07
379.696 -6.48777032e-07 -2.43263657e-07
379.949 -3.75770972e-07 -5.42603479e-07
380.201  5.11384443e-10 -6.26928457e-07
380.453  3.38363975e-07 -4.85617113e-07
380.705  5.22595364e-07 -1.92276726e-07
380.958  5.03093039e-07  1.32672451e-07
381.210  3.10988138e-07  3.70274733e-07
381.462  3.71344649e-08  4.44618155e-07
381.715 -2.09020112e-07  3.50516188e-07
381.967 -3.39766901e-07  1.47305676e-07
382.219 -3.23339295e-07 -7.32324757e-08
382.471 -1.90867626e-07 -2.23168620e-07
382.724 -1.38377051e-08 -2.54696872e-07
382.976  1.26932671e-07 -1.77248024e-07
383.228  1.76400593e-07 -4.40135062e-08
383.481  1.29488147e-07  7.38324898e-08
383.733  2.58053363e-08  1.19332857e-07
383.985 -7.15891791e-08  7.84416287e-08
384.237 -1.05091307e-07 -1.77928378e-08
384.490 -5.39883103e-08 -1.10623743e-07
384.742  5.61749077e-08 -1.39684052e-07
384.994  1.67217379e-07 -7.61909348e-08
385.247  2.12219119e-07  6.02648773e-08
385.499  1.49986263e-07  2.10643779e-07
385.751 -1.02194541e-08  2.98295905e-07
386.003 -2.10988708e-07  2.64149572e-07
386.256 -3.65641799e-07  9.97007130e-08
386.508 -3.93050737e-07 -1.46141294e-07
386.760 -2.58429838e-07 -3.80874414e-07
387.013  8.20570789e-09 -5.00838708e-07
387.265  3.17759689e-07 -4.38046575e-07
387.517  5.49050314e-07 -1.91774541e-07
387.770  5.98313532e-07  1.65686293e-07
388.022  4.23688085e-07  5.06755932e-07
388.274  6.52443684e-08  6.95816974e-07
388.526 -3.59456605e-07  6.44020118e-07
388.779 -6.94331777e-07  3.44882507e-07
389.031 -8.04848475e-07 -1.13509357e-07
389.283 -6.28165562e-07 -5.72874460e-07
389.536 -2.03763004e-07 -8.62915776e-07
389.788  3.30830993e-07 -8.62224484e-07
390.040  7.87945910e-07 -5.46743289e-07
390.292  9.94982981e-07 -9.15178359e-09
390.545  8.57265921e-07  5.70462514e-07
390.797  4.01697218e-07  9.85651627e-07
391.049 -2.27251067e-07  1.07454223e-06
391.302 -8.15082202e-07  7.84816894e-07
391.554 -1.14767980e-06  1.98788758e-07
391.806 -1.09103932e-06 -4.91956273e-07
392.058 -6.45142264e-07 -1.04657375e-06
392.311  5.27900624e-08 -1.25979752e-06
392.563  7.68265859e-07 -1.03979477e-06
392.815  1.24791069e-06 -4.42781091e-07
393.068  1.31219922e-06  3.39077339e-07
393.320  9.19567532e-07  1.03776493e-06
393.572  1.86669343e-07  1.40464758e-06
393.824 -6.43175861e-07  1.29736218e-06
394.077 -1.28373507e-06  7.32432874e-07
394.329 -1.50451807e-06 -1.10840300e-07
394.581 -1.21077580e-06 -9.49183935e-07
394.834 -4.84922610e-07 -1.49182939e-06
395.086  4.36573144e-07 -1.53819832e-06
395.338  1.24259565e-06 -1.05337062e-06
395.590  1.64941832e-06 -1.86711580e-07
395.843  1.50119508e-06  7.76956926e-07
396.095  8.30293549e-07  1.50854961e-06
396.347 -1.51159670e-07  1.74661934e-06
396.600 -1.11683523e-06  1.39279126e-06
396.852 -1.73307284e-06  5.47849129e-07
397.104 -1.77676405e-06 -5.16200003e-07
397.357 -1.21335431e-06 -1.44107048e-06
397.609 -2.13528358e-07 -1.90538050e-06
397.861  8.95097983e-07 -1.73500424e-06
398.113  1.73721842e-06 -9.64829730e-07
398.366  2.01700930e-06  1.62910676e-07
398.618  1.61822243e-06  1.27554191e-06
398.870  6.52470629e-07  1.99448570e-06
399.123 -5.70818736e-07  2.06023082e-06
399.375 -1.64578557e-06  1.42613011e-06
399.627 -2.20141248e-06  2.83190127e-07
