0.245  5.96456575e-03 -9.44694408e-04
0.490  3.42553830e-03  8.89354973e-04
0.736  1.81304034e-03  1.69804278e-03
0.981  5.40099231e-04  1.82442878e-03
1.226 -4.40795807e-04  1.46741980e-03
1.471 -9.86823383e-04  8.30825212e-04
1.716 -1.08766078e-03  1.18913642e-04
1.961 -8.57580197e-04 -4.63736315e-04
2.207 -3.91460300e-04 -7.80953699e-04
2.452  1.13445888e-04 -7.64013586e-04
2.697  4.89112877e-04 -4.94674416e-04
2.942  6.13680154e-04 -9.92933125e-05
3.187  5.33133120e-04  2.61639450e-04
3.433  2.73580926e-04  4.81364225e-04
3.678 -5.90504566e-05  5.01579702e-04
3.923 -3.18555893e-04  3.44594332e-04
4.168 -4.31051716e-04  8.44342536e-05
4.413 -3.75186602e-04 -1.75942198e-04
4.658 -1.83905948e-04 -3.48354009e-04
4.904  4.55804497e-05 -3.70284234e-04
5.149  2.42134283e-04 -2.59298417e-04
5.394  3.30190131e-04 -6.55967275e-05
5.639  2.94030658e-04  1.25613291e-04
5.884  1.56915306e-04  2.56070425e-04
6.130 -2.84065785e-05  2.87488672e-04
6.375 -1.90808161e-04  2.10025052e-04
6.620 -2.70983132e-04  5.60834310e-05
6.865 -2.43887571e-04 -1.07204448e-04
7.110 -1.28139144e-04 -2.19570966e-04
7.355  2.33790043e-05 -2.36361500e-04
7.601  1.51163885e-04 -1.65998892e-04
7.846  2.08159472e-04 -3.88851961e-05
8.091  1.85704421e-04  9.09135688e-05
8.336  9.87501759e-05  1.82146695e-04
8.581 -1.99407536e-05  1.96999985e-04
8.827 -1.24317088e-04  1.36925660e-04
9.072 -1.75957736e-04  2.97579069e-05
9.317 -1.57842955e-04 -8.23348177e-05
9.562 -8.13600867e-05 -1.61225011e-04
9.807  2.27944627e-05 -1.77875485e-04
10.053  1.14654384e-04 -1.28651305e-04
10.298  1.58397122e-04 -3.40214433e-05
10.543  1.39480916e-04  6.93133839e-05
10.788  6.79630192e-05  1.40693416e-04
11.033 -2.63837792e-05  1.52899884e-04
11.278 -1.05439467e-04  1.06685740e-04
11.524 -1.41843936e-04  2.43958272e-05
11.769 -1.25398517e-04 -6.12359881e-05
12.014 -6.39813100e-05 -1.18609688e-04
12.259  1.73849891e-05 -1.27096404e-04
12.504  8.68020882e-05 -8.75642827e-05
12.750  1.19039082e-04 -1.67073842e-05
12.995  1.03488242e-04  5.89784279e-05
13.240  4.77269790e-05  1.11074021e-04
13.485 -2.60530329e-05  1.21057523e-04
13.730 -8.85900149e-05  8.76199189e-05
13.975 -1.16823170e-04  2.48065518e-05
14.221 -1.02346842e-04 -4.23307544e-05
14.466 -5.21229392e-05 -8.81079692e-05
14.711  1.39216993e-05 -9.61624497e-05
14.956  6.94652215e-05 -6.56053619e-05
15.201  9.44718573e-05 -1.03645945e-05
15.447  8.14972458e-05  4.74320230e-05
15.692  3.76569805e-05  8.61668502e-05
15.937 -1.87536123e-05  9.20404656e-05
16.182 -6.52818614e-05  6.41533583e-05
16.427 -8.48761563e-05  1.40050349e-05
16.672 -7.05861101e-05 -3.89376197e-05
16.918 -2.81243898e-05 -7.46854606e-05
17.163  2.62505196e-05 -7.95785870e-05
17.408  7.17389294e-05 -5.19854593e-05
17.653  9.11365269e-05 -3.82954326e-06
17.898  7.78719628e-05  4.51371267e-05
18.144  3.86726725e-05  7.54913767e-05
18.389 -1.03545234e-05  7.61412173e-05
18.634 -5.07095247e-05  4.86275126e-05
18.879 -6.78714835e-05  4.63828885e-06
19.124 -5.63833187e-05 -3.88759036e-05
19.369 -2.17628084e-05 -6.55926399e-05
19.615  2.21574695e-05 -6.60875074e-05
19.860  5.80428411e-05 -4.10453802e-05
20.105  7.20636794e-05 -4.99357286e-07
20.350  5.95729771e-05  3.97845149e-05
20.595  2.60184086e-05  6.45538681e-05
20.841 -1.53294172e-05  6.51743326e-05
21.086 -4.83786334e-05  4.23455699e-05
21.331 -6.09014245e-05  5.57677148e-06
21.576 -4.87203712e-05 -3.04011439e-05
21.821 -1.71733156e-05 -5.16036448e-05
22.066  2.08394311e-05 -4.99747979e-05
22.312  5.03902658e-05 -2.65974334e-05
22.557  6.04289809e-05  8.81489813e-06
22.802  4.78759113e-05  4.23005545e-05
23.047  1.85190312e-05  6.13228879e-05
23.292 -1.57389082e-05  5.90798112e-05
23.538 -4.19227197e-05  3.69475389e-05
23.783 -5.03119103e-05  3.81459853e-06
24.028 -3.80210278e-05 -2.76526428e-05
24.273 -1.02817236e-05 -4.54921044e-05
24.518  2.19611371e-05 -4.31010064e-05
24.763  4.64016583e-05 -2.21114457e-05
25.009  5.38692862e-05  8.72274612e-06
25.254  4.21510355e-05  3.72907295e-05
25.499  1.64694172e-05  5.26997344e-05
25.744 -1.29534598e-05  4.96297769e-05
25.989 -3.48023191e-05  3.00875007e-05
26.235 -4.11550455e-05  1.95254411e-06
26.480 -3.04261668e-05 -2.39047170e-05
26.725 -7.42303288e-06 -3.78718210e-05
26.970  1.85479154e-05 -3.53324372e-05
27.215  3.71851611e-05 -1.79392804e-05
27.461  4.14031708e-05  7.13654523e-06
27.706  2.97460415e-05  2.98485711e-05
27.951  6.84209035e-06  4.14171088e-05
28.196 -1.82416599e-05  3.76090067e-05
28.441 -3.58566981e-05  2.01165415e-05
28.686 -3.95417366e-05 -3.94593590e-06
28.932 -2.82580762e-05 -2.50637254e-05
29.177 -6.88403273e-06 -3.51847549e-05
29.422  1.58820367e-05 -3.05601644e-05
29.667  3.12260478e-05 -1.32534054e-05
29.912  3.33879605e-05  9.79181156e-06
30.158  2.17700866e-05  2.97995082e-05
30.403  1.12501310e-06  3.93733654e-05
30.648 -2.06548997e-05  3.51936286e-05
30.893 -3.54988320e-05  1.93782488e-05
31.138 -3.80714789e-05 -1.66619593e-06
31.383 -2.79639543e-05 -1.98400823e-05
31.629 -9.58193539e-06 -2.82988370e-05
31.874  9.75675220e-06 -2.42144001e-05
32.119  2.24609991e-05 -9.73840253e-06
32.364  2.37382665e-05  9.15099845e-06
32.609  1.34404355e-05  2.48660931e-05
32.855 -4.21483229e-06  3.12473216e-05
33.100 -2.22471711e-05  2.60499604e-05
33.345 -3.36527340e-05  1.14455380e-05
33.590 -3.42643857e-05 -6.89456193e-06
33.835 -2.40635370e-05 -2.19173004e-05
34.080 -7.06980554e-06 -2.81082672e-05
34.326  1.01051930e-05 -2.34539895e-05
34.571  2.10121532e-05 -1.00307736e-05
34.816  2.18129803e-05  6.67578903e-06
35.061  1.25373100e-05  2.00818733e-05
35.306 -2.84641279e-06  2.51351972e-05
35.552 -1.81153945e-05  2.00229188e-05
35.797 -2.73897491e-05  6.91855044e-06
36.042 -2.72008993e-05 -8.92602647e-06
36.287 -1.78155207e-05 -2.14772864e-05
36.532 -3.11021539e-06 -2.61073946e-05
36.777  1.12266016e-05 -2.12967358e-05
37.023  1.98438858e-05 -9.27318348e-06
37.268  1.96671303e-05  5.12521786e-06
37.513  1.11703652e-05  1.63669528e-05
37.758 -2.01903508e-06  2.02098030e-05
38.003 -1.46633174e-05  1.54545391e-05
38.249 -2.17898745e-05  4.28424556e-06
38.494 -2.07035331e-05 -8.79105820e-06
38.739 -1.19943958e-05 -1.85520945e-05
38.984  9.30846213e-07 -2.11462195e-05
39.229  1.30887793e-05 -1.56443702e-05
39.474  1.98576996e-05 -4.16635512e-06
39.720  1.88939407e-05  8.92824037e-06
39.965  1.08304823e-05  1.86860071e-05
40.210 -1.03784561e-06  2.16421885e-05
40.455 -1.19658430e-05  1.70140373e-05
40.700 -1.77691508e-05  6.85399134e-06
40.946 -1.63744703e-05 -4.66462545e-06
41.191 -8.43603902e-06 -1.30047734e-05
41.436  2.83143630e-06 -1.50423119e-05
41.681  1.29962047e-05 -1.00754033e-05
41.926  1.82338394e-05 -1.51545408e-07
42.171  1.66268395e-05  1.07689599e-05
42.417  8.92351043e-06  1.85129660e-05
42.662 -1.73623125e-06  2.01722926e-05
42.907 -1.12397823e-05  1.51946338e-05
43.152 -1.60286989e-05  5.65101409e-06
43.397 -1.43905319e-05 -4.76959684e-06
43.643 -7.20170969e-06 -1.21914219e-05
43.888  2.58016109e-06 -1.39295469e-05
44.133  1.11451251e-05 -9.61704399e-06
44.378  1.51791012e-05 -1.23281770e-06
44.623  1.32262460e-05  7.81325202e-06
44.869  6.21333768e-06  1.38889673e-05
45.114 -3.09037219e-06  1.46008969e-05
45.359 -1.10642635e-05  9.75621828e-06
45.604 -1.46493297e-05  1.24865041e-06
45.849 -1.26198305e-05 -7.64442313e-06
46.094 -5.88504442e-06 -1.35021881e-05
46.340  2.89163070e-06 -1.42097742e-05
46.585  1.02603074e-05 -9.65198764e-06
46.830  1.34554520e-05 -1.67332736e-06
47.075  1.14027481e-05  6.55831766e-06
47.320  5.00285082e-06  1.19019666e-05
47.566 -3.14281964e-06  1.24632162e-05
47.811 -9.83022823e-06  8.16936509e-06
48.056 -1.25652194e-05  8.50515736e-07
48.301 -1.03780453e-05 -6.51773281e-06
48.546 -4.22361142e-06 -1.10918102e-05
48.791  3.38385077e-06 -1.11360826e-05
49.037  9.49380541e-06 -6.67718732e-06
49.282  1.17808765e-05  4.60257777e-07
49.527  9.38693925e-06  7.51334271e-06
49.772  3.32748112e-06  1.18306414e-05
50.017 -4.03523457e-06  1.18102153e-05
50.263 -9.95067908e-06  7.60319248e-06
50.508 -1.22395723e-05  9.60998206e-07
50.753 -1.02101081e-05 -5.54200441e-06
50.998 -4.88241189e-06 -9.40430246e-06
51.243  1.54563967e-06 -9.21814477e-06
51.488  6.47255875e-06 -5.23146744e-06
51.734  7.92015658e-06  8.98100110e-07
51.979  5.36406789e-06  6.70143972e-06
52.224 -2.04770804e-07  9.83411937e-06
52.469 -6.66562127e-06  9.08017096e-06
52.714 -1.15357307e-05  4.71254444e-06
52.960 -1.30379091e-05 -1.66066418e-06
53.205 -1.07215286e-05 -7.64457823e-06
53.450 -5.54394255e-06 -1.10820634e-05
53.695  4.26561097e-07 -1.08735627e-05
53.940  4.88776892e-06 -7.27906542e-06
54.185  6.23623851e-06 -1.87362314e-06
54.431  4.06006489e-06  3.10754918e-06
54.676 -6.69802186e-07  5.72530847e-06
54.921 -5.97992627e-06  4.97710686e-06
55.166 -9.77767465e-06  1.18409145e-06
55.411 -1.05837745e-05 -4.10035799e-06
55.657 -8.06841540e-06 -8.81858527e-06
55.902 -3.23969385e-06 -1.11729897e-05
56.147  2.05903253e-06 -1.02556077e-05
56.392  5.87997876e-06 -6.47390910e-06
56.637  6.83851652e-06 -1.31244079e-06
56.882  4.71766957e-06  3.30475737e-06
57.128  5.09819370e-07  5.66718172e-06
57.373 -4.07036025e-06  4.98835144e-06
57.618 -7.17462391e-06  1.71156532e-06
57.863 -7.56027072e-06 -2.78440494e-06
58.108 -5.11649940e-06 -6.67103038e-06
58.354 -7.87691790e-07 -8.36881054e-06
58.599  3.77941007e-06 -7.23329179e-06
58.844  6.83370013e-06 -3.70377565e-06
59.089  7.28579821e-06  8.95313123e-07
59.334  5.06317178e-06  4.80759945e-06
59.579  1.07257239e-06  6.61044236e-06
59.825 -3.08357166e-06  5.74267303e-06
60.070 -5.79530134e-06  2.62890998e-06
60.315 -6.09064433e-06 -1.42535694e-06
60.560 -3.90694295e-06 -4.78003369e-06
60.805 -1.54450334e-07 -6.15884837e-06
61.051  3.64367601e-06 -5.04531757e-06
61.296  6.03223138e-06 -1.89425113e-06
61.541  6.11133612e-06  2.01923576e-06
61.786  3.86462096e-06  5.19544952e-06
62.031  2.15881854e-07  6.44893611e-06
62.277 -3.42393668e-06  5.31774701e-06
62.522 -5.70174104e-06  2.30558391e-06
62.767 -5.77508008e-06 -1.38707888e-06
63.012 -3.70053504e-06 -4.36732618e-06
63.257 -3.69674893e-07 -5.50949830e-06
63.502  2.91038553e-06 -4.43948136e-06
63.748  4.85057859e-06 -1.67432066e-06
63.993  4.70566436e-06  1.67344793e-06
64.238  2.59446821e-06  4.27319784e-06
64.483 -6.45049270e-07  5.08956726e-06
64.728 -3.75438520e-06  3.84166984e-06
64.974 -5.51068085e-06  1.02316242e-06
65.219 -5.27144159e-06 -2.29830241e-06
65.464 -3.15755909e-06 -4.84307203e-06
65.709  3.83014593e-08 -5.68721432e-06
65.954  3.09824998e-06 -4.58849002e-06
66.199  4.91113889e-06 -2.00749561e-06
66.445  4.90876304e-06  1.01437114e-06
66.690  3.19716002e-06  3.29839582e-06
66.935  5.55850065e-07  4.02909321e-06
67.180 -1.87858137e-06  2.98406836e-06
67.425 -3.12632732e-06  6.40469811e-07
67.671 -2.67543702e-06 -1.99310745e-06
67.916 -6.76383645e-07 -3.85230456e-06
68.161  2.07232265e-06 -4.18544692e-06
68.406  4.51346844e-06 -2.81327874e-06
68.651  5.72657358e-06 -2.56776795e-07
68.896  5.22833321e-06  2.52829134e-06
69.142  3.21806054e-06  4.54018633e-06
69.387  4.60645945e-07  5.04821612e-06
69.632 -2.05980659e-06  3.92090399e-06
69.877 -3.45014383e-06  1.66401434e-06
70.122 -3.27905356e-06 -8.51006830e-07
70.368 -1.75980747e-06 -2.66985697e-06
70.613  4.19903666e-07 -3.12878400e-06
70.858  2.33594690e-06 -2.15512673e-06
71.103  3.16849084e-06 -2.14508477e-07
71.348  2.58266305e-06  1.86925317e-06
71.593  7.98871870e-07  3.19554704e-06
71.839 -1.51867035e-06  3.20361302e-06
72.084 -3.46614104e-06  1.85925188e-06
72.329 -4.30729674e-06 -3.81176716e-07
72.574 -3.75803297e-06 -2.68972365e-06
72.819 -2.02926480e-06 -4.22331491e-06
73.065  2.06479923e-07 -4.47720291e-06
73.310  2.08678782e-06 -3.40524895e-06
73.555  2.94386204e-06 -1.46533651e-06
73.800  2.49376476e-06  5.45535038e-07
74.045  9.47870029e-07  1.86595904e-06
74.290 -1.03696125e-06  2.01444883e-06
74.536 -2.68360427e-06  9.51590271e-07
74.781 -3.37389484e-06 -8.59609931e-07
75.026 -2.84393294e-06 -2.69619897e-06
75.271 -1.33713530e-06 -3.86573424e-06
75.516  5.33059545e-07 -3.91871475e-06
75.762  2.05935683e-06 -2.86970250e-06
76.007  2.65571843e-06 -1.17594846e-06
76.252  2.11760480e-06  4.98633773e-07
76.497  7.13925870e-07  1.48856029e-06
76.742 -9.85615557e-07  1.39713409e-06
76.987 -2.29430788e-06  2.87142909e-07
77.233 -2.66269455e-06 -1.40989420e-06
77.478 -1.94308193e-06 -3.04550725e-06
77.723 -3.91529076e-07 -3.97095654e-06
77.968  1.44225789e-06 -3.84315780e-06
78.213  2.87895913e-06 -2.72044630e-06
78.459  3.42124738e-06 -1.00218309e-06
78.704  2.93349134e-06  6.74601992e-07
78.949  1.63598285e-06  1.71800562e-06
79.194  6.26556263e-08  1.82524798e-06
79.439 -1.16479486e-06  1.03301282e-06
79.685 -1.61867558e-06 -2.69051470e-07
79.930 -1.16945445e-06 -1.48804791e-06
80.175 -4.56892981e-08 -2.11683381e-06
80.420  1.23129014e-06 -1.88571481e-06
80.665  2.11340628e-06 -8.58210494e-07
80.910  2.21513321e-06  5.51316407e-07
81.156  1.43512539e-06  1.79289757e-06
81.401  4.69754346e-08  2.39314066e-06
81.646 -1.44319164e-06  2.09336306e-06
81.891 -2.51318199e-06  9.97099192e-07
82.136 -2.77083439e-06 -4.85626062e-07
82.382 -2.13775374e-06 -1.83763149e-06
82.627 -8.83874319e-07 -2.57996253e-06
82.872  5.33454559e-07 -2.46906096e-06
83.117  1.60576751e-06 -1.61368571e-06
83.362  1.96255612e-06 -3.69951778e-07
83.607  1.55297275e-06  7.78466051e-07
83.853  6.08627147e-07  1.38387023e-06
84.098 -4.53018349e-07  1.25654333e-06
84.343 -1.15505747e-06  4.99474823e-07
84.588 -1.19613261e-06 -5.59472179e-07
84.833 -5.53759826e-07 -1.45189165e-06
85.079  5.49455504e-07 -1.79062052e-06
85.324  1.68818824e-06 -1.43120564e-06
85.569  2.42038504e-06 -4.76777065e-07
85.814  2.48992096e-06  7.25981404e-07
86.059  1.87304076e-06  1.72012612e-06
86.304  8.07171202e-07  2.16022816e-06
86.550 -2.79758414e-07  1.89998156e-06
86.795 -9.85348951e-07  1.04735145e-06
87.040 -1.05668762e-06 -4.14383942e-08
87.285 -4.65113866e-07 -9.47729758e-07
87.530  5.40674929e-07 -1.34107787e-06
87.776  1.56948845e-06 -1.06698563e-06
88.021  2.25116791e-06 -2.46849650e-07
88.266  2.33118097e-06  7.92252055e-07
88.511  1.80076128e-06  1.67798581e-06
88.756  8.96453969e-07  2.08935000e-06
89.001 -4.07163906e-08  1.89914316e-06
89.247 -6.59814288e-07  1.23964154e-06
89.492 -7.38245122e-07  3.96348246e-07
89.737 -3.02192281e-07 -2.81220645e-07
89.982  4.33187931e-07 -5.00878041e-07
90.227  1.14395167e-06 -1.86339265e-07
90.473  1.49354188e-06  5.28422313e-07
90.718  1.30960410e-06  1.36546514e-06
90.963  6.34545825e-07  1.96990583e-06
91.208 -3.20971266e-07  2.08429816e-06
91.453 -1.21546519e-06  1.65109845e-06
91.698 -1.72927522e-06  7.92187554e-07
91.944 -1.70791829e-06 -2.01033015e-07
92.189 -1.17248201e-06 -9.82776558e-07
92.434 -3.33136694e-07 -1.32039291e-06
92.679  4.78505185e-07 -1.13766045e-06
92.924  9.81098322e-07 -5.46391634e-07
93.170  1.01823852e-06  1.70643630e-07
93.415  6.02622672e-07  7.15327378e-07
93.660 -5.43193604e-08  8.75051698e-07
93.905 -6.64372867e-07  5.74710765e-07
94.150 -9.81222460e-07 -5.63347549e-08
94.395 -8.57146595e-07 -7.59866084e-07
94.641 -3.34693700e-07 -1.27441764e-06
94.886  3.76008068e-07 -1.39514108e-06
95.131  1.01716013e-06 -1.07678096e-06
95.376  1.34558923e-06 -4.64115874e-07
95.621  1.23464952e-06  2.08929441e-07
95.867  7.51739312e-07  6.82881601e-07
96.112  8.86292287e-08  7.63481025e-07
96.357 -5.01216181e-07  4.34869566e-07
96.602 -7.75379599e-07 -1.69522712e-07
96.847 -6.36168088e-07 -8.24865789e-07
97.093 -1.46844251e-07 -1.26597302e-06
97.338  5.16295361e-07 -1.32433496e-06
97.583  1.09278115e-06 -9.88649722e-07
97.828  1.36182348e-06 -3.72466937e-07
98.073  1.24030169e-06  2.94720925e-07
98.318  7.71152902e-07  7.64480244e-07
98.564  1.30429923e-07  8.93008437e-07
98.809 -4.33822682e-07  6.53877719e-07
99.054 -7.35567911e-07  1.56227294e-07
99.299 -6.89220720e-07 -3.77214591e-07
99.544 -3.34555413e-07 -7.38440674e-07
99.790  1.48401150e-07 -7.96960444e-07
100.035  5.47055699e-07 -5.28373462e-07
100.280  6.99112322e-07 -5.93884954e-08
100.525  5.23596966e-07  4.07333929e-07
100.770  8.65391392e-08  6.88930744e-07
101.015 -4.33997750e-07  6.56146356e-07
101.261 -8.46795634e-07  3.09250343e-07
101.506 -9.85038840e-07 -2.14132726e-07
101.751 -7.82550689e-07 -7.29660179e-07
101.996 -3.21701421e-07 -1.04807713e-06
102.241  2.37532274e-07 -1.04344306e-06
102.487  7.02839002e-07 -7.33340364e-07
102.732  9.03839680e-07 -2.37236152e-07
102.977  7.92850207e-07  2.69919714e-07
103.222  4.38600072e-07  5.94950692e-07
103.467 -1.75441746e-08  6.33855256e-07
103.712 -3.81731096e-07  4.02257591e-07
103.958 -5.07779055e-07 -1.08340434e-09
104.203 -3.60836128e-07 -3.99818330e-07
104.448  6.81092331e-09 -6.21247373e-07
104.693  4.50706164e-07 -5.85389874e-07
104.938  7.88534834e-07 -2.97769258e-07
105.184  9.03537064e-07  1.39330330e-07
105.429  7.57658520e-07  5.50685189e-07
105.674  4.05434901e-07  7.93123540e-07
105.919 -2.29001973e-10  7.90371923e-07
106.164 -3.01810881e-07  5.47543731e-07
106.409 -3.92245520e-07  1.81928614e-07
106.655 -2.29686852e-07 -1.48272383e-07
106.900  1.13955272e-07 -3.14673130e-07
107.145  4.93680875e-07 -2.34775178e-07
107.390  7.70426867e-07  7.03356693e-08
107.635  8.30217858e-07  4.82151116e-07
107.881  6.42505269e-07  8.62782455e-07
108.126  2.87712707e-07  1.07885154e-06
108.371 -1.09921401e-07  1.05324994e-06
108.616 -4.11783292e-07  8.21105016e-07
108.861 -5.05067414e-07  4.82506213e-07
109.106 -3.78300766e-07  1.68108162e-07
109.352 -1.00618528e-07  1.27989078e-08
109.597  2.15358829e-07  7.15739486e-08
109.842  4.26401833e-07  3.10418611e-07
110.087  4.40054230e-07  6.42337724e-07
110.332  2.52913712e-07  9.29241487e-07
110.578 -7.94084813e-08  1.05046048e-06
110.823 -4.36863739e-07  9.65499964e-07
111.068 -6.83097460e-07  6.95124533e-07
111.313 -7.44585107e-07  3.30172846e-07
111.558 -6.07219611e-07  7.81995498e-09
111.803 -3.25227821e-07 -1.73591653e-07
112.049 -2.19707148e-08 -1.69319838e-07
112.294  1.90230686e-07  4.75515075e-09
112.539  2.43388298e-07  2.50194598e-07
112.784  1.18657672e-07  4.51099416e-07
113.029 -1.16607788e-07  5.23631707e-07
113.275 -3.51149377e-07  4.19941036e-07
113.520 -4.90701856e-07  1.73021326e-07
113.765 -4.63552207e-07 -1.18332998e-07
114.010 -2.65988323e-07 -3.54795300e-07
114.255  2.47636241e-08 -4.46494675e-07
114.501  3.11816444e-07 -3.53008228e-07
114.746  4.95110363e-07 -1.21255887e-07
114.991  5.01770353e-07  1.63327232e-07
115.236  3.42646151e-07  4.00371179e-07
115.481  8.30817157e-08  4.93329419e-07
115.726 -1.86505866e-07  4.16002732e-07
115.972 -3.58035856e-07  2.07429473e-07
116.217 -3.72612588e-07 -6.04122370e-08
116.462 -2.40584448e-07 -2.80850943e-07
116.707 -1.05753975e-08 -3.70618966e-07
116.952  2.23117701e-07 -3.12468818e-07
117.198  3.62830812e-07 -1.30316606e-07
117.443  3.66906314e-07  1.01699755e-07
117.688  2.35557044e-07  2.81732419e-07
117.933  1.81258053e-08  3.48312092e-07
118.178 -1.89015758e-07  2.80573112e-07
118.423 -3.10193065e-07  1.01604474e-07
118.669 -3.06942632e-07 -1.05737132e-07
118.914 -1.77167699e-07 -2.57377513e-07
119.159  1.59455532e-08 -3.00486813e-07
119.404  1.85925597e-07 -2.09964136e-07
119.649  2.68529473e-07 -2.44080596e-08
119.895  2.18360741e-07  1.74349694e-07
120.140  4.56932184e-08  3.14518125e-07
120.385 -1.80554488e-07  3.34328346e-07
120.630 -3.86826147e-07  2.14297610e-07
120.875 -5.01000553e-07  2.19934857e-09
121.120 -4.76177372e-07 -2.34034117e-07
121.366 -3.33046170e-07 -4.19980661e-07
121.611 -1.26629146e-07 -4.88086518e-07
121.856  7.48639952e-08 -4.30449238e-07
122.101  1.93148715e-07 -2.84398593e-07
122.346  1.94887611e-07 -1.05678958e-07
122.592  9.83284978e-08  2.65570537e-08
122.837 -5.59238462e-08  5.90877630e-08
123.082 -1.95333741e-07 -8.52049702e-09
123.327 -2.52728641e-07 -1.51232334e-07
123.572 -2.09675588e-07 -3.08374825e-07
123.817 -7.58053332e-08 -4.04949458e-07
124.063  1.03888252e-07 -4.05523616e-07
124.308  2.53241877e-07 -3.04506310e-07
124.553  3.21886835e-07 -1.28432229e-07
124.798  2.89481384e-07  5.26566684e-08
125.043  1.62573424e-07  1.77420483e-07
125.289 -2.15331609e-09  2.12366445e-07
125.534 -1.38263044e-07  1.44592168e-07
125.779 -2.02138333e-07  1.17842243e-08
126.024 -1.64204119e-07 -1.21105655e-07
126.269 -4.00841560e-08 -2.04015814e-07
126.514  1.13077016e-07 -1.94735961e-07
126.760  2.42714368e-07 -8.61068567e-08
127.005  2.98704513e-07  7.84349347e-08
127.250  2.52805970e-07  2.48352269e-07
127.495  1.30134700e-07  3.71113897e-07
127.740 -2.53450606e-08  4.01946750e-07
127.986 -1.64146040e-07  3.45707178e-07
128.231 -2.31487710e-07  2.36522313e-07
128.476 -2.12797675e-07  1.16950840e-07
128.721 -1.30634899e-07  4.52158031e-08
128.966 -1.87448669e-08  5.29029880e-08
129.211  6.66140318e-08  1.30143798e-07
129.457  7.99693424e-08  2.52850740e-07
129.702  1.73334571e-08  3.71133136e-07
129.947 -1.07708907e-07  4.29633953e-07
130.192 -2.55574745e-07  4.09734948e-07
130.437 -3.66403452e-07  3.13522631e-07
130.683 -4.07657312e-07  1.66765711e-07
130.928 -3.69549975e-07  2.70666825e-08
131.173 -2.61824464e-07 -6.22217876e-08
131.418 -1.32907699e-07 -8.07333233e-08
131.663 -3.19516071e-08 -2.25208699e-08
131.909  1.28867066e-08  7.81988668e-08
132.154 -1.72330058e-08  1.71667788e-07
132.399 -1.04609353e-07  2.24793096e-07
132.644 -2.03287638e-07  2.09518490e-07
132.889 -2.77445303e-07  1.26696047e-07
133.134 -2.93242433e-07  1.45242372e-08
133.380 -2.35650504e-07 -9.05407905e-08
133.625 -1.31455592e-07 -1.52064216e-07
133.870 -1.52590390e-08 -1.41457947e-07
134.115  7.70182149e-08 -7.12882351e-08
134.360  1.06948194e-07  2.84528383e-08
134.606  7.16164109e-08  1.25223337e-07
134.851 -6.11802922e-09  1.75506577e-07
135.096 -9.92727832e-08  1.61564481e-07
135.341 -1.64147746e-07  9.73006413e-08
135.586 -1.70410894e-07  2.98882532e-09
135.831 -1.21780705e-07 -8.16265324e-08
136.077 -3.13054669e-08 -1.16773339e-07
136.322  6.85021607e-08 -9.50839399e-08
136.567  1.32470300e-07 -2.18758608e-08
136.812  1.42065470e-07  8.02436226e-08
137.057  9.45609689e-08  1.65730644e-07
137.303  9.40459370e-10  2.06346273e-07
137.548 -9.82178886e-08  1.91772488e-07
137.793 -1.67938349e-07  1.21230620e-07
138.038 -1.91625548e-07  2.58459893e-08
138.283 -1.58289368e-07 -5.64321317e-08
138.528 -8.68322683e-08 -1.04454420e-07
138.774 -1.44315327e-08 -9.96836709e-08
139.019  3.47549988e-08 -4.79118331e-08
139.264  3.74570623e-08  1.77649730e-08
139.509 -1.31716248e-08  7.13573106e-08
139.754 -9.11692374e-08  8.71448034e-08
140.000 -1.70079184e-07  4.69094813e-08
140.245 -2.23717924e-07 -3.34894242e-08
140.490 -2.24754289e-07 -1.29305174e-07
140.735 -1.76808330e-07 -2.16136682e-07
140.980 -1.00370041e-07 -2.61212135e-07
141.225 -1.59158877e-08 -2.55699191e-07
141.471  4.27927267e-08 -2.13981025e-07
141.716  5.61796885e-08 -1.51503934e-07
141.961  3.16198458e-08 -9.91691605e-08
142.206 -2.04240757e-08 -8.46447244e-08
142.451 -7.44557149e-08 -1.08098811e-07
142.697 -9.76297087e-08 -1.63638381e-07
142.942 -8.17497441e-08 -2.32664330e-07
143.187 -2.82351316e-08 -2.80317869e-07
143.432  5.21241658e-08 -2.90271161e-07
143.677  1.26034162e-07 -2.59180083e-07
143.922  1.69962562e-07 -1.89529727e-07
144.168  1.75642379e-07 -1.09202551e-07
144.413  1.37524897e-07 -4.65835512e-08
144.658  7.47730201e-08 -1.43166844e-08
144.903  1.73226524e-08 -2.45362569e-08
145.148 -1.89122930e-08 -6.85944680e-08
145.394 -1.74689620e-08 -1.18307571e-07
145.639  2.36587795e-08 -1.55593021e-07
145.884  8.09431003e-08 -1.61885402e-07
146.129  1.35197706e-07 -1.25547017e-07
146.374  1.67636722e-07 -6.29142933e-08
146.619  1.58957307e-07  7.09678642e-09
146.865  1.16477557e-07  6.71464349e-08
147.110  5.72607192e-08  9.31611038e-08
147.355 -4.07469128e-09  8.28775817e-08
147.600 -4.20143961e-08  5.01703743e-08
147.845 -4.54407628e-08  6.45159819e-09
148.091 -2.40611488e-08 -2.42311225e-08
148.336  1.36523945e-08 -2.33947532e-08
148.581  4.71000332e-08  4.37733299e-09
148.826  5.22373095e-08  5.31721661e-08
149.071  2.73620966e-08  1.07111372e-07
149.317 -2.43604301e-08  1.38829501e-07
149.562 -9.28913923e-08  1.39440120e-07
149.807 -1.50655908e-07  1.08669675e-07
150.052 -1.81927657e-07  4.97622955e-08
150.297 -1.82666762e-07 -1.32746935e-08
150.542 -1.49318944e-07 -5.98583874e-08
150.788 -9.90741928e-08 -8.27996495e-08
151.033 -5.45418476e-08 -7.32366793e-08
151.278 -2.49677035e-08 -3.99772220e-08
151.523 -2.20974120e-08 -5.12260942e-09
151.768 -4.53006391e-08  2.07066391e-08
152.014 -7.47977235e-08  2.50537361e-08
152.259 -9.85717037e-08  1.53887662e-09
152.504 -1.04581549e-07 -3.38453296e-08
152.749 -8.07155763e-08 -6.75129596e-08
152.994 -3.75216012e-08 -8.80412036e-08
153.239  1.04329222e-08 -7.87804160e-08
153.485  5.24459851e-08 -4.30423982e-08
153.730  6.89546789e-08  5.32689389e-09
153.975  5.49794525e-08  5.69478819e-08
154.220  2.14914656e-08  9.17723951e-08
154.465 -2.42681434e-08  9.70330877e-08
154.711 -6.45085730e-08  7.91786224e-08
154.956 -8.06603092e-08  4.29004994e-08
155.201 -7.38648487e-08  1.55726125e-09
155.446 -4.64145651e-08 -2.32514025e-08
155.691 -6.12493205e-09 -2.72969388e-08
155.936  2.52778536e-08 -1.09321962e-08
156.182  3.86696023e-08  2.35752799e-08
156.427  3.29342885e-08  5.69304861e-08
156.672  5.68158371e-09  7.59616055e-08
156.917 -2.81184187e-08  7.82966805e-08
157.162 -5.23409894e-08  5.82431834e-08
157.408 -6.31758235e-08  2.52757582e-08
157.653 -5.29772340e-08 -2.88626752e-09
157.898 -2.51806770e-08 -2.05516417e-08
158.143  2.57646674e-09 -1.91697667e-08
158.388  2.23270186e-08  3.88397208e-09
158.633  2.52629688e-08  3.30375625e-08
158.879  3.11068081e-09  5.80947954e-08
159.124 -3.28130385e-08  7.04073901e-08
159.369 -7.09520075e-08  5.70006561e-08
159.614 -1.03406323e-07  2.29900230e-08
159.859 -1.14309967e-07 -2.03106828e-08
160.105 -1.01708908e-07 -6.65902260e-08
160.350 -7.50883608e-08 -9.97011765e-08
160.595 -3.86475302e-08 -1.11312183e-07
160.840 -6.25977410e-09 -1.08191621e-07
161.085  9.14342844e-09 -9.27743734e-08
161.330  1.13052996e-08 -7.51578970e-08
161.576  1.87351512e-09 -7.09626775e-08
161.821 -1.30455991e-08 -7.98319876e-08
162.066 -1.66860747e-08 -1.00183380e-07
162.311 -5.31263941e-09 -1.29466703e-07
162.556  1.97618620e-08 -1.51225078e-07
162.802  5.92324964e-08 -1.57095808e-07
163.047  9.88250555e-08 -1.47218419e-07
163.292  1.26052222e-07 -1.17757406e-07
163.537  1.39160697e-07 -7.86421662e-08
163.782  1.31664466e-07 -4.46970187e-08
164.027  1.07569796e-07 -1.95424987e-08
164.273  8.16547564e-08 -1.10582983e-08
164.518  5.88899128e-08 -2.13959895e-08
164.763  4.69012495e-08 -3.78940831e-08
165.008  5.29147303e-08 -5.46846757e-08
165.253  6.77406864e-08 -6.56984130e-08
165.499  8.47994707e-08 -6.04291503e-08
165.744  1.00098467e-07 -4.38489707e-08
165.989  1.01745691e-07 -2.31021511e-08
166.234  9.01606453e-08 -2.96236232e-10
166.479  7.26369343e-08  1.29898015e-08
166.725  4.99608923e-08  1.27011025e-08
166.970  3.19689595e-08  5.55280093e-09
167.215  2.65728330e-08 -8.30584918e-09
167.460  2.84770407e-08 -2.18145205e-08
167.705  3.74783771e-08 -2.43184307e-08
167.950  4.97560848e-08 -1.88938445e-08
168.196  5.33064188e-08 -6.30649899e-09
168.441  4.83167605e-08  1.27933089e-08
168.686  3.62407262e-08  2.66137083e-08
168.931  1.49755820e-08  3.21746244e-08
169.176 -5.55606170e-09  3.14719755e-08
169.422 -1.96133805e-08  2.04504360e-08
169.667 -2.96279854e-08  5.80134824e-09
169.912 -3.09436361e-08 -4.91794302e-09
170.157 -2.65491756e-08 -1.44984549e-08
170.402 -2.48989861e-08 -1.93747197e-08
170.647 -2.32761790e-08 -1.94580433e-08
170.893 -2.28082075e-08 -2.36137235e-08
171.138 -2.53654328e-08 -3.02685287e-08
171.383 -2.18146733e-08 -3.78013034e-08
171.628 -1.10834579e-08 -4.86347378e-08
171.873  3.40593136e-09 -5.36207213e-08
172.119  2.40225678e-08 -4.77660958e-08
172.364  4.23657881e-08 -3.45177749e-08
172.609  4.91875420e-08 -1.15284792e-08
172.854  4.61436059e-08  1.47316735e-08
173.099  3.06438402e-08  3.15674349e-08
173.344  6.15140654e-09  3.75079009e-08
173.590 -1.27365940e-08  2.94631854e-08
173.835 -2.05793225e-08  7.28269752e-09
174.080 -1.33487594e-08 -1.43672088e-08
174.325  1.30145435e-08 -2.56713170e-08
174.570  4.58311832e-08 -2.08433532e-08
174.816  7.12347150e-08  8.40828919e-09
175.061  8.07308525e-08  5.37875509e-08
175.306  6.14208146e-08  9.88924217e-08
175.551  1.46236235e-08  1.32093414e-07
175.796 -4.36173927e-08  1.35853197e-07
176.041 -9.92673390e-08  1.02285303e-07
176.287 -1.30995828e-07  4.31716023e-08
176.532 -1.20615460e-07 -2.71679569e-08
176.777 -7.15668075e-08 -8.56496927e-08
177.022  4.81212425e-09 -1.04440347e-07
177.267  8.68991130e-08 -7.53612856e-08
177.513  1.39920165e-07 -2.92017249e-09
177.758  1.42528049e-07  9.68379985e-08
178.003  8.87786675e-08  1.86957188e-07
178.248 -1.53297468e-08  2.33909630e-07
178.493 -1.37089369e-07  2.18960612e-07
178.738 -2.34782828e-07  1.34168766e-07
178.984 -2.76898716e-07  8.46808195e-10
179.229 -2.39404923e-07 -1.37850676e-07
179.474 -1.25797356e-07 -2.40620565e-07
179.719  2.77994089e-08 -2.67882837e-07
179.964  1.76122843e-07 -2.01105326e-07
180.210  2.67657949e-07 -6.07333895e-08
180.455  2.60915867e-07  1.11936754e-07
180.700  1.53387084e-07  2.59941445e-07
180.945 -2.65693510e-08  3.21726066e-07
181.190 -2.25406910e-07  2.67293409e-07
181.435 -3.68432195e-07  1.03256866e-07
181.681 -3.97703068e-07 -1.30798346e-07
181.926 -2.91063649e-07 -3.57967696e-07
182.171 -6.32126133e-08 -4.97296266e-07
182.416  2.20888125e-07 -4.94793242e-07
182.661  4.68252659e-07 -3.31212545e-07
182.907  5.96042390e-07 -4.42661054e-08
183.152  5.46632067e-07  2.77219535e-07
183.397  3.17179828e-07  5.31566266e-07
183.642 -2.65453064e-08  6.25195308e-07
183.887 -3.80340021e-07  5.06735832e-07
184.133 -6.24906266e-07  2.00839380e-07
184.378 -6.60320469e-07 -2.06137381e-07
184.623 -4.56702363e-07 -5.86663081e-07
184.868 -6.14793243e-08 -8.01604887e-07
185.113  4.12328392e-07 -7.61205188e-07
185.358  8.05032276e-07 -4.56139221e-07
185.604  9.72224282e-07  3.98316934e-08
185.849  8.37356280e-07  5.72741636e-07
186.094  4.12443939e-07  9.60407314e-07
186.339 -1.84772220e-07  1.05953391e-06
186.584 -7.61963348e-07  8.04993175e-07
186.830 -1.12275978e-06  2.48556314e-07
187.075 -1.12110777e-06 -4.42442197e-07
187.320 -7.19721333e-07 -1.04543978e-06
187.565 -2.36835061e-08 -1.34440752e-06
187.810  7.55704841e-07 -1.20226699e-06
188.055  1.35895514e-06 -6.29224494e-07
188.301  1.55520725e-06  2.17576474e-07
188.546  1.23889173e-06  1.07536187e-06
188.791  4.71806619e-07  1.64440646e-06
189.036 -5.28955851e-07  1.70049934e-06
189.281 -1.43766981e-06  1.17894992e-06
189.527 -1.93078099e-06  2.01059733e-07
189.772 -1.80413796e-06 -9.37566875e-07
190.017 -1.04152757e-06 -1.85603705e-06
190.262  1.52643988e-07 -2.22202072e-06
190.507  1.40092264e-06 -1.85816905e-06
190.752  2.28064147e-06 -8.22491465e-07
190.998  2.45564586e-06  5.82194788e-07
191.243  1.79972565e-06  1.90472985e-06
191.488  4.71127787e-07  2.68253662e-06
191.733 -1.12880859e-06  2.59473638e-06
191.978 -2.47265593e-06  1.59954991e-06
192.224 -3.06832032e-06 -3.45626566e-08
192.469 -2.64564510e-06 -1.79978848e-06
192.714 -1.26688346e-06 -3.09166532e-06
192.959  6.75643897e-07 -3.42023062e-06
193.204  2.55471392e-06 -2.59312589e-06
193.449  3.71084310e-06 -7.95491650e-07
193.695  3.68687728e-06  1.43195840e-06
193.940  2.39092558e-06  3.35011041e-06
194.185  1.65009542e-07  4.27353100e-06
194.430 -2.29167935e-06  3.80193666e-06
194.675 -4.14970748e-06  1.98373109e-06
194.921 -4.71967304e-06 -6.53842013e-07
195.166 -3.69883995e-06 -3.26159741e-06
195.411 -1.32014834e-06 -4.93548478e-06
195.656  1.69532309e-06 -5.01776081e-06
195.901  4.35368286e-06 -3.35796353e-06
196.146  5.70089534e-06 -4.00611167e-07
196.392  5.16829376e-06  2.93110017e-06
196.637  2.80130769e-06  5.50721770e-06
196.882 -7.20624945e-07  6.37482218e-06
197.127 -4.26157172e-06  5.10952193e-06
197.372 -6.59133251e-06  1.99039375e-06
197.618 -6.81714572e-06 -2.03731260e-06
197.863 -4.70790687e-06 -5.63781972e-06
198.108 -8.25761767e-07 -7.53394024e-06
198.353  3.60327095e-06 -6.94759759e-06
198.598  7.08096446e-06 -3.90419369e-06
198.843  8.33535592e-06  7.07205495e-07
199.089  6.77260421e-06  5.39256619e-06
199.334  2.74390009e-06  8.53222481e-06
199.579 -2.51714110e-06  8.92590289e-06
199.824 -7.26974981e-06  6.25082793e-06
200.069 -9.82603145e-06  1.23335263e-06
200.315 -9.15033245e-06 -4.54321853e-06
200.560 -5.26837750e-06 -9.12184935e-06
200.805  6.83224988e-07 -1.08318894e-05
201.050  6.77178259e-06 -8.89910254e-06
201.295  1.08880385e-05 -3.76212570e-06
201.541  1.14817398e-05  2.99821558e-06
201.786  8.12832321e-06  9.13009499e-06
202.031  1.74713106e-06  1.24657205e-05
202.276 -5.62467805e-06  1.16770277e-05
202.521 -1.14840590e-05  6.78509788e-06
202.766 -1.37059519e-05 -7.52625073e-07
203.012 -1.12979871e-05 -8.47078553e-06
203.257 -4.82581158e-06 -1.36999903e-05
203.502  3.69417711e-06 -1.44744563e-05
203.747  1.14215464e-05 -1.02675872e-05
203.992  1.56235227e-05 -2.26199364e-06
204.238  1.46388251e-05  6.97590768e-06
204.483  8.52544282e-06  1.43033802e-05
204.728 -8.74544964e-07  1.70647550e-05
204.973 -1.04730373e-05  1.40555953e-05
205.218 -1.69394672e-05  6.01265849e-06
205.463 -1.78616137e-05 -4.53695617e-06
205.709 -1.26299701e-05 -1.40523061e-05
205.954 -2.74208711e-06 -1.91715065e-05
206.199  8.59832678e-06 -1.78922157e-05
206.444  1.75193738e-05 -1.03328628e-05
206.689  2.08008820e-05  1.18891905e-06
206.935  1.70207638e-05  1.28581063e-05
207.180  7.15036670e-06  2.06262925e-05
207.425 -5.66577343e-06  2.16022385e-05
207.670 -1.71120702e-05  1.51230231e-05
207.915 -2.31425462e-05  3.09802818e-06
208.160 -2.14070893e-05 -1.05471316e-05
208.406 -1.21604486e-05 -2.11404086e-05
208.651  1.71710013e-06 -2.48563943e-05
208.896  1.56038685e-05 -2.01017172e-05
209.141  2.46647603e-05 -8.16374427e-06
209.386  2.55414119e-05  7.11412077e-06
209.632  1.75856967e-05  2.05529968e-05
209.877  3.19576700e-06  2.73989653e-05
210.122 -1.28817328e-05  2.50024835e-05
210.367 -2.51171771e-05  1.38218702e-05
210.612 -2.91029055e-05 -2.59967255e-06
210.857 -2.31273964e-05 -1.87480499e-05
211.103 -8.88687417e-06 -2.89952590e-05
211.348  8.97024233e-06 -2.95510687e-05
211.593  2.43647268e-05 -1.98602430e-05
211.838  3.18490502e-05 -2.92654416e-06
212.083  2.85320579e-05  1.56153439e-05
212.329  1.51927496e-05  2.93692205e-05
212.574 -3.86909442e-06  3.33789137e-05
212.819 -2.22127207e-05  2.59218771e-05
213.064 -3.34242609e-05  9.21777124e-06
213.309 -3.33690023e-05 -1.12191598e-05
213.554 -2.17117507e-05 -2.83876889e-05
213.800 -2.14905898e-06 -3.62052059e-05
214.045  1.87447100e-05 -3.16674342e-05
214.290  3.37284886e-05 -1.59845902e-05
214.535  3.74137309e-05  5.70559221e-06
214.780  2.81938783e-05  2.60148664e-05
215.026  8.92035717e-06  3.78325416e-05
215.271 -1.39611227e-05  3.68120817e-05
215.516 -3.25755015e-05  2.29677243e-05
215.761 -4.03294153e-05  7.97318785e-07
216.006 -3.42468494e-05 -2.21815005e-05
216.251 -1.61142723e-05 -3.79829511e-05
216.497  8.03086161e-06 -4.09273918e-05
216.742  2.99126433e-05 -2.96950985e-05
216.987  4.18499176e-05 -7.88973455e-06
217.232  3.94659699e-05  1.71166983e-05
217.477  2.32970130e-05  3.66701846e-05
217.723 -1.29852353e-06  4.38403515e-05
217.968 -2.59068461e-05  3.58896596e-05
218.213 -4.19425491e-05  1.53071194e-05
218.458 -4.36613423e-05 -1.09561861e-05
218.703 -3.02171572e-05 -3.38328505e-05
218.949 -6.04836410e-06 -4.52876211e-05
219.194  2.05769816e-05 -4.11451238e-05
219.439  4.04040805e-05 -2.26143652e-05
219.684  4.64175966e-05  4.03879228e-06
219.929  3.63284053e-05  2.96179377e-05
220.174  1.34551203e-05  4.51803238e-05
220.420 -1.43654127e-05  4.51675076e-05
220.665 -3.74738709e-05  2.94077254e-05
220.910 -4.77451285e-05  3.24386939e-06
221.155 -4.14624241e-05 -2.42858710e-05
221.400 -2.06751495e-05 -4.35715911e-05
221.646  7.47168541e-06 -4.78006703e-05
221.891  3.31927328e-05 -3.53847830e-05
222.136  4.74733509e-05 -1.05542300e-05
222.381  4.52529820e-05  1.80802081e-05
222.626  2.72255191e-05  4.05153815e-05
222.871 -3.69726759e-07  4.88733798e-05
223.117 -2.79018306e-05  4.01809860e-05
223.362 -4.57277128e-05  1.74339467e-05
223.607 -4.75866912e-05 -1.14230262e-05
223.852 -3.28075971e-05 -3.62812960e-05
224.097 -6.56805022e-06 -4.84277197e-05
224.343  2.19199099e-05 -4.36076756e-05
224.588  4.26606011e-05 -2.35350725e-05
224.833  4.83905883e-05  4.70721807e-06
225.078  3.71418010e-05  3.11785479e-05
225.323  1.29359218e-05  4.65865379e-05
225.568 -1.56579196e-05  4.55653470e-05
225.814 -3.85611130e-05  2.85690924e-05
226.059 -4.77487530e-05  1.68212951e-06
226.304 -4.00885762e-05 -2.55595087e-05
226.549 -1.84192215e-05 -4.35537041e-05
226.794  9.49631774e-06 -4.60419137e-05
227.040  3.37469995e-05 -3.23037019e-05
227.285  4.58112339e-05 -7.36199774e-06
227.530  4.15731578e-05  1.98401287e-05
227.775  2.27345992e-05  3.96548412e-05
228.020 -3.84237713e-06  4.51733559e-05
228.265 -2.86315665e-05  3.46454691e-05
228.511 -4.28753327e-05  1.20456735e-05
228.756 -4.16898406e-05 -1.44097374e-05
229.001 -2.57557733e-05 -3.52601783e-05
229.246 -1.00503064e-06 -4.31936383e-05
229.491  2.35864793e-05 -3.56254770e-05
229.737  3.92595193e-05 -1.55593200e-05
229.982  4.06008396e-05  9.58625559e-06
230.227  2.74377128e-05  3.07191319e-05
230.472  4.80512082e-06  4.03626552e-05
230.717 -1.89690960e-05  3.53233916e-05
230.962 -3.53205943e-05  1.77623907e-05
231.208 -3.85484737e-05 -5.69935390e-06
231.453 -2.78239811e-05 -2.64592530e-05
231.698 -7.37959841e-06 -3.70904676e-05
231.943  1.51319030e-05 -3.40197214e-05
232.188  3.14912304e-05 -1.87337242e-05
232.434  3.59285503e-05  2.87606470e-06
232.679  2.71682357e-05  2.27584038e-05
232.924  8.78726589e-06  3.37064381e-05
233.169 -1.22028539e-05  3.19782368e-05
233.414 -2.80213724e-05  1.85825229e-05
233.659 -3.30050558e-05 -1.19946209e-06
233.905 -2.56397978e-05 -1.98713091e-05
234.150 -9.02678076e-06 -3.05561917e-05
234.395  1.03806523e-05 -2.95258536e-05
234.640  2.52680531e-05 -1.75159325e-05
234.885  3.02031554e-05  6.51965125e-07
235.131  2.36249833e-05  1.79807664e-05
235.376  8.34619356e-06  2.79702265e-05
235.621 -9.61381924e-06  2.70496836e-05
235.866 -2.33712144e-05  1.58694501e-05
236.111 -2.77970210e-05 -1.04221137e-06
236.357 -2.14371599e-05 -1.70807686e-05
236.602 -6.99104881e-06 -2.61139029e-05
236.847  9.80179887e-06 -2.48219305e-05
237.092  2.24046392e-05 -1.39211081e-05
237.337  2.60109528e-05  2.18375253e-06
237.582  1.93739532e-05  1.71420810e-05
237.828  5.23262169e-06  2.51351149e-05
238.073 -1.07890095e-05  2.31277137e-05
238.318 -2.23879862e-05  1.20096512e-05
238.563 -2.50445800e-05 -3.78032853e-06
238.808 -1.77635535e-05 -1.79985629e-05
239.054 -3.44390316e-06 -2.50461027e-05
239.299  1.22554584e-05 -2.21484347e-05
239.544  2.31354294e-05 -1.04311351e-05
239.789  2.48797256e-05  5.50891558e-06
240.034  1.67399677e-05  1.93966286e-05
240.279  1.85040898e-06  2.57300500e-05
240.525 -1.39764196e-05  2.19283510e-05
240.770 -2.45097591e-05  9.36712203e-06
241.015 -2.55243230e-05 -7.12223136e-06
241.260 -1.64723194e-05 -2.11131135e-05
241.505 -7.44016906e-07 -2.70676965e-05
241.751  1.56136843e-05 -2.25046964e-05
241.996  2.62132983e-05 -9.01337976e-06
242.241  2.68003480e-05  8.31391231e-06
242.486  1.69445272e-05  2.28074095e-05
242.731  2.60934950e-07  2.87734990e-05
242.976 -1.69286809e-05  2.37202537e-05
243.222 -2.79857066e-05  9.37069625e-06
243.467 -2.85137921e-05 -8.93913216e-06
243.712 -1.80901810e-05 -2.42463303e-05
243.957 -4.85505033e-07 -3.06105136e-05
244.202  1.77071488e-05 -2.54134935e-05
244.448  2.95476009e-05 -1.04068776e-05
244.693  3.04011411e-05  8.88426274e-06
244.938  1.97346387e-05  2.52039195e-05
245.183  1.38122734e-06  3.23078940e-05
245.428 -1.78443651e-05  2.73463304e-05
245.673 -3.06946108e-05  1.19885354e-05
245.919 -3.22258549e-05 -8.13959093e-06
246.164 -2.16897853e-05 -2.55354086e-05
246.409 -2.87449039e-06 -3.36299462e-05
246.654  1.72724350e-05 -2.92653347e-05
246.899  3.12290962e-05 -1.39247748e-05
247.145  3.37111930e-05  6.77732057e-06
247.390  2.36773083e-05  2.51716444e-05
247.635  4.75818922e-06  3.43841009e-05
247.880 -1.60760291e-05  3.09133518e-05
248.125 -3.10960865e-05  1.59676489e-05
248.370 -3.46917541e-05 -4.96804193e-06
248.616 -2.54816600e-05 -2.41584174e-05
248.861 -6.83777997e-06 -3.44865424e-05
249.106  1.43610712e-05 -3.21127422e-05
249.351  3.02758336e-05 -1.79061909e-05
249.596  3.50269596e-05  2.88150956e-06
249.842  2.68795530e-05  2.25624174e-05
250.087  8.87397968e-06  3.38739379e-05
250.332 -1.23086552e-05  3.26781175e-05
250.577 -2.88381104e-05  1.94781259e-05
250.822 -3.46514691e-05 -7.85851815e-07
251.067 -2.76848114e-05 -2.05898668e-05
251.313 -1.06127744e-05 -3.26406317e-05
251.558  1.01729758e-05 -3.25730451e-05
251.803  2.69725325e-05 -2.05408441e-05
252.048  3.36434276e-05 -1.12381855e-06
252.293  2.78567354e-05  1.84226009e-05
252.539  1.19245361e-05  3.08907488e-05
252.784 -8.11841850e-06  3.17873806e-05
253.029 -2.48088991e-05  2.09713679e-05
253.274 -3.20396754e-05  2.64443834e-06
253.519 -2.73120522e-05 -1.62824775e-05
253.765 -1.26106942e-05 -2.87957211e-05
254.010  6.41788339e-06 -3.03912162e-05
254.255  2.26283400e-05 -2.07135869e-05
254.500  3.00653352e-05 -3.60521741e-06
254.745  2.61703844e-05  1.44063233e-05
254.990  1.26649866e-05  2.65951011e-05
255.236 -5.18247563e-06  2.85640287e-05
255.481 -2.05979623e-05  1.98399895e-05
255.726 -2.78811509e-05  3.96203769e-06
255.971 -2.45233728e-05 -1.29295371e-05
256.216 -1.20730475e-05 -2.44658266e-05
256.462  4.53452751e-06 -2.64582758e-05
256.707  1.89199040e-05 -1.84220980e-05
256.952  2.57121911e-05 -3.67712898e-06
257.197  2.25538455e-05  1.19978325e-05
257.442  1.09261768e-05  2.26248313e-05
257.687 -4.50021894e-06  2.43010617e-05
257.933 -1.77288037e-05  1.66368444e-05
258.178 -2.37571324e-05  2.82917861e-06
258.423 -2.04657351e-05 -1.16513026e-05
258.668 -9.37357938e-06 -2.12122353e-05
258.913  5.03046818e-06 -2.22875624e-05
259.159  1.70858007e-05 -1.46752921e-05
259.404  2.21649116e-05 -1.54484241e-06
259.649  1.84493260e-05  1.18635575e-05
259.894  7.58407556e-06  2.03055418e-05
260.139 -6.03168090e-06  2.05739793e-05
260.384 -1.70006327e-05  1.27190026e-05
260.630 -2.10489076e-05 -3.00942667e-08
260.875 -1.66876771e-05 -1.25714987e-05
261.120 -5.75357189e-06 -1.99499984e-05
261.365  7.35171373e-06 -1.93059672e-05
261.610  1.74110264e-05 -1.09728286e-05
261.856  2.04565709e-05  1.68634702e-06
262.101  1.53208674e-05  1.36184362e-05
262.346  4.07336867e-06  2.00848318e-05
262.591 -8.80381124e-06  1.85287666e-05
262.836 -1.81919765e-05  9.56824648e-06
263.081 -2.03588521e-05 -3.24922220e-06
263.327 -1.44207288e-05 -1.48454775e-05
263.572 -2.69397152e-06 -2.06174258e-05
263.817  1.02080342e-05 -1.82435821e-05
264.062  1.91904794e-05 -8.60237523e-06
264.307  2.06736986e-05  4.55607420e-06
264.553  1.40014159e-05  1.60758115e-05
264.798  1.71952446e-06  2.14084284e-05
265.043 -1.14069023e-05  1.83916448e-05
265.288 -2.02448441e-05  8.11583568e-06
265.533 -2.12876209e-05 -5.48186590e-06
265.778 -1.40376234e-05 -1.71368504e-05
266.024 -1.22249603e-06 -2.22887959e-05
266.269  1.22472232e-05 -1.88603594e-05
266.514  2.11602387e-05 -8.08435962e-06
266.759  2.20186873e-05  5.95647648e-06
267.004  1.44071429e-05  1.78830966e-05
267.250  1.16743733e-06  2.30823467e-05
267.495 -1.26734727e-05  1.94942519e-05
267.740 -2.18164340e-05  8.41454418e-06
267.985 -2.27275288e-05 -5.98581249e-06
268.230 -1.49983518e-05 -1.82365985e-05
268.475 -1.51136511e-06 -2.36586046e-05
268.721  1.26409931e-05 -2.01536143e-05
268.966  2.20925352e-05 -9.00568290e-06
269.211  2.32482527e-05  5.59383153e-06
269.456  1.56462580e-05  1.81338509e-05
269.701  2.13894761e-06  2.38793214e-05
269.947 -1.21850314e-05  2.06593601e-05
270.192 -2.19353718e-05  9.68719356e-06
270.437 -2.34540810e-05 -4.89943762e-06
270.682 -1.61899303e-05 -1.76151179e-05
270.927 -2.90141899e-06 -2.36993306e-05
271.173  1.14030945e-05 -2.09027310e-05
271.418  2.13651416e-05 -1.03266407e-05
271.663  2.32886012e-05  4.01597190e-06
271.908  1.65223830e-05  1.67352669e-05
272.153  3.67924179e-06  2.30952225e-05
272.398 -1.03824657e-05  2.07896470e-05
272.644 -2.04006816e-05  1.07853086e-05
272.889 -2.26900197e-05 -3.08526604e-06
273.134 -1.65099604e-05 -1.55937371e-05
273.379 -4.29662301e-06 -2.20943685e-05
273.624  9.29563341e-06 -2.02647851e-05
273.870  1.91703138e-05 -1.09365539e-05
274.115  2.17147755e-05  2.26977205e-06
274.360  1.61278613e-05  1.43459188e-05
274.605  4.66565852e-06  2.08068459e-05
274.850 -8.25800349e-06  1.93655157e-05
275.095 -1.77767478e-05  1.07428344e-05
275.341 -2.04138764e-05 -1.66041204e-06
275.586 -1.53542412e-05 -1.31020404e-05
275.831 -4.69560660e-06 -1.93195471e-05
276.076  7.40758286e-06 -1.81198547e-05
276.321  1.63671552e-05 -1.01592331e-05
276.567  1.89006488e-05  1.36999755e-06
276.812  1.42392642e-05  1.20167901e-05
277.057  4.36072843e-06  1.77871771e-05
277.302 -6.83755259e-06  1.66439728e-05
277.547 -1.50701695e-05  9.23549358e-06
277.792 -1.72996346e-05 -1.42606071e-06
278.038 -1.28664470e-05 -1.11794161e-05
278.283 -3.67594206e-06 -1.63284948e-05
278.528  6.60524338e-06 -1.50481359e-05
278.773  1.39968767e-05 -8.03518737e-06
279.018  1.57444168e-05  1.83323528e-06
279.264  1.13510163e-05  1.06611958e-05
279.509  2.70355031e-06  1.50629510e-05
279.754 -6.71641707e-06  1.34645708e-05
279.999 -1.32187417e-05  6.66274451e-06
280.244 -1.43490276e-05 -2.54340330e-06
280.489 -9.81098580e-06 -1.04843228e-05
280.735 -1.52944129e-06 -1.40766500e-05
280.980  7.14481345e-06 -1.20143581e-05
281.225  1.27807579e-05 -5.23792225e-06
281.470  1.32163079e-05  3.47340529e-06
281.715  8.37816667e-06  1.06293792e-05
281.961  2.78933685e-07  1.34185788e-05
282.206 -7.80827568e-06  1.07993291e-05
282.451 -1.26651090e-05  3.88723657e-06
282.696 -1.23931901e-05 -4.51035493e-06
282.941 -7.14885281e-06 -1.10298306e-05
283.186  9.34574328e-07 -1.30840876e-05
283.432  8.61370699e-06 -9.87661795e-06
283.677  1.28260313e-05 -2.70944978e-06
283.922  1.18959773e-05  5.54863259e-06
284.167  6.19697214e-06  1.16062023e-05
284.412 -2.00499846e-06  1.30462961e-05
284.658 -9.45526400e-06  9.28391997e-06
284.903 -1.31907375e-05  1.79562072e-06
285.148 -1.17108880e-05 -6.46903748e-06
285.393 -5.57298821e-06 -1.22435511e-05
285.638  2.83044730e-06 -1.32290178e-05
285.883  1.02047209e-05 -9.00419592e-06
286.129  1.36403115e-05 -1.18995304e-06
286.374  1.17591449e-05  7.17864733e-06
286.619  5.25427704e-06  1.28294606e-05
286.864 -3.37516076e-06  1.35347609e-05
287.109 -1.07850168e-05  8.98078982e-06
287.355 -1.40873635e-05  8.92462593e-07
287.600 -1.19732336e-05 -7.62289355e-06
287.845 -5.21903024e-06 -1.32765417e-05
288.090  3.60239820e-06 -1.38718834e-05
288.335  1.11093543e-05 -9.14848487e-06
288.581  1.44163510e-05 -8.89594742e-07
288.826  1.22382252e-05  7.75721661e-06
289.071  5.38546021e-06  1.34916897e-05
289.316 -3.54079034e-06  1.41204957e-05
289.561 -1.11490288e-05  9.39344996e-06
289.806 -1.45507061e-05  1.10258306e-06
290.052 -1.24558032e-05 -7.60870980e-06
290.297 -5.66502389e-06 -1.34458520e-05
290.542  3.24414075e-06 -1.42096323e-05
290.787  1.09061922e-05 -9.63035965e-06
291.032  1.44409381e-05 -1.45966657e-06
291.278  1.25432233e-05  7.21000655e-06
291.523  5.96707073e-06  1.31187186e-05
291.768 -2.78192887e-06  1.40719217e-05
292.013 -1.04043375e-05  9.76259992e-06
292.258 -1.40568354e-05  1.86179746e-06
292.503 -1.24232066e-05 -6.63172335e-06
292.749 -6.18622889e-06 -1.25327293e-05
292.994  2.25710594e-06 -1.36756314e-05
293.239  9.71647900e-06 -9.71130294e-06
293.484  1.34242553e-05 -2.20663876e-06
293.729  1.20681442e-05  5.97043797e-06
293.975  6.25337635e-06  1.17543025e-05
294.220 -1.75557069e-06  1.30390894e-05
294.465 -8.91914521e-06  9.44492888e-06
294.710 -1.25849396e-05  2.42826423e-06
294.955 -1.14703994e-05 -5.30387456e-06
295.200 -6.11511990e-06 -1.08453045e-05
295.446  1.36169052e-06 -1.21840627e-05
295.691  8.10315126e-06 -8.93648348e-06
295.936  1.16070307e-05 -2.45509269e-06
296.181  1.06562654e-05  4.73165192e-06
296.426  5.74859174e-06  9.90521481e-06
296.672 -1.14237987e-06  1.11841686e-05
296.917 -7.35805363e-06  8.21648685e-06
297.162 -1.05759503e-05  2.26718404e-06
297.407 -9.68371369e-06 -4.31389655e-06
297.652 -5.16624157e-06 -9.01213023e-06
297.897  1.13337431e-06 -1.01111556e-05
298.143  6.75448223e-06 -7.32557371e-06
298.388  9.57692183e-06 -1.85940731e-06
298.633  8.62629147e-06  4.09946378e-06
298.878  4.40656311e-06  8.24630480e-06
299.123 -1.34047261e-06  9.05417641e-06
299.369 -6.34042051e-06  6.33451030e-06
299.614 -8.68576943e-06  1.26574941e-06
299.859 -7.56191157e-06 -4.09947052e-06
300.104 -3.52584095e-06 -7.66052536e-06
300.349  1.74596877e-06 -8.08856691e-06
300.594  6.14485433e-06 -5.31701323e-06
300.840  7.96950836e-06 -5.36309435e-07
301.085  6.57602662e-06  4.30535903e-06
301.330  2.60566533e-06  7.29122618e-06
301.575 -2.29594631e-06  7.28475738e-06
301.820 -6.15605735e-06  4.35969848e-06
302.066 -7.45814963e-06 -2.50636973e-07
302.311 -5.73061940e-06 -4.66936431e-06
302.556 -1.71978326e-06 -7.13080548e-06
302.801  2.93000788e-06 -6.67519263e-06
303.046  6.34439521e-06 -3.52299093e-06
303.291  7.16203865e-06  1.02980355e-06
303.537  5.07425020e-06  5.14291992e-06
303.782  9.38293661e-07  7.16400644e-06
304.027 -3.57793724e-06  6.28675588e-06
304.272 -6.66011303e-06  2.86898445e-06
304.517 -7.06953338e-06 -1.72072665e-06
304.763 -4.63760404e-06 -5.64740224e-06
305.008 -3.25488151e-07 -7.33678517e-06
305.253  4.15728030e-06 -6.10430031e-06
305.498  7.02548803e-06 -2.42250802e-06
305.743  7.12875706e-06  2.26601634e-06
305.989  4.40490492e-06  6.11103901e-06
306.234 -9.64071863e-08  7.58625457e-06
306.479 -4.61769196e-06  6.09068252e-06
306.724 -7.38272765e-06  2.18258513e-06
306.969 -7.29427650e-06 -2.63040947e-06
307.214 -4.35965919e-06 -6.47648842e-06
307.460  3.05164109e-07 -7.85180966e-06
307.705  4.90324376e-06 -6.20142246e-06
307.950  7.65630228e-06 -2.13839620e-06
308.195  7.48922438e-06  2.78594872e-06
308.440  4.44541498e-06  6.68344638e-06
308.686 -3.22638435e-07  8.05401039e-06
308.931 -4.99861616e-06  6.35927822e-06
309.176 -7.79899069e-06  2.23496301e-06
309.421 -7.65081560e-06 -2.75458767e-06
309.666 -4.60534330e-06 -6.71725638e-06
309.911  1.83405656e-07 -8.14969986e-06
310.157  4.90479134e-06 -6.51117267e-06
310.402  7.77675737e-06 -2.42760911e-06
310.647  7.72215362e-06  2.55601682e-06
310.892  4.77641594e-06  6.56216573e-06
311.137  6.18893087e-08  8.09119026e-06
311.383 -4.64262607e-06  6.58933448e-06
311.628 -7.57486110e-06  2.64520944e-06
311.873 -7.65742920e-06 -2.24384171e-06
312.118 -4.89318225e-06 -6.24034169e-06
312.363 -3.48156296e-07 -7.86548198e-06
312.608  4.25783225e-06 -6.54926259e-06
312.854  7.20859230e-06 -2.82668342e-06
313.099  7.43672706e-06  1.87571642e-06
313.344  4.90735138e-06  5.79023539e-06
313.589  6.15569658e-07  7.47982164e-06
313.834 -3.80472824e-06  6.36459293e-06
314.080 -6.71025175e-06  2.92249427e-06
314.325 -7.05947748e-06 -1.50951305e-06
314.570 -4.78773135e-06 -5.26046406e-06
314.815 -8.12125275e-07 -6.95660547e-06
315.060  3.34091951e-06 -6.02533834e-06
315.305  6.12333499e-06 -2.89322838e-06
315.551  6.54179845e-06  1.20423498e-06
315.796  4.51860749e-06  4.71107543e-06
316.041  8.92706456e-07  6.33927692e-06
316.286 -2.92733494e-06  5.54743930e-06
316.531 -5.50626706e-06  2.72183472e-06
316.777 -5.92469838e-06 -1.00406600e-06
317.022 -4.11143014e-06 -4.19823081e-06
317.267 -8.36296686e-07 -5.68033102e-06
317.512  2.60844929e-06 -4.96363975e-06
317.757  4.91387473e-06 -2.41048903e-06
318.002  5.25673977e-06  9.36092998e-07
318.248  3.59217036e-06  3.77026500e-06
318.493  6.39901607e-07  5.03555968e-06
318.738 -2.41473519e-06  4.31871224e-06
318.983 -4.39583967e-06  1.98037233e-06
319.228 -4.58987018e-06 -1.00790214e-06
319.474 -2.99890278e-06 -3.46236953e-06
319.719 -3.17051222e-07 -4.45569942e-06
319.964  2.36334320e-06 -3.66254546e-06
320.209  3.99521195e-06 -1.46664460e-06
320.454  3.97977294e-06  1.21118896e-06
320.699  2.38586172e-06  3.29649681e-06
320.945 -9.49526595e-08  3.98552167e-06
321.190 -2.44460041e-06  3.05149306e-06
321.435 -3.72966737e-06  9.21776344e-07
321.680 -3.46535692e-06 -1.51289824e-06
321.925 -1.80096161e-06 -3.26558640e-06
322.171  5.56253969e-07 -3.64396864e-06
322.416  2.63852815e-06 -2.52384112e-06
322.661  3.60498562e-06 -3.88162378e-07
322.906  3.07824114e-06  1.88113672e-06
323.151  1.29117223e-06  3.35873034e-06
323.397 -1.01901442e-06  3.44790312e-06
323.642 -2.90935734e-06  2.12057183e-06
323.887 -3.60961694e-06 -8.04537221e-08
324.132 -2.83504309e-06 -2.26200536e-06
324.377 -8.95441420e-07 -3.53680623e-06
324.622  1.43143249e-06 -3.38359622e-06
324.868  3.20687148e-06 -1.85412615e-06
325.113  3.70978369e-06  4.49806284e-07
325.358  2.72534803e-06  2.61028466e-06
325.603  6.28216335e-07  3.75951134e-06
325.848 -1.75937779e-06  3.42701195e-06
326.094 -3.49094711e-06  1.72351467e-06
326.339 -3.87271222e-06 -6.96466106e-07
326.584 -2.73426709e-06 -2.88703750e-06
326.829 -5.00028480e-07 -3.98507225e-06
327.074  1.96936159e-06 -3.54567398e-06
327.319  3.71461722e-06 -1.71774860e-06
327.565  4.04919181e-06  8.05472744e-07
327.810  2.82472234e-06  3.05568607e-06
328.055  4.96384393e-07  4.16320534e-06
328.300 -2.05160825e-06  3.68910962e-06
328.545 -3.84669432e-06  1.80032192e-06
328.791 -4.19638545e-06 -7.92203211e-07
329.036 -2.95701522e-06 -3.10777990e-06
329.281 -5.91615904e-07 -4.26568663e-06
329.526  2.01028252e-06 -3.82172635e-06
329.771  3.86755149e-06 -1.94053394e-06
330.016  4.27856273e-06  6.71892895e-07
330.262  3.09050535e-06  3.03505358e-06
330.507  7.51700190e-07  4.26233236e-06
330.752 -1.86061792e-06  3.89935879e-06
330.997 -3.76883395e-06  2.09038624e-06
331.242 -4.26685309e-06 -4.82502914e-07
331.488 -3.18242852e-06 -2.85525472e-06
331.733 -9.32667102e-07 -4.14828869e-06
331.978  1.63442155e-06 -3.89622497e-06
332.223  3.56298088e-06 -2.21201710e-06
332.468  4.15077179e-06  2.60259684e-07
332.713  3.20262094e-06  2.59264299e-06
332.959  1.09593868e-06  3.92795822e-06
333.204 -1.36747681e-06  3.79400082e-06
333.449 -3.27252233e-06  2.27104296e-06
333.694 -3.93135597e-06 -4.57976872e-08
333.939 -3.13155298e-06 -2.28326351e-06
334.185 -1.20794984e-06 -3.62093496e-06
334.430  1.09832685e-06 -3.59099265e-06
334.675  2.92786860e-06 -2.24654321e-06
334.920  3.62132854e-06 -1.26226855e-07
335.165  2.96151185e-06  1.96373939e-06
335.410  1.24136550e-06  3.25348477e-06
335.656 -8.65873673e-07  3.29617346e-06
335.901 -2.56693596e-06  2.12615886e-06
336.146 -3.24803570e-06  2.24821935e-07
336.391 -2.70128281e-06 -1.67350795e-06
336.636 -1.18327767e-06 -2.86337432e-06
336.882  6.98900345e-07 -2.93548685e-06
337.127  2.22586304e-06 -1.91584958e-06
337.372  2.84484293e-06 -2.36431591e-07
337.617  2.37006370e-06  1.44035944e-06
337.862  1.03396050e-06  2.48457169e-06
338.107 -6.14919273e-07  2.53677449e-06
338.353 -1.93551743e-06  1.62843640e-06
338.598 -2.44517613e-06  1.55750108e-07
338.843 -1.99263241e-06 -1.28775879e-06
339.088 -8.02903666e-07 -2.15152797e-06
339.333  6.24200553e-07 -2.13422419e-06
339.579  1.72380192e-06 -1.28909929e-06
339.824  2.08556811e-06  9.01988867e-09
340.069  1.60519789e-06  1.22779327e-06
340.314  5.16246210e-07  1.89166605e-06
340.559 -7.18649965e-07  1.76335410e-06
340.805 -1.60063691e-06  9.32043741e-07
341.050 -1.78988215e-06 -2.35855839e-07
341.295 -1.23845766e-06 -1.25530385e-06
341.540 -2.00027625e-07 -1.71646072e-06
341.785  8.85157671e-07 -1.44882527e-06
342.030  1.56933678e-06 -5.85252898e-07
342.276  1.57867081e-06  5.03621099e-07
342.521  9.23846491e-07  1.36245429e-06
342.766 -1.13492556e-07  1.63629056e-06
343.011 -1.09873245e-06  1.21765232e-06
343.256 -1.62024375e-06  2.84486820e-07
343.502 -1.46116624e-06 -7.75797294e-07
343.747 -6.85415495e-07 -1.52148617e-06
343.992  3.91541553e-07 -1.64007286e-06
344.237  1.32675753e-06 -1.07593864e-06
344.482  1.73140961e-06 -5.01168418e-08
344.727  1.43087503e-06  1.02408314e-06
344.973  5.32863954e-07  1.70704219e-06
345.218 -6.10786253e-07  1.71329893e-06
345.463 -1.54134022e-06  1.02411172e-06
345.708 -1.87974964e-06 -1.00844596e-07
345.953 -1.47605105e-06 -1.22042490e-06
346.199 -4.71285203e-07 -1.88899418e-06
346.444  7.50236343e-07 -1.83139542e-06
346.689  1.71235863e-06 -1.05142448e-06
346.934  2.03313605e-06  1.61457979e-07
347.179  1.57192025e-06  1.34336810e-06
347.424  4.91131565e-07  2.03643825e-06
347.670 -8.03165358e-07  1.96247006e-06
347.915 -1.81870380e-06  1.13520507e-06
348.160 -2.16181790e-06 -1.40236470e-07
348.405 -1.69046321e-06 -1.38562894e-06
348.650 -5.73772130e-07 -2.12812509e-06
348.896  7.74104259e-07 -2.07972300e-06
349.141  1.84842140e-06 -1.25181779e-06
349.386  2.24218615e-06  5.09371613e-08
349.631  1.80442272e-06  1.34502468e-06
349.876  6.95611408e-07  2.14628598e-06
350.121 -6.74473972e-07  2.15551147e-06
350.367 -1.79658837e-06  1.37013326e-06
350.612 -2.25523941e-06  8.10687750e-08
350.857 -1.88480533e-06 -1.23333433e-06
351.102 -8.25704128e-07 -2.08749077e-06
351.347  5.27332000e-07 -2.17207653e-06
351.593  1.67331299e-06 -1.46318095e-06
351.838  2.19565523e-06 -2.29354544e-07
352.083  1.91199373e-06  1.06912877e-06
352.328  9.37803737e-07  1.95723262e-06
352.573 -3.57601067e-07  2.11882160e-06
352.818 -1.49542486e-06  1.50836507e-06
353.064 -2.06570976e-06  3.66275102e-07
353.309 -1.87351398e-06 -8.78246934e-07
353.554 -1.00927185e-06 -1.77100486e-06
353.799  1.92568592e-07 -1.99655688e-06
354.044  1.28599021e-06 -1.49318646e-06
354.290  1.87671382e-06 -4.69069592e-07
354.535  1.76688649e-06  6.86307920e-07
354.780  1.02379061e-06  1.54811644e-06
355.025 -5.79731631e-08  1.81333528e-06
355.270 -1.07126688e-06  1.41131429e-06
355.515 -1.64871473e-06  5.17533131e-07
355.761 -1.60045284e-06 -5.20604942e-07
356.006 -9.74528575e-07 -1.31595231e-06
356.251 -2.75045700e-08 -1.59004440e-06
356.496  8.76026941e-07 -1.27052156e-06
356.741  1.40637781e-06 -5.05658406e-07
356.987  1.39048077e-06  3.97519165e-07
357.232  8.65024228e-07  1.09675940e-06
357.477  5.51877046e-08  1.34656050e-06
357.722 -7.19211612e-07  1.08131467e-06
357.967 -1.17236066e-06  4.32239218e-07
358.213 -1.15513073e-06 -3.30917951e-07
358.458 -7.04317755e-07 -9.13492419e-07
358.703 -2.13782097e-08 -1.10717013e-06
358.948  6.17359996e-07 -8.63450766e-07
359.193  9.70321345e-07 -3.07022445e-07
359.438  9.19387481e-07  3.24772018e-07
359.684  5.12617893e-07  7.81261790e-07
359.929 -6.49376675e-08  8.93644486e-07
360.174 -5.73654509e-07  6.40003427e-07
360.419 -8.13305130e-07  1.46635215e-07
360.664 -7.02674497e-07 -3.72983269e-07
360.910 -3.08303819e-07 -7.04676929e-07
361.155  1.92668789e-07 -7.20332290e-07
361.400  5.86746891e-07 -4.29417851e-07
361.645  7.11351743e-07  3.34861865e-08
361.890  5.23600796e-07  4.67251806e-07
362.135  1.11984302e-07  6.86441091e-07
362.381 -3.44114405e-07  6.01452879e-07
362.626 -6.47116874e-07  2.52685434e-07
362.871 -6.66827210e-07 -2.10204042e-07
363.116 -3.94417789e-07 -5.87828199e-07
363.361  5.75467159e-08 -7.16264603e-07
363.607  4.98506554e-07 -5.37207219e-07
363.852  7.39115240e-07 -1.19082236e-07
364.097  6.72867154e-07  3.67807100e-07
364.342  3.17692026e-07  7.19193969e-07
364.587 -1.88547999e-07  7.84235498e-07
364.832 -6.39825545e-07  5.25696660e-07
365.078 -8.48493477e-07  3.67857431e-08
365.323 -7.20585962e-07 -4.90347346e-07
365.568 -2.93805490e-07 -8.43167023e-07
365.813  2.70710737e-07 -8.73968743e-07
366.058  7.51821138e-07 -5.57282972e-07
366.304  9.56704835e-07 -6.35559290e-09
366.549  7.94123559e-07  5.68764997e-07
366.794  3.15099450e-07  9.44698219e-07
367.039 -3.02646527e-07  9.68407821e-07
367.284 -8.24954507e-07  6.19331937e-07
367.529 -1.04822936e-06  2.26876004e-08
367.775 -8.78020489e-07 -5.99820778e-07
368.020 -3.70825330e-07 -1.01216615e-06
368.265  2.88144386e-07 -1.05204125e-06
368.510  8.53892073e-07 -6.97675747e-07
368.755  1.11075668e-06 -7.61101033e-08
369.001  9.57813738e-07  5.84895141e-07
369.246  4.47775943e-07  1.03813109e-06
369.491 -2.34491926e-07  1.11215246e-06
369.736 -8.36949361e-07  7.77326806e-07
369.981 -1.13525973e-06  1.53996087e-07
370.226 -1.01915173e-06 -5.29283182e-07
370.472 -5.29967325e-07 -1.01999455e-06
370.717  1.53396222e-07 -1.13888048e-06
370.962  7.78969264e-07 -8.43172387e-07
371.207  1.11886487e-06 -2.41655597e-07
371.452  1.05138109e-06  4.43217060e-07
371.698  6.03307496e-07  9.61429886e-07
371.943 -5.77373415e-08  1.12725384e-06
372.188 -6.88748077e-07  8.83812112e-07
372.433 -1.06262620e-06  3.25632172e-07
372.678 -1.04754111e-06 -3.39155146e-07
372.923 -6.56115769e-07 -8.69390467e-07
373.169 -3.87292698e-08 -1.07605062e-06
373.414  5.77619058e-07 -8.91471259e-07
373.659  9.70902848e-07 -3.93322741e-07
373.904  1.00467223e-06  2.30901190e-07
374.149  6.78562628e-07  7.53313912e-07
374.395  1.21338868e-07  9.88107514e-07
374.640 -4.59586084e-07  8.61442694e-07
374.885 -8.53381033e-07  4.32474333e-07
375.130 -9.25996751e-07 -1.33929686e-07
375.375 -6.65334674e-07 -6.27596495e-07
375.621 -1.78530772e-07 -8.73871624e-07
375.866  3.48411383e-07 -7.96502836e-07
376.111  7.23067989e-07 -4.38024170e-07
376.356  8.19161191e-07  5.81440447e-08
376.601  6.16172371e-07  5.04561798e-07
376.846  2.03539821e-07  7.43509431e-07
377.092 -2.55971185e-07  7.00250084e-07
377.337 -5.93293211e-07  4.06547792e-07
377.582 -6.93518957e-07 -1.39355969e-08
377.827 -5.34227278e-07 -3.99582677e-07
378.072 -1.91958024e-07 -6.12007207e-07
378.318  1.94397780e-07 -5.83756094e-07
378.563  4.79730122e-07 -3.42674301e-07
378.808  5.64244177e-07  5.47691397e-09
379.053  4.31034912e-07  3.23529262e-07
379.298  1.47583416e-07  4.93286899e-07
379.543 -1.68038710e-07  4.60975016e-07
379.789 -3.92405468e-07  2.55403262e-07
380.034 -4.44843382e-07 -3.15352630e-08
380.279 -3.18744484e-07 -2.82149910e-07
380.524 -7.65812811e-08 -3.99214726e-07
380.769  1.77756386e-07 -3.46212783e-07
381.015  3.39931310e-07 -1.55984819e-07
381.260  3.49966920e-07  8.65661069e-08
381.505  2.12825305e-07  2.77846126e-07
381.750 -8.43314691e-09  3.40849029e-07
381.995 -2.17135912e-07  2.55381955e-07
382.240 -3.25194593e-07  6.13467968e-08
382.486 -2.90294594e-07 -1.56349713e-07
382.731 -1.28680745e-07 -3.04018372e-07
382.976  9.05372746e-08 -3.20364604e-07
383.221  2.73421958e-07 -1.97884291e-07
383.466  3.43178715e-07  1.37496999e-08
383.712  2.68891508e-07  2.25984884e-07
383.957  7.74436066e-08  3.50834310e-07
384.202 -1.54130391e-07  3.35158673e-07
384.447 -3.32274422e-07  1.80298814e-07
384.692 -3.84314151e-07 -5.46865635e-08
384.937 -2.84576716e-07 -2.77820231e-07
385.183 -6.80079269e-08 -4.01683193e-07
385.428  1.83384048e-07 -3.74258108e-07
385.673  3.74593979e-07 -2.01601286e-07
385.918  4.30819381e-07  5.30276816e-08
386.163  3.27015698e-07  2.96266273e-07
386.409  9.98562485e-08  4.37311220e-07
386.654 -1.69290120e-07  4.21415345e-07
386.899 -3.83313729e-07  2.53323249e-07
387.144 -4.63314690e-07 -7.55566898e-09
387.389 -3.80671170e-07 -2.69355570e-07
387.634 -1.65051848e-07 -4.38500988e-07
387.880  1.08632575e-07 -4.56345853e-07
388.125  3.44437409e-07 -3.18922045e-07
388.370  4.61839491e-07 -7.43641864e-08
388.615  4.24396502e-07  1.92275774e-07
388.860  2.47523267e-07  3.90572559e-07
389.106 -6.49470958e-09  4.58114042e-07
389.351 -2.51224774e-07  3.76980814e-07
389.596 -4.09325783e-07  1.78556354e-07
389.841 -4.34767089e-07 -6.79995187e-08
390.086 -3.25458688e-07 -2.84136290e-07
390.331 -1.23289389e-07 -4.06097057e-07
390.577  1.05760151e-07 -4.02137862e-07
390.822  2.93902738e-07 -2.82376589e-07
391.067  3.89477500e-07 -8.92623418e-08
391.312  3.73046546e-07  1.19650417e-07
391.557  2.57896875e-07  2.86628088e-07
391.803  7.96366348e-08  3.71444704e-07
392.048 -1.12996304e-07  3.59468433e-07
392.293 -2.72659461e-07  2.58022464e-07
392.538 -3.65038684e-07  9.39757918e-08
392.783 -3.70071501e-07 -9.38709011e-08
393.029 -2.85320407e-07 -2.65268045e-07
393.274 -1.27056991e-07 -3.81276870e-07
393.519  7.48697566e-08 -4.10457361e-07
393.764  2.77394454e-07 -3.37880840e-07
394.009  4.28864112e-07 -1.67922291e-07
394.254  4.82594112e-07  7.02184531e-08
394.500  4.07681643e-07  3.20785342e-07
394.745  2.02359596e-07  5.14116970e-07
394.990 -9.39100745e-08  5.82765394e-07
395.235 -4.05779702e-07  4.82253260e-07
395.480 -6.38221287e-07  2.15505587e-07
395.726 -7.01498221e-07 -1.59316733e-07
395.971 -5.46939799e-07 -5.38349984e-07
396.216 -1.91707473e-07 -7.95510998e-07
396.461  2.77245240e-07 -8.25234930e-07
396.706  7.17854828e-07 -5.84480190e-07
396.951  9.75181954e-07 -1.15337278e-07
397.197  9.36744462e-07  4.53385079e-07
397.442  5.75644963e-07  9.38383731e-07
397.687 -2.57184640e-08  1.16244343e-06
397.932 -6.88005752e-07  1.01552354e-06
398.177 -1.18948617e-06  5.03109412e-07
398.423 -1.33774690e-06 -2.38122343e-07
398.668 -1.04054844e-06 -9.76151637e-07
398.913 -3.53877994e-07 -1.45446515e-06
399.158  5.23524807e-07 -1.47807665e-06
399.403  1.30616006e-06 -9.92914617e-07
399.648  1.71085700e-06 -1.18816939e-07
