0.242  6.04854202e-03 -9.57994943e-04
0.484  3.47707876e-03  8.98096334e-04
0.725  1.84364053e-03  1.72155766e-03
0.967  5.42209417e-04  1.86224994e-03
1.209 -4.56913169e-04  1.48172595e-03
1.451 -1.00402290e-03  8.28494090e-04
1.692 -1.10019272e-03  1.25476004e-04
1.934 -8.61640340e-04 -4.68652052e-04
2.176 -3.96931813e-04 -7.78371287e-04
2.418  1.15296988e-04 -7.72653091e-04
2.660  4.81704188e-04 -5.04569709e-04
2.901  6.45781424e-04 -1.11655691e-04
3.143  5.43662893e-04  2.77430063e-04
3.385  2.65710228e-04  4.95147440e-04
3.627 -5.29606291e-05  5.05896449e-04
3.868 -3.16449347e-04  3.41312795e-04
4.110 -4.34606175e-04  7.31897558e-05
4.352 -3.77570881e-04 -1.82401961e-04
4.594 -1.94537590e-04 -3.47174035e-04
4.836  4.07325725e-05 -3.72962983e-04
5.077  2.35426301e-04 -2.75014665e-04
5.319  3.27249769e-04 -8.05061314e-05
5.561  2.96251495e-04  1.27154280e-04
5.803  1.57151879e-04  2.73289059e-04
6.044 -3.41266512e-05  3.01506318e-04
6.286 -1.93770030e-04  2.13013340e-04
6.528 -2.65839626e-04  5.74696733e-05
6.770 -2.37448474e-04 -1.03300380e-04
7.012 -1.25493206e-04 -2.10047416e-04
7.253  2.05755103e-05 -2.33293947e-04
7.495  1.50242589e-04 -1.70931726e-04
7.737  2.13932242e-04 -4.90091604e-05
7.979  1.97966891e-04  8.40513200e-05
8.220  1.06050775e-04  1.78837323e-04
8.462 -2.18212295e-05  1.99046625e-04
8.704 -1.35719236e-04  1.41968096e-04
8.946 -1.90065313e-04  3.28639949e-05
9.188 -1.67719461e-04 -8.26807136e-05
9.429 -8.68558365e-05 -1.61617451e-04
9.671  2.07495355e-05 -1.76162623e-04
9.913  1.12491068e-04 -1.25201672e-04
10.155  1.57954203e-04 -3.22914161e-05
10.396  1.41795957e-04  6.75114836e-05
10.638  7.24733947e-05  1.37212715e-04
10.880 -2.00369832e-05  1.53533152e-04
11.122 -1.01697647e-04  1.13921702e-04
11.364 -1.41912068e-04  3.40806718e-05
11.605 -1.24887719e-04 -5.42629236e-05
11.847 -5.89939654e-05 -1.16999635e-04
12.089  2.71110890e-05 -1.30745850e-04
12.331  9.91856036e-05 -9.28584946e-05
12.572  1.29700731e-04 -1.98492321e-05
12.814  1.09307190e-04  5.90703250e-05
13.056  4.84514187e-05  1.13609760e-04
13.298 -2.96239608e-05  1.24619243e-04
13.540 -9.64359681e-05  9.02519054e-05
13.781 -1.28506278e-04  2.44235157e-05
14.023 -1.14707079e-04 -4.74022217e-05
14.265 -6.04579382e-05 -9.57503773e-05
14.507  1.23608259e-05 -1.02337892e-04
14.748  7.49407467e-05 -6.68054336e-05
14.990  1.04961021e-04 -5.11110367e-06
15.232  9.39346102e-05  5.69722359e-05
15.474  4.89069679e-05  9.56419980e-05
15.716 -1.01926952e-05  9.77111723e-05
15.957 -5.99517346e-05  6.43673624e-05
16.199 -8.21763672e-05  9.24215121e-06
16.441 -6.95136470e-05 -4.65053861e-05
16.683 -2.77751049e-05 -8.24826241e-05
16.924  2.65432026e-05 -8.53531800e-05
17.166  7.21535923e-05 -5.45128304e-05
17.408  9.12364335e-05 -2.86604799e-06
17.650  7.69238685e-05  4.88901870e-05
17.892  3.62550236e-05  8.06611237e-05
18.133 -1.40114283e-05  8.10209644e-05
18.375 -5.42495260e-05  5.13704284e-05
18.617 -6.92584875e-05  4.38402049e-06
18.859 -5.46947526e-05 -4.16932023e-05
19.100 -1.74987726e-05 -6.99278255e-05
19.342  2.76316222e-05 -7.10832038e-05
19.584  6.35370615e-05 -4.63409295e-05
19.826  7.71098965e-05 -5.81595099e-06
20.068  6.38020897e-05  3.47691852e-05
20.309  2.90113555e-05  5.97613024e-05
20.551 -1.34146484e-05  5.99818700e-05
20.793 -4.65876468e-05  3.59988618e-05
21.035 -5.81115198e-05 -2.12429214e-06
21.276 -4.45561512e-05 -3.88880537e-05
21.518 -1.23328032e-05 -6.01059252e-05
21.760  2.52747431e-05 -5.81971686e-05
22.002  5.37763215e-05 -3.45298230e-05
22.244  6.27569144e-05  1.44311114e-06
22.485  4.92392328e-05  3.59994137e-05
22.727  1.86563243e-05  5.64897696e-05
22.969 -1.71627998e-05  5.56750805e-05
23.211 -4.47463758e-05  3.45435932e-05
23.452 -5.38704633e-05  2.02027754e-06
23.694 -4.17927453e-05 -2.89757962e-05
23.936 -1.42370766e-05 -4.65082342e-05
24.178  1.74923962e-05 -4.42577565e-05
24.420  4.10265314e-05 -2.40204467e-05
24.661  4.75066221e-05  5.63466786e-06
24.903  3.51654950e-05  3.31784545e-05
25.145  9.35022425e-06  4.82471921e-05
25.387 -1.99657272e-05  4.55346581e-05
25.628 -4.16501640e-05  2.65489500e-05
25.870 -4.75714201e-05 -1.28372527e-06
26.112 -3.57247287e-05 -2.71448731e-05
26.354 -1.06932530e-05 -4.10523768e-05
26.596  1.78872500e-05 -3.80025236e-05
26.837  3.90612614e-05 -1.96719806e-05
27.079  4.52083620e-05  6.37562791e-06
27.321  3.46754188e-05  2.96923068e-05
27.563  1.21122962e-05  4.14163500e-05
27.804 -1.33926595e-05  3.74465302e-05
28.046 -3.21378271e-05  1.96100260e-05
28.288 -3.74593449e-05 -4.93713019e-06
28.530 -2.78548304e-05 -2.66830592e-05
28.772 -7.62449232e-06 -3.74800615e-05
29.013  1.48956857e-05 -3.33464695e-05
29.255  3.08332308e-05 -1.60928092e-05
29.497  3.39877492e-05  7.40318596e-06
29.739  2.32838150e-05  2.81796186e-05
29.980  3.25167968e-06  3.85558928e-05
30.222 -1.81673416e-05  3.49802232e-05
30.464 -3.27331997e-05  1.94637622e-05
30.706 -3.49609667e-05 -1.56559670e-06
30.948 -2.43725244e-05 -1.98821159e-05
31.189 -5.40226967e-06 -2.84141451e-05
31.431  1.45188575e-05 -2.40902801e-05
31.673  2.76371781e-05 -8.89134227e-06
31.915  2.89840000e-05  1.11993064e-05
32.156  1.83267895e-05  2.83572699e-05
32.398 -3.09186886e-08  3.60420381e-05
32.640 -1.88707363e-05  3.16872006e-05
32.882 -3.09158184e-05  1.73770741e-05
33.124 -3.18697975e-05 -1.05723722e-06
33.365 -2.17922799e-05 -1.63270962e-05
33.607 -4.85884879e-06 -2.27587919e-05
33.849  1.22054775e-05 -1.82725516e-05
34.091  2.29188340e-05 -4.93552583e-06
34.332  2.34489096e-05  1.17394198e-05
34.574  1.38166559e-05  2.50816203e-05
34.816 -1.99087621e-06  2.99042892e-05
35.058 -1.76497589e-05  2.42872695e-05
35.300 -2.71287374e-05  1.04054794e-05
35.541 -2.68321701e-05 -6.34957785e-06
35.783 -1.69997129e-05 -1.97125919e-05
36.025 -1.63446076e-06 -2.48441795e-05
36.267  1.33504721e-05 -2.01442083e-05
36.508  2.23923446e-05 -7.91622812e-06
36.750  2.22900398e-05  6.82037558e-06
36.992  1.35152797e-05  1.83279824e-05
37.234 -1.94205014e-07  2.21965360e-05
37.476 -1.34170740e-05  1.71319783e-05
37.717 -2.09666039e-05  5.32806980e-06
37.959 -1.99787442e-05 -8.58008686e-06
38.201 -1.10068226e-05 -1.91740470e-05
38.443  2.42991586e-06 -2.24198172e-05
38.684  1.51457659e-05 -1.73108496e-05
38.926  2.23148928e-05 -6.00352016e-06
39.168  2.14673898e-05  7.03985971e-06
39.410  1.32136357e-05  1.67569449e-05
39.652  9.01965700e-07  1.96074451e-05
39.893 -1.06122578e-05  1.47725499e-05
40.135 -1.69993117e-05  4.31265503e-06
40.377 -1.60501692e-05 -7.53219449e-06
40.619 -8.33643574e-06 -1.61144104e-05
40.860  2.92824091e-06 -1.82063093e-05
41.102  1.32359252e-05 -1.30558121e-05
41.344  1.86554442e-05 -2.74068705e-06
41.586  1.71835006e-05  8.67546030e-06
41.828  9.53273035e-06  1.68948766e-05
42.069 -1.14252042e-06  1.89117950e-05
42.311 -1.06892048e-05  1.41199216e-05
42.553 -1.55012855e-05  4.59176565e-06
42.795 -1.38239954e-05 -5.92651563e-06
43.036 -6.51700648e-06 -1.34650362e-05
43.278  3.43980939e-06 -1.52284397e-05
43.520  1.21747723e-05 -1.07600622e-05
43.762  1.62838305e-05 -2.01518619e-06
44.004  1.42343151e-05  7.53819228e-06
44.245  6.94019867e-06  1.41483668e-05
44.487 -2.76566441e-06  1.52914231e-05
44.729 -1.11471833e-05  1.06918549e-05
44.971 -1.50243365e-05  2.23270365e-06
45.212 -1.30992401e-05 -6.75999670e-06
45.454 -6.28213876e-06 -1.27863326e-05
45.696  2.70249666e-06 -1.36602677e-05
45.938  1.03075352e-05 -9.22633586e-06
46.180  1.36644795e-05 -1.32361488e-06
46.421  1.16237789e-05  6.84364396e-06
46.663  5.06561293e-06  1.20659637e-05
46.905 -3.35598226e-06  1.23873646e-05
47.147 -1.03245084e-05  7.71899729e-06
47.388 -1.32237152e-05 -5.78308276e-08
47.630 -1.10017558e-05 -7.85610788e-06
47.872 -4.60252855e-06 -1.27056921e-05
48.114  3.39392874e-06 -1.27805031e-05
48.356  9.92695853e-06 -8.08487994e-06
48.597  1.25621220e-05 -4.98977938e-07
48.839  1.03658948e-05  7.10386917e-06
49.081  4.33656473e-06  1.19471677e-05
49.323 -3.11647993e-06  1.23242185e-05
49.564 -9.15059577e-06  8.33760426e-06
49.806 -1.14823389e-05  1.76771558e-06
50.048 -9.34879094e-06 -4.72069174e-06
50.290 -3.76825963e-06 -8.51237715e-06
50.532  2.99633204e-06 -8.10906549e-06
50.773  8.24083230e-06 -3.73114815e-06
51.015  9.88678504e-06  2.92404601e-06
51.257  7.35339995e-06  9.30419215e-06
51.499  1.63459954e-06  1.29696185e-05
51.740 -5.09762818e-06  1.26327577e-05
51.982 -1.02799320e-05  8.53945564e-06
52.224 -1.20545059e-05  2.31454557e-06
52.466 -9.91911426e-06 -3.59371882e-06
52.708 -4.82134374e-06 -6.95943326e-06
52.949  1.13561344e-06 -6.63239207e-06
53.191  5.58559545e-06 -2.86206347e-06
53.433  6.86746238e-06  2.73967068e-06
53.675  4.54347163e-06  7.86497679e-06
53.916 -4.00874839e-07  1.04998408e-05
54.158 -5.94190791e-06  9.59428302e-06
54.400 -9.92576743e-06  5.46462430e-06
54.642 -1.08278239e-05 -2.92279571e-07
54.884 -8.30312027e-06 -5.54204216e-06
55.125 -3.38312448e-06 -8.40442531e-06
55.367  2.03458682e-06 -7.90460306e-06
55.609  5.94030432e-06 -4.41894381e-06
55.851  6.89951593e-06  5.55130613e-07
56.092  4.67571902e-06  5.04996917e-06
56.334  2.83279743e-07  7.29923783e-06
56.576 -4.51043717e-06  6.46951525e-06
56.818 -7.79315031e-06  2.98648498e-06
57.060 -8.26685676e-06 -1.75828396e-06
57.301 -5.79588437e-06 -5.90364598e-06
57.543 -1.33632681e-06 -7.82922979e-06
57.785  3.42465490e-06 -6.85979715e-06
58.027  6.67698779e-06 -3.42643478e-06
58.268  7.27444581e-06  1.13177392e-06
58.510  5.11201770e-06  5.02328490e-06
58.752  1.09707044e-06  6.78358494e-06
58.994 -3.13305834e-06  5.82474671e-06
59.236 -5.91145023e-06  2.57034667e-06
59.477 -6.21356551e-06 -1.64678089e-06
59.719 -3.94762334e-06 -5.13761202e-06
59.961 -2.78820209e-08 -6.57732638e-06
60.203  3.98369307e-06 -5.41994230e-06
60.444  6.57471509e-06 -2.11960381e-06
60.686  6.79114414e-06  2.01482218e-06
60.928  4.58127314e-06  5.42609454e-06
61.170  8.67155353e-07  6.86819059e-06
61.412 -2.90789404e-06  5.83264755e-06
61.653 -5.34025904e-06  2.80803578e-06
61.895 -5.53598167e-06 -9.82368329e-07
62.137 -3.51902074e-06 -4.09793545e-06
62.379 -1.81789230e-07 -5.35795660e-06
62.620  3.13940885e-06 -4.34597455e-06
62.862  5.11109425e-06 -1.56814125e-06
63.104  4.94451950e-06  1.84191798e-06
63.346  2.73616070e-06  4.51126847e-06
63.588 -6.69664317e-07  5.35514371e-06
63.829 -3.98439704e-06  4.05788880e-06
64.071 -5.94006451e-06  1.10730850e-06
64.313 -5.85287189e-06 -2.40611674e-06
64.555 -3.82459275e-06 -5.15706281e-06
64.796 -6.55696381e-07 -6.17070473e-06
65.038  2.40294872e-06 -5.17178502e-06
65.280  4.19482562e-06 -2.61632898e-06
65.522  4.11691940e-06  4.28514111e-07
65.764  2.26480641e-06  2.73634343e-06
66.005 -5.63427275e-07  3.44453120e-06
66.247 -3.18642227e-06  2.30251521e-06
66.489 -4.57156805e-06 -2.12223252e-07
66.731 -4.16581861e-06 -3.05815691e-06
66.972 -2.10231644e-06 -5.11741541e-06
67.214  8.05197561e-07 -5.58469405e-06
67.456  3.45729726e-06 -4.24269321e-06
67.698  4.88304141e-06 -1.60423073e-06
67.940  4.55673612e-06  1.35045309e-06
68.181  2.65871166e-06  3.57681370e-06
68.423 -3.42652076e-08  4.29899822e-06
68.665 -2.50599968e-06  3.35425735e-06
68.907 -3.82634218e-06  1.24417789e-06
69.148 -3.53720941e-06 -1.14048577e-06
69.390 -1.85071407e-06 -2.81439252e-06
69.632  5.19986262e-07 -3.08351676e-06
69.874  2.60899077e-06 -1.86246121e-06
70.116  3.55039141e-06  3.70833575e-07
70.357  2.97728054e-06  2.76055779e-06
70.599  1.10581873e-06  4.36265055e-06
70.841 -1.37692232e-06  4.57720516e-06
71.083 -3.52313393e-06  3.35184522e-06
71.324 -4.54562678e-06  1.14923936e-06
71.566 -4.12255526e-06 -1.17466696e-06
71.808 -2.44989498e-06 -2.73650282e-06
72.050 -2.09780108e-07 -2.99734866e-06
72.292  1.70513562e-06 -1.89452930e-06
72.533  2.59197920e-06  1.09895060e-07
72.775  2.14134694e-06  2.19459433e-06
73.017  5.55419101e-07  3.56601757e-06
73.259 -1.49732777e-06  3.71806278e-06
73.500 -3.21379743e-06  2.60213264e-06
73.742 -3.94993684e-06  6.93624481e-07
73.984 -3.42540354e-06 -1.25343769e-06
74.226 -1.88498494e-06 -2.51112102e-06
74.468  3.61002229e-08 -2.60157010e-06
74.709  1.59889724e-06 -1.52824761e-06
74.951  2.18695563e-06  2.38283711e-07
75.193  1.57642843e-06  2.00293010e-06
75.435  3.84099132e-08  3.06218405e-06
75.676 -1.83502629e-06  2.98469687e-06
75.918 -3.32332186e-06  1.81547291e-06
76.160 -3.83995479e-06 -1.00304817e-08
76.402 -3.21021243e-06 -1.82290698e-06
76.644 -1.68200487e-06 -2.94346692e-06
76.885  1.86469237e-07 -2.99913299e-06
77.127  1.69462808e-06 -2.03229403e-06
77.369  2.32033487e-06 -4.41221789e-07
77.611  1.91271901e-06  1.12503131e-06
77.852  6.90248867e-07  2.05551425e-06
78.094 -8.02169453e-07  2.03453256e-06
78.336 -1.92253504e-06  1.09870496e-06
78.578 -2.22584154e-06 -3.48603397e-07
78.820 -1.57768442e-06 -1.68777368e-06
79.061 -2.16958402e-07 -2.38241290e-06
79.303  1.30763639e-06 -2.14296403e-06
79.545  2.41101231e-06 -1.02785520e-06
79.787  2.67393934e-06  5.33983400e-07
80.028  1.97219215e-06  1.96108077e-06
80.270  5.74442069e-07  2.74336777e-06
80.512 -9.98057669e-07  2.58892752e-06
80.754 -2.19687867e-06  1.57987950e-06
80.996 -2.60100440e-06  1.23244627e-07
81.237 -2.10850722e-06 -1.25304033e-06
81.479 -9.80115333e-07 -2.05259049e-06
81.721  3.22779864e-07 -2.01404312e-06
81.963  1.28072806e-06 -1.23771862e-06
82.204  1.51058448e-06 -8.29515965e-08
82.446  9.57002679e-07  9.56757328e-07
82.688 -1.39504046e-07  1.42139359e-06
82.930 -1.34310732e-06  1.11515610e-06
83.172 -2.15317484e-06  1.48799915e-07
83.413 -2.24762860e-06 -1.13031783e-06
83.655 -1.59695221e-06 -2.22619448e-06
83.897 -4.31985940e-07 -2.72283113e-06
84.139  8.00289568e-07 -2.45771304e-06
84.380  1.62709023e-06 -1.53156980e-06
84.622  1.76448034e-06 -3.04187918e-07
84.864  1.17220217e-06  7.40544191e-07
85.106  8.50653202e-08  1.22670210e-06
85.348 -1.05568916e-06  9.84337258e-07
85.589 -1.82471949e-06  1.08899038e-07
85.831 -1.94680561e-06 -1.04056297e-06
86.073 -1.37658611e-06 -2.02985947e-06
86.315 -3.56981008e-07 -2.50990367e-06
86.556  7.14569059e-07 -2.31000528e-06
86.798  1.45716831e-06 -1.54324145e-06
87.040  1.60638364e-06 -5.39947982e-07
87.282  1.14879898e-06  3.18447238e-07
87.524  3.26638928e-07  7.02046045e-07
87.765 -5.06839563e-07  4.79298981e-07
88.007 -9.88558302e-07 -2.10661719e-07
88.249 -8.88244188e-07 -1.06511048e-06
88.491 -2.36402865e-07 -1.71349436e-06
88.732  7.33179109e-07 -1.84348997e-06
88.974  1.66919099e-06 -1.36799472e-06
89.216  2.20365530e-06 -4.25807033e-07
89.458  2.13694251e-06  6.87207899e-07
89.700  1.49768952e-06  1.58826344e-06
89.941  4.97117548e-07  1.98815278e-06
90.183 -5.09705022e-07  1.80418741e-06
90.425 -1.17976197e-06  1.14358300e-06
90.667 -1.33517841e-06  2.94109840e-07
90.908 -9.79404491e-07 -3.91035815e-07
91.150 -3.12151780e-07 -6.68008277e-07
91.392  3.36229547e-07 -4.51984481e-07
91.634  6.81229603e-07  1.49849962e-07
91.876  5.65670400e-07  8.52732687e-07
92.117  5.40859885e-09  1.35257284e-06
92.359 -7.78478205e-07  1.43398762e-06
92.601 -1.48255227e-06  1.02461462e-06
92.843 -1.84721155e-06  2.64540629e-07
93.084 -1.71743504e-06 -5.68357581e-07
93.326 -1.13755514e-06 -1.19090894e-06
93.568 -3.31923092e-07 -1.38016394e-06
93.810  4.19780867e-07 -1.08016427e-06
94.052  8.51234065e-07 -4.38007998e-07
94.293  8.15563948e-07  2.98565459e-07
94.535  3.70111251e-07  8.50572826e-07
94.777 -2.91019218e-07  1.00222515e-06
95.019 -9.03733041e-07  7.21404619e-07
95.260 -1.20922933e-06  1.35684576e-07
95.502 -1.09369797e-06 -5.27729186e-07
95.744 -6.11478743e-07 -9.94473793e-07
95.986  6.31275908e-08 -1.08399813e-06
96.228  6.65399309e-07 -7.77444939e-07
96.469  9.65883101e-07 -1.86438329e-07
96.711  8.75391529e-07  4.56518703e-07
96.953  4.36014947e-07  8.95520090e-07
97.195 -1.72489557e-07  9.81178320e-07
97.436 -6.93301811e-07  6.87585000e-07
97.678 -9.31754727e-07  1.30075725e-07
97.920 -7.99535135e-07 -4.55758994e-07
98.162 -3.40089283e-07 -8.46336491e-07
98.404  2.54822401e-07 -9.00066681e-07
98.645  7.54641045e-07 -5.88087116e-07
98.887  9.80197135e-07 -4.18320304e-08
99.129  8.38242835e-07  5.21386870e-07
99.371  3.90169607e-07  9.00462325e-07
99.612 -1.79798897e-07  9.48885888e-07
99.854 -6.67690752e-07  6.53989944e-07
100.096 -8.92089063e-07  1.49950546e-07
100.338 -7.73124534e-07 -3.74237760e-07
100.580 -3.86132380e-07 -7.20855932e-07
100.821  1.08302258e-07 -7.53674895e-07
101.063  5.13408092e-07 -4.83634883e-07
101.305  6.51981123e-07 -3.03475047e-08
101.547  4.71677208e-07  4.27182939e-07
101.788  4.33602921e-08  6.88980558e-07
102.030 -4.84603171e-07  6.44774753e-07
102.272 -9.07898401e-07  3.10132073e-07
102.514 -1.06870226e-06 -2.10445462e-07
102.756 -9.25743558e-07 -7.30426941e-07
102.997 -5.31677143e-07 -1.06351190e-06
103.239 -3.70605932e-08 -1.11882625e-06
103.481  3.63824328e-07 -8.97058970e-07
103.723  5.41572848e-07 -5.01152131e-07
103.964  4.49731078e-07 -1.13611889e-07
104.206  1.38915545e-07  1.11945104e-07
104.448 -2.35531785e-07  9.12938706e-08
104.690 -5.08682470e-07 -1.75028590e-07
104.932 -5.66816686e-07 -5.68971066e-07
105.173 -3.63854707e-07 -9.25779271e-07
105.415  2.82966731e-08 -1.10998127e-06
105.657  4.58342957e-07 -1.03402105e-06
105.899  7.78820026e-07 -7.17480181e-07
106.140  8.68671826e-07 -2.84135619e-07
106.382  6.92966769e-07  1.18759875e-07
106.624  3.34483978e-07  3.48463491e-07
106.866 -7.40748396e-08  3.19896927e-07
107.108 -3.83658778e-07  6.60160560e-08
107.349 -4.70427954e-07 -3.07857323e-07
107.591 -3.15454957e-07 -6.61929566e-07
107.833  1.23371082e-08 -8.49526038e-07
108.075  3.95506373e-07 -8.04524995e-07
108.316  6.81929873e-07 -5.55497290e-07
108.558  7.68071059e-07 -1.88970609e-07
108.800  6.42669849e-07  1.53232258e-07
109.042  3.57423965e-07  3.42920977e-07
109.284  3.16422180e-08  3.33250645e-07
109.525 -1.95138001e-07  1.41723587e-07
109.767 -2.46220043e-07 -1.41978281e-07
110.009 -1.07251890e-07 -3.78532983e-07
110.251  1.65934416e-07 -4.67001453e-07
110.492  4.45379312e-07 -3.63550554e-07
110.734  6.12874434e-07 -8.78600689e-08
110.976  5.98010975e-07  2.53991690e-07
111.218  3.83366312e-07  5.35102336e-07
111.460  4.24211806e-08  6.62386990e-07
111.701 -3.01790862e-07  5.82317027e-07
111.943 -5.42151852e-07  3.26884165e-07
112.185 -5.96000800e-07  1.10089984e-09
112.427 -4.51789792e-07 -2.85246494e-07
112.668 -1.85697742e-07 -4.31093167e-07
112.910  1.00551856e-07 -3.85141243e-07
113.152  2.99610900e-07 -1.87857526e-07
113.394  3.29531862e-07  7.60935670e-08
113.636  1.93907727e-07  3.04235196e-07
113.877 -4.45175730e-08  3.95237973e-07
114.119 -2.95399940e-07  3.17839812e-07
114.361 -4.48381129e-07  1.09450309e-07
114.603 -4.41078468e-07 -1.57526245e-07
114.844 -2.83221137e-07 -3.74435377e-07
115.086 -2.52086340e-08 -4.54524169e-07
115.328  2.35546794e-07 -3.79518783e-07
115.570  3.96374093e-07 -1.75371786e-07
115.812  4.12355738e-07  8.01894854e-08
116.053  2.84167789e-07  2.79358641e-07
116.295  6.38763923e-08  3.55298342e-07
116.537 -1.46222384e-07  2.85613177e-07
116.779 -2.63246184e-07  9.47103172e-08
117.020 -2.44427501e-07 -1.29468089e-07
117.262 -8.61952276e-08 -2.94620790e-07
117.504  1.45980205e-07 -3.41053176e-07
117.746  3.58717453e-07 -2.39132236e-07
117.988  4.80229227e-07 -2.60716994e-08
118.229  4.58796638e-07  2.12390863e-07
118.471  3.00154495e-07  3.98139020e-07
118.713  7.34461433e-08  4.63172614e-07
118.955 -1.44113554e-07  3.82128456e-07
119.196 -2.76124254e-07  2.00459156e-07
119.438 -2.70753290e-07 -1.23990862e-08
119.680 -1.45929478e-07 -1.79542814e-07
119.922  4.22521262e-08 -2.29886126e-07
120.164  2.23267230e-07 -1.53033217e-07
120.405  3.15433195e-07  1.23717725e-08
120.647  2.82132742e-07  2.07455905e-07
120.889  1.41941678e-07  3.48713145e-07
121.131 -6.16387769e-08  3.77707842e-07
121.372 -2.51626637e-07  2.91718612e-07
121.614 -3.54482576e-07  1.16622241e-07
121.856 -3.47031986e-07 -8.42136977e-08
122.098 -2.37266706e-07 -2.30316991e-07
122.340 -7.03253046e-08 -2.80804143e-07
122.581  7.44902116e-08 -2.27229992e-07
122.823  1.42363894e-07 -9.47561777e-08
123.065  1.10490082e-07  4.52878872e-08
123.307 -1.57670535e-08  1.28053370e-07
123.548 -1.78790820e-07  1.17906602e-07
123.790 -3.08402767e-07  1.13398154e-09
124.032 -3.57886458e-07 -1.83686485e-07
124.274 -2.96022972e-07 -3.67400446e-07
124.516 -1.38184506e-07 -4.95294029e-07
124.757  5.51390612e-08 -5.21763349e-07
124.999  2.26316548e-07 -4.37200187e-07
125.241  3.20895917e-07 -2.86030906e-07
125.483  3.06691905e-07 -1.22672141e-07
125.724  2.07677707e-07 -3.60546874e-09
125.966  7.03368641e-08  2.21363428e-08
126.208 -5.24168690e-08 -4.31857336e-08
126.450 -1.01514106e-07 -1.64244590e-07
126.692 -5.85202889e-08 -2.95704595e-07
126.933  5.43816383e-08 -3.75360353e-07
127.175  2.01645248e-07 -3.66858398e-07
127.417  3.23750734e-07 -2.77943586e-07
127.659  3.70093596e-07 -1.32998089e-07
127.900  3.32940157e-07  1.64043994e-08
128.142  2.24420448e-07  1.10782203e-07
128.384  8.37352818e-08  1.27512314e-07
128.626 -2.71829643e-08  6.66453481e-08
128.868 -7.28098019e-08 -4.74143490e-08
129.109 -4.19982097e-08 -1.56486538e-07
129.351  5.63773937e-08 -2.15157747e-07
129.593  1.73424707e-07 -2.02466039e-07
129.835  2.57659697e-07 -1.12656904e-07
130.076  2.79740477e-07  1.88375653e-08
130.318  2.20859454e-07  1.38739629e-07
130.560  9.96601630e-08  2.10877698e-07
130.802 -3.42425190e-08  2.05579898e-07
131.044 -1.40691722e-07  1.22931064e-07
131.285 -1.82728803e-07  3.30800127e-09
131.527 -1.42720885e-07 -1.12687008e-07
131.769 -4.74422870e-08 -1.84984513e-07
132.011  6.56425813e-08 -1.81310794e-07
132.252  1.57508985e-07 -1.12261783e-07
132.494  1.86093772e-07 -9.09730798e-09
132.736  1.45468739e-07  9.34546800e-08
132.978  5.85585133e-08  1.48843841e-07
133.220 -4.61595197e-08  1.35823651e-07
133.461 -1.22559754e-07  6.72647465e-08
133.703 -1.36555582e-07 -3.58383343e-08
133.945 -8.97154605e-08 -1.32173319e-07
134.187  5.16100452e-09 -1.78541740e-07
134.428  1.15146607e-07 -1.64734322e-07
134.670  1.92672967e-07 -9.50700480e-08
134.912  2.16448364e-07  8.40333690e-09
135.154  1.82665918e-07  9.89874648e-08
135.396  1.01569910e-07  1.46211398e-07
135.637  1.42447337e-08  1.38997249e-07
135.879 -4.22694982e-08  7.62924334e-08
136.121 -5.04977732e-08 -1.02233965e-08
136.363  5.96015945e-10 -8.01148484e-08
136.604  9.15613693e-08 -1.10383588e-07
136.846  1.82424086e-07 -8.17482290e-08
137.088  2.46001983e-07  3.29186578e-10
137.330  2.57078379e-07  1.00738347e-07
137.572  2.07012922e-07  1.90270025e-07
137.813  1.22020618e-07  2.40735854e-07
138.055  3.07901536e-08  2.31262582e-07
138.297 -3.85863844e-08  1.76406847e-07
138.539 -5.64683539e-08  1.01952850e-07
138.780 -2.47073820e-08  3.33950997e-08
139.022  3.55900028e-08  4.96922079e-09
139.264  1.02863132e-07  2.71171913e-08
139.506  1.42046414e-07  8.48442154e-08
139.748  1.31612076e-07  1.61121621e-07
139.989  7.88695347e-08  2.23339220e-07
140.231 -4.23218632e-09  2.41090353e-07
140.473 -9.04658335e-08  2.12757216e-07
140.715 -1.43855916e-07  1.44745231e-07
140.956 -1.53430066e-07  5.65861754e-08
141.198 -1.19788880e-07 -1.43586994e-08
141.440 -5.33825713e-08 -4.86207793e-08
141.682  1.14337956e-08 -4.13537126e-08
141.924  4.86446832e-08  5.96977691e-09
142.165  4.86393856e-08  6.55048264e-08
142.407  5.05148961e-09  1.07038636e-07
142.649 -6.33221111e-08  1.16692834e-07
142.891 -1.24934796e-07  8.17722217e-08
143.132 -1.62277162e-07  1.04241864e-08
143.374 -1.58125435e-07 -6.77754608e-08
143.616 -1.09535533e-07 -1.32713555e-07
143.858 -4.07043758e-08 -1.64657860e-07
144.100  2.72627629e-08 -1.50518635e-07
144.341  7.44042790e-08 -1.06341739e-07
144.583  7.99813026e-08 -5.24947834e-08
144.825  5.05059089e-08 -7.33148433e-09
145.067  4.26721698e-09  3.89800149e-09
145.308 -4.28786729e-08 -2.21642202e-08
145.550 -6.41494968e-08 -7.06533677e-08
145.792 -4.67585842e-08 -1.28578044e-07
146.034 -6.28166351e-10 -1.70315254e-07
146.276  6.43652538e-08 -1.74937722e-07
146.517  1.26143618e-07 -1.45902545e-07
146.759  1.57933682e-07 -8.95542461e-08
147.001  1.55778439e-07 -2.23136281e-08
147.243  1.22191399e-07  2.65609626e-08
147.484  6.66184871e-08  4.59143535e-08
147.726  1.71222212e-08  3.46340481e-08
147.968 -9.11862206e-09 -4.84846614e-09
148.210 -7.84282634e-09 -4.87682841e-08
148.452  2.44992602e-08 -7.55532528e-08
148.693  7.05609947e-08 -7.80747515e-08
148.935  1.06197511e-07 -4.82202469e-08
149.177  1.21314976e-07  4.41700669e-09
149.419  1.04462678e-07  5.53722403e-08
149.660  5.66858083e-08  9.16267617e-08
149.902 -7.55354053e-11  9.95588813e-08
150.144 -5.06312327e-08  7.17316796e-08
150.386 -8.06173952e-08  2.46684120e-08
150.628 -7.54535371e-08 -2.56778402e-08
150.869 -4.41654647e-08 -6.57701152e-08
151.111 -1.94121161e-09 -7.63842813e-08
151.353  3.96801804e-08 -5.82734470e-08
151.595  5.97614866e-08 -2.46143851e-08
151.836  5.11516030e-08  1.54640397e-08
152.078  2.39978767e-08  4.19208109e-08
152.320 -1.47770561e-08  4.08281709e-08
152.562 -4.79329871e-08  1.83132041e-08
152.804 -5.63567583e-08 -2.05481730e-08
153.045 -4.11167322e-08 -6.25764885e-08
153.287 -5.50990234e-09 -8.55515138e-08
153.529  4.21760035e-08 -8.47819763e-08
153.771  7.92036095e-08 -6.16296136e-08
154.012  9.51821419e-08 -1.92155581e-08
154.254  8.93518211e-08  2.18987854e-08
154.496  6.00266698e-08  4.64831654e-08
154.738  2.32349027e-08  5.14930559e-08
154.980 -2.50999497e-09  3.13303918e-08
155.221 -1.17767951e-08 -4.16520124e-09
155.463  3.76333930e-09 -3.52084396e-08
155.705  4.13043671e-08 -5.39637664e-08
155.947  8.21459213e-08 -5.05712339e-08
156.188  1.16408633e-07 -2.08092273e-08
156.430  1.33989877e-07  2.01048600e-08
156.672  1.24743539e-07  6.10253297e-08
156.914  9.86217206e-08  9.28162488e-08
157.156  6.71975211e-08  1.01416116e-07
157.397  3.79463729e-08  9.06602103e-08
157.639  2.65440168e-08  7.18364962e-08
157.881  3.53088825e-08  5.08333662e-08
158.123  5.39428615e-08  4.30421758e-08
158.364  7.75104451e-08  5.65999332e-08
158.606  9.21395591e-08  8.33491487e-08
158.848  8.44488776e-08  1.18893679e-07
159.090  5.88479529e-08  1.51897736e-07
159.332  1.89580455e-08  1.65021001e-07
159.573 -2.74890879e-08  1.57587109e-07
159.815 -6.14434380e-08  1.31862806e-07
160.057 -7.68022641e-08  9.11324034e-08
160.299 -7.41248339e-08  5.32951055e-08
160.540 -5.22069695e-08  2.90040982e-08
160.782 -2.52488709e-08  1.92309784e-08
161.024 -6.91889518e-09  2.86110975e-08
161.266  5.79103134e-10  4.80740611e-08
161.508 -9.20364380e-09  6.24384162e-08
161.749 -3.26621793e-08  6.81627446e-08
161.991 -5.44580497e-08  5.83460666e-08
162.233 -6.92376279e-08  3.13982003e-08
162.475 -7.03625608e-08  1.33829611e-09
162.716 -5.15781890e-08 -2.43401158e-08
162.958 -2.38669173e-08 -3.95115251e-08
163.200  3.43458635e-09 -3.41097486e-08
163.442  2.48445069e-08 -1.44589454e-08
163.684  2.78012450e-08  9.19635665e-09
163.925  1.29197201e-08  3.21311427e-08
164.167 -9.97166692e-09  4.09489739e-08
164.409 -3.69854201e-08  3.03415806e-08
164.651 -5.56382847e-08  8.27767701e-09
164.892 -5.53978815e-08 -2.22531813e-08
165.134 -4.10937707e-08 -5.12636624e-08
165.376 -1.47814391e-08 -6.45521652e-08
165.618  1.72095695e-08 -6.30008702e-08
165.860  3.91637501e-08 -4.78016379e-08
166.101  4.78481501e-08 -2.11698842e-08
166.343  4.37803505e-08  1.93198544e-09
166.585  2.54241564e-08  1.45370828e-08
166.827  5.09465036e-09  1.66338750e-08
167.068 -7.22634532e-09  3.92341300e-09
167.310 -1.08625025e-08 -1.51881256e-08
167.552  9.66970565e-11 -2.86268716e-08
167.794  2.18858709e-08 -3.45551189e-08
168.036  4.16238893e-08 -2.63307291e-08
168.277  5.58287790e-08 -2.66935254e-09
168.519  5.77738780e-08  2.45648423e-08
168.761  4.11849577e-08  5.03140410e-08
169.003  1.48237193e-08  6.85130403e-08
169.244 -1.54600816e-08  6.88128137e-08
169.486 -4.52635440e-08  5.52345386e-08
169.728 -6.21339159e-08  3.33140216e-08
169.970 -6.48788967e-08  4.87307421e-09
170.212 -5.79466083e-08 -1.81289055e-08
170.453 -4.03534527e-08 -3.00720726e-08
170.695 -2.12331169e-08 -3.41118210e-08
170.937 -9.10475275e-09 -2.71365867e-08
171.179 -1.99835787e-09 -1.40404726e-08
171.420 -3.90429421e-09 -4.53954056e-09
171.662 -1.45253528e-08  2.23131660e-09
171.904 -2.45380130e-08  2.66455170e-09
172.146 -3.36909421e-08 -7.11122281e-09
172.388 -3.97014883e-08 -1.96652325e-08
172.629 -3.55150460e-08 -3.38144087e-08
172.871 -2.53539873e-08 -4.93147588e-08
173.113 -1.07843618e-08 -5.75104000e-08
173.355  1.05844983e-08 -5.86930094e-08
173.596  3.06550105e-08 -5.41076065e-08
173.838  4.60802196e-08 -3.83732354e-08
174.080  5.73512056e-08 -1.65966119e-08
174.322  5.63042164e-08  5.67553941e-09
174.564  4.29704994e-08  2.83698988e-08
174.805  2.28475102e-08  4.15756045e-08
175.047 -4.25575946e-09  3.91570605e-08
175.289 -2.85058609e-08  2.40892766e-08
175.531 -3.78831761e-08 -5.36815117e-09
175.772 -3.07454573e-08 -4.18619073e-08
176.014 -2.33741747e-09 -6.93183053e-08
176.256  4.51339211e-08 -8.04033111e-08
176.498  9.48594639e-08 -6.61673216e-08
176.740  1.34336959e-07 -2.12686443e-08
176.981  1.50146964e-07  4.11012584e-08
177.223  1.28004802e-07  1.05627594e-07
177.465  7.30264713e-08  1.55544056e-07
177.707 -4.79122562e-10  1.67925824e-07
177.948 -7.49466347e-08  1.36378913e-07
178.190 -1.21051328e-07  6.97527447e-08
178.432 -1.19336761e-07 -1.71651642e-08
178.674 -6.89894103e-08 -9.26086048e-08
178.916  2.20796335e-08 -1.24841610e-07
179.157  1.24942765e-07 -1.00219973e-07
179.399  1.98931461e-07 -1.56631558e-08
179.641  2.16272215e-07  1.08905008e-07
179.883  1.59484329e-07  2.29891385e-07
180.124  3.31447975e-08  3.06915337e-07
180.366 -1.24579442e-07  3.06521469e-07
180.608 -2.65764037e-07  2.12671053e-07
180.850 -3.42517293e-07  4.85398569e-08
181.092 -3.15664466e-07 -1.38911994e-07
181.333 -1.84595988e-07 -2.92802831e-07
181.575  1.53845489e-08 -3.52539340e-07
181.817  2.27502100e-07 -2.88002593e-07
182.059  3.76312912e-07 -1.12091680e-07
182.300  4.01367546e-07  1.29989700e-07
182.542  2.84689240e-07  3.58939271e-07
182.784  4.79585767e-08  4.89055995e-07
183.026 -2.39828865e-07  4.67413616e-07
183.268 -4.78815772e-07  2.81924482e-07
183.509 -5.83154619e-07 -2.41431158e-08
183.751 -5.00810353e-07 -3.53071053e-07
183.993 -2.35202883e-07 -5.95265226e-07
184.235  1.37644032e-07 -6.58932060e-07
184.476  5.00610488e-07 -4.97899704e-07
184.718  7.30345985e-07 -1.46848133e-07
184.960  7.28746909e-07  2.91138114e-07
185.202  4.73375567e-07  6.77645192e-07
185.444  2.96633869e-08  8.69872127e-07
185.685 -4.72229094e-07  7.80369745e-07
185.927 -8.62252126e-07  4.15651920e-07
186.169 -9.91093615e-07 -1.29292450e-07
186.411 -7.92193633e-07 -6.83530585e-07
186.652 -2.99408247e-07 -1.05163379e-06
186.894  3.47488977e-07 -1.09114950e-06
187.136  9.34760665e-07 -7.55067903e-07
187.378  1.25545997e-06 -1.19246655e-07
187.620  1.17338931e-06  6.21188710e-07
187.861  6.73170175e-07  1.22108601e-06
188.103 -1.09389111e-07  1.46217615e-06
188.345 -9.29951776e-07  1.22232989e-06
188.587 -1.51250848e-06  5.40684687e-07
188.828 -1.62979111e-06 -3.85847449e-07
189.070 -1.19808886e-06 -1.26373298e-06
189.312 -3.20284184e-07 -1.78224692e-06
189.554  7.43984293e-07 -1.72684105e-06
189.796  1.64192765e-06 -1.06864756e-06
190.037  2.04314664e-06  2.16078546e-08
190.279  1.76693650e-06  1.20612380e-06
190.521  8.46140353e-07  2.07801934e-06
190.763 -4.61463597e-07  2.30937099e-06
191.004 -1.73342438e-06  1.76258559e-06
191.246 -2.52769332e-06  5.53052048e-07
191.488 -2.52939563e-06 -9.56203772e-07
191.730 -1.66407611e-06 -2.26958500e-06
191.972 -1.57859935e-07 -2.91989324e-06
192.213  1.52161079e-06 -2.62193706e-06
192.455  2.81255365e-06 -1.39913992e-06
192.697  3.23325074e-06  3.99484714e-07
192.939  2.56454025e-06  2.20291141e-06
193.180  9.52335890e-07  3.38546688e-06
193.422 -1.12485046e-06  3.48302587e-06
193.664 -2.98499883e-06  2.37669325e-06
193.906 -3.96063600e-06  3.50205008e-07
194.148 -3.64405624e-06 -1.97055177e-06
194.389 -2.03994231e-06 -3.79994094e-06
194.631  4.03059007e-07 -4.46565149e-06
194.873  2.90157864e-06 -3.64526568e-06
195.115  4.59458054e-06 -1.50092374e-06
195.356  4.83539617e-06  1.32585299e-06
195.598  3.42392787e-06  3.90740774e-06
195.840  7.23342888e-07  5.33424894e-06
196.082 -2.42554585e-06  5.02083957e-06
196.324 -4.96849889e-06  2.94366093e-06
196.565 -5.97613072e-06 -3.05271933e-07
196.807 -4.98175401e-06 -3.68913188e-06
197.049 -2.18588201e-06 -6.04340649e-06
197.291  1.57597394e-06 -6.47136271e-06
197.532  5.07067964e-06 -4.68682184e-06
197.774  7.06205677e-06 -1.14778953e-06
198.016  6.75338568e-06  3.04727831e-06
198.258  4.08902334e-06  6.48603793e-06
198.500 -1.76778508e-07  7.92321503e-06
198.741 -4.67302290e-06  6.72321897e-06
198.983 -7.85487998e-06  3.11633940e-06
199.225 -8.53181478e-06 -1.80885916e-06
199.467 -6.29577060e-06 -6.42983901e-06
199.708 -1.72713996e-06 -9.12554936e-06
199.950  3.73962247e-06 -8.82933516e-06
200.192  8.26847070e-06 -5.44427935e-06
200.434  1.02240018e-05  5.26716743e-08
200.676  8.75606333e-06  5.89178659e-06
200.917  4.15705010e-06  1.00677345e-05
201.159 -2.17681335e-06  1.10194834e-05
201.401 -8.15794355e-06  8.21468061e-06
201.643 -1.16828484e-05  2.39239453e-06
201.884 -1.13760887e-05 -4.61606446e-06
202.126 -7.11100171e-06 -1.04461837e-05
202.368 -1.24758413e-07 -1.30011852e-05
202.610  7.31739025e-06 -1.12000193e-05
202.852  1.26553542e-05 -5.40611750e-06
203.093  1.39144020e-05  2.60184232e-06
203.335  1.04171684e-05  1.01670297e-05
203.577  3.10376298e-06  1.46382439e-05
203.819 -5.69795346e-06  1.42839342e-05
204.060 -1.30152875e-05  8.95216728e-06
204.302 -1.62223289e-05  2.21827050e-07
204.544 -1.39735226e-05 -9.06153101e-06
204.786 -6.75531613e-06 -1.57030914e-05
205.028  3.19153318e-06 -1.72474778e-05
205.269  1.25581291e-05 -1.28872562e-05
205.511  1.80543097e-05 -3.82802404e-06
205.753  1.75677636e-05  7.02966152e-06
205.995  1.09621468e-05  1.60015030e-05
206.236  2.19076893e-07  1.98711921e-05
206.478 -1.11333664e-05  1.70404972e-05
206.720 -1.91757481e-05  8.15861569e-06
206.962 -2.09530657e-05 -3.98300998e-06
207.204 -1.55430397e-05 -1.53163582e-05
207.445 -4.48209491e-06 -2.18642781e-05
207.687  8.64531876e-06 -2.11239651e-05
207.929  1.93709608e-05 -1.30107346e-05
208.171  2.38551740e-05 -1.13598343e-08
208.412  2.02516063e-05  1.35740210e-05
208.654  9.45441314e-06  2.30485668e-05
208.896 -5.09646354e-06  2.49319323e-05
209.138 -1.85059228e-05  1.82401913e-05
209.380 -2.60580694e-05  4.93680175e-06
209.621 -2.48786064e-05 -1.06323167e-05
209.863 -1.50193504e-05 -2.31435693e-05
210.105  4.46425076e-07 -2.81175652e-05
210.347  1.63627911e-05 -2.35247113e-05
210.588  2.72061545e-05 -1.05835040e-05
210.830  2.90088916e-05  6.52870846e-06
211.072  2.07972641e-05  2.20125965e-05
211.314  5.04946023e-06  3.04199088e-05
211.556 -1.30292381e-05  2.85634288e-05
211.797 -2.72320246e-05  1.67122936e-05
212.039 -3.24791938e-05 -1.36349192e-06
212.281 -2.66266626e-05 -1.95903119e-05
212.523 -1.13306113e-05 -3.16324555e-05
212.764  8.40160148e-06 -3.30868940e-05
213.006  2.58515930e-05 -2.30971501e-05
213.248  3.48693025e-05 -4.77307920e-06
213.490  3.20464689e-05  1.57733291e-05
213.732  1.80017748e-05  3.14570808e-05
213.973 -2.71737893e-06  3.66666115e-05
214.215 -2.30952630e-05  2.92794787e-05
214.457 -3.60215967e-05  1.15011543e-05
214.699 -3.67845838e-05 -1.07740770e-05
214.940 -2.47809625e-05 -2.99090062e-05
215.182 -3.84249839e-06 -3.91542836e-05
215.424  1.89706258e-05 -3.50295505e-05
215.666  3.57593540e-05 -1.86237964e-05
215.908  4.05266449e-05  4.65384830e-06
216.149  3.13156463e-05  2.68594074e-05
216.391  1.10052595e-05  4.02337148e-05
216.633 -1.35793674e-05  3.99114694e-05
216.875 -3.39686669e-05  2.56989705e-05
217.116 -4.29647593e-05  2.25347824e-06
217.358 -3.71915793e-05 -2.24473454e-05
217.600 -1.83668316e-05 -3.98180189e-05
217.842  7.20156980e-06 -4.36560006e-05
218.084  3.07264009e-05 -3.23712038e-05
218.325  4.39633282e-05 -9.62564809e-06
218.567  4.21183878e-05  1.68494290e-05
218.809  2.55853584e-05  3.78782715e-05
219.051 -1.05207394e-07  4.60382935e-05
219.292 -2.61268990e-05  3.82893665e-05
219.534 -4.34030810e-05  1.71024775e-05
219.776 -4.57873732e-05 -1.03115662e-05
220.018 -3.22520142e-05 -3.44621101e-05
220.260 -7.32729747e-06 -4.68808254e-05
220.501  2.04111438e-05 -4.30954066e-05
220.743  4.13082444e-05 -2.42522876e-05
220.985  4.79959910e-05  3.21317446e-06
221.227  3.80039655e-05  2.97856009e-05
221.468  1.46858007e-05  4.61724278e-05
221.710 -1.39104196e-05  4.65640425e-05
221.952 -3.78254719e-05  3.07146016e-05
222.194 -4.86640712e-05  4.06799173e-06
222.436 -4.25652969e-05 -2.41156954e-05
222.677 -2.15875915e-05 -4.39799170e-05
222.919  6.98638112e-06 -4.85402891e-05
223.161  3.31745656e-05 -3.61574781e-05
223.403  4.77988393e-05 -1.11286665e-05
223.644  4.57233986e-05  1.77954178e-05
223.886  2.76650019e-05  4.04780260e-05
224.128 -4.24967850e-08  4.89716936e-05
224.370 -2.76680967e-05  4.03129376e-05
224.612 -4.55211746e-05  1.75704207e-05
224.853 -4.73630236e-05 -1.12313312e-05
225.095 -3.26013371e-05 -3.59569611e-05
225.337 -6.49805703e-06 -4.79395220e-05
225.579  2.17109283e-05 -4.30311271e-05
225.820  4.20945932e-05 -2.30623639e-05
226.062  4.75323204e-05  4.83341215e-06
226.304  3.62264404e-05  3.07754125e-05
226.546  1.23082408e-05  4.56398486e-05
226.788 -1.56723800e-05  4.42913973e-05
227.029 -3.78020819e-05  2.73782714e-05
227.271 -4.63326344e-05  1.04592484e-06
227.513 -3.84192502e-05 -2.52882944e-05
227.755 -1.70748369e-05 -4.23099811e-05
227.996  9.96108079e-06 -4.41274420e-05
228.238  3.30242872e-05 -3.03231962e-05
228.480  4.40007822e-05 -6.03457013e-06
228.722  3.91967606e-05  1.99415802e-05
228.964  2.05914364e-05  3.83462784e-05
229.205 -4.94325784e-06  4.27741214e-05
229.447 -2.81798963e-05  3.19136697e-05
229.689 -4.08822090e-05  9.94380852e-06
229.931 -3.87334244e-05 -1.50573086e-05
230.172 -2.28236408e-05 -3.40878760e-05
230.414  8.37142673e-07 -4.04677952e-05
230.656  2.35842709e-05 -3.22027079e-05
230.898  3.72687288e-05 -1.26182337e-05
231.140  3.71888509e-05  1.09567854e-05
231.381  2.37283761e-05  2.99217722e-05
231.623  2.10213458e-06  3.75439121e-05
231.865 -1.96434570e-05  3.13710697e-05
232.107 -3.36136529e-05  1.40241635e-05
232.348 -3.49477561e-05 -7.87781524e-06
232.590 -2.35237321e-05 -2.62200005e-05
232.832 -3.88455859e-06 -3.44031906e-05
233.074  1.65319602e-05 -2.97320933e-05
233.316  3.02006182e-05 -1.43043181e-05
233.557  3.22914004e-05  5.87314921e-06
233.799  2.23807761e-05  2.31979336e-05
234.041  4.50433650e-06  3.13364297e-05
234.283 -1.44462754e-05  2.75394753e-05
234.524 -2.73686385e-05  1.35796271e-05
234.766 -2.96041260e-05 -5.01197251e-06
235.008 -2.06220515e-05 -2.11141952e-05
235.250 -4.13207290e-06 -2.87279131e-05
235.492  1.34146837e-05 -2.52050980e-05
235.733  2.53267684e-05 -1.21844160e-05
235.975  2.72060916e-05  5.12225151e-06
236.217  1.85799447e-05  1.99891594e-05
236.459  3.00776205e-06  2.67620169e-05
236.700 -1.33601338e-05  2.30039189e-05
236.942 -2.41773067e-05  1.03807342e-05
237.184 -2.53437040e-05 -6.05062953e-06
237.426 -1.65618120e-05 -1.98342156e-05
237.668 -1.39726878e-06 -2.56226870e-05
237.909  1.41423141e-05 -2.12440785e-05
238.151  2.39537364e-05 -8.51065947e-06
238.393  2.42188946e-05  7.51713202e-06
238.635  1.48766094e-05  2.05106242e-05
238.876 -3.73071531e-07  2.53507289e-05
239.118 -1.55119845e-05  2.01249664e-05
239.360 -2.45580006e-05  6.86653553e-06
239.602 -2.39079113e-05 -9.22719873e-06
239.844 -1.37460321e-05 -2.18159740e-05
240.085  2.00484465e-06 -2.58972783e-05
240.327  1.71890972e-05 -1.97637377e-05
240.569  2.58144138e-05 -5.69773349e-06
240.811  2.43889463e-05  1.08763348e-05
241.052  1.33083123e-05  2.34835342e-05
241.294 -3.24490232e-06  2.71087850e-05
241.536 -1.88875781e-05  2.01633787e-05
241.778 -2.74901779e-05  5.15801147e-06
242.020 -2.55537942e-05 -1.22160517e-05
242.261 -1.36136580e-05 -2.52505209e-05
242.503  3.90450383e-06 -2.87933460e-05
242.745  2.03393274e-05 -2.12692437e-05
242.987  2.93199938e-05 -5.34970591e-06
243.228  2.72253889e-05  1.30134103e-05
243.470  1.46280447e-05  2.68160102e-05
243.712 -3.86342902e-06  3.06689721e-05
243.954 -2.13005323e-05  2.28962463e-05
244.196 -3.10071447e-05  6.23007474e-06
244.437 -2.91386820e-05 -1.31622269e-05
244.679 -1.61872535e-05 -2.79657244e-05
244.921  3.14406038e-06 -3.24874319e-05
245.163  2.16559593e-05 -2.48404461e-05
245.404  3.23486784e-05 -7.70554146e-06
245.646  3.10750498e-05  1.26138477e-05
245.888  1.81348367e-05  2.85257687e-05
246.130 -1.77951386e-06  3.40019050e-05
246.372 -2.12966806e-05  2.68566398e-05
246.613 -3.31160988e-05  9.61090741e-06
246.855 -3.27427844e-05 -1.14028976e-05
247.097 -2.01955547e-05 -2.83883005e-05
247.339 -4.31445812e-08 -3.49886099e-05
247.580  2.02783266e-05 -2.86694452e-05
247.822  3.32253273e-05 -1.16965132e-05
248.064  3.39542282e-05  9.68878908e-06
248.306  2.21450939e-05  2.75824418e-05
248.548  2.13473614e-06  3.53482888e-05
248.789 -1.86924372e-05  3.00951539e-05
249.031 -3.26389938e-05  1.37590989e-05
249.273 -3.45565539e-05 -7.62203013e-06
249.515 -2.37610818e-05 -2.61481947e-05
249.756 -4.27156123e-06 -3.49913132e-05
249.998  1.66910273e-05 -3.09326185e-05
250.240  3.13894355e-05 -1.55366404e-05
250.482  3.44488530e-05  5.45186710e-06
250.724  2.48317933e-05  2.42549918e-05
250.965  6.18994091e-06  3.39648948e-05
251.207 -1.45180739e-05  3.10963794e-05
251.449 -2.96392720e-05  1.68428355e-05
251.691 -3.36720525e-05 -3.40442652e-06
251.932 -2.52755710e-05 -2.21015160e-05
252.174 -7.72404498e-06 -3.23794947e-05
252.416  1.23644547e-05 -3.05766278e-05
252.658  2.75359527e-05 -1.75569158e-05
252.900  3.22742044e-05  1.67153633e-06
253.141  2.50203363e-05  1.98877380e-05
253.383  8.69504908e-06  3.03743670e-05
253.625 -1.04704760e-05  2.94053502e-05
253.867 -2.53129778e-05  1.75877906e-05
254.108 -3.04188850e-05 -4.48950931e-07
254.350 -2.41178202e-05 -1.78602756e-05
254.592 -9.03048003e-06 -2.81804459e-05
254.834  9.00462508e-06 -2.77387342e-05
255.076  2.31788513e-05 -1.69766942e-05
255.317  2.82911362e-05 -1.86898313e-07
255.559  2.26705112e-05  1.61789391e-05
255.801  8.71814695e-06  2.59860629e-05
256.043 -8.08726619e-06  2.57279949e-05
256.284 -2.13264208e-05  1.57833225e-05
256.526 -2.60970354e-05  1.82403313e-07
256.768 -2.08319757e-05 -1.50006652e-05
257.010 -7.81368901e-06 -2.40100308e-05
257.252  7.77816052e-06 -2.35896376e-05
257.493  1.99152973e-05 -1.41619341e-05
257.735  2.40461469e-05  4.11788850e-07
257.977  1.87994068e-05  1.43918764e-05
258.219  6.44519589e-06  2.24102505e-05
258.460 -8.05789342e-06  2.15210963e-05
258.702 -1.90383896e-05  1.22892582e-05
258.944 -2.23125896e-05 -1.49686621e-06
259.186 -1.67768337e-05 -1.43631970e-05
259.428 -4.78377058e-06 -2.13022097e-05
259.669  8.84056840e-06 -1.97104393e-05
259.911  1.87169853e-05 -1.03701119e-05
260.153  2.10173082e-05  2.91346923e-06
260.395  1.49466520e-05  1.48441775e-05
260.636  3.01328806e-06  2.07224165e-05
260.878 -9.99697610e-06  1.82875482e-05
261.120 -1.89163256e-05  8.58148085e-06
261.362 -2.02334821e-05 -4.49531776e-06
261.604 -1.34663984e-05 -1.57328317e-05
261.845 -1.32771879e-06 -2.06710106e-05
262.087  1.13531775e-05 -1.73584358e-05
262.329  1.95368328e-05 -7.10694429e-06
262.571  1.99658462e-05  6.02886139e-06
262.812  1.24418766e-05  1.68449730e-05
263.054 -9.51181389e-08  2.10424949e-05
263.296 -1.27113689e-05  1.69178962e-05
263.538 -2.04187459e-05  6.03630495e-06
263.780 -2.01337199e-05 -7.36390263e-06
264.021 -1.18899935e-05 -1.80250271e-05
264.263  1.15190040e-06 -2.17276165e-05
264.505  1.39234501e-05 -1.69408574e-05
264.747  2.14213811e-05 -5.44239930e-06
264.988  2.06533766e-05  8.35033387e-06
265.230  1.18196422e-05  1.90882263e-05
265.472 -1.73690456e-06  2.25583342e-05
265.714 -1.48114050e-05  1.73264037e-05
265.956 -2.23370976e-05  5.31946948e-06
266.197 -2.13421368e-05 -8.90032635e-06
266.439 -1.21186768e-05 -1.98782230e-05
266.681  1.87068020e-06 -2.33570128e-05
266.923  1.53069647e-05 -1.79286550e-05
267.164  2.30392548e-05 -5.59171995e-06
267.406  2.20645056e-05  9.00053405e-06
267.648  1.26898912e-05  2.03009021e-05
267.890 -1.57593276e-06  2.39853320e-05
268.132 -1.53437850e-05  1.86116268e-05
268.373 -2.33894294e-05  6.17141619e-06
268.615 -2.26469004e-05 -8.65616003e-06
268.857 -1.33709984e-05 -2.02731929e-05
269.099  9.56574888e-07 -2.42918441e-05
269.340  1.49402397e-05 -1.91928879e-05
269.582  2.33192747e-05 -6.89515351e-06
269.824  2.29546751e-05  7.96901461e-06
270.066  1.40033326e-05  1.98137609e-05
270.308 -1.46756074e-07  2.42115555e-05
270.549 -1.41693702e-05  1.95497008e-05
270.791 -2.28201761e-05  7.62670907e-06
271.033 -2.29024926e-05 -7.04534708e-06
271.275 -1.44561984e-05 -1.89632697e-05
271.516 -7.18929210e-07 -2.37032882e-05
271.758  1.31264524e-05 -1.95718579e-05
272.000  2.19142797e-05 -8.21826841e-06
272.242  2.24314358e-05  6.02834716e-06
272.484  1.46048385e-05  1.78156982e-05
272.725  1.48258931e-06  2.27848003e-05
272.967 -1.19562308e-05  1.91967687e-05
273.209 -2.06927523e-05  8.54317836e-06
273.451 -2.15565785e-05 -5.07048336e-06
273.692 -1.43846882e-05 -1.65042025e-05
273.934 -2.02224334e-06 -2.15341844e-05
274.176  1.07978992e-05 -1.84252148e-05
274.418  1.92709589e-05 -8.52688376e-06
274.660  2.03336792e-05  4.29445943e-06
274.901  1.37738582e-05  1.51618958e-05
275.143  2.24754299e-06  2.00532949e-05
275.385 -9.78326031e-06  1.72938617e-05
275.627 -1.77830066e-05  8.13072231e-06
275.868 -1.88562952e-05 -3.80312303e-06
276.110 -1.27982112e-05 -1.39269243e-05
276.352 -2.10988356e-06 -1.84723853e-05
276.594  9.02253210e-06 -1.58865249e-05
276.836  1.63659054e-05 -7.36888578e-06
277.077  1.72462363e-05  3.65767152e-06
277.319  1.15296944e-05  1.29164885e-05
277.561  1.60828224e-06  1.69279162e-05
277.803 -8.58947727e-06  1.43201853e-05
278.044 -1.51421737e-05  6.30354188e-06
278.286 -1.56401061e-05 -3.86947433e-06
278.528 -1.00789468e-05 -1.22087273e-05
278.770 -7.94111615e-07 -1.55411574e-05
279.012  8.50326106e-06 -1.27226932e-05
279.253  1.41932795e-05 -5.02824829e-06
279.495  1.41557550e-05  4.40582139e-06
279.737  8.55989604e-06  1.18401753e-05
279.979 -2.58965720e-07  1.44075013e-05
280.220 -8.75362602e-06  1.12164342e-05
280.462 -1.35794835e-05  3.65355833e-06
280.704 -1.29068601e-05 -5.20110871e-06
280.946 -7.10624883e-06 -1.18133027e-05
281.188  1.43334206e-06 -1.35985494e-05
281.429  9.27324376e-06 -9.92104157e-06
281.671  1.33024099e-05 -2.31566925e-06
281.913  1.19592065e-05  6.14042630e-06
282.155  5.82755389e-06  1.20663994e-05
282.396 -2.60933871e-06  1.31176169e-05
282.638 -9.97056601e-06  8.89920021e-06
282.880 -1.33240356e-05  1.11375354e-06
283.122 -1.13379181e-05 -7.12505696e-06
283.364 -4.80407699e-06 -1.25348031e-05
283.605  3.68009931e-06 -1.29567339e-05
283.847  1.07472789e-05 -8.20784054e-06
284.089  1.35856386e-05 -1.54985256e-07
284.331  1.10466101e-05  8.02720790e-06
284.572  4.10393301e-06  1.31031626e-05
284.814 -4.53101217e-06  1.30455488e-05
285.056 -1.14702916e-05  7.83999011e-06
285.298 -1.39709927e-05 -5.07020031e-07
285.540 -1.10162645e-05 -8.74974287e-06
285.781 -3.71776252e-06 -1.36613939e-05
286.023  5.11472609e-06 -1.32966102e-05
286.265  1.20552408e-05 -7.75525557e-06
286.507  1.43922149e-05  8.54465308e-07
286.748  1.11865305e-05  9.22200240e-06
286.990  3.63525838e-06  1.41109440e-05
287.232 -5.38177405e-06  1.36149174e-05
287.474 -1.24046246e-05  7.89143813e-06
287.716 -1.47293578e-05 -8.94004372e-07
287.957 -1.14450213e-05 -9.39133029e-06
288.199 -3.78267749e-06 -1.43543402e-05
288.441  5.34886924e-06 -1.38825956e-05
288.683  1.24786055e-05 -8.14307150e-06
288.924  1.48996831e-05  6.89814482e-07
289.166  1.16936499e-05  9.26737250e-06
289.408  4.07962521e-06  1.43469754e-05
289.650 -5.05503344e-06  1.40175047e-05
289.892 -1.22621559e-05  8.42082807e-06
290.133 -1.48369634e-05 -3.09484453e-07
290.375 -1.18367153e-05 -8.87331692e-06
290.617 -4.42920314e-06 -1.40563909e-05
290.859  4.57044335e-06 -1.39405659e-05
291.100  1.17758023e-05 -8.62101727e-06
291.342  1.45067544e-05 -1.46174258e-07
291.584  1.17961288e-05  8.27716615e-06
291.826  4.73105240e-06  1.34993014e-05
292.068 -3.98699911e-06  1.36155911e-05
292.309 -1.10753227e-05  8.66532301e-06
292.551 -1.39147103e-05  5.81809176e-07
292.793 -1.15254556e-05 -7.56039825e-06
293.035 -4.90096876e-06 -1.27201922e-05
293.276  3.39896938e-06 -1.30360848e-05
293.518  1.02378918e-05 -8.49715243e-06
293.760  1.30981246e-05 -9.09748131e-07
294.002  1.10097442e-05  6.81617954e-06
294.244  4.87858601e-06  1.17909598e-05
294.485 -2.89315710e-06  1.22298037e-05
294.727 -9.35141705e-06  8.09369721e-06
294.969 -1.21172999e-05  1.06534571e-06
295.211 -1.02634737e-05 -6.13215789e-06
295.452 -4.62940003e-06 -1.07934860e-05
295.694  2.54452645e-06 -1.12466390e-05
295.936  8.50834646e-06 -7.45858174e-06
296.178  1.10533957e-05 -1.00244987e-06
296.420  9.33426282e-06  5.59176793e-06
296.661  4.15281399e-06  9.82315288e-06
296.903 -2.40230065e-06  1.01685372e-05
297.145 -7.78975461e-06  6.63777721e-06
297.387 -9.99619443e-06  7.18141667e-07
297.628 -8.29508212e-06 -5.24171294e-06
297.870 -3.48255166e-06 -8.95416437e-06
298.112  2.47915569e-06 -9.07395546e-06
298.354  7.24828019e-06 -5.68675226e-06
298.596  9.02186905e-06 -2.27262319e-07
298.837  7.21901667e-06  5.11219389e-06
299.079  2.66414447e-06  8.25530294e-06
299.321 -2.77134386e-06  8.04950748e-06
299.563 -6.92672936e-06  4.68362840e-06
299.804 -8.20908437e-06 -4.21591587e-07
300.046 -6.19785145e-06 -5.19911480e-06
300.288 -1.77920782e-06 -7.76846697e-06
300.530  3.22929457e-06 -7.16861053e-06
300.772  6.82068920e-06 -3.71281593e-06
301.013  7.59508416e-06  1.15698181e-06
301.255  5.29689634e-06  5.46565903e-06
301.497  9.00079653e-07  7.49916592e-06
301.739 -3.79918551e-06  6.47488183e-06
301.980 -6.91179708e-06  2.84203381e-06
302.222 -7.20261798e-06 -1.91141455e-06
302.464 -4.57564555e-06 -5.86718338e-06
302.706 -1.04638155e-07 -7.43981328e-06
302.948  4.40848707e-06 -6.00386629e-06
303.189  7.15265714e-06 -2.14122446e-06
303.431  7.02468334e-06  2.60050586e-06
303.673  4.07014367e-06  6.32598762e-06
303.915 -5.40062503e-07  7.54054504e-06
304.156 -4.97701231e-06  5.74684733e-06
304.398 -7.47235438e-06  1.64100727e-06
304.640 -7.02051927e-06 -3.16520933e-06
304.882 -3.77814812e-06 -6.77349501e-06
305.124  9.99718745e-07 -7.74717141e-06
305.365  5.44556696e-06 -5.68043540e-06
305.607  7.80891631e-06 -1.35579441e-06
305.849  7.14633692e-06  3.55561011e-06
306.091  3.68840553e-06  7.14031377e-06
306.332 -1.24565184e-06  7.99211858e-06
306.574 -5.75235440e-06  5.75761080e-06
306.816 -8.08474093e-06  1.27471444e-06
307.058 -7.32792595e-06 -3.74266240e-06
307.300 -3.75064103e-06 -7.36722778e-06
307.541  1.29071065e-06 -8.20152801e-06
307.783  5.87305704e-06 -5.91095437e-06
308.025  8.24692133e-06 -1.35699054e-06
308.267  7.50093040e-06  3.73151649e-06
308.508  3.91160456e-06  7.42378362e-06
308.750 -1.16100270e-06  8.31909451e-06
308.992 -5.79839474e-06  6.07860218e-06
309.234 -8.25137255e-06  1.55483195e-06
309.476 -7.60053671e-06 -3.54127135e-06
309.717 -4.10499609e-06 -7.29184886e-06
309.959  9.06375239e-07 -8.29463908e-06
310.201  5.54588719e-06 -6.19334178e-06
310.443  8.07863147e-06 -1.80156288e-06
310.684  7.57808095e-06  3.21810548e-06
310.926  4.26649849e-06  6.98363451e-06
311.168 -5.86886824e-07  8.10544739e-06
311.410 -5.15191683e-06  6.20423708e-06
311.652 -7.73207814e-06  2.03374276e-06
311.893 -7.40249043e-06 -2.81669955e-06
312.135 -4.33890661e-06 -6.52952547e-06
312.377  2.67147451e-07 -7.74849645e-06
312.619  4.67013196e-06 -6.07422616e-06
312.860  7.23971475e-06 -2.19276744e-06
313.102  7.06687093e-06  2.39979105e-06
313.344  4.28438710e-06  5.97926105e-06
313.586 -2.90983730e-09  7.24467319e-06
313.828 -4.15812104e-06  5.79016682e-06
314.069 -6.64174940e-06  2.23760383e-06
314.311 -6.58090389e-06 -2.02450841e-06
314.553 -4.08022579e-06 -5.38737314e-06
314.795 -1.55828173e-07 -6.62753543e-06
315.036  3.67881482e-06 -5.35527687e-06
315.278  5.99426245e-06 -2.13854635e-06
315.520  5.97906616e-06  1.74640053e-06
315.762  3.72968931e-06  4.81815979e-06
316.004  1.79595242e-07  5.95322536e-06
316.245 -3.28342567e-06  4.80311580e-06
316.487 -5.35470182e-06  1.89697516e-06
316.729 -5.30893035e-06 -1.59335533e-06
316.971 -3.25497708e-06 -4.31772255e-06
317.212 -5.97480430e-08 -5.27156751e-06
317.454  3.00685726e-06 -4.16904254e-06
317.696  4.77420912e-06 -1.52121963e-06
317.938  4.62062161e-06  1.58671183e-06
318.180  2.68813058e-06  3.93348243e-06
318.421 -1.98976922e-07  4.64320011e-06
318.663 -2.87525032e-06  3.50884605e-06
318.905 -4.30396506e-06  1.04843517e-06
319.147 -3.97505787e-06 -1.71787298e-06
319.388 -2.08450411e-06 -3.68773776e-06
319.630  5.60808257e-07 -4.11189647e-06
319.872  2.88223828e-06 -2.87425841e-06
320.114  3.96517204e-06 -5.23311613e-07
320.356  3.41197935e-06  1.96422942e-06
320.597  1.48952130e-06  3.58574615e-06
320.839 -9.91721290e-07  3.70783148e-06
321.081 -3.01719972e-06  2.31217069e-06
321.323 -3.77412532e-06 -6.26939532e-09
321.564 -2.97261113e-06 -2.29264117e-06
321.806 -9.58076076e-07 -3.61826500e-06
322.048  1.43940883e-06 -3.45027460e-06
322.290  3.24324407e-06 -1.86585448e-06
322.532  3.71958815e-06  4.86445903e-07
322.773  2.67451146e-06  2.65235455e-06
323.015  5.28704295e-07  3.75125297e-06
323.257 -1.85595400e-06  3.33189846e-06
323.499 -3.51705229e-06  1.55391459e-06
323.740 -3.77744251e-06 -8.79809492e-07
323.982 -2.51889839e-06 -2.99856521e-06
324.224 -2.26574702e-07 -3.94861985e-06
324.466  2.19881545e-06 -3.33690536e-06
324.708  3.79309070e-06 -1.38528457e-06
324.949  3.91375419e-06  1.15320722e-06
325.191  2.49268085e-06  3.28372389e-06
325.433  6.50621365e-08  4.16306261e-06
325.675 -2.43146237e-06  3.43032668e-06
325.916 -4.02337221e-06  1.34792660e-06
326.158 -4.08142357e-06 -1.29188701e-06
326.400 -2.56296376e-06 -3.47265684e-06
326.642 -3.56271681e-08 -4.34892923e-06
326.884  2.53792049e-06 -3.56920172e-06
327.125  4.17289569e-06 -1.41578833e-06
327.367  4.23667053e-06  1.29855748e-06
327.609  2.69247049e-06  3.54476522e-06
327.851  1.18692528e-07  4.46759326e-06
328.092 -2.51482745e-06  3.71014334e-06
328.334 -4.21470133e-06  1.55431354e-06
328.576 -4.33760561e-06 -1.18961965e-06
328.818 -2.83762572e-06 -3.49190194e-06
329.060 -2.80448547e-07 -4.48876554e-06
329.301  2.37541637e-06 -3.81097314e-06
329.543  4.13715209e-06 -1.72063301e-06
329.785  4.35294238e-06  9.95624971e-07
330.027  2.95609534e-06  3.32222472e-06
330.268  4.80011731e-07  4.39740830e-06
330.510 -2.14538533e-06  3.83767544e-06
330.752 -3.94423571e-06  1.87112955e-06
330.994 -4.26398604e-06 -7.55272421e-07
331.236 -3.01084176e-06 -3.05877149e-06
331.477 -6.74338247e-07 -4.19508209e-06
331.719  1.86114253e-06 -3.76883939e-06
331.961  3.65641617e-06 -1.96916112e-06
332.203  4.06835683e-06  5.08476525e-07
332.444  2.97837367e-06  2.73391762e-06
332.686  8.27768151e-07  3.89579307e-06
332.928 -1.56040736e-06  3.59560181e-06
333.170 -3.30090878e-06  1.98722386e-06
333.412 -3.77299609e-06 -2.94016736e-07
333.653 -2.84409874e-06 -2.38596053e-06
333.895 -9.07288423e-07 -3.52432359e-06
334.137  1.28608113e-06 -3.32282998e-06
334.379  2.91690564e-06 -1.90851459e-06
334.620  3.40329638e-06  1.46819645e-07
334.862  2.61345760e-06  2.05658840e-06
335.104  8.96290260e-07  3.11755046e-06
335.346 -1.06993880e-06  2.97347153e-06
335.588 -2.54069574e-06  1.73487582e-06
335.829 -2.98996105e-06 -8.49708550e-08
336.071 -2.30088288e-06 -1.77615887e-06
336.313 -7.88335181e-07 -2.70909243e-06
336.555  9.36043069e-07 -2.57239668e-06
336.796  2.20784198e-06 -1.47306219e-06
337.038  2.56912885e-06  1.21550464e-07
337.280  1.93087661e-06  1.57559112e-06
337.522  5.90034311e-07  2.34010186e-06
337.764 -8.98212875e-07  2.15845877e-06
338.005 -1.94989128e-06  1.15024804e-06
338.247 -2.17983048e-06 -2.47530737e-07
338.489 -1.53953485e-06 -1.46671755e-06
338.731 -3.25657492e-07 -2.03736754e-06
338.972  9.51436562e-07 -1.76416189e-06
339.214  1.78056187e-06 -7.95311916e-07
339.456  1.84826344e-06  4.48151662e-07
339.698  1.15768345e-06  1.45365262e-06
339.940  1.92761076e-08  1.82173450e-06
340.181 -1.08736484e-06  1.42227347e-06
340.423 -1.70950503e-06  4.42945167e-07
340.665 -1.60127191e-06 -6.98136035e-07
340.907 -8.22768060e-07 -1.52669594e-06
341.148  2.92439366e-07 -1.70244488e-06
341.390  1.27878373e-06 -1.15916931e-06
341.632  1.72576237e-06 -1.27611366e-07
341.874  1.44748293e-06  9.64201123e-07
342.116  5.58121795e-07  1.66243954e-06
342.357 -5.79301980e-07  1.67364621e-06
342.599 -1.49730643e-06  9.86707128e-07
342.841 -1.81307729e-06 -1.25978767e-07
343.083 -1.38774314e-06 -1.21556318e-06
343.324 -3.80694614e-07 -1.83483776e-06
343.566  8.11804037e-07 -1.72267543e-06
343.808  1.70997716e-06 -9.08530103e-07
344.050  1.94555270e-06  2.97505500e-07
344.292  1.40936245e-06  1.42081653e-06
344.533  2.95187962e-07  2.01161924e-06
344.775 -9.68802764e-07  1.82442020e-06
345.017 -1.88706059e-06  9.13785445e-07
345.259 -2.09301706e-06 -3.79704196e-07
345.500 -1.49020640e-06 -1.55848687e-06
345.742 -2.95312580e-07 -2.16364302e-06
345.984  1.04001382e-06 -1.95007665e-06
346.226  2.00530029e-06 -9.84077037e-07
346.468  2.22507911e-06  3.75501140e-07
346.709  1.60297261e-06  1.61605774e-06
346.951  3.65083956e-07  2.26544472e-06
347.193 -1.02669038e-06  2.06954467e-06
347.435 -2.04992115e-06  1.09432876e-06
347.676 -2.31571126e-06 -2.98906234e-07
347.918 -1.71951714e-06 -1.59170388e-06
348.160 -4.81605065e-07 -2.29969921e-06
348.402  9.39253829e-07 -2.15680012e-06
348.644  2.01474527e-06 -1.21694720e-06
348.885  2.34528176e-06  1.70911440e-07
349.127  1.81216129e-06  1.49212012e-06
349.369  6.16539063e-07  2.25774567e-06
349.611 -7.97054936e-07  2.19041720e-06
349.852 -1.90521826e-06  1.32279841e-06
350.094 -2.30466034e-06 -1.87726883e-08
350.336 -1.85890769e-06 -1.33503944e-06
350.578 -7.42616996e-07 -2.14414075e-06
350.820  6.23893003e-07 -2.15986971e-06
351.061  1.73591305e-06 -1.39043064e-06
351.303  2.19415509e-06 -1.33222999e-07
351.545  1.84580160e-06  1.14096007e-06
351.787  8.37522129e-07  1.96849529e-06
352.028 -4.44297895e-07  2.05981225e-06
352.270 -1.52585165e-06  1.40216362e-06
352.512 -2.01999048e-06  2.59503013e-07
352.754 -1.76516092e-06 -9.36567853e-07
352.996 -8.81511117e-07 -1.74958618e-06
353.237  2.85635244e-07 -1.89658651e-06
353.479  1.30111978e-06 -1.35082655e-06
353.721  1.80006103e-06 -3.40582578e-07
353.963  1.62302653e-06  7.46676088e-07
354.204  8.66556404e-07  1.50974424e-06
354.446 -1.66257080e-07  1.68467231e-06
354.688 -1.08324716e-06  1.23797257e-06
354.930 -1.55315546e-06  3.64973824e-07
355.172 -1.42859169e-06 -5.90666223e-07
355.413 -7.88408156e-07 -1.27095768e-06
355.655  1.01628752e-07 -1.44140092e-06
355.897  8.95291829e-07 -1.06949513e-06
356.139  1.30368884e-06 -3.26067229e-07
356.380  1.19927262e-06  4.86410388e-07
356.622  6.53403568e-07  1.05841709e-06
356.864 -9.78619615e-08  1.19104080e-06
357.106 -7.54967996e-07  8.62555438e-07
357.348 -1.07451229e-06  2.30292191e-07
357.589 -9.56094566e-07 -4.40594820e-07
357.831 -4.75705571e-07 -8.88475546e-07
358.073  1.52713065e-07 -9.53280352e-07
358.315  6.72101783e-07 -6.34813390e-07
358.556  8.83017970e-07 -8.66146095e-08
358.798  7.19403632e-07  4.56578719e-07
359.040  2.71664885e-07  7.74952120e-07
359.282 -2.60191497e-07  7.49444085e-07
359.524 -6.52155661e-07  4.09231772e-07
359.765 -7.45425786e-07 -8.82032887e-08
360.007 -5.12580693e-07 -5.27596691e-07
360.249 -6.40865104e-08 -7.22795621e-07
360.491  4.03742316e-07 -5.95628246e-07
360.732  6.88576247e-07 -2.06990486e-07
360.974  6.67767327e-07  2.74228774e-07
361.216  3.51052613e-07  6.39911195e-07
361.458 -1.27881608e-07  7.29641215e-07
361.700 -5.65569206e-07  5.01101314e-07
361.941 -7.71614044e-07  4.50878833e-08
362.183 -6.51932562e-07 -4.50878196e-07
362.425 -2.46942589e-07 -7.76220251e-07
362.667  2.84257159e-07 -7.87647894e-07
362.908  7.23504190e-07 -4.68812429e-07
363.150  8.84449194e-07  6.28425215e-08
363.392  6.90218140e-07  5.97162898e-07
363.634  2.03877027e-07  9.15558413e-07
363.876 -3.90358005e-07  8.81281395e-07
364.117 -8.57532983e-07  4.92749300e-07
364.359 -1.00762890e-06 -1.10413545e-07
364.601 -7.68833569e-07 -6.97199196e-07
364.843 -2.19188140e-07 -1.03767294e-06
365.084  4.37240360e-07 -9.90926135e-07
365.326  9.50398987e-07 -5.60857061e-07
365.568  1.11941221e-06  9.83772966e-08
365.810  8.68518354e-07  7.41258907e-07
366.052  2.82295230e-07  1.12418561e-06
366.293 -4.25030210e-07  1.09513964e-06
366.535 -9.91208162e-07  6.56014851e-07
366.777 -1.20095103e-06 -3.55661920e-08
367.019 -9.69548357e-07 -7.27017700e-07
367.260 -3.77909335e-07 -1.16151238e-06
367.502  3.59980420e-07 -1.17441034e-06
367.744  9.73883250e-07 -7.58305927e-07
367.986  1.23632867e-06 -6.30730846e-08
368.228  1.05071070e-06  6.58607776e-07
368.469  4.84507833e-07  1.14211346e-06
368.711 -2.56727561e-07  1.21211585e-06
368.953 -9.02179217e-07  8.45518131e-07
369.195 -1.21853010e-06  1.76783351e-07
369.436 -1.09544339e-06 -5.49071603e-07
369.678 -5.81411016e-07 -1.06898501e-06
369.920  1.32866047e-07 -1.19988877e-06
370.162  7.86379379e-07 -9.00623290e-07
370.404  1.14693946e-06 -2.86545793e-07
370.645  1.09165517e-06  4.14219727e-07
370.887  6.49840670e-07  9.49604614e-07
371.129 -8.80224185e-09  1.13311462e-06
371.371 -6.42923215e-07  9.08847158e-07
371.612 -1.02783163e-06  3.71247801e-07
371.854 -1.03414320e-06 -2.76646986e-07
372.096 -6.74862308e-07 -8.00694432e-07
372.338 -9.38248368e-08 -1.01839816e-06
372.580  4.93199257e-07 -8.65992325e-07
372.821  8.76124153e-07 -4.16398778e-07
373.063  9.28455651e-07  1.56046570e-07
373.305  6.50535709e-07  6.40302849e-07
373.547  1.59777445e-07  8.67730595e-07
373.788 -3.55687369e-07  7.73712405e-07
374.030 -7.08595393e-07  4.12190240e-07
374.272 -7.84131833e-07 -6.96365138e-08
374.514 -5.74967674e-07 -4.88644087e-07
374.756 -1.76983576e-07 -6.98685479e-07
374.997  2.49704899e-07 -6.40535374e-07
375.239  5.47277949e-07 -3.56334711e-07
375.481  6.18632353e-07  2.97043106e-08
375.723  4.56675356e-07  3.65586795e-07
375.964  1.43559909e-07  5.32079885e-07
376.206 -1.87776964e-07  4.82242028e-07
376.448 -4.10749805e-07  2.56227429e-07
376.690 -4.50296906e-07 -4.00865593e-08
376.932 -3.09317401e-07 -2.84574556e-07
377.173 -6.36624610e-08 -3.85674818e-07
377.415  1.76866473e-07 -3.16371422e-07
377.657  3.13846511e-07 -1.23419433e-07
377.899  2.98169766e-07  9.96987520e-08
378.140  1.50641160e-07  2.54386985e-07
378.382 -5.26613772e-08  2.76093326e-07
378.624 -2.16728302e-07  1.63295365e-07
378.866 -2.66164583e-07 -2.49763376e-08
379.108 -1.79875996e-07 -1.98996316e-07
379.349 -1.32420235e-10 -2.75110403e-07
379.591  1.89625416e-07 -2.13910852e-07
379.833  2.98867232e-07 -4.00058164e-08
380.075  2.69834871e-07  1.71171362e-07
380.316  1.06981446e-07  3.23689893e-07
380.558 -1.25742368e-07  3.41040143e-07
380.800 -3.29922153e-07  2.03865531e-07
381.042 -4.10898211e-07 -4.09040366e-08
381.284 -3.21857504e-07 -2.97699397e-07
381.525 -8.56654156e-08 -4.56705230e-07
381.767  2.12945945e-07 -4.41627079e-07
382.009  4.55375047e-07 -2.44066937e-07
382.251  5.37078079e-07  7.20968218e-08
382.492  4.12902279e-07  3.89442621e-07
382.734  1.15309828e-07  5.80866213e-07
382.976 -2.52297127e-07  5.62622100e-07
383.218 -5.50779183e-07  3.26707866e-07
383.460 -6.61160137e-07 -5.15687885e-08
383.701 -5.29658099e-07 -4.35732230e-07
383.943 -1.90479126e-07 -6.80855701e-07
384.185  2.39730265e-07 -6.87681911e-07
384.427  6.04901246e-07 -4.39923957e-07
384.668  7.67313056e-07 -1.72916643e-08
384.910  6.56692388e-07  4.31780072e-07
385.152  3.01683924e-07  7.44787160e-07
385.394 -1.77098992e-07  8.01390855e-07
385.636 -6.11421811e-07  5.70803625e-07
385.877 -8.42580828e-07  1.27377606e-07
386.119 -7.79842163e-07 -3.76909780e-07
386.361 -4.37827429e-07 -7.63492931e-07
386.603  6.94296619e-08 -8.89971540e-07
386.844  5.66540846e-07 -7.05430493e-07
387.086  8.76029141e-07 -2.68086157e-07
387.328  8.84929138e-07  2.74168181e-07
387.570  5.84759930e-07  7.31739839e-07
387.812  7.40742700e-08  9.42586365e-07
388.053 -4.71590919e-07  8.29908120e-07
388.295 -8.62198739e-07  4.27170586e-07
388.537 -9.61160933e-07 -1.29605868e-07
388.779 -7.30081627e-07 -6.48764930e-07
389.020 -2.44777126e-07 -9.51890850e-07
389.262  3.29276314e-07 -9.32512366e-07
389.504  7.96915549e-07 -5.93855955e-07
389.746  9.97898290e-07 -5.03246116e-08
389.988  8.61151171e-07  5.14760713e-07
390.229  4.32113326e-07  9.10453682e-07
390.471 -1.45456683e-07  1.00110972e-06
390.713 -6.78465921e-07  7.55485477e-07
390.955 -9.86807736e-07  2.55391376e-07
391.196 -9.66681172e-07 -3.33651839e-07
391.438 -6.24717863e-07 -8.14767230e-07
391.680 -7.27169553e-08 -1.02738706e-06
391.922  5.06781680e-07 -9.01405065e-07
392.164  9.21808613e-07 -4.76698344e-07
392.405  1.03636392e-06  1.08128362e-07
392.647  8.11445605e-07  6.60880793e-07
392.889  3.18551206e-07  1.00164520e-06
393.131 -2.81983851e-07  1.01843895e-06
393.372 -7.96278715e-07  7.03008771e-07
393.614 -1.05769647e-06  1.56144374e-07
393.856 -9.78687385e-07 -4.47564819e-07
394.098 -5.82055659e-07 -9.15069003e-07
394.340  8.01142277e-09 -1.09359972e-06
394.581  6.05901118e-07 -9.22351763e-07
394.823  1.01960135e-06 -4.51556116e-07
395.065  1.11350693e-06  1.74572288e-07
395.307  8.52350813e-07  7.58818843e-07
395.548  3.10731098e-07  1.11329390e-06
395.790 -3.45605713e-07  1.12040012e-06
396.032 -9.09599492e-07  7.67895982e-07
396.274 -1.19956302e-06  1.57001973e-07
396.516 -1.11392140e-06 -5.24629962e-07
396.757 -6.65980805e-07 -1.06233387e-06
396.999  1.36162128e-08 -1.27890444e-06
397.241  7.16617347e-07 -1.09084882e-06
397.483  1.21886421e-06 -5.41934429e-07
397.724  1.34837807e-06  2.07288442e-07
397.966  1.04586851e-06  9.25438281e-07
398.208  3.88237108e-07  1.37748231e-06
398.450 -4.30516459e-07  1.40262482e-06
398.692 -1.15178181e-06  9.70435841e-07
398.933 -1.53384444e-06  1.95623656e-07
399.175 -1.43291144e-06 -6.87340640e-07
399.417 -8.52972221e-07 -1.39352035e-06
399.659  4.38156867e-08 -1.68016376e-06
