0.235  6.21649057e-03 -9.84595380e-04
0.470  3.57484752e-03  9.15304861e-04
0.706  1.90309690e-03  1.76290901e-03
0.941  5.47575775e-04  1.92600717e-03
1.176 -4.68542800e-04  1.52636939e-03
1.411 -1.03881450e-03  8.60497770e-04
1.647 -1.16094724e-03  1.25423281e-04
1.882 -8.73863999e-04 -4.85330579e-04
2.117 -3.85027520e-04 -8.01276270e-04
2.352  1.34174983e-04 -8.01179299e-04
2.588  5.21972051e-04 -4.96896681e-04
2.823  6.54984884e-04 -1.12869509e-04
3.058  5.46889031e-04  2.66338835e-04
3.293  2.63181742e-04  4.95458758e-04
3.529 -5.38918837e-05  5.07132213e-04
3.764 -3.19122542e-04  3.49788142e-04
3.999 -4.52888203e-04  8.31568876e-05
4.234 -4.01050639e-04 -1.83491701e-04
4.470 -2.11368650e-04 -3.59369822e-04
4.705  3.35426192e-05 -3.87609561e-04
4.940  2.28195662e-04 -2.67137014e-04
5.175  3.34420211e-04 -6.99257869e-05
5.411  3.09941973e-04  1.36759004e-04
5.646  1.71994026e-04  2.71290534e-04
5.881 -1.76788640e-05  3.02213270e-04
6.116 -1.90177226e-04  2.21156803e-04
6.352 -2.73775080e-04  6.39122900e-05
6.587 -2.49402111e-04 -9.99747657e-05
6.822 -1.35112792e-04 -2.18202655e-04
7.057  2.34152913e-05 -2.46882282e-04
7.293  1.58224547e-04 -1.84820131e-04
7.528  2.23908602e-04 -5.61581259e-05
7.763  2.01859251e-04  8.76146539e-05
7.998  1.06197709e-04  1.89022935e-04
8.234 -2.72256476e-05  2.19244103e-04
8.469 -1.44190634e-04  1.62042596e-04
8.704 -1.99085797e-04  4.87839566e-05
8.939 -1.78096523e-04 -7.54893314e-05
9.174 -8.99689946e-05 -1.64326429e-04
9.410  2.31942545e-05 -1.83986041e-04
9.645  1.21032303e-04 -1.34870733e-04
9.880  1.69806942e-04 -3.76739065e-05
10.115  1.52995534e-04  6.63103079e-05
10.351  8.26039826e-05  1.39097766e-04
10.586 -1.27999228e-05  1.55239979e-04
10.821 -9.68154646e-05  1.10408863e-04
11.056 -1.39794407e-04  2.59576694e-05
11.292 -1.27235622e-04 -6.43802217e-05
11.527 -6.50891559e-05 -1.24516959e-04
11.762  2.02496047e-05 -1.32780381e-04
11.997  9.52289902e-05 -8.80180386e-05
12.233  1.30006424e-04 -1.01466533e-05
12.468  1.14060990e-04  6.96682068e-05
12.703  5.60070316e-05  1.21878112e-04
12.938 -2.10593121e-05  1.27661860e-04
13.174 -8.65204364e-05  8.71223428e-05
13.409 -1.16301487e-04  1.70612799e-05
13.644 -1.00569705e-04 -5.56553303e-05
13.879 -4.72281360e-05 -1.03956202e-04
14.115  2.23897720e-05 -1.11447704e-04
14.350  8.00965342e-05 -7.63718175e-05
14.585  1.03824241e-04 -1.44547102e-05
14.820  8.73113837e-05  4.94037334e-05
15.056  3.92525091e-05  9.17430401e-05
15.291 -2.07067574e-05  9.79841930e-05
15.526 -6.96246523e-05  6.69180142e-05
15.761 -8.94682245e-05  1.14833638e-05
15.997 -7.30590121e-05 -4.60584131e-05
16.232 -2.81671171e-05 -8.40473118e-05
16.467  2.73697414e-05 -8.87785021e-05
16.702  7.25359646e-05 -5.96570677e-05
16.938  9.08971371e-05 -9.41273687e-06
17.173  7.62392237e-05  4.22884691e-05
17.408  3.51936027e-05  7.54100542e-05
17.643 -1.56187941e-05  7.75736456e-05
17.878 -5.68069071e-05  4.91536455e-05
18.114 -7.28135787e-05  2.07348032e-06
18.349 -5.83671400e-05 -4.51732230e-05
18.584 -1.98728169e-05 -7.46896002e-05
18.819  2.75258979e-05 -7.59912077e-05
19.055  6.54000276e-05 -4.99986431e-05
19.290  7.96529526e-05 -7.55198061e-06
19.525  6.55432485e-05  3.46606860e-05
19.760  2.88071830e-05  6.03433186e-05
19.996 -1.63208192e-05  6.02413456e-05
20.231 -5.24766235e-05  3.49269051e-05
20.466 -6.62182622e-05 -5.45682184e-06
20.701 -5.30232831e-05 -4.49279342e-05
20.937 -1.86874570e-05 -6.83912109e-05
21.172  2.28068684e-05 -6.74424323e-05
21.407  5.53768756e-05 -4.31170063e-05
21.642  6.71610377e-05 -5.41663352e-06
21.878  5.45153648e-05  3.07746799e-05
22.113  2.32377720e-05  5.19463681e-05
22.348 -1.39591362e-05  5.05723426e-05
22.583 -4.28369751e-05  2.78159119e-05
22.819 -5.27833726e-05 -6.74646369e-06
23.054 -4.07860981e-05 -3.95608121e-05
23.289 -1.25123798e-05 -5.81684968e-05
23.524  2.05171171e-05 -5.58392519e-05
23.760  4.55134475e-05 -3.41864662e-05
23.995  5.31163269e-05 -2.08954737e-06
24.230  4.11367417e-05  2.80440193e-05
24.465  1.49121564e-05  4.48156526e-05
24.701 -1.51852379e-05  4.23957747e-05
24.936 -3.74539283e-05  2.25205090e-05
25.171 -4.35233046e-05 -6.70077773e-06
25.406 -3.15436628e-05 -3.38564929e-05
25.642 -6.34951999e-06 -4.86012178e-05
25.877  2.23044083e-05 -4.58236112e-05
26.112  4.34538817e-05 -2.71500406e-05
26.347  4.93808859e-05 -1.90814131e-07
26.582  3.83424118e-05  2.43657850e-05
26.818  1.49989066e-05  3.72678745e-05
27.053 -1.12477755e-05  3.40358693e-05
27.288 -3.02295368e-05  1.63674946e-05
27.523 -3.49796747e-05 -8.44534882e-06
27.759 -2.40135587e-05 -3.05733365e-05
27.994 -1.98834109e-06 -4.15968865e-05
28.229  2.22970183e-05 -3.73971508e-05
28.464  3.95619261e-05 -1.97588854e-05
28.700  4.33449797e-05  4.32500394e-06
28.935  3.24585248e-05  2.57350161e-05
29.170  1.14674907e-05  3.65778428e-05
29.405 -1.14520738e-05  3.30880211e-05
29.641 -2.76641987e-05  1.71966553e-05
29.876 -3.12226315e-05 -4.53533343e-06
30.111 -2.13363542e-05 -2.35636488e-05
30.346 -2.43207209e-06 -3.24989865e-05
30.582  1.78611634e-05 -2.81251744e-05
30.817  3.15058370e-05 -1.25043952e-05
31.052  3.32969556e-05  8.15040330e-06
31.287  2.28586355e-05  2.57667780e-05
31.523  4.42073741e-06  3.35898066e-05
31.758 -1.47644342e-05  2.89328780e-05
31.993 -2.72467765e-05  1.39151682e-05
32.228 -2.84808151e-05 -5.42228222e-06
32.464 -1.83275402e-05 -2.14129464e-05
32.699 -9.65304260e-07 -2.79819467e-05
32.934  1.66460899e-05 -2.28465736e-05
33.169  2.76962060e-05 -8.15040598e-06
33.405  2.81160765e-05  1.02778627e-05
33.640  1.78836090e-05  2.53572902e-05
33.875  1.12495945e-06  3.15651594e-05
34.110 -1.55904657e-05  2.67875874e-05
34.346 -2.59741055e-05  1.31625164e-05
34.581 -2.62393620e-05 -3.79283113e-06
34.816 -1.65619940e-05 -1.75981202e-05
35.051 -1.02838711e-06 -2.31868274e-05
35.286  1.42438952e-05 -1.87716556e-05
35.522  2.34373733e-05 -6.59390846e-06
35.757  2.31467862e-05  8.23749062e-06
35.992  1.37937746e-05  1.97959600e-05
36.227 -7.42288166e-07  2.34699321e-05
36.463 -1.47809467e-05  1.78663173e-05
36.698 -2.28788685e-05  5.24129977e-06
36.933 -2.20252038e-05 -9.59999632e-06
37.168 -1.27781482e-05 -2.10389327e-05
37.404  1.22445236e-06 -2.48570171e-05
37.639  1.46075752e-05 -1.99304939e-05
37.874  2.23208466e-05 -8.40616678e-06
38.109  2.17061100e-05  5.12873456e-06
38.345  1.33033281e-05  1.53554891e-05
38.580  5.55059699e-07  1.84487065e-05
38.815 -1.14443650e-05  1.34166404e-05
39.050 -1.80917501e-05  2.33032064e-06
39.286 -1.70006119e-05 -1.03845942e-05
39.521 -8.72109648e-06 -1.98047139e-05
39.756  3.39411362e-06 -2.24556790e-05
39.991  1.45824601e-05 -1.74444888e-05
40.227  2.06353333e-05 -6.85211833e-06
40.462  1.93357481e-05  5.10258034e-06
40.697  1.13212582e-05  1.38741641e-05
40.932 -1.36473636e-07  1.62132941e-05
41.168 -1.06067819e-05  1.13702766e-05
41.403 -1.61494221e-05  1.45023503e-06
41.638 -1.47389173e-05 -9.59934682e-06
41.873 -7.14289605e-06 -1.75294462e-05
42.109  3.53258740e-06 -1.93014827e-05
42.344  1.31410074e-05 -1.43580209e-05
42.579  1.79668887e-05 -4.74037352e-06
42.814  1.62462479e-05  5.85968266e-06
43.050  8.82669195e-06  1.34143307e-05
43.285 -1.35911437e-06  1.51654685e-05
43.520 -1.03637767e-05  1.07338381e-05
43.755 -1.47642511e-05  2.05535755e-06
43.990 -1.30885610e-05 -7.36323100e-06
44.226 -6.20812213e-06 -1.37735212e-05
44.461  3.05230285e-06 -1.47762040e-05
44.696  1.09479740e-05 -1.01277168e-05
44.931  1.44078716e-05 -1.72738780e-06
45.167  1.21699579e-05  7.03870648e-06
45.402  5.12536977e-06  1.27333514e-05
45.637 -3.94777147e-06  1.32225415e-05
45.872 -1.15418390e-05  8.34179138e-06
46.108 -1.48603384e-05  1.51384719e-08
46.343 -1.27386665e-05 -8.52396654e-06
46.578 -6.10408773e-06 -1.41178605e-05
46.813  2.37435696e-06 -1.47795558e-05
47.049  9.48092753e-06 -1.04272325e-05
47.284  1.26241323e-05 -2.96326301e-06
47.519  1.07630521e-05  4.62642775e-06
47.754  4.88099632e-06  9.42289171e-06
47.990 -2.53385290e-06  9.60312011e-06
48.225 -8.51410660e-06  5.22961014e-06
48.460 -1.06541832e-05 -1.86141794e-06
48.695 -8.11714869e-06 -8.88513772e-06
48.931 -1.92958798e-06 -1.30834444e-05
49.166  5.56395169e-06 -1.28362355e-05
49.401  1.15316429e-05 -8.31314154e-06
49.636  1.37569015e-05 -1.24812395e-06
49.872  1.15674022e-05  5.69602833e-06
50.107  5.94824740e-06  9.92515566e-06
50.342 -8.56636330e-07  1.00151883e-05
50.577 -6.15389716e-06  6.14857117e-06
50.813 -7.95414928e-06 -2.61911407e-08
51.048 -5.68336410e-06 -5.95936097e-06
51.283 -2.99093689e-07 -9.28821167e-06
51.518  6.00572059e-06 -8.75315745e-06
51.754  1.07243258e-05 -4.55779294e-06
51.989  1.20638378e-05  1.65138481e-06
52.224  9.51081121e-06  7.45492591e-06
52.459  4.05979469e-06  1.06968819e-05
52.694 -2.16148301e-06  1.02096645e-05
52.930 -6.83879079e-06  6.25659122e-06
53.165 -8.29241110e-06  4.73576639e-07
53.400 -6.07747302e-06 -4.89266766e-06
53.635 -1.22124998e-06 -7.83061398e-06
53.871  4.28661975e-06 -7.26400564e-06
54.106  8.29390663e-06 -3.54220463e-06
54.341  9.22435014e-06  1.77310582e-06
54.576  6.75399061e-06  6.59100954e-06
54.812  1.90393579e-06  9.00897599e-06
55.047 -3.46674432e-06  8.09526602e-06
55.282 -7.30514805e-06  4.26419167e-06
55.517 -8.17208054e-06 -1.01150316e-06
55.753 -5.85167991e-06 -5.72704777e-06
55.988 -1.31114883e-06 -8.10136979e-06
56.223  3.67211757e-06 -7.34647313e-06
56.458  7.15098243e-06 -3.87265896e-06
56.694  7.85340071e-06  9.12215541e-07
56.929  5.61358898e-06  5.08336276e-06
57.164  1.35637278e-06  7.02977290e-06
57.399 -3.19422621e-06  6.06474168e-06
57.635 -6.24832087e-06  2.58910898e-06
57.870 -6.67844659e-06 -2.00635602e-06
58.105 -4.34716277e-06 -5.91199210e-06
58.340 -1.94934852e-07 -7.67248168e-06
58.576  4.12174958e-06 -6.65068548e-06
58.811  6.96954686e-06 -3.27685244e-06
59.046  7.29793433e-06  1.08390001e-06
59.281  5.01480846e-06  4.76427018e-06
59.517  1.07822124e-06  6.40436259e-06
59.752 -2.96908974e-06  5.41616994e-06
59.987 -5.60575846e-06  2.27479526e-06
60.222 -5.84108847e-06 -1.73674212e-06
60.458 -3.65827167e-06 -5.07649662e-06
60.693  1.47509686e-08 -6.45739213e-06
60.928  3.74919035e-06 -5.38835686e-06
61.163  6.09560969e-06 -2.36689857e-06
61.398  6.16195073e-06  1.41738081e-06
61.634  3.99647063e-06  4.49545250e-06
61.869  4.64398026e-07  5.67661562e-06
62.104 -3.07176135e-06  4.57362915e-06
62.339 -5.24183051e-06  1.66414613e-06
62.575 -5.27440358e-06 -1.91565986e-06
62.810 -3.23609862e-06 -4.75512868e-06
63.045  4.95489158e-08 -5.78941378e-06
63.280  3.25817806e-06 -4.69077816e-06
63.516  5.13553962e-06 -1.91594902e-06
63.751  5.00165717e-06  1.41348108e-06
63.986  2.92309779e-06  3.97767880e-06
64.221 -2.73169166e-07  4.82268840e-06
64.457 -3.32228602e-06  3.64246788e-06
64.692 -5.08824571e-06  9.10850433e-07
64.927 -4.93429433e-06 -2.27595168e-06
65.162 -2.95279759e-06 -4.71095003e-06
65.398  2.37757739e-08 -5.50412419e-06
65.633  2.82807089e-06 -4.38324740e-06
65.868  4.40697891e-06 -1.85719069e-06
66.103  4.16630150e-06  1.04520671e-06
66.339  2.25768947e-06  3.20672769e-06
66.574 -5.15853158e-07  3.78287378e-06
66.809 -3.07438745e-06  2.57329724e-06
67.044 -4.41224532e-06  9.67840435e-08
67.280 -4.01035628e-06 -2.69147240e-06
67.515 -2.06540068e-06 -4.71850705e-06
67.750  6.73637241e-07 -5.20512891e-06
67.985  3.17058255e-06 -4.01861318e-06
68.221  4.47459274e-06 -1.64512061e-06
68.456  4.15219814e-06  1.00532731e-06
68.691  2.39761303e-06  2.90390488e-06
68.926 -8.01560133e-08  3.36567638e-06
69.162 -2.27579597e-06  2.28723183e-06
69.397 -3.33063673e-06  1.24035262e-07
69.632 -2.87198933e-06 -2.23254846e-06
69.867 -1.08174152e-06 -3.83418077e-06
70.102  1.33245176e-06 -4.08122814e-06
70.338  3.41840207e-06 -2.87857913e-06
70.573  4.40903016e-06 -6.93295476e-07
70.808  3.95436127e-06  1.60756695e-06
71.043  2.25216046e-06  3.16520230e-06
71.279  1.10496950e-08  3.41902782e-06
71.514 -1.89465201e-06  2.29357050e-06
71.749 -2.74963887e-06  2.79578885e-07
71.984 -2.22349594e-06 -1.81323672e-06
72.220 -5.51297553e-07 -3.18678009e-06
72.455  1.59255875e-06 -3.30076924e-06
72.690  3.40038872e-06 -2.12485633e-06
72.925  4.18071464e-06 -1.42046763e-07
73.161  3.65056989e-06  1.90332969e-06
73.396  2.06294496e-06  3.24204498e-06
73.631  3.43382958e-08  3.37998537e-06
73.866 -1.66382757e-06  2.32951400e-06
74.102 -2.38421576e-06  5.34037284e-07
74.337 -1.90866814e-06 -1.30027598e-06
74.572 -4.78198245e-07 -2.44016904e-06
74.807  1.32390623e-06 -2.46754810e-06
75.043  2.74905436e-06 -1.41222988e-06
75.278  3.22406716e-06  3.05268067e-07
75.513  2.57290038e-06  1.98481921e-06
75.748  1.02456624e-06  2.95061078e-06
75.984 -8.31105565e-07  2.83881965e-06
76.219 -2.28113020e-06  1.67238321e-06
76.454 -2.81159155e-06 -1.20863960e-07
76.689 -2.24510643e-06 -1.86003764e-06
76.925 -8.12525079e-07 -2.93324517e-06
77.160  9.04675187e-07 -2.98852119e-06
77.395  2.26138264e-06 -2.04836794e-06
77.630  2.77777042e-06 -5.43698785e-07
77.866  2.28424919e-06  9.08047846e-07
78.101  1.03379308e-06  1.75021028e-06
78.336 -4.33471041e-07  1.65069955e-06
78.571 -1.53364010e-06  6.73128342e-07
78.806 -1.81097764e-06 -7.60719193e-07
79.042 -1.14435138e-06 -2.08673176e-06
79.277  1.92785592e-07 -2.76855714e-06
79.512  1.69901170e-06 -2.51547529e-06
79.747  2.80408840e-06 -1.42895307e-06
79.983  3.07689750e-06  9.64326189e-08
80.218  2.43840652e-06  1.51149888e-06
80.453  1.14173617e-06  2.29244116e-06
80.688 -3.36646625e-07  2.19284661e-06
80.924 -1.43683885e-06  1.30573533e-06
81.159 -1.77666303e-06 -7.29324079e-09
81.394 -1.28948651e-06 -1.20929660e-06
81.629 -1.97901171e-07 -1.82884147e-06
81.865  1.03202262e-06 -1.65808825e-06
82.100  1.88693646e-06 -7.74542141e-07
82.335  2.04270578e-06  4.61092456e-07
82.570  1.43500788e-06  1.53960075e-06
82.806  2.94618352e-07  2.05205006e-06
83.041 -9.17278485e-07  1.80585846e-06
83.276 -1.74285819e-06  8.89963701e-07
83.511 -1.88147095e-06 -3.20356889e-07
83.747 -1.27750443e-06 -1.35723087e-06
83.982 -1.87063463e-07 -1.83967435e-06
84.217  9.55224953e-07 -1.57757003e-06
84.452  1.72486581e-06 -6.86588839e-07
84.688  1.82118955e-06  4.71648504e-07
84.923  1.21308994e-06  1.46876370e-06
85.158  1.56315525e-07  1.92721469e-06
85.393 -9.57183378e-07  1.67847199e-06
85.629 -1.71466173e-06  8.51869605e-07
85.864 -1.83579846e-06 -2.30775026e-07
86.099 -1.31892505e-06 -1.16234022e-06
86.334 -3.92912737e-07 -1.58487037e-06
86.570  5.75596867e-07 -1.37323860e-06
86.805  1.18872332e-06 -6.50348614e-07
87.040  1.21542856e-06  2.84622883e-07
87.275  6.68928808e-07  1.03032371e-06
87.510 -2.37622549e-07  1.27280841e-06
87.746 -1.13255137e-06  9.17051474e-07
87.981 -1.64675973e-06  7.59628920e-08
88.216 -1.58485993e-06 -9.40777045e-07
88.451 -9.51509084e-07 -1.74402899e-06
88.687  3.37677485e-08 -2.05635765e-06
88.922  1.00134017e-06 -1.77640557e-06
89.157  1.62067170e-06 -1.01467796e-06
89.392  1.69949075e-06 -8.31193765e-08
89.628  1.23555314e-06  6.70395274e-07
89.863  4.55570781e-07  9.88367896e-07
90.098 -3.08392422e-07  7.66902247e-07
90.333 -7.61175969e-07  1.33554327e-07
90.569 -7.15842775e-07 -6.21936201e-07
90.804 -1.97039264e-07 -1.19202452e-06
91.039  5.68408435e-07 -1.32817746e-06
91.274  1.28283174e-06 -9.55437033e-07
91.510  1.65763816e-06 -2.20975041e-07
91.745  1.52605459e-06  6.09517732e-07
91.980  9.41147655e-07  1.23188190e-06
92.215  1.12583349e-07  1.40391239e-06
92.451 -6.69128463e-07  1.07876396e-06
92.686 -1.11329783e-06  3.90363470e-07
92.921 -1.08003580e-06 -4.12592029e-07
93.156 -6.16799422e-07 -1.02383228e-06
93.392  9.17034835e-08 -1.22927599e-06
93.627  7.56831556e-07 -9.90836514e-07
93.862  1.11718699e-06 -4.18144039e-07
94.097  1.05971401e-06  2.43352641e-07
94.333  6.17940301e-07  7.11716903e-07
94.568 -2.26553622e-08  8.12622260e-07
94.803 -5.84273624e-07  5.07131540e-07
95.038 -8.46958776e-07 -8.99184753e-08
95.274 -7.06177872e-07 -7.27648093e-07
95.509 -2.00684672e-07 -1.15789640e-06
95.744  4.66456649e-07 -1.21954319e-06
95.979  1.03941865e-06 -8.73725508e-07
96.214  1.31392002e-06 -2.56486351e-07
96.450  1.17874074e-06  3.93116630e-07
96.685  6.90002643e-07  8.46983816e-07
96.920  4.60548199e-08  9.35152639e-07
97.155 -5.23662271e-07  6.30432966e-07
97.391 -8.10796081e-07  7.09923158e-08
97.626 -7.12219266e-07 -5.34839517e-07
97.861 -2.94962496e-07 -9.64384568e-07
98.096  2.71424458e-07 -1.05523008e-06
98.332  7.72122681e-07 -8.01863848e-07
98.567  1.00627147e-06 -3.24048365e-07
98.802  9.01436487e-07  1.88533531e-07
99.037  5.22270023e-07  5.17693739e-07
99.273  2.16198256e-08  5.34037525e-07
99.508 -3.83706358e-07  2.45307973e-07
99.743 -5.19137659e-07 -2.40580324e-07
99.978 -3.35009067e-07 -7.25290247e-07
100.214  1.12689151e-07 -1.00388924e-06
100.449  6.60995119e-07 -9.72089985e-07
100.684  1.09387764e-06 -6.29525469e-07
100.919  1.26096631e-06 -8.88035054e-08
101.155  1.10597063e-06  4.45398236e-07
101.390  6.80958586e-07  7.91904662e-07
101.625  1.57062695e-07  8.46079475e-07
101.860 -2.73722260e-07  5.97838848e-07
102.096 -4.72112414e-07  1.68530779e-07
102.331 -3.72840732e-07 -2.58382260e-07
102.566 -3.94295359e-08 -5.24292744e-07
102.801  3.68979191e-07 -5.20596012e-07
103.037  6.88538904e-07 -2.51940118e-07
103.272  7.80670909e-07  1.58593075e-07
103.507  5.94834357e-07  5.53779230e-07
103.742  2.09153447e-07  7.77832717e-07
103.978 -2.36905645e-07  7.31648911e-07
104.213 -5.83481304e-07  4.41692599e-07
104.448 -6.93559635e-07  1.84568187e-08
104.683 -5.39748649e-07 -3.87928211e-07
104.918 -1.94335865e-07 -6.17177112e-07
105.154  2.14924139e-07 -5.91513162e-07
105.389  5.21229723e-07 -3.39184020e-07
105.624  6.05407499e-07  4.45316518e-08
105.859  4.50302935e-07  4.03093837e-07
106.095  1.12614660e-07  5.89213152e-07
106.330 -2.75583005e-07  5.43304074e-07
106.565 -5.54150203e-07  2.81323884e-07
106.800 -6.27385372e-07 -9.97626398e-08
107.036 -4.71664166e-07 -4.42896864e-07
107.271 -1.42345036e-07 -6.25631643e-07
107.506  2.21503376e-07 -5.89040769e-07
107.741  4.82063219e-07 -3.44879118e-07
107.977  5.51603710e-07 -1.75942547e-09
108.212  4.00234600e-07  2.99692699e-07
108.447  9.70110496e-08  4.51263109e-07
108.682 -2.27361341e-07  3.86994809e-07
108.918 -4.53541434e-07  1.31573691e-07
109.153 -4.87539352e-07 -2.05962630e-07
109.388 -3.08962255e-07 -5.05076861e-07
109.623  5.11358651e-09 -6.53701061e-07
109.859  3.43483749e-07 -5.90261163e-07
110.094  5.87604372e-07 -3.52803593e-07
110.329  6.43408450e-07 -3.36324829e-08
110.564  5.07591275e-07  2.53683374e-07
110.800  2.46504537e-07  3.94450763e-07
111.035 -4.07227573e-08  3.46430813e-07
111.270 -2.31522902e-07  1.46116243e-07
111.505 -2.50664840e-07 -1.28144204e-07
111.741 -1.03354518e-07 -3.57342220e-07
111.976  1.56656685e-07 -4.41003741e-07
112.211  4.23647949e-07 -3.52958096e-07
112.446  5.81200266e-07 -1.19776379e-07
112.682  5.73371287e-07  1.74536652e-07
112.917  3.98123355e-07  4.08640815e-07
113.152  1.10867136e-07  5.01053308e-07
113.387 -1.74500857e-07  4.21545729e-07
113.622 -3.58627890e-07  1.92564166e-07
113.858 -3.86558621e-07 -9.15848320e-08
114.093 -2.47536877e-07 -3.24103769e-07
114.328 -7.06431522e-09 -4.31648639e-07
114.563  2.31483812e-07 -3.74248468e-07
114.799  3.83908209e-07 -1.83732428e-07
115.034  3.87718823e-07  4.95566833e-08
115.269  2.40407524e-07  2.37937430e-07
115.504  1.16422653e-08  3.04090908e-07
115.740 -2.14083376e-07  2.13740892e-07
115.975 -3.52237018e-07  1.00986860e-08
116.210 -3.41843218e-07 -2.31895195e-07
116.445 -1.96049239e-07 -4.28041282e-07
116.681  2.56083337e-08 -4.98173354e-07
116.916  2.46222252e-07 -4.24853507e-07
117.151  3.75459948e-07 -2.47714101e-07
117.386  3.67861544e-07 -3.07786431e-08
117.622  2.40288525e-07  1.34760406e-07
117.857  3.99165415e-08  1.80679028e-07
118.092 -1.49732292e-07  1.00050857e-07
118.327 -2.44856024e-07 -7.90270923e-08
118.563 -2.15385018e-07 -2.87602741e-07
118.798 -6.93435285e-08 -4.34580730e-07
119.033  1.44122453e-07 -4.69021281e-07
119.268  3.35682796e-07 -3.78937674e-07
119.504  4.37873137e-07 -1.90326183e-07
119.739  4.20169562e-07  1.82560543e-08
119.974  2.84419538e-07  1.69113693e-07
120.209  9.05980602e-08  2.16151700e-07
120.445 -8.10170165e-08  1.38549243e-07
120.680 -1.73066303e-07 -2.78184775e-08
120.915 -1.45795823e-07 -2.08079506e-07
121.150 -8.44661409e-09 -3.38703244e-07
121.386  1.76900722e-07 -3.66228177e-07
121.621  3.46033120e-07 -2.73734850e-07
121.856  4.37925642e-07 -1.04436899e-07
122.091  4.12997786e-07  8.23048556e-08
122.326  2.91832292e-07  2.24318163e-07
122.562  1.24196911e-07  2.65393728e-07
122.797 -3.21777101e-08  2.02571468e-07
123.032 -1.11717683e-07  7.26761628e-08
123.267 -8.95270676e-08 -7.49270040e-08
123.503  1.25318397e-08 -1.72317011e-07
123.738  1.55665783e-07 -1.75869422e-07
123.973  2.75498317e-07 -9.11204712e-08
124.208  3.13828784e-07  5.51030078e-08
124.444  2.58833947e-07  2.06963958e-07
124.679  1.24040681e-07  2.97014842e-07
124.914 -4.76862716e-08  2.96061250e-07
125.149 -1.86387020e-07  2.03261491e-07
125.385 -2.47458719e-07  4.49319983e-08
125.620 -2.15682041e-07 -1.14129942e-07
125.855 -9.89997205e-08 -2.18286701e-07
126.090  5.01327468e-08 -2.39668571e-07
126.326  1.71010005e-07 -1.68562712e-07
126.561  2.26134469e-07 -4.00094185e-08
126.796  1.90951785e-07  8.64063891e-08
127.031  8.05839172e-08  1.66953201e-07
127.267 -5.22235981e-08  1.66078488e-07
127.502 -1.60921175e-07  7.87709842e-08
127.737 -2.03101214e-07 -5.40640810e-08
127.972 -1.55347744e-07 -1.86587907e-07
128.208 -4.27179736e-08 -2.73730706e-07
128.443  9.33933449e-08 -2.77228192e-07
128.678  2.09403312e-07 -2.03949908e-07
128.913  2.57375546e-07 -8.74065473e-08
129.149  2.25920676e-07  3.38287238e-08
129.384  1.38136199e-07  1.08001864e-07
129.619  2.52560194e-08  1.07437112e-07
129.854 -6.25769428e-08  4.32512463e-08
130.090 -8.47729250e-08 -6.18429022e-08
130.325 -3.96131402e-08 -1.63677292e-07
130.560  5.92544751e-08 -2.12956952e-07
130.795  1.76913949e-07 -1.94842528e-07
131.030  2.60266159e-07 -1.13490819e-07
131.266  2.82048044e-07  7.85634363e-09
131.501  2.36756454e-07  1.17823877e-07
131.736  1.34628647e-07  1.78940750e-07
131.971  1.98455792e-08  1.76580782e-07
132.207 -6.35287397e-08  1.08127241e-07
132.442 -9.30442384e-08  6.13339566e-09
132.677 -5.48011325e-08 -8.31232333e-08
132.912  3.30313439e-08 -1.31107665e-07
133.148  1.26471639e-07 -1.15050663e-07
133.383  1.92813314e-07 -3.76597821e-08
133.618  2.03073205e-07  6.37930575e-08
133.853  1.44878490e-07  1.54743526e-07
134.089  4.46882843e-08  2.02840655e-07
134.324 -6.40231748e-08  1.82592547e-07
134.559 -1.48668678e-07  1.06565919e-07
134.794 -1.74279642e-07  3.90945887e-09
135.030 -1.38327984e-07 -9.56671899e-08
135.265 -6.28906751e-08 -1.52613564e-07
135.500  2.75791927e-08 -1.50365002e-07
135.735  9.39858596e-08 -1.02310327e-07
135.971  1.08507693e-07 -2.66059474e-08
136.206  7.52256255e-08  4.20701126e-08
136.441  6.05348324e-09  6.81259588e-08
136.676 -7.12353305e-08  4.61287812e-08
136.912 -1.16899643e-07 -1.79272337e-08
137.147 -1.15996107e-07 -1.04550561e-07
137.382 -6.86051490e-08 -1.73599963e-07
137.617  1.48148053e-08 -2.01215914e-07
137.853  9.76893644e-08 -1.81331467e-07
138.088  1.48977330e-07 -1.15173525e-07
138.323  1.56484386e-07 -3.19099177e-08
138.558  1.12780780e-07  3.31919425e-08
138.794  3.65752932e-08  6.23961437e-08
139.029 -3.64279118e-08  4.10100461e-08
139.264 -8.41719435e-08 -2.44477301e-08
139.499 -8.67704264e-08 -1.01882701e-07
139.734 -3.84560434e-08 -1.66683753e-07
139.970  3.59204658e-08 -1.96218929e-07
140.205  1.11269155e-07 -1.73965838e-07
140.440  1.64643825e-07 -1.14878734e-07
140.675  1.71606446e-07 -4.24237441e-08
140.911  1.35925756e-07  2.21530873e-08
141.146  7.76046089e-08  5.00436686e-08
141.381  1.49347041e-08  3.39262977e-08
141.616 -2.23812844e-08 -1.11746091e-08
141.852 -1.70733546e-08 -7.04473064e-08
142.087  2.21861025e-08 -1.16203977e-07
142.322  8.42976762e-08 -1.23130679e-07
142.557  1.45898960e-07 -9.22722149e-08
142.793  1.76295160e-07 -3.06362974e-08
143.028  1.68105716e-07  4.46297048e-08
143.263  1.23737573e-07  1.00980529e-07
143.498  5.27793996e-08  1.22953311e-07
143.734 -1.44152663e-08  1.08219488e-07
143.969 -5.60050095e-08  5.85499756e-08
144.204 -6.54399215e-08 -1.47440753e-09
144.439 -3.77482491e-08 -4.61449609e-08
144.675  1.05233235e-08 -6.54941139e-08
144.910  5.23711979e-08 -4.97222660e-08
145.145  7.49511620e-08 -6.52712905e-09
145.380  6.54963411e-08  3.81322986e-08
145.616  2.29783724e-08  6.87170288e-08
145.851 -3.00342309e-08  7.07403880e-08
146.086 -7.56766752e-08  3.50282311e-08
146.321 -9.85569463e-08 -2.17886287e-08
146.557 -8.24460675e-08 -8.07034556e-08
146.792 -3.56734311e-08 -1.26331127e-07
147.027  2.36583154e-08 -1.37350729e-07
147.262  8.14021342e-08 -1.12442638e-07
147.498  1.14039968e-07 -6.65306079e-08
147.733  1.10904412e-07 -1.13376689e-08
147.968  8.20042066e-08  3.06411947e-08
148.203  3.60288400e-08  4.12173372e-08
148.438 -8.20209417e-09  2.45536597e-08
148.674 -2.76582897e-08 -1.36367796e-08
148.909 -2.03455759e-08 -5.97725079e-08
149.144  1.06283162e-08 -8.88725735e-08
149.379  5.73989466e-08 -9.28824904e-08
149.615  9.57735461e-08 -7.25713029e-08
149.850  1.12125850e-07 -3.03887386e-08
150.085  1.04851393e-07  1.26832320e-08
150.320  7.17398903e-08  3.84400241e-08
150.556  2.85812298e-08  4.26152749e-08
150.791 -3.42068636e-09  1.92742473e-08
151.026 -1.70018071e-08 -2.24290602e-08
151.261 -3.44878730e-09 -6.04729571e-08
151.497  3.55178666e-08 -8.45540635e-08
151.732  7.96897070e-08 -8.41564518e-08
151.967  1.16265296e-07 -5.36228744e-08
152.202  1.34018468e-07 -8.70504682e-09
152.438  1.21005677e-07  3.64380454e-08
152.673  8.64760199e-08  7.10372046e-08
152.908  4.45028247e-08  7.89438845e-08
153.143  4.43342127e-09  6.19780328e-08
153.379 -1.59929230e-08  3.28175808e-08
153.614 -1.14373403e-08 -9.88020365e-10
153.849  7.81787364e-09 -2.24968940e-08
154.084  3.57430363e-08 -2.02632538e-08
154.320  5.78140935e-08 -1.26116103e-09
154.555  5.78588488e-08  2.95165130e-08
154.790  3.84857995e-08  6.08533936e-08
155.025  3.74800812e-09  7.34979368e-08
155.261 -3.89989403e-08  6.47083045e-08
155.496 -6.95585341e-08  3.71568271e-08
155.731 -7.95368320e-08 -6.04993033e-09
155.966 -6.96441423e-08 -4.63444762e-08
156.202 -3.87715877e-08 -7.04681431e-08
156.437 -1.40274723e-09 -7.68868510e-08
156.672  2.60337356e-08 -6.10097549e-08
156.907  3.98256823e-08 -3.15939891e-08
157.142  3.32107751e-08 -6.19033742e-09
157.378  8.71405252e-09  9.46189808e-09
157.613 -1.69393057e-08  7.80906272e-09
157.848 -3.60414959e-08 -1.44145976e-08
158.083 -4.12180523e-08 -4.30475673e-08
158.319 -2.44100927e-08 -6.85403577e-08
158.554  4.34156937e-09 -8.41537969e-08
158.789  3.41473025e-08 -7.83532049e-08
159.024  5.90386551e-08 -5.58091159e-08
159.260  6.55764786e-08 -2.77549805e-08
159.495  5.24114970e-08  6.30314961e-10
159.730  2.97996735e-08  1.57289523e-08
159.965  2.16733788e-09  1.03486596e-08
160.201 -1.83232774e-08 -7.59714572e-09
160.436 -1.96328017e-08 -3.43667126e-08
160.671 -6.15219764e-09 -6.05459525e-08
160.906  1.90379511e-08 -7.09121252e-08
161.142  5.00801390e-08 -6.55585231e-08
161.377  7.06783627e-08 -4.68573073e-08
161.612  7.64589334e-08 -1.68857051e-08
161.847  6.90198450e-08  9.19526828e-09
162.083  4.70864870e-08  2.30234308e-08
162.318  2.28245958e-08  2.53475150e-08
162.553  7.63446866e-09  1.25288658e-08
162.788  1.81386310e-09 -7.42928783e-09
163.024  1.01606280e-08 -2.12671119e-08
163.259  2.92664888e-08 -2.72150420e-08
163.494  4.53284533e-08 -2.02997603e-08
163.729  5.45799001e-08  5.66559227e-10
163.965  5.24109220e-08  2.25441019e-08
164.200  3.36978880e-08  3.96028721e-08
164.435  8.67181184e-09  4.76955465e-08
164.670 -1.46754271e-08  3.85101443e-08
164.906 -3.29524166e-08  1.82117347e-08
165.141 -3.59763784e-08 -4.08791186e-09
165.376 -2.50396630e-08 -2.56934254e-08
165.611 -9.31765915e-09 -3.61763982e-08
165.846  9.01813986e-09 -3.20181006e-08
166.082  2.07790948e-08 -2.14633636e-08
166.317  1.83883442e-08 -6.61634440e-09
166.552  8.25166563e-09  5.50847219e-09
166.787 -7.06917423e-09  4.38311554e-09
167.023 -2.30336848e-08 -6.32425121e-09
167.258 -2.74272656e-08 -2.33565671e-08
167.493 -2.03815742e-08 -4.45131785e-08
167.728 -5.62179950e-09 -5.72868197e-08
167.964  1.66256537e-08 -5.78492050e-08
168.199  3.50048202e-08 -4.98090804e-08
168.434  4.18922194e-08 -3.19552319e-08
168.669  4.00401779e-08 -1.32440199e-08
168.905  2.74617324e-08 -4.37303617e-09
169.140  9.92048654e-09 -4.23717365e-09
169.375  1.00144372e-10 -1.49989664e-08
169.610 -6.57789336e-10 -3.43705428e-08
169.846  9.71377306e-09 -4.90040804e-08
170.081  3.23371954e-08 -5.44616781e-08
170.316  5.47390734e-08 -4.86039169e-08
170.551  6.91968614e-08 -2.71515227e-08
170.787  7.30572117e-08 -2.36089415e-11
171.022  5.93192737e-08  2.22977262e-08
171.257  3.37874064e-08  3.62074542e-08
171.492  8.46755286e-09  3.26520196e-08
171.728 -1.18387824e-08  1.22132974e-08
171.963 -1.68819857e-08 -1.33073984e-08
172.198 -1.57525279e-09 -3.79429992e-08
172.433  2.44437944e-08 -5.11592980e-08
172.669  5.44383173e-08 -4.24564682e-08
172.904  7.84866349e-08 -1.73644861e-08
173.139  8.16247743e-08  1.74717626e-08
173.374  6.36530660e-08  5.36687526e-08
173.610  2.98153430e-08  7.34410838e-08
173.845 -1.40473709e-08  6.99491552e-08
174.080 -4.96046366e-08  4.55103843e-08
174.315 -6.35401522e-08  2.40207593e-09
174.550 -5.38925355e-08 -4.31904741e-08
174.786 -1.85129138e-08 -7.28826276e-08
175.021  3.12946711e-08 -7.96533941e-08
175.256  7.46519558e-08 -5.64239292e-08
175.491  9.95854647e-08 -7.24070126e-09
175.727  9.41281104e-08  4.79930655e-08
175.962  5.34399684e-08  9.35779357e-08
176.197 -7.46911968e-09  1.13465530e-07
176.432 -7.15991216e-08  9.34576166e-08
176.668 -1.20601093e-07  3.99720681e-08
176.903 -1.31995054e-07 -3.20799382e-08
177.138 -1.00980161e-07 -1.04816859e-07
177.373 -3.66521011e-08 -1.50280729e-07
177.609  4.69939245e-08 -1.51687486e-07
177.844  1.20823598e-07 -1.09106708e-07
178.079  1.57599553e-07 -2.91856472e-08
178.314  1.46463813e-07  6.29627398e-08
178.550  8.38757544e-08  1.33455520e-07
178.785 -1.43901005e-08  1.60498509e-07
179.020 -1.13516528e-07  1.28752848e-07
179.255 -1.83029836e-07  4.00444886e-08
179.491 -1.95988012e-07 -7.68209095e-08
179.726 -1.37256778e-07 -1.87333095e-07
179.961 -2.24706306e-08 -2.55469418e-07
180.196  1.16534687e-07 -2.48671834e-07
180.432  2.39759107e-07 -1.63439527e-07
180.667  3.00098618e-07 -2.11210235e-08
180.902  2.71741989e-07  1.41651105e-07
181.137  1.58217332e-07  2.69695403e-07
181.373 -1.57176693e-08  3.15821231e-07
181.608 -1.96286584e-07  2.60710800e-07
181.843 -3.20537616e-07  1.09208515e-07
182.078 -3.45164516e-07 -9.74444244e-08
182.314 -2.49319730e-07 -2.90495624e-07
182.549 -5.08048227e-08 -4.06367976e-07
182.784  1.88926038e-07 -3.96627022e-07
183.019  3.94821685e-07 -2.47061068e-07
183.254  4.94085143e-07  2.46193496e-09
183.490  4.36358137e-07  2.78612128e-07
183.725  2.27015077e-07  4.93149715e-07
183.960 -7.82064258e-08  5.61661268e-07
184.195 -3.89805737e-07  4.46394330e-07
184.431 -5.98608193e-07  1.69665944e-07
184.666 -6.22042624e-07 -1.95532452e-07
184.901 -4.36559070e-07 -5.31472068e-07
185.136 -8.01244890e-08 -7.17785460e-07
185.372  3.42322200e-07 -6.79303961e-07
185.607  6.88682466e-07 -4.03312055e-07
185.842  8.35686407e-07  4.13705865e-08
186.077  7.10890411e-07  5.14615750e-07
186.313  3.25825373e-07  8.59048051e-07
186.548 -2.09535581e-07  9.43277023e-07
186.783 -7.27563931e-07  7.07090762e-07
187.018 -1.05049477e-06  2.02283566e-07
187.254 -1.04283865e-06 -4.24252309e-07
187.489 -6.75908105e-07 -9.72771716e-07
187.724 -4.24714358e-08 -1.24281712e-06
187.959  6.69596398e-07 -1.11416460e-06
188.195  1.21977002e-06 -5.95849749e-07
188.430  1.40080263e-06  1.74680111e-07
188.665  1.11873497e-06  9.54335560e-07
188.900  4.23883072e-07  1.47097520e-06
189.136 -4.83449209e-07  1.52445235e-06
189.371 -1.30502234e-06  1.05050599e-06
189.606 -1.75106833e-06  1.60545941e-07
189.841 -1.63160656e-06 -8.72309742e-07
190.077 -9.30850035e-07 -1.70562524e-06
190.312  1.59452298e-07 -2.03418401e-06
190.547  1.29836152e-06 -1.69325670e-06
190.782  2.09973048e-06 -7.41727004e-07
191.018  2.25195533e-06  5.45187420e-07
191.253  1.64500141e-06  1.75649595e-06
191.488  4.24534840e-07  2.46358857e-06
191.723 -1.04481094e-06  2.37650080e-06
191.958 -2.27441809e-06  1.46011645e-06
192.194 -2.81483588e-06 -4.28724411e-08
192.429 -2.42335487e-06 -1.66204944e-06
192.664 -1.15408282e-06 -2.84191655e-06
192.899  6.29377271e-07 -3.13893944e-06
193.135  2.34762169e-06 -2.37478417e-06
193.370  3.40109884e-06 -7.21692091e-07
193.605  3.36992583e-06  1.31763711e-06
193.840  2.17062998e-06  3.06869606e-06
194.076  1.25447499e-07  3.90330292e-06
194.311 -2.12469036e-06  3.45326596e-06
194.546 -3.81996895e-06  1.77190654e-06
194.781 -4.32497528e-06 -6.54067893e-07
195.017 -3.36961268e-06 -3.04645914e-06
195.252 -1.17369127e-06 -4.57100195e-06
195.487  1.60133757e-06 -4.62894239e-06
195.722  4.03730121e-06 -3.09024570e-06
195.958  5.25945045e-06 -3.63601258e-07
196.193  4.75430271e-06  2.69700260e-06
196.428  2.56522560e-06  5.05080838e-06
196.663 -6.77785235e-07  5.83022985e-06
196.899 -3.92427914e-06  4.64795871e-06
197.134 -6.04911741e-06  1.76519356e-06
197.369 -6.23494629e-06 -1.93962519e-06
197.604 -4.27232840e-06 -5.24034824e-06
197.840 -6.89137704e-07 -6.96585900e-06
198.075  3.38495765e-06 -6.40151738e-06
198.310  6.57449603e-06 -3.58125008e-06
198.545  7.70806073e-06  6.71140965e-07
198.781  6.24761647e-06  4.98247413e-06
199.016  2.52497446e-06  7.85911459e-06
199.251 -2.32455753e-06  8.20110937e-06
199.486 -6.69419239e-06  5.72116870e-06
199.722 -9.03038599e-06  1.08927543e-06
199.957 -8.38877223e-06 -4.23198426e-06
200.192 -4.79529965e-06 -8.43646274e-06
200.427  6.99185484e-07 -9.99236169e-06
200.662  6.30705449e-06 -8.18904390e-06
200.898  1.00884254e-05 -3.43273537e-06
201.133  1.06169036e-05  2.81105367e-06
201.368  7.50041990e-06  8.46661252e-06
201.603  1.59434670e-06  1.15368997e-05
201.839 -5.21987153e-06  1.07934112e-05
202.074 -1.06345881e-05  6.26017698e-06
202.309 -1.26829900e-05 -7.14233314e-07
202.544 -1.04491654e-05 -7.85621402e-06
202.780 -4.45827464e-06 -1.26947575e-05
203.015  3.43097948e-06 -1.34098006e-05
203.250  1.05899323e-05 -9.51549958e-06
203.485  1.44853205e-05 -2.09868846e-06
203.721  1.35791772e-05  6.46789445e-06
203.956  7.91622782e-06  1.32695069e-05
204.191 -8.05511523e-07  1.58449277e-05
204.426 -9.72245791e-06  1.30683503e-05
204.662 -1.57462571e-05  5.60857028e-06
204.897 -1.66310215e-05 -4.19429609e-06
205.132 -1.17922157e-05 -1.30568154e-05
205.367 -2.60890268e-06 -1.78531084e-05
205.603  7.95090908e-06 -1.67025881e-05
205.838  1.62910580e-05 -9.69655092e-06
206.073  1.93993191e-05  1.02494493e-06
206.308  1.59285608e-05  1.19243952e-05
206.544  6.76060914e-06  1.92232237e-05
206.779 -5.19872346e-06  2.02034654e-05
207.014 -1.59304545e-05  1.42193677e-05
207.249 -2.16416825e-05  3.01752592e-06
207.485 -2.01101098e-05 -9.75869387e-06
207.720 -1.15315266e-05 -1.97389093e-05
207.955  1.44047926e-06 -2.33242109e-05
208.190  1.44946808e-05 -1.89801617e-05
208.426  2.30944788e-05 -7.85812229e-06
208.661  2.40560188e-05  6.47492965e-06
208.896  1.67095197e-05  1.91726375e-05
209.131  3.25051929e-06  2.57523213e-05
209.366 -1.18967733e-05  2.36655790e-05
209.602 -2.35375848e-05  1.32728928e-05
209.837 -2.74797491e-05 -2.15071703e-06
210.072 -2.20362137e-05 -1.74465920e-05
210.307 -8.72724416e-06 -2.72919945e-05
210.543  8.12771855e-06 -2.80447494e-05
210.778  2.28068929e-05 -1.90921959e-05
211.013  3.01189526e-05 -3.18003807e-06
211.248  2.72446889e-05  1.44211674e-05
211.484  1.48115917e-05  2.76493770e-05
211.719 -3.20423958e-06  3.17435416e-05
211.954 -2.07333178e-05  2.49580240e-05
212.189 -3.16577667e-05  9.27155752e-06
212.425 -3.19534556e-05 -1.01640422e-05
212.660 -2.11588730e-05 -2.67091574e-05
212.895 -2.66193898e-06 -3.45136243e-05
213.130  1.73468246e-05 -3.05788628e-05
213.366  3.19536623e-05 -1.58984952e-05
213.601  3.59087394e-05  4.74996040e-06
213.836  2.75078309e-05  2.43620116e-05
214.071  9.30835498e-06  3.60835209e-05
214.307 -1.26394131e-05  3.56017159e-05
214.542 -3.08057678e-05  2.27372519e-05
214.777 -3.87595882e-05  1.62627844e-06
215.012 -3.34538074e-05 -2.06088051e-05
215.248 -1.63875728e-05 -3.62554916e-05
215.483  6.80294862e-06 -3.96936438e-05
215.718  2.81968617e-05 -2.94220722e-05
215.953  4.02969068e-05 -8.68068251e-06
216.189  3.86701514e-05  1.55579001e-05
216.424  2.35652679e-05  3.49290629e-05
216.659 -6.18689169e-08  4.25774775e-05
216.894 -2.41634154e-05  3.55843901e-05
217.130 -4.03531419e-05  1.60738313e-05
217.365 -4.28309530e-05 -9.40992361e-06
217.600 -3.04599336e-05 -3.21039979e-05
217.835 -7.26962862e-06 -4.40496765e-05
218.070  1.88537526e-05 -4.08842686e-05
218.306  3.88591572e-05 -2.34445481e-05
218.541  4.56676682e-05  2.42830491e-06
218.776  3.66900125e-05  2.78526337e-05
219.011  1.48153709e-05  4.39556889e-05
219.247 -1.25194500e-05  4.49810016e-05
219.482 -3.58576430e-05  3.03616700e-05
219.717 -4.70008478e-05  4.98867538e-06
219.952 -4.19089915e-05 -2.24227523e-05
220.188 -2.21667374e-05 -4.23278894e-05
220.423  5.50151431e-06 -4.76962109e-05
220.658  3.15171001e-05 -3.65041900e-05
220.893  4.67800119e-05 -1.24965858e-05
221.129  4.58669168e-05  1.60553545e-05
221.364  2.89624076e-05  3.92137954e-05
221.599  1.85453802e-06  4.88507753e-05
221.834 -2.60484531e-05  4.15073836e-05
222.070 -4.50003150e-05  1.96499894e-05
222.305 -4.83286516e-05 -9.14979177e-06
222.540 -3.47998775e-05 -3.48512141e-05
222.775 -9.09032343e-06 -4.84525989e-05
223.011  1.98372546e-05 -4.51580462e-05
223.246  4.18647256e-05 -2.60899570e-05
223.481  4.92677638e-05  2.09254228e-06
223.716  3.94491234e-05  2.95233946e-05
223.952  1.58587104e-05  4.65883703e-05
224.187 -1.32194374e-05  4.73186323e-05
224.422 -3.75750305e-05  3.14947565e-05
224.657 -4.86759740e-05  4.71404999e-06
224.893 -4.26786395e-05 -2.35821080e-05
225.128 -2.17657359e-05 -4.34481392e-05
225.363  6.63500475e-06 -4.79529623e-05
225.598  3.24902837e-05 -3.56086171e-05
225.834  4.67265322e-05 -1.08749619e-05
226.069  4.44265749e-05  1.74420027e-05
226.304  2.65435425e-05  3.93401844e-05
226.539 -4.67943774e-07  4.71668851e-05
226.774 -2.69871436e-05  3.83077088e-05
227.010 -4.36643557e-05  1.60804972e-05
227.245 -4.47285203e-05 -1.15003982e-05
227.480 -3.00091566e-05 -3.46198737e-05
227.715 -4.93613409e-06 -4.51608904e-05
227.951  2.14622790e-05 -3.95780732e-05
228.186  3.98094556e-05 -2.01066940e-05
228.421  4.37290860e-05  6.11717657e-06
228.656  3.20843992e-05  2.96633147e-05
228.892  9.29975656e-06  4.22072790e-05
229.127 -1.63024595e-05  3.94977212e-05
229.362 -3.55386769e-05  2.28060239e-05
229.597 -4.16786053e-05 -1.62163212e-06
229.833 -3.28134013e-05 -2.48854311e-05
230.068 -1.24508573e-05 -3.86861282e-05
230.303  1.18404377e-05 -3.82995500e-05
230.538  3.12436272e-05 -2.42035786e-05
230.774  3.89041510e-05 -1.80930318e-06
231.009  3.23599501e-05  2.06000641e-05
231.244  1.43463804e-05  3.49363703e-05
231.479 -8.30846111e-06  3.62294029e-05
231.715 -2.72652927e-05  2.43681095e-05
231.950 -3.57393936e-05  4.03512820e-06
232.185 -3.09416930e-05 -1.71220527e-05
232.420 -1.50123527e-05 -3.13544939e-05
232.656  5.88885261e-06 -3.36524238e-05
232.891  2.39422217e-05 -2.35290083e-05
233.126  3.25833875e-05 -5.08490079e-06
233.361  2.89054599e-05  1.46203764e-05
233.597  1.46443500e-05  2.82470493e-05
233.832 -4.58386799e-06  3.09135202e-05
234.067 -2.14596155e-05  2.19559606e-05
234.302 -2.97368326e-05  5.06813007e-06
234.538 -2.65610126e-05 -1.31774410e-05
234.773 -1.34548973e-05 -2.58639925e-05
235.008  4.34916838e-06 -2.83501684e-05
235.243  1.99632224e-05 -1.99663186e-05
235.478  2.74959453e-05 -4.18582688e-06
235.714  2.42658672e-05  1.27718233e-05
235.949  1.17596377e-05  2.43710591e-05
236.184 -5.00312369e-06  2.62611431e-05
236.419 -1.94581873e-05  1.79016327e-05
236.655 -2.60435392e-05  2.71955895e-06
236.890 -2.23206076e-05 -1.32688171e-05
237.125 -9.88403366e-06 -2.38170461e-05
237.360  6.29840457e-06 -2.48601201e-05
237.596  1.98490002e-05 -1.60753482e-05
237.831  2.54606049e-05 -9.83960342e-07
238.066  2.09568632e-05  1.44477314e-05
238.301  8.13476789e-06  2.41367227e-05
238.537 -7.95115124e-06  2.42541281e-05
238.772 -2.09601441e-05  1.47275589e-05
239.007 -2.57350259e-05 -7.30056581e-07
239.242 -2.03296090e-05 -1.60596574e-05
239.478 -6.78253683e-06 -2.52052907e-05
239.713  9.65711854e-06 -2.44876388e-05
239.948  2.25466119e-05 -1.40609486e-05
240.183  2.67581540e-05  2.11714343e-06
240.419  2.04971862e-05  1.77814526e-05
240.654  6.03418932e-06  2.67748934e-05
240.889 -1.11211751e-05  2.54531500e-05
241.124 -2.43151327e-05  1.41294348e-05
241.360 -2.83241037e-05 -2.98646250e-06
241.595 -2.13961246e-05 -1.93550972e-05
241.830 -5.98341711e-06 -2.86090685e-05
242.065  1.21290784e-05 -2.70130002e-05
242.301  2.60058275e-05 -1.49441891e-05
242.536  3.02114295e-05  3.17529051e-06
242.771  2.29184027e-05  2.05132971e-05
243.006  6.67652948e-06  3.04103642e-05
243.242 -1.24904282e-05  2.89244539e-05
243.477 -2.73342466e-05  1.63876927e-05
243.712 -3.21191698e-05 -2.64795948e-06
243.947 -2.48319070e-05 -2.10831466e-05
244.182 -8.00987217e-06 -3.19231963e-05
244.418  1.21599720e-05 -3.09318180e-05
244.653  2.81274442e-05 -1.82823648e-05
244.888  3.38100815e-05  1.45249551e-06
245.123  2.69157893e-05  2.09679314e-05
245.359  9.85017884e-06  3.29386095e-05
245.594 -1.11359437e-05  3.27813522e-05
245.829 -2.82448485e-05  2.04062405e-05
246.064 -3.50463550e-05  2.90712552e-07
246.300 -2.89019692e-05 -2.01478028e-05
246.535 -1.19773183e-05 -3.33044675e-05
246.770  9.52493978e-06 -3.42328175e-05
247.005  2.76525940e-05 -2.25018751e-05
247.241  3.56662762e-05 -2.38603608e-06
247.476  3.05499975e-05  1.87007439e-05
247.711  1.41481651e-05  3.29600478e-05
247.946 -7.50015929e-06  3.51043893e-05
248.182 -2.64044395e-05  2.43239751e-05
248.417 -3.55875335e-05  4.59881607e-06
248.652 -3.16697101e-05 -1.67837691e-05
248.887 -1.61255226e-05 -3.19382458e-05
249.123  5.27516245e-06 -3.52990054e-05
249.358  2.46239221e-05 -2.56815680e-05
249.593  3.48056939e-05 -6.70456902e-06
249.828  3.21334565e-05  1.45819182e-05
250.064  1.76969003e-05  3.03224979e-05
250.299 -3.08227230e-06  3.47714005e-05
250.534 -2.24894199e-05  2.64095173e-05
250.769 -3.33920191e-05  8.46225989e-06
251.005 -3.18831141e-05 -1.23418010e-05
251.240 -1.86889192e-05 -2.82969794e-05
251.475  1.15756636e-06 -3.35950014e-05
251.710  2.02310880e-05 -2.64523828e-05
251.946  3.15068504e-05 -9.71210338e-06
252.181  3.09632373e-05  1.02721865e-05
252.416  1.90226452e-05  2.60532348e-05
252.651  3.27999675e-07  3.18800820e-05
252.886 -1.80565482e-05  2.58014741e-05
253.122 -2.93252743e-05  1.03283179e-05
253.357 -2.94565245e-05 -8.58222381e-06
253.592 -1.86606509e-05 -2.38231470e-05
253.827 -1.22236520e-06 -2.98112951e-05
254.063  1.61925743e-05 -2.45426497e-05
254.298  2.70828900e-05 -1.02742380e-05
254.533  2.75427594e-05  7.41993786e-06
254.768  1.76791156e-05  2.18176977e-05
255.004  1.47856739e-06  2.75983413e-05
255.239 -1.47878821e-05  2.28227360e-05
255.474 -2.49793739e-05  9.58816030e-06
255.709 -2.54099877e-05 -6.86479973e-06
255.945 -1.61924205e-05 -2.02065198e-05
256.180 -1.10006240e-06 -2.54498578e-05
256.415  1.39503374e-05 -2.08234707e-05
256.650  2.32039619e-05 -8.36744126e-06
256.886  2.32719186e-05  6.93167809e-06
257.121  1.43724686e-05  1.91136013e-05
257.356  1.67375426e-07  2.35621818e-05
257.591 -1.37150461e-05  1.87516260e-05
257.827 -2.18980578e-05  6.76806651e-06
258.062 -2.13311606e-05 -7.56193970e-06
258.297 -1.24228172e-05 -1.85974826e-05
258.532  1.17403861e-06 -2.20917029e-05
258.768  1.40391274e-05 -1.68144459e-05
259.003  2.11311039e-05 -4.98893440e-06
259.238  1.97448308e-05  8.62458680e-06
259.473  1.05407725e-05  1.86310884e-05
259.709 -2.74914924e-06  2.11171046e-05
259.944 -1.48243441e-05  1.51695759e-05
260.179 -2.09088799e-05  3.21346458e-06
260.414 -1.86213613e-05 -9.97250679e-06
260.650 -8.90365242e-06 -1.91504487e-05
260.885  4.36922285e-06 -2.06815470e-05
261.120  1.59275212e-05 -1.39593892e-05
261.355  2.11780917e-05 -1.64170126e-06
261.590  1.80166096e-05  1.14035319e-05
261.826  7.65897600e-06  2.00066973e-05
262.061 -5.83794259e-06  2.07316180e-05
262.296 -1.71585443e-05  1.32354975e-05
262.531 -2.18108090e-05  4.08445832e-07
262.767 -1.78987427e-05 -1.27431203e-05
263.002 -6.87386806e-06 -2.10437760e-05
263.237  7.01282685e-06 -2.11805069e-05
263.472  1.83485193e-05 -1.30064958e-05
263.708  2.26689336e-05  3.81985578e-07
263.943  1.82041414e-05  1.38215717e-05
264.178  6.58283392e-06  2.20789423e-05
264.413 -7.76734207e-06  2.18846559e-05
264.649 -1.93160943e-05  1.32099134e-05
264.884 -2.35664245e-05 -6.91951273e-07
265.119 -1.87934542e-05 -1.45159739e-05
265.354 -6.73308509e-06 -2.29418364e-05
265.590  8.05766815e-06 -2.26763457e-05
265.825  1.99389106e-05 -1.37327570e-05
266.060  2.43409029e-05  5.47582980e-07
266.295  1.95176315e-05  1.47609071e-05
266.531  7.23588427e-06  2.34949772e-05
266.766 -7.88656589e-06  2.33899220e-05
267.001 -2.01309250e-05  1.44332037e-05
267.236 -2.48435394e-05 -2.60259013e-08
267.472 -2.02116959e-05 -1.45448363e-05
267.707 -7.95763727e-06 -2.36415373e-05
267.942  7.31624526e-06 -2.38753879e-05
268.177  1.98633712e-05 -1.51525976e-05
268.413  2.49659350e-05 -7.53061496e-07
268.648  2.07199879e-05  1.39101308e-05
268.883  8.74074403e-06  2.33351805e-05
269.118 -6.45747408e-06  2.40114039e-05
269.354 -1.91689037e-05  1.57281277e-05
269.589 -2.46552943e-05  1.63430419e-06
269.824 -2.09193154e-05 -1.29606305e-05
270.059 -9.43063351e-06 -2.26020412e-05
270.294  5.44866264e-06 -2.37404291e-05
270.530  1.81307055e-05 -1.60401347e-05
270.765  2.39143519e-05 -2.47730562e-06
271.000  2.07321928e-05  1.18136917e-05
271.235  9.89674008e-06  2.14973858e-05
271.471 -4.43384873e-06  2.30348281e-05
271.706 -1.68614363e-05  1.59857490e-05
271.941 -2.27869327e-05  3.13136353e-06
272.176 -2.01204532e-05 -1.06264424e-05
272.412 -1.00285259e-05 -2.01384887e-05
272.647  3.56658108e-06 -2.19410425e-05
272.882  1.55122512e-05 -1.55306568e-05
273.117  2.13797775e-05 -3.49274876e-06
273.353  1.91194532e-05  9.53685061e-06
273.588  9.78129984e-06  1.86534117e-05
273.823 -2.95356163e-06  2.05392107e-05
274.058 -1.42145637e-05  1.46806285e-05
274.294 -1.98079144e-05  3.49055287e-06
274.529 -1.77892614e-05 -8.66931002e-06
274.764 -9.13833813e-06 -1.71841449e-05
274.999  2.68358893e-06 -1.89460745e-05
275.235  1.31057260e-05 -1.34903629e-05
275.470  1.82188029e-05 -3.10292982e-06
275.705  1.62432243e-05  8.11577160e-06
275.940  8.14830929e-06  1.58665522e-05
276.176 -2.78448803e-06  1.72988763e-05
276.411 -1.22814256e-05  1.20583964e-05
276.646 -1.67438463e-05  2.36239497e-06
276.881 -1.46073001e-05 -7.92015846e-06
277.117 -6.89490953e-06 -1.48055364e-05
277.352  3.24173752e-06 -1.57296149e-05
277.587  1.18002037e-05 -1.05052134e-05
277.822  1.54945675e-05 -1.34027895e-06
278.058  1.30133263e-05  8.08230551e-06
278.293  5.48957533e-06  1.40694538e-05
278.528 -3.99979642e-06  1.43548270e-05
278.763 -1.16774450e-05  8.95986277e-06
278.998 -1.45532120e-05  1.36375940e-07
279.234 -1.15869410e-05 -8.56112871e-06
279.469 -4.06180219e-06 -1.36888129e-05
279.704  4.96295208e-06 -1.32700455e-05
279.939  1.18781300e-05 -7.55364243e-06
280.175  1.39568750e-05  1.12015133e-06
280.410  1.04241120e-05  9.26463549e-06
280.645  2.73601576e-06  1.36354367e-05
280.880 -6.01406175e-06  1.25158836e-05
281.116 -1.23284562e-05  6.37888024e-06
281.351 -1.36967351e-05 -2.31449259e-06
281.586 -9.58020615e-06 -1.00935742e-05
281.821 -1.61468845e-06 -1.38592349e-05
282.057  7.03599994e-06 -1.21066328e-05
282.292  1.29353401e-05 -5.51248517e-06
282.527  1.37316328e-05  3.32758339e-06
282.762  9.07968426e-06  1.09226908e-05
282.998  7.83448856e-07  1.42634276e-05
283.233 -7.90793551e-06  1.20000995e-05
283.468 -1.35769126e-05  4.97910460e-06
283.703 -1.39715085e-05 -4.07878185e-06
283.939 -8.89039034e-06 -1.16419690e-05
284.174 -2.74123292e-07 -1.47411963e-05
284.409  8.54793331e-06 -1.21268854e-05
284.644  1.41467417e-05 -4.76800410e-06
284.880  1.43206282e-05  4.51892675e-06
285.115  8.95899678e-06  1.21560187e-05
285.350  9.14134549e-08  1.51800164e-05
285.585 -8.89251137e-06  1.23929426e-05
285.821 -1.45398396e-05  4.83015269e-06
286.056 -1.46648125e-05 -4.63724792e-06
286.291 -9.19399944e-06 -1.23963643e-05
286.526 -1.92093889e-07 -1.54762065e-05
286.762  8.92326264e-06 -1.26898995e-05
286.997  1.46843839e-05 -5.08341009e-06
287.232  1.49016497e-05  4.46384553e-06
287.467  9.49203407e-06  1.23336228e-05
287.702  5.04507517e-07  1.55515014e-05
287.938 -8.65899643e-06  1.29128112e-05
288.173 -1.45429259e-05  5.42880249e-06
288.408 -1.49478389e-05 -4.06155964e-06
288.643 -9.74999986e-06 -1.19782020e-05
288.879 -9.38679457e-07 -1.53606512e-05
289.114  8.15096796e-06 -1.29751300e-05
289.349  1.41120124e-05 -5.76755080e-06
289.584  1.47451359e-05  3.51184467e-06
289.820  9.87425751e-06  1.13688572e-05
290.055  1.39297467e-06  1.48853045e-05
290.290 -7.47937460e-06  1.28072641e-05
290.525 -1.34247553e-05  5.99838232e-06
290.761 -1.42708981e-05 -2.92038302e-06
290.996 -9.79418102e-06 -1.05842649e-05
291.231 -1.76820118e-06 -1.41560396e-05
291.466  6.74138740e-06 -1.23863729e-05
291.702  1.25474366e-05 -6.05275010e-06
291.937  1.35435927e-05  2.37786629e-06
292.172  9.47514451e-06  9.70663531e-06
292.407  1.98861947e-06  1.32217937e-05
292.643 -6.02759905e-06  1.17111773e-05
292.878 -1.15579839e-05  5.87737143e-06
293.113 -1.26034361e-05 -1.97283050e-06
293.348 -8.90460380e-06 -8.83511096e-06
293.584 -1.99291973e-06 -1.21643267e-05
293.819  5.43133164e-06 -1.08209034e-05
294.054  1.05566022e-05 -5.45953756e-06
294.289  1.15275306e-05  1.76441702e-06
294.525  8.11594893e-06  8.05819528e-06
294.760  1.76413720e-06  1.10729272e-05
294.995 -5.01427933e-06  9.77830947e-06
295.230 -9.62833531e-06  4.81840737e-06
295.466 -1.03959616e-05 -1.78376105e-06
295.701 -7.16059585e-06 -7.44724428e-06
295.936 -1.30765376e-06 -1.00355361e-05
296.171  4.82006948e-06 -8.66250731e-06
296.406  8.85142013e-06 -3.99991634e-06
296.642  9.29959517e-06  2.03330922e-06
296.877  6.11570670e-06  7.05061880e-06
297.112  6.62697204e-07  9.13229149e-06
297.347 -4.85717198e-06  7.56249531e-06
297.583 -8.27852589e-06  3.07371015e-06
297.818 -8.32050641e-06 -2.48252419e-06
298.053 -5.06642514e-06 -6.88453589e-06
298.288  1.07949069e-07 -8.42242882e-06
298.524  5.10204896e-06 -6.56141428e-06
298.759  7.93318346e-06 -2.12109657e-06
298.994  7.52107271e-06  3.07427986e-06
299.229  4.09310749e-06  6.93352535e-06
299.465 -9.29058474e-07  7.93613939e-06
299.700 -5.50797498e-06  5.72311770e-06
299.935 -7.81232250e-06  1.22039211e-06
300.170 -6.94091676e-06 -3.74026277e-06
300.406 -3.26659340e-06 -7.16236610e-06
300.641  1.71915231e-06 -7.68135274e-06
300.876  6.00907952e-06 -5.09718060e-06
301.111  7.88450122e-06 -4.50339763e-07
301.347  6.59164818e-06  4.39653390e-06
301.582  2.63967550e-06  7.50541607e-06
301.817 -2.40104326e-06  7.62743916e-06
302.052 -6.52694749e-06  4.69692508e-06
302.288 -8.09115029e-06 -1.38117897e-07
302.523 -6.45218285e-06 -4.97263003e-06
302.758 -2.23387343e-06 -7.89362188e-06
302.993  2.92014820e-06 -7.72927232e-06
303.229  6.99044475e-06 -4.51638974e-06
303.464  8.36731953e-06  5.11093352e-07
303.699  6.48585348e-06  5.40364774e-06
303.934  2.05134450e-06  8.24940915e-06
304.170 -3.23494408e-06  7.92101566e-06
304.405 -7.32892012e-06  4.51955391e-06
304.640 -8.63494262e-06 -6.65096745e-07
304.875 -6.62892398e-06 -5.64665261e-06
305.110 -2.05936505e-06 -8.50497939e-06
305.346  3.33713273e-06 -8.13081254e-06
305.581  7.49762755e-06 -4.65051504e-06
305.816  8.82840293e-06  6.22243027e-07
306.051  6.81397510e-06  5.68384145e-06
306.287  2.21053966e-06  8.60992796e-06
306.522 -3.23875983e-06  8.28986458e-06
306.757 -7.47108048e-06  4.84338619e-06
306.992 -8.89123365e-06 -4.24257662e-07
307.228 -6.97005277e-06 -5.52176134e-06
307.463 -2.44225154e-06 -8.53330038e-06
307.698  2.97664042e-06 -8.33810172e-06
307.933  7.24965658e-06 -5.02875552e-06
308.169  8.78598362e-06  1.29660526e-07
308.404  7.03459810e-06  5.19138287e-06
308.639  2.68559360e-06  8.26770614e-06
308.874 -2.60693205e-06  8.23293696e-06
309.110 -6.85889262e-06  5.14226145e-06
309.345 -8.50073711e-06  1.92895728e-07
309.580 -6.96371955e-06 -4.74452776e-06
309.815 -2.87698436e-06 -7.83295170e-06
310.051  2.19288864e-06 -7.95883215e-06
310.286  6.34142533e-06 -5.13773201e-06
310.521  8.04629521e-06 -4.81530722e-07
310.756  6.73271621e-06  4.23751955e-06
310.992  2.96314853e-06  7.26311445e-06
311.227 -1.79836078e-06  7.51642524e-06
311.462 -5.75298399e-06  4.97997301e-06
311.697 -7.45390664e-06  6.76373713e-07
311.933 -6.33719755e-06 -3.73806684e-06
312.168 -2.90619755e-06 -6.61566918e-06
312.403  1.48320508e-06 -6.93542052e-06
312.638  5.15942054e-06 -4.66379019e-06
312.874  6.77522092e-06 -7.41310620e-07
313.109  5.79990985e-06  3.30261368e-06
313.344  2.69583666e-06  5.94871063e-06
313.579 -1.28758601e-06  6.25647011e-06
313.814 -4.61733016e-06  4.20125191e-06
314.050 -6.06369462e-06  6.55126309e-07
314.285 -5.15546867e-06 -2.98002430e-06
314.520 -2.33637832e-06 -5.32258720e-06
314.755  1.24066145e-06 -5.53440432e-06
314.991  4.17973373e-06 -3.62587016e-06
315.226  5.38139121e-06 -4.18787745e-07
315.461  4.45814618e-06  2.80065088e-06
315.696  1.85740223e-06  4.78934644e-06
315.932 -1.34477899e-06  4.82862672e-06
316.167 -3.87835113e-06  2.98539364e-06
316.402 -4.78051926e-06  5.43932171e-08
316.637 -3.76346800e-06 -2.77286685e-06
316.873 -1.30004731e-06 -4.38612562e-06
317.108  1.58413268e-06 -4.19315400e-06
317.343  3.72834107e-06 -2.33298331e-06
317.578  4.30286559e-06  4.00389005e-07
317.814  3.12561868e-06  2.88614820e-06
318.049  7.15638890e-07  4.13346926e-06
318.284 -1.92544853e-06  3.67162923e-06
318.519 -3.72575024e-06  1.72263053e-06
318.755 -3.97357018e-06 -8.96782703e-07
318.990 -2.59117883e-06 -3.11316384e-06
319.225 -1.59517091e-07 -4.03289917e-06
319.460  2.32240933e-06 -3.29336992e-06
319.696  3.84662029e-06 -1.20428658e-06
319.931  3.79662030e-06  1.37983352e-06
320.166  2.19184885e-06  3.41030531e-06
320.401 -3.19217358e-07  4.06300324e-06
320.637 -2.72444671e-06  3.06575299e-06
320.872 -4.05260923e-06  8.11090657e-07
321.107 -3.75780989e-06 -1.80295807e-06
321.342 -1.94226744e-06 -3.73119182e-06
321.578  6.83410404e-07 -4.19230204e-06
321.813  3.08269657e-06 -2.98356952e-06
322.048  4.29758722e-06 -5.64914385e-07
322.283  3.82939355e-06  2.12297936e-06
322.518  1.84073240e-06  4.02253802e-06
322.754 -9.08326237e-07  4.37408488e-06
322.989 -3.35160332e-06  3.01948222e-06
323.224 -4.52943557e-06  4.64167998e-07
323.459 -3.96785526e-06 -2.31464709e-06
323.695 -1.86319397e-06 -4.24118092e-06
323.930  9.91076094e-07 -4.56161533e-06
324.165  3.50322554e-06 -3.13612797e-06
324.400  4.70577979e-06 -4.93045196e-07
324.636  4.12867877e-06  2.36683362e-06
324.871  1.97731348e-06  4.35393152e-06
325.106 -9.40399317e-07  4.70877798e-06
325.341 -3.52098985e-06  3.28798527e-06
325.577 -4.78889559e-06  6.21713889e-07
325.812 -4.26296119e-06 -2.28584874e-06
326.047 -2.13869700e-06 -4.34196301e-06
326.282  7.83926542e-07 -4.77599191e-06
326.518  3.40877582e-06 -3.42779475e-06
326.753  4.75681952e-06 -8.09303402e-07
326.988  4.33071421e-06  2.09537226e-06
327.223  2.30226551e-06  4.20369872e-06
327.459 -5.59569009e-07  4.73748754e-06
327.694 -3.18505120e-06  3.51478398e-06
327.929 -4.60282551e-06  1.01116452e-06
328.164 -4.30372768e-06 -1.83003089e-06
328.400 -2.42606600e-06 -3.95248607e-06
328.635  3.10334106e-07 -4.58298061e-06
328.870  2.87945775e-06 -3.51789175e-06
329.105  4.33539083e-06 -1.18439929e-06
329.341  4.16677791e-06  1.52989337e-06
329.576  2.47458678e-06  3.61399870e-06
329.811 -8.00572831e-08  4.31641334e-06
330.046 -2.53125314e-06  3.41655459e-06
330.282 -3.97865855e-06  1.29081753e-06
330.517 -3.92056465e-06 -1.23921795e-06
330.752 -2.42558058e-06 -3.22709829e-06
330.987 -9.39585339e-08 -3.95916882e-06
331.222  2.18281878e-06 -3.20884805e-06
331.458  3.56679592e-06 -1.30793885e-06
331.693  3.58022353e-06  9.94565227e-07
331.928  2.27238941e-06  2.83063056e-06
332.163  1.85007984e-07  3.53884173e-06
332.399 -1.87294571e-06  2.90355915e-06
332.634 -3.13715917e-06  1.22250310e-06
332.869 -3.17095981e-06 -8.28661904e-07
333.104 -2.02058385e-06 -2.46597639e-06
333.340 -1.75756434e-07 -3.09383622e-06
333.575  1.63590108e-06 -2.52600143e-06
333.810  2.73081188e-06 -1.03834174e-06
334.045  2.73005948e-06  7.59139944e-07
334.281  1.69196303e-06  2.16563526e-06
334.516  6.67278922e-08  2.66272311e-06
334.751 -1.49060792e-06  2.10826152e-06
334.986 -2.38089650e-06  7.70800001e-07
335.222 -2.29405726e-06 -7.90524403e-07
335.457 -1.31390831e-06 -1.95332339e-06
335.692  1.31126274e-07 -2.28145367e-06
335.927  1.44644377e-06 -1.68623873e-06
336.163  2.11536256e-06 -4.45889560e-07
336.398  1.89988062e-06  9.14289149e-07
336.633  9.21987328e-07  1.84173471e-06
336.868 -3.93277647e-07  1.97891724e-06
337.104 -1.49833580e-06  1.29631631e-06
337.339 -1.94907540e-06  9.77831550e-08
337.574 -1.57703989e-06 -1.10979071e-06
337.809 -5.52687831e-07 -1.82952760e-06
338.045  6.88100618e-07 -1.77219381e-06
338.280  1.62926596e-06 -9.69957124e-07
338.515  1.88318836e-06  2.37586539e-07
338.750  1.34522255e-06  1.34825596e-06
338.986  2.38227027e-07  1.90220646e-06
339.221 -9.81976156e-07  1.66566319e-06
339.456 -1.81331986e-06  7.29464673e-07
339.691 -1.90730763e-06 -5.28408347e-07
339.926 -1.21378364e-06 -1.59754998e-06
340.162 -3.64148495e-09 -2.03669773e-06
340.397  1.24155037e-06 -1.65382114e-06
340.632  2.01780949e-06 -5.87938106e-07
340.867  2.00042816e-06  7.47017629e-07
341.103  1.17923521e-06  1.82212423e-06
341.338 -1.36971031e-07  2.20080063e-06
341.573 -1.43811574e-06  1.71714855e-06
341.808 -2.20854304e-06  5.42592641e-07
342.044 -2.13371111e-06 -8.78149290e-07
342.279 -1.22516261e-06 -1.99384668e-06
342.514  1.82330593e-07 -2.36362264e-06
342.749  1.55295076e-06 -1.83053128e-06
342.985  2.35672176e-06 -5.82176064e-07
343.220  2.27649424e-06  9.14530578e-07
343.455  1.32824767e-06  2.09012015e-06
343.690 -1.39815526e-07  2.49343975e-06
343.926 -1.57595251e-06  1.96153884e-06
344.161 -2.43767699e-06  6.84310520e-07
344.396 -2.39541230e-06 -8.62592922e-07
344.631 -1.45713185e-06 -2.10049701e-06
344.867  2.98249585e-08 -2.56500759e-06
345.102  1.51205553e-06 -2.07857475e-06
345.337  2.43875972e-06 -8.21147340e-07
345.572  2.46472013e-06  7.39404140e-07
345.808  1.58213149e-06  2.02543843e-06
346.043  1.22036264e-07  2.56187079e-06
346.278 -1.37451218e-06  2.15466502e-06
346.513 -2.35591028e-06  9.62510915e-07
346.749 -2.46547714e-06 -5.69346883e-07
346.984 -1.67455138e-06 -1.87498540e-06
347.219 -2.85186484e-07 -2.47779358e-06
347.454  1.18540849e-06 -2.16920902e-06
347.690  2.19689404e-06 -1.07855832e-06
347.925  2.38947337e-06  3.81411554e-07
348.160  1.71152227e-06  1.66883074e-06
348.395  4.29845665e-07  2.31836486e-06
348.630 -9.72170426e-07  2.11094756e-06
348.866 -1.97992293e-06  1.14503632e-06
349.101 -2.23952611e-06 -2.04683159e-07
349.336 -1.67972439e-06 -1.43349008e-06
349.571 -5.31999753e-07 -2.09925687e-06
349.807  7.63129612e-07 -1.97963061e-06
350.042  1.72901917e-06 -1.14749940e-06
350.277  2.02704896e-06  6.37396091e-08
350.512  1.57574945e-06  1.19646181e-06
350.748  5.74388415e-07  1.84109017e-06
350.983 -5.85059270e-07  1.78340615e-06
351.218 -1.47116347e-06  1.07936525e-06
351.453 -1.77148162e-06  2.07045407e-08
351.689 -1.40655579e-06 -9.85654687e-07
351.924 -5.48257168e-07 -1.57071519e-06
352.159  4.59220650e-07 -1.54156203e-06
352.394  1.23307752e-06 -9.46025494e-07
352.630  1.49837328e-06 -3.90597827e-08
352.865  1.18846178e-06  8.21188498e-07
353.100  4.55661278e-07  1.31343019e-06
353.335 -3.96753999e-07  1.27649385e-06
353.571 -1.03610253e-06  7.59119820e-07
353.806 -1.23281538e-06 -1.01782073e-08
354.041 -9.41277021e-07 -7.17620761e-07
354.276 -3.05894534e-07 -1.09330889e-06
354.512  4.01634449e-07 -1.01340917e-06
354.747  8.97539738e-07 -5.38063717e-07
354.982  9.99369726e-07  1.18338255e-07
355.217  6.89675610e-07  6.80619767e-07
355.453  1.17696831e-07  9.27783027e-07
355.688 -4.67394677e-07  7.75608841e-07
355.923 -8.24537392e-07  3.06212259e-07
356.158 -8.15316396e-07 -2.69726565e-07
356.394 -4.56723099e-07 -7.07021971e-07
356.629  8.75500791e-08 -8.25743179e-07
356.864  5.81638042e-07 -5.82029422e-07
357.099  8.16168943e-07 -8.68438313e-08
357.334  6.91870761e-07  4.44929105e-07
357.570  2.62951791e-07  7.86097054e-07
357.805 -2.87462517e-07  7.88279177e-07
358.040 -7.26229402e-07  4.46153348e-07
358.275 -8.63443130e-07 -9.94330121e-08
358.511 -6.32994451e-07 -6.22316225e-07
358.746 -1.23208228e-07 -9.00790121e-07
358.981  4.61172960e-07 -8.09142298e-07
359.216  8.79377009e-07 -3.74006075e-07
359.452  9.50988032e-07  2.36990128e-07
359.687  6.34345721e-07  7.80179770e-07
359.922  4.41546233e-08  1.03024822e-06
360.157 -5.92258619e-07  8.75068799e-07
360.393 -1.02002749e-06  3.62417617e-07
360.628 -1.06057974e-06 -3.17670606e-07
360.863 -6.84954404e-07 -9.01372864e-07
361.098 -2.54694064e-08 -1.15504116e-06
361.334  6.69523781e-07 -9.69737247e-07
361.569  1.13013335e-06 -4.02998024e-07
361.804  1.17257391e-06  3.38073452e-07
362.039  7.68824170e-07  9.72457871e-07
362.275  6.08572800e-08  1.25575839e-06
362.510 -6.88118215e-07  1.07234220e-06
362.745 -1.19577965e-06  4.80559914e-07
362.980 -1.26695327e-06 -3.03482301e-07
363.216 -8.66386810e-07 -9.88553766e-07
363.451 -1.37403999e-07 -1.31810496e-06
363.686  6.51839417e-07 -1.16396014e-06
363.921  1.21006920e-06 -5.78402775e-07
364.157  1.32822782e-06  2.24286916e-07
364.392  9.59708473e-07  9.50195817e-07
364.627  2.39578552e-07  1.33181105e-06
364.862 -5.69047147e-07  1.22779132e-06
365.098 -1.17040973e-06  6.77822306e-07
365.333 -1.34446220e-06 -1.16071025e-07
365.568 -1.03099608e-06 -8.63997478e-07
365.803 -3.47992829e-07 -1.29319085e-06
366.038  4.53971703e-07 -1.25151309e-06
366.274  1.08191714e-06 -7.60484902e-07
366.509  1.31119822e-06 -3.12716441e-09
366.744  1.06666766e-06  7.41952431e-07
366.979  4.44547343e-07  1.20576345e-06
367.215 -3.22864842e-07  1.22836608e-06
367.450 -9.55149384e-07  8.11365914e-07
367.685 -1.22963147e-06  1.15737529e-07
367.920 -1.05761412e-06 -5.99731183e-07
368.156 -5.13804758e-07 -1.07852358e-06
368.391  1.93354094e-07 -1.15698633e-06
368.626  8.05005128e-07 -8.20234257e-07
368.861  1.10624611e-06 -2.05663716e-07
369.097  1.00065493e-06  4.55227846e-07
369.332  5.44186100e-07  9.24602201e-07
369.567 -8.30404622e-08  1.04203414e-06
369.802 -6.48982904e-07  7.82569530e-07
370.038 -9.53054509e-07  2.59383749e-07
370.273 -8.99813063e-07 -3.26509565e-07
370.508 -5.29659338e-07 -7.60668264e-07
370.743  6.10966607e-09 -8.95050543e-07
370.979  5.04125280e-07 -7.00903558e-07
371.214  7.85812224e-07 -2.69408541e-07
371.449  7.64665155e-07  2.27479012e-07
371.684  4.69925307e-07  6.03354487e-07
371.920  2.84969091e-08  7.30501799e-07
372.155 -3.85555391e-07  5.81907376e-07
372.390 -6.21932220e-07  2.33266074e-07
372.625 -6.08487225e-07 -1.69022165e-07
372.861 -3.70503740e-07 -4.69894794e-07
373.096 -1.73942477e-08 -5.66048479e-07
373.331  3.05785501e-07 -4.38554253e-07
373.566  4.78852704e-07 -1.56480592e-07
373.802  4.48122291e-07  1.55559640e-07
374.037  2.43894475e-07  3.73036287e-07
374.272 -3.55209664e-08  4.17994441e-07
374.507 -2.70806031e-07  2.86814204e-07
374.742 -3.69406547e-07  4.95590667e-08
374.978 -3.00074189e-07 -1.85948730e-07
375.213 -1.05356230e-07 -3.20271798e-07
375.448  1.21937426e-07 -3.00707864e-07
375.683  2.80944669e-07 -1.44271047e-07
375.919  3.02596557e-07  7.30244583e-08
376.154  1.80414243e-07  2.52542644e-07
376.389 -2.76086954e-08  3.12612508e-07
376.624 -2.27846123e-07  2.24689122e-07
376.860 -3.28907616e-07  2.71466135e-08
377.095 -2.80985432e-07 -1.94379556e-07
377.330 -1.00461012e-07 -3.41662386e-07
377.565  1.39008898e-07 -3.44403021e-07
377.801  3.36223627e-07 -1.94100843e-07
378.036  4.02100133e-07  5.28245335e-08
378.271  3.00702980e-07  2.97755935e-07
378.506  6.51061599e-08  4.36474203e-07
378.742 -2.16066208e-07  4.04603959e-07
378.977 -4.29735295e-07  2.05964040e-07
379.212 -4.84848004e-07 -8.95358715e-08
379.447 -3.51701673e-07 -3.68941983e-07
379.683 -7.26531863e-08 -5.19903937e-07
379.918  2.50491713e-07 -4.78054925e-07
380.153  4.93255743e-07 -2.50867019e-07
380.388  5.59706096e-07  8.26889914e-08
380.624  4.18297103e-07  3.98299852e-07
380.859  1.14661493e-07  5.76217605e-07
381.094 -2.40986435e-07  5.46297602e-07
381.329 -5.16995828e-07  3.13465483e-07
381.565 -6.10244061e-07 -3.96895790e-08
381.800 -4.82339937e-07 -3.84292489e-07
382.035 -1.77374072e-07 -5.94787409e-07
382.270  1.93907648e-07 -5.92529059e-07
382.506  4.97744479e-07 -3.76867413e-07
382.741  6.23917464e-07 -2.68017944e-08
382.976  5.26709921e-07  3.31590633e-07
383.211  2.43753640e-07  5.69731777e-07
383.446 -1.21659621e-07  6.02715257e-07
383.682 -4.38387156e-07  4.22828299e-07
383.917 -5.93595957e-07  9.86645752e-08
384.152 -5.36578119e-07 -2.51968926e-07
384.387 -2.94386687e-07 -5.03164694e-07
384.623  4.19916441e-08 -5.69452694e-07
384.858  3.49571359e-07 -4.35550730e-07
385.093  5.20740311e-07 -1.56629776e-07
385.328  5.03009193e-07  1.61770162e-07
385.564  3.12441737e-07  4.04644289e-07
385.799  2.63539655e-08  4.92147537e-07
386.034 -2.47171928e-07  4.03770125e-07
386.269 -4.13490314e-07  1.83048158e-07
386.505 -4.22899025e-07 -8.03912638e-08
386.740 -2.85221156e-07 -2.89951097e-07
386.975 -6.45372897e-08 -3.77116877e-07
387.210  1.51459262e-07 -3.22959164e-07
387.446  2.86518582e-07 -1.64005037e-07
387.681  3.01147427e-07  2.81346518e-08
387.916  2.06924625e-07  1.79007349e-07
388.151  5.66062841e-08  2.37771386e-07
388.387 -8.34614715e-08  1.96836497e-07
388.622 -1.59111610e-07  9.13859894e-08
388.857 -1.50501825e-07 -2.26785028e-08
389.092 -7.92645479e-08 -9.29819726e-08
389.328  7.85132549e-09 -9.33586829e-08
389.563  6.16752091e-08 -3.67226492e-08
389.798  5.29746866e-08  3.57381041e-08
390.033 -1.04565726e-08  7.60767301e-08
390.269 -8.90774133e-08  5.17759221e-08
390.504 -1.32147982e-07 -3.37456773e-08
390.739 -1.00486288e-07 -1.40472655e-07
390.974  9.70369612e-09 -2.10896590e-07
391.210  1.59284757e-07 -1.94030367e-07
391.445  2.82321822e-07 -7.28572007e-08
391.680  3.11308639e-07  1.19935985e-07
391.915  2.08400633e-07  3.12515224e-07
392.150 -9.46088006e-09  4.19020249e-07
392.386 -2.72160933e-07  3.73993662e-07
392.621 -4.78615257e-07  1.67381712e-07
392.856 -5.32541484e-07 -1.44694410e-07
393.091 -3.86452545e-07 -4.55133118e-07
393.327 -6.74055909e-08 -6.39600166e-07
393.562  3.26460574e-07 -6.06763763e-07
393.797  6.52926966e-07 -3.39803207e-07
394.032  7.77381170e-07  9.09803458e-08
394.268  6.28266597e-07  5.42935228e-07
394.503  2.28547857e-07  8.47642925e-07
394.738 -3.01565864e-07  8.75496461e-07
394.973 -7.78540248e-07  5.86142227e-07
395.209 -1.02159080e-06  5.25378344e-08
395.444 -9.18811317e-07 -5.52910254e-07
395.679 -4.73785081e-07 -1.01626510e-06
395.914  1.82416613e-07 -1.15699605e-06
396.150  8.30695016e-07 -8.94824765e-07
396.385  1.23773663e-06 -2.90383603e-07
396.620  1.23685247e-06  4.66599489e-07
396.855  7.95969108e-07  1.11825544e-06
397.091  3.96703046e-08  1.42356170e-06
397.326 -7.87193324e-07  1.24766097e-06
397.561 -1.39627452e-06  6.19377385e-07
397.796 -1.55591080e-06 -2.71065035e-07
398.032 -1.18011431e-06 -1.12746296e-06
398.267 -3.65715780e-07 -1.64482166e-06
398.502  6.29998666e-07 -1.62003975e-06
398.737  1.46808150e-06 -1.02797192e-06
398.973  1.84560303e-06 -4.01303018e-08
399.208  1.60353923e-06  1.02116706e-06
399.443  7.88898711e-07  1.78969474e-06
399.678 -3.47075391e-07  1.98167300e-06
