0.232  6.30046280e-03 -9.97895275e-04
0.464  3.62208205e-03  9.23815245e-04
0.696  1.93025990e-03  1.78436545e-03
0.928  5.48652641e-04  1.95217053e-03
1.161 -4.67907281e-04  1.55435197e-03
1.393 -1.05495993e-03  8.83811298e-04
1.625 -1.17799415e-03  1.22440111e-04
1.857 -8.87843246e-04 -4.85427599e-04
2.089 -3.85901196e-04 -8.25747769e-04
2.321  1.54245178e-04 -8.09598397e-04
2.553  5.15889766e-04 -5.29429536e-04
2.785  6.67390782e-04 -1.05413544e-04
3.017  5.52844873e-04  2.64401503e-04
3.249  2.70120640e-04  4.91961654e-04
3.482 -6.84335857e-05  5.40081994e-04
3.714 -3.37431653e-04  3.70232696e-04
3.946 -4.54039920e-04  8.50821038e-05
4.178 -4.04018681e-04 -1.94366325e-04
4.410 -2.13830610e-04 -3.64996981e-04
4.642  3.52510787e-05 -3.96247488e-04
4.874  2.47475933e-04 -2.80457721e-04
5.106  3.42354157e-04 -7.61600642e-05
5.338  3.05076990e-04  1.43251818e-04
5.571  1.62212403e-04  2.89452800e-04
5.803 -2.34968612e-05  3.13434104e-04
6.035 -1.93261546e-04  2.23883588e-04
6.267 -2.78234643e-04  5.93668439e-05
6.499 -2.49324853e-04 -1.10565337e-04
6.731 -1.31093039e-04 -2.27802999e-04
6.963  2.72715537e-05 -2.49981567e-04
7.195  1.67475195e-04 -1.75085712e-04
7.427  2.34735851e-04 -4.22965157e-05
7.660  2.08545370e-04  9.49065562e-05
7.892  1.05233148e-04  1.88471246e-04
8.124 -3.34558477e-05  2.11823518e-04
8.356 -1.47262123e-04  1.55337629e-04
8.588 -2.02028240e-04  4.48974083e-05
8.820 -1.80268203e-04 -7.49061025e-05
9.052 -9.29262108e-05 -1.57933119e-04
9.284  2.36991398e-05 -1.80154580e-04
9.516  1.26767942e-04 -1.35272090e-04
9.748  1.77400498e-04 -4.00212807e-05
9.981  1.59033395e-04  6.44598352e-05
10.213  8.42605125e-05  1.37809350e-04
10.445 -1.60541792e-05  1.53738775e-04
10.677 -1.01965631e-04  1.09018097e-04
10.909 -1.42144206e-04  2.62708602e-05
11.141 -1.25883945e-04 -6.27717534e-05
11.373 -6.27938716e-05 -1.25601477e-04
11.605  2.13171978e-05 -1.38111367e-04
11.837  9.41567035e-05 -9.68135622e-05
12.070  1.28744194e-04 -2.02165088e-05
12.302  1.12959619e-04  6.16838983e-05
12.534  5.54102932e-05  1.17271839e-04
12.766 -1.90796898e-05  1.27117523e-04
12.998 -8.26923269e-05  8.98766320e-05
13.230 -1.13518145e-04  2.09389346e-05
13.462 -1.01277245e-04 -5.23654229e-05
13.694 -5.06686947e-05 -1.01920709e-04
13.926  1.83234861e-05 -1.10109117e-04
14.159  7.80544813e-05 -7.57913043e-05
14.391  1.06012029e-04 -1.37669194e-05
14.623  9.34194890e-05  5.08340898e-05
14.855  4.63843126e-05  9.29585172e-05
15.087 -1.64543796e-05  9.73087765e-05
15.319 -7.07920321e-05  6.41731796e-05
15.551 -9.65384929e-05  7.59831248e-06
15.783 -8.46439280e-05 -5.04580742e-05
16.015 -4.09393646e-05 -8.86299818e-05
16.247  1.71928361e-05 -9.30444569e-05
16.480  6.77611167e-05 -6.31592910e-05
16.712  9.15438915e-05 -1.19910681e-05
16.944  7.99657985e-05  4.00851648e-05
17.176  3.94210521e-05  7.36614411e-05
17.408 -1.31242073e-05  7.71057381e-05
17.640 -5.72582021e-05  5.04976454e-05
17.872 -7.64938975e-05  5.14640721e-06
18.104 -6.44542666e-05 -4.11624964e-05
18.336 -2.67858726e-05 -7.05405865e-05
18.569  2.10854174e-05 -7.24718055e-05
18.801  6.02124662e-05 -4.75340443e-05
19.033  7.60133557e-05 -5.99522805e-06
19.265  6.36089729e-05  3.57458767e-05
19.497  2.86415415e-05  6.13502866e-05
19.729 -1.50393483e-05  6.12295062e-05
19.961 -5.03397504e-05  3.55844605e-05
20.193 -6.38543443e-05 -5.75459029e-06
20.425 -5.10863644e-05 -4.67509050e-05
20.657 -1.78507037e-05 -7.18861754e-05
20.890  2.22468797e-05 -7.20924731e-05
21.122  5.37171377e-05 -4.80218634e-05
21.354  6.51059415e-05 -9.72945828e-06
21.586  5.26332540e-05  2.77346934e-05
21.818  2.18381018e-05  5.03708255e-05
22.050 -1.45592805e-05  5.00168339e-05
22.282 -4.24463447e-05  2.76665784e-05
22.514 -5.14226300e-05 -6.95047055e-06
22.746 -3.85056684e-05 -4.00022437e-05
22.979 -9.34094421e-06 -5.87865234e-05
23.211  2.45621654e-05 -5.64870468e-05
23.443  5.03356445e-05 -3.47345446e-05
23.675  5.83732800e-05 -2.48544630e-06
23.907  4.61206332e-05  2.76846390e-05
24.139  1.88037058e-05  4.41608525e-05
24.371 -1.29050924e-05  4.11126592e-05
24.603 -3.67771858e-05  2.04785742e-05
24.835 -4.39239224e-05 -9.37189655e-06
25.068 -3.22382011e-05 -3.67862167e-05
25.300 -6.64410114e-06 -5.12816650e-05
25.532  2.27427897e-05 -4.77927365e-05
25.764  4.44927086e-05 -2.81301055e-05
25.996  5.05138253e-05 -1.22044885e-07
26.228  3.89059655e-05  2.53357189e-05
26.460  1.45013481e-05  3.87941342e-05
26.692 -1.29024294e-05  3.57045229e-05
26.924 -3.27529487e-05  1.78427092e-05
27.156 -3.77965446e-05 -7.28834446e-06
27.389 -2.64755141e-05 -2.96077145e-05
27.621 -3.62246723e-06 -4.05439077e-05
27.853  2.15365402e-05 -3.59563722e-05
28.085  3.92591670e-05 -1.77614625e-05
28.317  4.28605391e-05  6.84220464e-06
28.549  3.12301944e-05  2.85043862e-05
28.781  9.29996106e-06  3.91483090e-05
29.013 -1.42873052e-05  3.50067037e-05
29.245 -3.05760822e-05  1.81755536e-05
29.478 -3.35859474e-05 -4.56506801e-06
29.710 -2.27376342e-05 -2.44857027e-05
29.942 -2.74920703e-06 -3.40248221e-05
30.174  1.84821217e-05 -2.98256079e-05
30.406  3.27183254e-05 -1.39362126e-05
30.638  3.46742757e-05  7.31258998e-06
30.870  2.40447658e-05  2.56539425e-05
31.102  5.22658398e-06  3.41361788e-05
31.334 -1.43601330e-05  2.99276116e-05
31.567 -2.71404485e-05  1.50683497e-05
31.799 -2.84928895e-05 -4.39777812e-06
32.031 -1.82531420e-05 -2.07184687e-05
32.263 -6.14219494e-07 -2.76944287e-05
32.495  1.74018451e-05 -2.29181104e-05
32.727  2.88795848e-05 -8.45705955e-06
32.959  2.96441856e-05  9.85076258e-06
33.191  1.95854137e-05  2.48509969e-05
33.423  2.77792778e-06  3.09454674e-05
33.655 -1.41967059e-05  2.59898342e-05
33.888 -2.49787525e-05  1.21515728e-05
34.120 -2.56633879e-05 -4.98525494e-06
34.352 -1.62824319e-05 -1.88518755e-05
34.584 -8.30703868e-07 -2.42833544e-05
34.816  1.45589307e-05 -1.94276745e-05
35.048  2.39421332e-05 -6.54510957e-06
35.280  2.37185028e-05  9.13211109e-06
35.512  1.41518811e-05  2.14895105e-05
35.744 -9.10802462e-07  2.57279673e-05
35.977 -1.56862696e-05  2.03277742e-05
36.209 -2.45300368e-05  7.51800141e-06
36.441 -2.42063233e-05 -7.81690118e-06
36.673 -1.51336760e-05 -1.98950856e-05
36.905 -9.57681438e-07 -2.43112158e-05
37.137  1.28031165e-05 -1.97964686e-05
37.369  2.08858259e-05 -8.43738605e-06
37.601  2.04604543e-05  5.14144636e-06
37.833  1.20095883e-05  1.55091313e-05
38.065 -9.62694742e-07  1.87048375e-05
38.298 -1.32139765e-05  1.36354140e-05
38.530 -1.99829309e-05  2.34265275e-06
38.762 -1.88020423e-05 -1.06925287e-05
38.994 -1.02491436e-05 -2.04369670e-05
39.226  2.21504972e-06 -2.33090766e-05
39.458  1.36993082e-05 -1.83491749e-05
39.690  1.99106520e-05 -7.63188047e-06
39.922  1.86204161e-05  4.56906294e-06
40.154  1.05134646e-05  1.36190969e-05
40.387 -1.05745704e-06  1.61754459e-05
40.619 -1.15799394e-05  1.14233919e-05
40.851 -1.70646760e-05  1.46782047e-06
41.083 -1.54823780e-05 -9.68169497e-06
41.315 -7.63950619e-06 -1.76917308e-05
41.547  3.29458989e-06 -1.94560929e-05
41.779  1.31137494e-05 -1.43992672e-05
42.011  1.80599041e-05 -4.60700537e-06
42.243  1.63482081e-05  6.14435611e-06
42.476  8.83242575e-06  1.37348989e-05
42.708 -1.52464073e-06  1.53402173e-05
42.940 -1.07224723e-05  1.05746899e-05
43.172 -1.52666253e-05  1.43628704e-06
43.404 -1.36218693e-05 -8.45803262e-06
43.636 -6.62832314e-06 -1.52328815e-05
43.868  2.87553044e-06 -1.63865704e-05
44.100  1.10759298e-05 -1.16338478e-05
44.332  1.47964104e-05 -2.90479224e-06
44.564  1.26767298e-05  6.31942078e-06
44.797  5.55243277e-06  1.24737418e-05
45.029 -3.78774950e-06  1.33092627e-05
45.261 -1.17590379e-05  8.59076216e-06
45.493 -1.54564349e-05  2.33160002e-07
45.725 -1.36202546e-05 -8.47706907e-06
45.957 -7.13334701e-06 -1.42965861e-05
46.189  1.30904904e-06 -1.51560087e-05
46.421  8.41249599e-06 -1.09206921e-05
46.653  1.14950697e-05 -3.49191640e-06
46.886  9.45369005e-06  4.09354272e-06
47.118  3.27300533e-06  8.83911215e-06
47.350 -4.48810337e-06  8.84771522e-06
47.582 -1.07528896e-05  4.14511394e-06
47.814 -1.30078657e-05 -3.40848372e-06
48.046 -1.03522085e-05 -1.09496993e-05
48.278 -3.82485394e-06 -1.56116476e-05
48.510  4.14643114e-06 -1.56735412e-05
48.742  1.06082682e-05 -1.12561764e-05
48.975  1.32266936e-05 -4.11307605e-06
49.207  1.12613997e-05  3.01746088e-06
49.439  5.69943539e-06  7.43782979e-06
49.671 -1.15363269e-06  7.63705781e-06
49.903 -6.50733958e-06  3.76430207e-06
50.135 -8.27891875e-06 -2.50304037e-06
50.367 -5.84229242e-06 -8.53546050e-06
50.599 -1.57233744e-07 -1.18721217e-05
50.831  6.52880599e-06 -1.11810306e-05
51.063  1.16196366e-05 -6.64634081e-06
51.296  1.32336090e-05  4.30820788e-08
51.528  1.07981321e-05  6.37449600e-06
51.760  5.29433647e-06  1.00846678e-05
51.992 -1.11151520e-06  9.92297331e-06
52.224 -6.03176962e-06  6.11835074e-06
52.456 -7.70722191e-06  3.33481166e-07
52.688 -5.63186699e-06 -5.11123460e-06
52.920 -8.12726017e-07 -8.11788942e-06
53.152  4.73499425e-06 -7.54143498e-06
53.385  8.80584856e-06 -3.70473422e-06
53.617  9.76413009e-06  1.80658701e-06
53.849  7.24389790e-06  6.84493516e-06
54.081  2.26199690e-06  9.44168189e-06
54.313 -3.29015945e-06  8.61315482e-06
54.545 -7.30403880e-06  4.75917666e-06
54.777 -8.28126220e-06 -6.21378715e-07
55.009 -5.97152824e-06 -5.46991241e-06
55.241 -1.34740029e-06 -7.94118752e-06
55.473  3.77254826e-06 -7.19854715e-06
55.706  7.37587286e-06 -3.63776213e-06
55.938  8.12624086e-06  1.31275093e-06
56.170  5.82189741e-06  5.67782909e-06
56.402  1.39052444e-06  7.78337508e-06
56.634 -3.40199971e-06  6.89282019e-06
56.866 -6.69846576e-06  3.38493330e-06
57.098 -7.30769751e-06 -1.33737870e-06
57.330 -5.05447816e-06 -5.42045241e-06
57.562 -8.79054790e-07 -7.35336914e-06
57.795  3.52217499e-06 -6.45334401e-06
58.027  6.45428366e-06 -3.12962610e-06
58.259  6.81005232e-06  1.23803320e-06
58.491  4.46489389e-06  4.93945808e-06
58.723  3.83318312e-07  6.56521302e-06
58.955 -3.84907354e-06  5.48955422e-06
59.187 -6.65298632e-06  2.17926826e-06
59.419 -6.98533920e-06 -2.05487370e-06
59.651 -4.80168278e-06 -5.62123451e-06
59.884 -1.03920416e-06 -7.17966276e-06
60.116  2.83599826e-06 -6.20187492e-06
60.348  5.32597402e-06 -3.18192904e-06
60.580  5.49617866e-06  6.61452455e-07
60.812  3.37790395e-06  3.81192716e-06
61.044 -1.50169515e-07  5.03002008e-06
61.276 -3.69167170e-06  3.90054077e-06
61.508 -5.83427831e-06  9.06465951e-07
61.740 -5.77504070e-06 -2.78285215e-06
61.972 -3.57560091e-06 -5.70652625e-06
62.205 -8.10550137e-08 -6.75157075e-06
62.437  3.34195099e-06 -5.56608029e-06
62.669  5.38913958e-06 -2.61317573e-06
62.901  5.34386611e-06  9.51375136e-07
63.133  3.26048647e-06  3.75569865e-06
63.365 -1.96990794e-08  4.79756605e-06
63.597 -3.19357641e-06  3.74261600e-06
63.829 -5.07927048e-06  1.06206048e-06
64.061 -5.00455659e-06 -2.12309666e-06
64.294 -3.04636560e-06 -4.56557128e-06
64.526 -4.92723727e-08 -5.33832600e-06
64.758  2.78426441e-06 -4.14694328e-06
64.990  4.36024590e-06 -1.50272355e-06
65.222  4.05189596e-06  1.53726471e-06
65.454  1.99993979e-06  3.81547301e-06
65.686 -9.73662211e-07  4.44847682e-06
65.918 -3.74889619e-06  3.21123690e-06
66.150 -5.27291166e-06  6.24417938e-07
66.383 -4.98678131e-06 -2.33073848e-06
66.615 -3.07186097e-06 -4.54162985e-06
66.847 -2.90732842e-07 -5.18702661e-06
67.079  2.28620251e-06 -4.10682685e-06
67.311  3.66390587e-06 -1.78436120e-06
67.543  3.37273470e-06  8.51979790e-07
67.775  1.59402717e-06  2.73997136e-06
68.007 -9.52015497e-07  3.16018522e-06
68.239 -3.22918495e-06  1.99093296e-06
68.471 -4.33993680e-06 -3.08926119e-07
68.704 -3.88389364e-06 -2.82349393e-06
68.936 -2.03614251e-06 -4.56543468e-06
69.168  4.79809769e-07 -4.89966281e-06
69.400  2.67631307e-06 -3.71290173e-06
69.632  3.74690027e-06 -1.47687251e-06
69.864  3.31421096e-06  9.11937284e-07
70.096  1.56816695e-06  2.55189769e-06
70.328 -7.65751993e-07  2.84376572e-06
70.560 -2.77770675e-06  1.68854038e-06
70.793 -3.71411342e-06 -4.22163106e-07
71.025 -3.21477212e-06 -2.65309512e-06
71.257 -1.50351407e-06 -4.16934838e-06
71.489  7.32789218e-07 -4.39508288e-06
71.721  2.65924272e-06 -3.27723389e-06
71.953  3.55357909e-06 -1.29892050e-06
72.185  3.10861492e-06  7.76694526e-07
72.417  1.57172100e-06  2.15319382e-06
72.649 -4.26876337e-07  2.31060340e-06
72.881 -2.09090955e-06  1.25038200e-06
73.114 -2.74511442e-06 -5.74464320e-07
73.346 -2.15375993e-06 -2.43360881e-06
73.578 -5.60640968e-07 -3.56195689e-06
73.810  1.43002824e-06 -3.51428223e-06
74.042  3.03534348e-06 -2.31118211e-06
74.274  3.64454239e-06 -3.83414194e-07
74.506  3.05615482e-06  1.54182838e-06
74.738  1.49215578e-06  2.75154246e-06
74.970 -4.45897050e-07  2.84943915e-06
75.203 -2.01727888e-06  1.83978753e-06
75.435 -2.67732506e-06  1.47803749e-07
75.667 -2.22662321e-06 -1.53147776e-06
75.899 -8.87148972e-07 -2.56452523e-06
76.131  7.51847667e-07 -2.58236558e-06
76.363  2.02645381e-06 -1.60038426e-06
76.595  2.43957775e-06 -5.71504765e-08
76.827  1.81295130e-06  1.40916480e-06
77.059  4.05693719e-07  2.21947627e-06
77.292 -1.21903541e-06  2.02575632e-06
77.524 -2.44696739e-06  8.89202882e-07
77.756 -2.79417168e-06 -7.51431775e-07
77.988 -2.12133781e-06 -2.30154061e-06
78.220 -7.02804197e-07 -3.19011187e-06
78.452  9.41411907e-07 -3.09545743e-06
78.684  2.21282005e-06 -2.10306210e-06
78.916  2.64915853e-06 -6.10311443e-07
79.148  2.14860276e-06  8.17434534e-07
79.380  9.57279580e-07  1.63202844e-06
79.613 -4.42391911e-07  1.56474675e-06
79.845 -1.47517334e-06  6.98846821e-07
80.077 -1.74181887e-06 -6.01010577e-07
80.309 -1.16825529e-06 -1.78422184e-06
80.541  1.81855563e-08 -2.36056490e-06
80.773  1.33599869e-06 -2.11038129e-06
81.005  2.24895359e-06 -1.11216813e-06
81.237  2.41387921e-06  2.59548519e-07
81.469  1.75964506e-06  1.46996533e-06
81.702  5.24016723e-07  2.08262151e-06
81.934 -8.09886347e-07  1.88639544e-06
82.166 -1.75421809e-06  9.64611668e-07
82.398 -1.98199862e-06 -2.96658796e-07
82.630 -1.42082385e-06 -1.40535782e-06
82.862 -3.24838562e-07 -1.95405388e-06
83.094  8.57203088e-07 -1.73106633e-06
83.326  1.67936279e-06 -8.41455135e-07
83.558  1.81977291e-06  3.48192641e-07
83.791  1.23244783e-06  1.39473765e-06
84.023  1.71718330e-07  1.90351934e-06
84.255 -9.60635142e-07  1.69186414e-06
84.487 -1.73763231e-06  8.85973608e-07
84.719 -1.86502809e-06 -1.83594712e-07
84.951 -1.33593739e-06 -1.09524755e-06
85.183 -3.86914769e-07 -1.47511952e-06
85.415  5.99368373e-07 -1.18863697e-06
85.647  1.20456977e-06 -3.62649424e-07
85.879  1.17984668e-06  6.88696340e-07
86.112  5.32660054e-07  1.54133982e-06
86.344 -5.16729555e-07  1.85637577e-06
86.576 -1.57870010e-06  1.52204723e-06
86.808 -2.25863044e-06  6.46716346e-07
87.040 -2.33815355e-06 -4.52782127e-07
87.272 -1.80809635e-06 -1.36914847e-06
87.504 -8.84295079e-07 -1.80394961e-06
87.736  5.56971905e-08 -1.64015022e-06
87.968  6.67201055e-07 -9.80049966e-07
88.201  7.46261937e-07 -1.37772325e-07
88.433  2.84371982e-07  5.28625868e-07
88.665 -4.89242410e-07  7.51945824e-07
88.897 -1.23102361e-06  4.23074002e-07
89.129 -1.63303949e-06 -3.27520684e-07
89.361 -1.49940440e-06 -1.19636247e-06
89.593 -8.53339196e-07 -1.85739789e-06
89.825  6.75399113e-08 -2.04493754e-06
90.057  9.46162627e-07 -1.67222216e-06
90.289  1.47236081e-06 -8.86495492e-07
90.522  1.45952462e-06  3.48309331e-08
90.754  9.49895608e-07  7.69899053e-07
90.986  1.54384720e-07  1.05625042e-06
91.218 -6.27341273e-07  8.31192710e-07
91.450 -1.09015654e-06  2.22960587e-07
91.682 -1.08004575e-06 -5.17543265e-07
91.914 -6.37982530e-07 -1.07591384e-06
92.146  5.04608813e-08 -1.22781498e-06
92.378  6.89988152e-07 -9.30683891e-07
92.611  1.00887548e-06 -2.97043867e-07
92.843  8.87849000e-07  4.18814838e-07
93.075  3.62057196e-07  9.21051904e-07
93.307 -3.74369203e-07  1.02345372e-06
93.539 -1.02761989e-06  6.82980174e-07
93.771 -1.35995583e-06  1.83162915e-08
94.003 -1.25466747e-06 -7.06520105e-07
94.235 -7.45628564e-07 -1.22436248e-06
94.467 -4.07807192e-08 -1.35717443e-06
94.700  5.89990672e-07 -1.05430210e-06
94.932  9.26389846e-07 -4.48147312e-07
95.164  8.43240181e-07  2.15666749e-07
95.396  3.87860974e-07  6.97791979e-07
95.628 -2.40940281e-07  8.16810195e-07
95.860 -8.07265507e-07  5.36446262e-07
96.092 -1.09495529e-06 -6.77690544e-09
96.324 -9.93742586e-07 -5.99728172e-07
96.556 -5.69408241e-07 -1.01314727e-06
96.788  2.69348672e-09 -1.07799397e-06
97.021  4.99320872e-07 -7.86951629e-07
97.253  7.10472527e-07 -2.66040392e-07
97.485  5.58167661e-07  2.84312412e-07
97.717  1.10227519e-07  6.32834925e-07
97.949 -4.70615089e-07  6.38243483e-07
98.181 -9.53165543e-07  3.04174658e-07
98.413 -1.14642700e-06 -2.57479497e-07
98.645 -9.89408076e-07 -8.38043070e-07
98.877 -5.34519185e-07 -1.21687506e-06
99.110  5.21206650e-08 -1.27513310e-06
99.342  5.44157959e-07 -1.00364418e-06
99.574  7.78672643e-07 -5.11807999e-07
99.806  6.90352564e-07 -8.24874219e-09
100.038  3.26328935e-07  3.17537192e-07
100.270 -1.41125565e-07  3.54369117e-07
100.502 -5.13476817e-07  8.86818655e-08
100.734 -6.45475035e-07 -3.56664379e-07
100.966 -4.68639173e-07 -7.90562450e-07
101.199 -4.77045495e-08 -1.04588982e-06
101.431  4.49929430e-07 -1.00787685e-06
101.663  8.49051777e-07 -6.78862677e-07
101.895  1.00072426e-06 -1.87209263e-07
102.127  8.46532678e-07  2.99033373e-07
102.359  4.63651720e-07  6.12252548e-07
102.591 -2.19081747e-09  6.42003738e-07
102.823 -3.81904255e-07  4.08396164e-07
103.055 -5.27690635e-07  2.30607618e-08
103.287 -4.03716506e-07 -3.58635340e-07
103.520 -8.04541184e-08 -5.68449831e-07
103.752  3.11620194e-07 -5.20760445e-07
103.984  5.99847108e-07 -2.41403214e-07
104.216  6.57680037e-07  1.71907401e-07
104.448  4.64749546e-07  5.56880773e-07
104.680  7.98123235e-08  7.57738415e-07
104.912 -3.59236584e-07  7.09067469e-07
105.144 -6.82424628e-07  4.26515614e-07
105.376 -7.84748369e-07  1.10915889e-08
105.609 -6.38219459e-07 -3.70864067e-07
105.841 -2.98346575e-07 -5.85499661e-07
106.073  8.97885721e-08 -5.65760359e-07
106.305  3.77773451e-07 -3.19102462e-07
106.537  4.68286453e-07  4.47319769e-08
106.769  3.24374020e-07  3.77873423e-07
107.001  1.20491730e-08  5.63643496e-07
107.233 -3.34711183e-07  5.28710367e-07
107.465 -5.90606742e-07  2.92575671e-07
107.697 -6.55937378e-07 -3.54214167e-08
107.930 -5.05467038e-07 -3.30970238e-07
108.162 -2.15864241e-07 -4.78141429e-07
108.394  9.80323821e-08 -4.11739152e-07
108.626  3.13695333e-07 -1.69763355e-07
108.858  3.33188683e-07  1.50735010e-07
109.090  1.52312821e-07  4.30245957e-07
109.322 -1.57750503e-07  5.47854324e-07
109.554 -4.90234033e-07  4.57099062e-07
109.786 -7.13548687e-07  1.96342498e-07
110.019 -7.43654595e-07 -1.49656263e-07
110.251 -5.82118252e-07 -4.52616027e-07
110.483 -2.84488882e-07 -6.00665872e-07
110.715  3.78316360e-08 -5.59162540e-07
110.947  2.58619471e-07 -3.51226912e-07
111.179  3.12243827e-07 -6.12620581e-08
111.411  1.90594301e-07  1.84079230e-07
111.643 -5.40826117e-08  2.95866158e-07
111.875 -3.06660356e-07  2.38574288e-07
112.108 -4.63220603e-07  3.12807298e-08
112.340 -4.65382424e-07 -2.31780909e-07
112.572 -3.00458005e-07 -4.40118092e-07
112.804 -3.44096306e-08 -5.17153235e-07
113.036  2.24890175e-07 -4.21289580e-07
113.268  3.88280923e-07 -1.84710967e-07
113.500  3.89928601e-07  9.74896384e-08
113.732  2.25643368e-07  3.31009687e-07
113.964 -3.20801183e-08  4.32991846e-07
114.196 -2.92499414e-07  3.64705079e-07
114.429 -4.64872406e-07  1.68920982e-07
114.661 -4.82221438e-07 -7.52816564e-08
114.893 -3.54540918e-07 -2.78427325e-07
115.125 -1.43206558e-07 -3.54404077e-07
115.357  7.09168508e-08 -2.81177445e-07
115.589  1.92261136e-07 -9.85147000e-08
115.821  1.70051298e-07  1.26533681e-07
116.053  1.98474562e-08  2.98055143e-07
116.285 -2.08962204e-07  3.41756745e-07
116.518 -4.28599906e-07  2.47496007e-07
116.750 -5.48596607e-07  4.39872415e-08
116.982 -5.33540215e-07 -1.96883813e-07
117.214 -3.89821349e-07 -3.77885638e-07
117.446 -1.67371136e-07 -4.41484767e-07
117.678  4.01412721e-08 -3.72101512e-07
117.910  1.58775088e-07 -1.94338973e-07
118.142  1.53422571e-07  1.13282579e-08
118.374  2.31215327e-08  1.61947366e-07
118.607 -1.72360246e-07  2.06827926e-07
118.839 -3.49036883e-07  1.21872890e-07
119.071 -4.45354263e-07 -5.86295976e-08
119.303 -4.18326087e-07 -2.57493654e-07
119.535 -2.74813821e-07 -4.07420561e-07
119.767 -7.79946176e-08 -4.51912622e-07
119.999  1.04556971e-07 -3.71321214e-07
120.231  2.08942261e-07 -2.09010353e-07
120.463  1.92739927e-07 -2.74884332e-08
120.695  7.58962874e-08  1.07960339e-07
120.928 -8.88434764e-08  1.37896067e-07
121.160 -2.40038401e-07  5.75904692e-08
121.392 -3.08032714e-07 -9.39027735e-08
121.624 -2.64380107e-07 -2.63224394e-07
121.856 -1.31259387e-07 -3.77623202e-07
122.088  4.94793431e-08 -3.88036331e-07
122.320  2.09017835e-07 -2.97618477e-07
122.552  2.82928993e-07 -1.34118945e-07
122.784  2.54794625e-07  4.39417401e-08
123.017  1.36791822e-07  1.63790105e-07
123.249 -2.77857901e-08  1.90893079e-07
123.481 -1.65643907e-07  1.21778186e-07
123.713 -2.27405881e-07 -1.83126365e-08
123.945 -1.95033631e-07 -1.63030228e-07
124.177 -7.49772654e-08 -2.52737513e-07
124.409  7.97345776e-08 -2.56689945e-07
124.641  2.04767445e-07 -1.63494796e-07
124.873  2.59199537e-07 -7.96529124e-09
125.105  2.16133591e-07  1.47215541e-07
125.338  8.92078592e-08  2.54396630e-07
125.570 -6.70959056e-08  2.74938233e-07
125.802 -2.02690766e-07  2.00994462e-07
126.034 -2.72101706e-07  7.33003383e-08
126.266 -2.48595827e-07 -5.99822087e-08
126.498 -1.55720077e-07 -1.51573608e-07
126.730 -3.62005070e-08 -1.60513030e-07
126.962  6.48159968e-08 -9.18859990e-08
127.194  9.73948380e-08  1.96424256e-08
127.427  4.83491389e-08  1.33652127e-07
127.659 -5.81122833e-08  1.96246453e-07
127.891 -1.88244218e-07  1.77245769e-07
128.123 -2.89025293e-07  8.79263305e-08
128.355 -3.16026736e-07 -4.66287430e-08
128.587 -2.65669984e-07 -1.79181684e-07
128.819 -1.52500681e-07 -2.55752929e-07
129.051 -1.34064053e-08 -2.57640326e-07
129.283  9.44307547e-08 -1.87910344e-07
129.516  1.39110144e-07 -6.99755594e-08
129.748  1.12751769e-07  4.24053942e-08
129.980  2.44261535e-08  1.07619516e-07
130.212 -8.09811132e-08  1.08357190e-07
130.444 -1.56174971e-07  4.03915259e-08
130.676 -1.76053340e-07 -6.40448924e-08
130.908 -1.25030991e-07 -1.56151981e-07
131.140 -2.02801491e-08 -2.04566879e-07
131.372  9.24305648e-08 -1.84560975e-07
131.604  1.77443331e-07 -9.70683387e-08
131.837  2.03508674e-07  2.00037357e-08
132.069  1.55781523e-07  1.29547884e-07
132.301  5.99953745e-08  1.97059396e-07
132.533 -4.87136296e-08  1.94439609e-07
132.765 -1.36137988e-07  1.32566007e-07
132.997 -1.65197778e-07  4.14448298e-08
133.229 -1.31378875e-07 -4.80220316e-08
133.461 -5.72212306e-08 -9.47492586e-08
133.693  3.15697151e-08 -8.01560822e-08
133.926  9.44884268e-08 -1.77819201e-08
134.158  1.01413178e-07  7.27239068e-08
134.390  5.58271017e-08  1.55081125e-07
134.622 -2.90530325e-08  1.90913348e-07
134.854 -1.23882412e-07  1.73004731e-07
135.086 -1.85944571e-07  1.07825210e-07
135.318 -1.97403279e-07  1.58891569e-08
135.550 -1.57701007e-07 -6.01335561e-08
135.782 -7.74806225e-08 -9.29400296e-08
136.015  5.07102971e-09 -7.48641126e-08
136.247  5.55096584e-08 -6.52675382e-09
136.479  5.93460042e-08  8.23692126e-08
136.711  7.88675578e-09  1.53670026e-07
136.943 -8.07202158e-08  1.86965243e-07
137.175 -1.68830255e-07  1.65846195e-07
137.407 -2.31768843e-07  9.53379990e-08
137.639 -2.47840606e-07  8.28527408e-09
137.871 -2.09296237e-07 -6.85376030e-08
138.103 -1.40686873e-07 -1.10954624e-07
138.336 -6.87270017e-08 -1.00531099e-07
138.568 -1.76109822e-08 -5.13109016e-08
138.800 -1.33727306e-08  1.19218236e-08
139.032 -5.34903001e-08  6.66057642e-08
139.264 -1.16868632e-07  8.23893324e-08
139.496 -1.83585399e-07  5.01681671e-08
139.728 -2.22145147e-07 -1.46176254e-08
139.960 -2.12691075e-07 -9.55877223e-08
140.192 -1.63013686e-07 -1.63283536e-07
140.425 -8.49484564e-08 -1.89340156e-07
140.657 -2.84184994e-09 -1.72625495e-07
140.889  5.00950970e-08 -1.19741284e-07
141.121  6.38922496e-08 -4.76364892e-08
141.353  4.00148749e-08  9.93238493e-09
141.585 -1.27482530e-08  3.54439823e-08
141.817 -6.38734664e-08  2.59286500e-08
142.049 -9.00440171e-08 -1.72512748e-08
142.281 -8.44109054e-08 -6.94443748e-08
142.513 -4.22789867e-08 -1.03326619e-07
142.746  1.93315912e-08 -1.08135284e-07
142.978  7.12046374e-08 -7.42879680e-08
143.210  9.84598213e-08 -9.84359089e-09
143.442  8.75236278e-08  5.69829751e-08
143.674  3.66851731e-08  1.07655079e-07
143.906 -3.03463448e-08  1.25723341e-07
144.138 -9.29071181e-08  1.00008338e-07
144.370 -1.33329284e-07  4.64806591e-08
144.602 -1.32794117e-07 -1.42974145e-08
144.835 -9.75636120e-08 -6.53535137e-08
145.067 -4.59285427e-08 -8.33011494e-08
145.299  7.33810398e-09 -6.44009490e-08
145.531  3.77070783e-08 -2.30430183e-08
145.763  3.25228047e-08  2.88828964e-08
145.995  1.15083825e-09  6.86288710e-08
146.227 -4.74146734e-08  7.65374527e-08
146.459 -9.42490192e-08  5.61065070e-08
146.691 -1.15055313e-07  1.36404884e-08
146.924 -1.06850744e-07 -3.69523261e-08
147.156 -7.32999261e-08 -6.93692033e-08
147.388 -2.27599328e-08 -7.39371221e-08
147.620  1.92525292e-08 -5.14409862e-08
147.852  3.68537594e-08 -4.62541081e-09
148.084  2.75588480e-08  4.45687713e-08
148.316 -1.11480842e-08  7.54520693e-08
148.548 -6.33715002e-08  8.20497334e-08
148.780 -1.05924515e-07  5.74190230e-08
149.012 -1.29568761e-07  9.74026077e-09
149.245 -1.24290592e-07 -3.81100684e-08
149.477 -9.01281812e-08 -7.42938854e-08
149.709 -4.69866863e-08 -8.73767458e-08
149.941 -8.48432940e-09 -7.01402150e-08
150.173  1.39570269e-08 -3.75045343e-08
150.405  7.62053797e-09 -4.13185243e-09
150.637 -1.88586599e-08  1.93251902e-08
150.869 -5.05486696e-08  1.66155922e-08
151.101 -7.76609201e-08 -1.07319532e-08
151.334 -8.22008155e-08 -4.87199388e-08
151.566 -5.81770158e-08 -8.83745473e-08
151.798 -1.68521704e-08 -1.11697123e-07
152.030  3.39435166e-08 -1.05542154e-07
152.262  7.81474018e-08 -7.65082530e-08
152.494  9.70794362e-08 -3.06209343e-08
152.726  9.14528320e-08  1.99169614e-08
152.958  6.50288939e-08  5.36658397e-08
153.190  2.49345177e-08  6.53952458e-08
153.423 -7.74919369e-09  5.66889693e-08
153.655 -2.26798149e-08  2.95955563e-08
153.887 -1.96327773e-08  2.28774191e-09
154.119  3.41208608e-09 -1.09307322e-08
154.351  3.28132962e-08 -8.13300513e-09
154.583  5.15261958e-08  1.54545690e-08
154.815  5.55566214e-08  5.16336771e-08
155.047  3.84206106e-08  8.21084097e-08
155.279  2.38571689e-09  1.00340407e-07
155.511 -3.49743471e-08  9.88498000e-08
155.744 -6.45341398e-08  7.39673861e-08
155.976 -7.84547431e-08  4.03043014e-08
156.208 -6.78701778e-08  8.97375454e-09
156.440 -4.24940780e-08 -1.24787298e-08
156.672 -1.43934739e-08 -1.15038659e-08
156.904  9.66702179e-09  8.24751507e-09
157.136  1.53902454e-08  3.49512662e-08
157.368  7.60788075e-11  6.27884295e-08
157.600 -2.59466949e-08  7.76238272e-08
157.833 -5.77226820e-08  7.09036228e-08
158.065 -8.28830835e-08  5.02100929e-08
158.297 -8.82089934e-08  1.97686698e-08
158.529 -7.74528791e-08 -1.09824463e-08
158.761 -5.41694982e-08 -2.59122349e-08
158.993 -2.42419132e-08 -2.42443285e-08
159.225 -4.64618811e-09 -8.79717693e-09
159.457 -8.68801595e-10  1.81524920e-08
159.689 -1.10607761e-08  4.08528709e-08
159.921 -3.61327323e-08  4.94904823e-08
160.154 -6.33769060e-08  4.45437369e-08
160.386 -7.96219319e-08  2.26178209e-08
160.618 -8.35238954e-08 -8.01258033e-09
160.850 -7.00420544e-08 -3.23409097e-08
161.082 -4.22348741e-08 -4.69010436e-08
161.314 -1.50516718e-08 -4.59034011e-08
161.546  5.91501628e-09 -2.71835724e-08
161.778  1.49845229e-08 -3.73080624e-09
162.010  5.56717917e-09  1.70054054e-08
162.243 -1.28563123e-08  3.00679550e-08
162.475 -3.14357157e-08  2.58027876e-08
162.707 -4.61230993e-08  9.14642764e-09
162.939 -4.57347787e-08 -1.03271224e-08
163.171 -3.01237000e-08 -2.92929685e-08
163.403 -8.57714386e-09 -3.64937477e-08
163.635  1.60253958e-08 -2.66984493e-08
163.867  3.36829809e-08 -7.62936378e-09
164.099  3.47756985e-08  1.81294829e-08
164.332  2.42479900e-08  4.29857168e-08
164.564  4.43134926e-09  5.43671275e-08
164.796 -2.02448934e-08  5.36667421e-08
165.028 -3.61650570e-08  4.30256445e-08
165.260 -4.09671875e-08  2.36086509e-08
165.492 -3.66659817e-08  8.17615935e-09
165.724 -2.17302664e-08  2.60479253e-09
165.956 -6.55649343e-09  5.13381295e-09
166.188  1.02590046e-11  1.90553678e-08
166.420 -9.69240563e-10  3.73704906e-08
166.653 -1.36265871e-08  4.91607984e-08
166.885 -3.49821754e-08  5.41905750e-08
167.117 -5.33804761e-08  4.82462596e-08
167.349 -6.68950411e-08  3.01388884e-08
167.581 -7.19019023e-08  1.06355839e-08
167.813 -6.35674089e-08 -6.64573024e-09
168.045 -5.03009172e-08 -1.92718984e-08
168.277 -3.71526310e-08 -2.00048537e-08
168.509 -2.50574177e-08 -1.40055100e-08
168.742 -2.20313613e-08 -7.47027362e-09
168.974 -2.63896900e-08 -8.85444208e-11
169.206 -3.10729254e-08  8.21009531e-10
169.438 -3.68311693e-08 -6.31228182e-09
169.670 -3.79868347e-08 -1.40255480e-08
169.902 -3.01596976e-08 -2.24807967e-08
170.134 -2.04468483e-08 -2.79956571e-08
170.366 -1.01138846e-08 -2.39957195e-08
170.598 -9.49117092e-10 -1.62339539e-08
170.831 -9.09172192e-10 -7.82168318e-09
171.063 -6.51016066e-09  9.06230177e-10
171.295 -1.28268259e-08  1.54503639e-09
171.527 -2.02538419e-08 -5.35364949e-09
171.759 -2.07879038e-08 -1.35048323e-08
171.991 -1.17007205e-08 -2.31449916e-08
172.223  2.39718884e-10 -2.72492096e-08
172.455  1.43089564e-08 -1.97611943e-08
172.687  2.47202519e-08 -6.67887041e-09
172.919  2.23463666e-08  9.87309198e-09
173.152  1.09480587e-08  2.53595338e-08
173.384 -6.06959421e-09  2.81492006e-08
173.616 -2.53222098e-08  1.83182943e-08
173.848 -3.35363781e-08 -2.20332816e-10
174.080 -2.59367106e-08 -2.52153923e-08
174.312 -5.54788013e-09 -4.29277504e-08
174.544  2.68027973e-08 -4.31626998e-08
174.776  5.84702145e-08 -2.62863648e-08
175.008  7.42411899e-08  8.99236244e-09
175.241  7.01869301e-08  5.30526067e-08
175.473  4.19734677e-08  8.72853863e-08
175.705 -5.86158161e-09  1.02574079e-07
175.937 -5.40851069e-08  9.07745061e-08
176.169 -8.86785307e-08  4.95992951e-08
176.401 -9.74569567e-08 -4.57468597e-09
176.633 -7.03251934e-08 -5.43939438e-08
176.865 -1.72357328e-08 -8.41504639e-08
177.097  4.38107916e-08 -7.59793883e-08
177.329  9.49302470e-08 -3.03418061e-08
177.562  1.11657106e-07  3.76415023e-08
177.794  8.29178822e-08  1.10156529e-07
178.026  1.69999617e-08  1.58540146e-07
178.258 -7.15078622e-08  1.59728867e-07
178.490 -1.53468076e-07  1.11495401e-07
178.722 -1.95532353e-07  2.14315836e-08
178.954 -1.82546967e-07 -8.57245504e-08
179.186 -1.11462399e-07 -1.70506223e-07
179.418  2.76835523e-09 -2.04695063e-07
179.651  1.20909370e-07 -1.72112096e-07
179.883  2.04414254e-07 -7.30629383e-08
180.115  2.23595522e-07  6.10799261e-08
180.347  1.60908758e-07  1.87028962e-07
180.579  3.22571273e-08  2.63916602e-07
180.811 -1.22135307e-07  2.55766429e-07
181.043 -2.55402200e-07  1.56885901e-07
181.275 -3.15821795e-07 -4.46273809e-09
181.507 -2.72870421e-07 -1.83114244e-07
181.740 -1.34384644e-07 -3.17807092e-07
181.972  6.55059270e-08 -3.54050050e-07
182.204  2.65426204e-07 -2.73043483e-07
182.436  3.92624796e-07 -8.84060972e-08
182.668  3.99536853e-07  1.49986975e-07
182.900  2.71629427e-07  3.61612897e-07
183.132  3.52701358e-08  4.73467548e-07
183.364 -2.35424845e-07  4.39130941e-07
183.596 -4.51263271e-07  2.51366490e-07
183.828 -5.35781778e-07 -3.79159476e-08
184.061 -4.42344453e-07 -3.37839240e-07
184.293 -1.85992872e-07 -5.50188537e-07
184.525  1.58628381e-07 -5.89474719e-07
184.757  4.86068347e-07 -4.23410207e-07
184.989  6.80139316e-07 -9.19490875e-08
185.221  6.57851061e-07  3.11445523e-07
185.453  4.09062470e-07  6.55723394e-07
185.685 -5.85463694e-09  8.13013971e-07
185.917 -4.63055419e-07  7.14465729e-07
186.150 -8.05513817e-07  3.68225626e-07
186.382 -9.06944740e-07 -1.34349147e-07
186.614 -7.10352921e-07 -6.31576785e-07
186.846 -2.50372928e-07 -9.52607322e-07
187.078  3.36882877e-07 -9.72434063e-07
187.310  8.60195555e-07 -6.50656221e-07
187.542  1.13633445e-06 -6.65620360e-08
187.774  1.04216408e-06  6.01289854e-07
188.006  5.73638749e-07  1.13457516e-06
188.239 -1.40528429e-07  1.33396218e-06
188.471 -8.81625473e-07  1.09632306e-06
188.703 -1.39653325e-06  4.65624625e-07
188.935 -1.48319848e-06 -3.80869281e-07
189.167 -1.07551148e-06 -1.17336118e-06
189.399 -2.67115311e-07 -1.62993822e-06
189.631  7.02991499e-07 -1.56540976e-06
189.863  1.51083159e-06 -9.55433263e-07
190.095  1.86417573e-06  4.24824532e-08
190.327  1.60218307e-06  1.11499128e-06
190.560  7.55959166e-07  1.89737914e-06
190.792 -4.32118018e-07  2.09604099e-06
191.024 -1.57940076e-06  1.58598225e-06
191.256 -2.28884392e-06  4.80523686e-07
191.488 -2.27315517e-06 -8.87642269e-07
191.720 -1.47195850e-06 -2.07211528e-06
191.952 -9.71008803e-08 -2.64602858e-06
192.184  1.42886183e-06 -2.35482687e-06
192.416  2.59210843e-06 -1.22838941e-06
192.649  2.95564739e-06  4.16568553e-07
192.881  2.32920309e-06  2.05726308e-06
193.113  8.46676932e-07  3.12159488e-06
193.345 -1.05343291e-06  3.19491669e-06
193.577 -2.74404638e-06  2.17155046e-06
193.809 -3.62232942e-06  3.11837263e-07
194.041 -3.32031822e-06 -1.80576646e-06
194.273 -1.84277906e-06 -3.46678404e-06
194.505  3.92458803e-07 -4.06208448e-06
194.737  2.66873888e-06 -3.29666839e-06
194.970  4.20400516e-06 -1.32630505e-06
195.202  4.40592511e-06  1.25793109e-06
195.434  3.09738831e-06  3.61163317e-06
195.666  6.18095452e-07  4.90122184e-06
195.898 -2.26479656e-06  4.59410724e-06
196.130 -4.58453825e-06  2.67785446e-06
196.362 -5.49020700e-06 -3.05574197e-07
196.594 -4.56348931e-06 -3.40493643e-06
196.826 -1.99018821e-06 -5.55027675e-06
197.059  1.46279837e-06 -5.92738318e-06
197.291  4.65948769e-06 -4.27788926e-06
197.523  6.47111221e-06 -1.02239485e-06
197.755  6.17208617e-06  2.82452538e-06
197.987  3.71133485e-06  5.96820890e-06
198.219 -2.11698892e-07  7.27129505e-06
198.451 -4.33582118e-06  6.14963460e-06
198.683 -7.24729075e-06  2.82073496e-06
198.915 -7.85133581e-06 -1.70979626e-06
199.148 -5.77666937e-06 -5.95461701e-06
199.380 -1.56425071e-06 -8.42237625e-06
199.612  3.46891910e-06 -8.13296282e-06
199.844  7.63314003e-06 -5.00495692e-06
200.076  9.42141508e-06  6.31294377e-08
200.308  8.05777625e-06  5.44250799e-06
200.540  3.81236375e-06  9.28245646e-06
200.772 -2.03046086e-06  1.01495094e-05
201.004 -7.54219123e-06  7.55503061e-06
201.236 -1.07858008e-05  2.17683523e-06
201.469 -1.04955633e-05 -4.29241002e-06
201.701 -6.54969743e-06 -9.67130974e-06
201.933 -9.14283555e-08 -1.20280809e-05
202.165  6.78665252e-06 -1.03589920e-05
202.397  1.17240720e-05 -4.99776785e-06
202.629  1.28910378e-05  2.41113203e-06
202.861  9.65591798e-06  9.41705843e-06
203.093  2.88748766e-06  1.35652765e-05
203.325 -5.26759933e-06  1.32457562e-05
203.558 -1.20589125e-05  8.31487664e-06
203.790 -1.50463597e-05  2.25581065e-07
204.022 -1.29781717e-05 -8.39256976e-06
204.254 -6.29427051e-06 -1.45723465e-05
204.486  2.94050869e-06 -1.60307233e-05
204.718  1.16557049e-05 -1.20068545e-05
204.950  1.67925306e-05 -3.60076327e-06
205.182  1.63786939e-05  6.50121582e-06
205.414  1.02642923e-05  1.48751839e-05
205.647  2.74905175e-07  1.85242860e-05
205.879 -1.03143528e-05  1.59378198e-05
206.111 -1.78559522e-05  7.69464830e-06
206.343 -1.95778174e-05 -3.62163890e-06
206.575 -1.45894862e-05 -1.42308619e-05
206.807 -4.29788007e-06 -2.04137989e-05
207.039  7.97535379e-06 -1.98038846e-05
207.271  1.80621466e-05 -1.22888541e-05
207.503  2.23505149e-05 -1.57191316e-07
207.735  1.90783851e-05  1.25925932e-05
207.968  9.03813350e-06  2.15557129e-05
208.200 -4.59031707e-06  2.34421734e-05
208.432 -1.72305710e-05  1.72822239e-05
208.664 -2.44418742e-05  4.85991213e-06
208.896 -2.34836169e-05 -9.78095575e-06
209.128 -1.43378261e-05 -2.16425411e-05
209.360  1.65152219e-07 -2.64853428e-05
209.592  1.52033026e-05 -2.23340956e-05
209.824  2.55704971e-05 -1.02593344e-05
210.057  2.74751292e-05  5.85880202e-06
210.289  1.99142054e-05  2.05758818e-05
210.521  5.14642126e-06  2.87220406e-05
210.753 -1.19690797e-05  2.72076716e-05
210.985 -2.55724829e-05  1.61915599e-05
211.217 -3.07997625e-05 -8.47773439e-07
211.449 -2.55230318e-05 -1.82086152e-05
211.681 -1.12009031e-05 -2.98642743e-05
211.913  7.50842491e-06 -3.15553951e-05
212.145  2.42515687e-05 -2.23490838e-05
212.378  3.31339639e-05 -5.07386323e-06
212.610  3.08036897e-05  1.45343554e-05
212.842  1.77023801e-05  2.97279240e-05
213.074 -1.96333113e-06  3.50790622e-05
213.306 -2.15568025e-05  2.84157334e-05
213.538 -3.42578565e-05  1.16798121e-05
213.770 -3.54398096e-05 -9.61035380e-06
214.002 -2.43451710e-05 -2.81801888e-05
214.234 -4.47693765e-06 -3.74910726e-05
214.467  1.74979907e-05 -3.40366929e-05
214.699  3.39931288e-05 -1.86623544e-05
214.931  3.91175731e-05  3.60207508e-06
215.163  3.07835096e-05  2.51919495e-05
215.395  1.15467517e-05  3.85751922e-05
215.627 -1.21717950e-05  3.88829613e-05
215.859 -3.22264248e-05  2.56896739e-05
216.091 -4.15439528e-05  3.26704182e-06
216.323 -3.66321782e-05 -2.07939528e-05
216.556 -1.88825769e-05 -3.81483846e-05
216.788  5.80672529e-06 -4.26055169e-05
217.020  2.89813490e-05 -3.23420672e-05
217.252  4.25361637e-05 -1.06284426e-05
217.484  4.15610449e-05  1.51973136e-05
217.716  2.61153144e-05  3.62136200e-05
217.948  1.31305834e-06  4.50114743e-05
218.180 -2.43659055e-05  3.83068763e-05
218.412 -4.19892316e-05  1.81700393e-05
218.644 -4.52826727e-05 -8.59684261e-06
218.877 -3.28712447e-05 -3.27677871e-05
219.109 -8.85036154e-06 -4.58783406e-05
219.341  1.85688716e-05 -4.31966502e-05
219.573  3.98720589e-05 -2.54466378e-05
219.805  4.75474158e-05  1.37146150e-06
220.037  3.87534754e-05  2.80135983e-05
220.269  1.63744282e-05  4.51792382e-05
220.501 -1.19262314e-05  4.67762905e-05
220.733 -3.63271528e-05  3.20964268e-05
220.966 -4.82716507e-05  6.11398000e-06
221.198 -4.34871364e-05 -2.21930140e-05
221.430 -2.35157395e-05 -4.29527528e-05
221.662  4.77140435e-06 -4.88634618e-05
221.894  3.15377417e-05 -3.77690190e-05
222.126  4.74215043e-05 -1.34540216e-05
222.358  4.68211070e-05  1.56383516e-05
222.590  2.98813549e-05  3.93528063e-05
222.822  2.48093910e-06  4.93797531e-05
223.055 -2.58145753e-05  4.21774551e-05
223.287 -4.51047813e-05  2.02432709e-05
223.519 -4.86272084e-05 -8.74997867e-06
223.751 -3.51502681e-05 -3.46482996e-05
223.983 -9.41539596e-06 -4.83784956e-05
224.215  1.95368744e-05 -4.51477282e-05
224.447  4.15450069e-05 -2.61358967e-05
224.679  4.89092018e-05  1.93452551e-06
224.911  3.91095848e-05  2.91735200e-05
225.143  1.56743813e-05  4.60171440e-05
225.376 -1.30837459e-05  4.66110089e-05
225.608 -3.70164614e-05  3.08571649e-05
225.840 -4.77432713e-05  4.41874616e-06
226.072 -4.16024075e-05 -2.33065555e-05
226.304 -2.09108719e-05 -4.25421594e-05
226.536  6.89024841e-06 -4.65979649e-05
226.768  3.19167658e-05 -3.42085435e-05
227.000  4.53719940e-05 -9.94176218e-06
227.232  4.26494818e-05  1.74778417e-05
227.465  2.49306074e-05  3.83174713e-05
227.697 -1.29605750e-06  4.52990609e-05
227.929 -2.66144984e-05  3.61609454e-05
228.161 -4.20657842e-05  1.44062721e-05
228.393 -4.23333573e-05 -1.20310669e-05
228.625 -2.75967691e-05 -3.36778074e-05
228.857 -3.37926733e-06 -4.29231280e-05
229.089  2.15122403e-05 -3.67199244e-05
229.321  3.81870912e-05 -1.75977283e-05
229.553  4.08671643e-05  7.34388162e-06
229.786  2.89060079e-05  2.90572180e-05
230.018  6.91966177e-06  3.98400596e-05
230.250 -1.69685079e-05  3.60866588e-05
230.482 -3.41279526e-05  1.94990399e-05
230.714 -3.85549712e-05 -3.63045412e-06
230.946 -2.89821475e-05 -2.47899357e-05
231.178 -9.23831578e-06 -3.63889496e-05
231.410  1.32488683e-05 -3.44885076e-05
231.642  3.02446529e-05 -2.01511451e-05
231.875  3.57247093e-05  1.05381616e-06
232.107  2.80204788e-05  2.11971269e-05
232.339  1.03352935e-05  3.29489329e-05
232.571 -1.05522605e-05  3.22479845e-05
232.803 -2.68717140e-05  1.97243202e-05
233.035 -3.27426801e-05  3.51921142e-07
233.267 -2.63084957e-05 -1.85020349e-05
233.499 -1.03289929e-05 -2.98587920e-05
233.731  8.96464110e-06 -2.97151033e-05
233.964  2.42697093e-05 -1.84692680e-05
234.196  2.99660706e-05 -6.60172139e-07
234.428  2.41910172e-05  1.68272301e-05
234.660  9.44737901e-06  2.73995901e-05
234.892 -8.43678988e-06  2.72427358e-05
235.124 -2.25768067e-05  1.67003071e-05
235.356 -2.76715111e-05  5.47742054e-08
235.588 -2.19875802e-05 -1.61709148e-05
235.820 -7.94889391e-06 -2.57483093e-05
236.052  8.85506893e-06 -2.51231701e-05
236.285  2.18661254e-05 -1.47285895e-05
236.517  2.60987159e-05  1.23372727e-06
236.749  2.00337214e-05  1.64615517e-05
236.981  6.16901809e-06  2.50186220e-05
237.213 -9.98309259e-06  2.36233086e-05
237.445 -2.20668381e-05  1.29005397e-05
237.677 -2.53544231e-05 -2.87927301e-06
237.909 -1.85759445e-05 -1.74861195e-05
238.141 -4.41268488e-06 -2.51627606e-05
238.374  1.15576925e-05 -2.28648296e-05
238.606  2.30385662e-05 -1.14594608e-05
238.838  2.54650278e-05  4.60539053e-06
239.070  1.78011934e-05  1.90285668e-05
239.302  2.96708224e-06  2.60994523e-05
239.534 -1.32795043e-05  2.29368849e-05
239.766 -2.45596409e-05  1.06437729e-05
239.998 -2.63565182e-05 -6.08997400e-06
240.230 -1.78046074e-05 -2.07705973e-05
240.463 -2.06598059e-06 -2.76041034e-05
240.695  1.48437817e-05 -2.37675927e-05
240.927  2.63457239e-05 -1.05440650e-05
241.159  2.78486384e-05  7.11475491e-06
241.391  1.85567121e-05  2.24408951e-05
241.623  1.83445986e-06  2.94433343e-05
241.855 -1.60147958e-05  2.52345728e-05
242.087 -2.81309278e-05  1.11891119e-05
242.319 -2.97298317e-05 -7.50560303e-06
242.551 -1.99680326e-05 -2.37749930e-05
242.784 -2.33762219e-06 -3.13418646e-05
243.016  1.65923930e-05 -2.71335507e-05
243.248  2.96392873e-05 -1.25096476e-05
243.480  3.17279896e-05  7.17738285e-06
243.712  2.18528674e-05  2.45607185e-05
243.944  3.53016873e-06  3.30219180e-05
244.176 -1.64718420e-05  2.92052511e-05
244.408 -3.06469154e-05  1.43418411e-05
244.640 -3.35684881e-05 -6.15476222e-06
244.873 -2.39694404e-05 -2.46784199e-05
245.105 -5.27093261e-06 -3.42589225e-05
245.337  1.56548371e-05 -3.11935188e-05
245.569  3.10196628e-05 -1.64754368e-05
245.801  3.50305189e-05  4.53833674e-06
246.033  2.60821513e-05  2.40872916e-05
246.265  7.38516560e-06  3.48869028e-05
246.497 -1.41950238e-05  3.28596839e-05
246.729 -3.06707589e-05  1.86716568e-05
246.961 -3.59099092e-05 -2.49037474e-06
247.194 -2.79245112e-05 -2.28224452e-05
247.426 -9.62154364e-06 -3.48030360e-05
247.658  1.22571955e-05 -3.39895263e-05
247.890  2.96366065e-05 -2.06674387e-05
248.122  3.61076589e-05  2.45623744e-07
248.354  2.92972891e-05  2.10266429e-05
248.586  1.17477830e-05  3.40197461e-05
248.818 -1.00347012e-05  3.44665246e-05
249.050 -2.80104679e-05  2.22614014e-05
249.283 -3.55851473e-05  1.97541783e-06
249.515 -3.00428891e-05 -1.88682163e-05
249.747 -1.35339817e-05 -3.25951479e-05
249.979  7.76259499e-06 -3.42183586e-05
250.211  2.59600618e-05 -2.32694230e-05
250.443  3.43938510e-05 -3.92647949e-06
250.675  3.00836947e-05  1.65833041e-05
250.907  1.47956525e-05  3.06878384e-05
251.139 -5.67482562e-06  3.32847526e-05
251.372 -2.36968847e-05  2.36029149e-05
251.604 -3.26619749e-05  5.42173585e-06
251.836 -2.94260132e-05 -1.43932404e-05
252.068 -1.54162210e-05 -2.84871273e-05
252.300  3.97141832e-06 -3.17636541e-05
252.532  2.14438556e-05 -2.32363417e-05
252.764  3.05674909e-05 -6.32204589e-06
252.996  2.81465202e-05  1.25090050e-05
253.228  1.53499734e-05  2.62129932e-05
253.460 -2.80550078e-06  2.98148246e-05
253.693 -1.94161070e-05  2.22216674e-05
253.925 -2.83192945e-05  6.55694057e-06
254.157 -2.63835346e-05 -1.11046266e-05
254.389 -1.46235548e-05 -2.40895592e-05
254.621  2.27349483e-06 -2.76446567e-05
254.853  1.78052245e-05 -2.06887639e-05
255.085  2.61467651e-05 -6.14084473e-06
255.317  2.43401756e-05  1.02839980e-05
255.549  1.33558857e-05  2.23034623e-05
255.782 -2.37296828e-06  2.54662701e-05
256.014 -1.67178961e-05  1.88123227e-05
256.246 -2.42281059e-05  5.15540613e-06
256.478 -2.22071145e-05 -1.00800629e-05
256.710 -1.16841646e-05 -2.09901993e-05
256.942  3.06600938e-06 -2.34759055e-05
257.174  1.62310900e-05 -1.67849794e-05
257.406  2.27387110e-05 -3.72874881e-06
257.638  2.02081221e-05  1.04692049e-05
257.871  9.81681466e-06  2.02428074e-05
258.103 -4.21567961e-06  2.18575131e-05
258.335 -1.63174302e-05  1.48280356e-05
258.567 -2.17642583e-05  2.05897936e-06
258.799 -1.85092196e-05 -1.13323280e-05
259.031 -7.94768046e-06 -2.00525730e-05
259.263  5.66216797e-06 -2.07068686e-05
259.495  1.69033798e-05 -1.31075211e-05
259.727  2.13387311e-05 -3.26880257e-07
259.959  1.72421342e-05  1.25362484e-05
260.192  6.26774007e-06  2.03774410e-05
260.424 -7.21542999e-06  2.00890731e-05
260.656 -1.78567590e-05  1.17814158e-05
260.888 -2.14261111e-05 -1.26300462e-06
261.120 -1.64795011e-05 -1.38887890e-05
261.352 -4.93485998e-06 -2.10902476e-05
261.584  8.68145683e-06 -1.99784359e-05
261.816  1.90035107e-05 -1.09293393e-05
262.048  2.19249274e-05  2.55527084e-06
262.281  1.62221573e-05  1.52068066e-05
262.513  4.04761789e-06  2.20378872e-05
262.745 -9.89447449e-06  2.03008240e-05
262.977 -2.01618881e-05  1.05766232e-05
263.209 -2.26953782e-05 -3.43263182e-06
263.441 -1.64129887e-05 -1.63157891e-05
263.673 -3.64796218e-06 -2.30439359e-05
263.905  1.07252284e-05 -2.09303684e-05
264.137  2.11572078e-05 -1.06844526e-05
264.369  2.35708810e-05  3.83368092e-06
264.602  1.69424347e-05  1.70744294e-05
264.834  3.71840124e-06  2.39309586e-05
265.066 -1.10942019e-05  2.17046118e-05
265.298 -2.18382622e-05  1.11546936e-05
265.530 -2.43712517e-05 -3.76364996e-06
265.762 -1.76545185e-05 -1.73973162e-05
265.994 -4.17287596e-06 -2.45487343e-05
266.226  1.09970940e-05 -2.24546479e-05
266.458  2.21146913e-05 -1.18528930e-05
266.691  2.49501248e-05  3.28426407e-06
266.923  1.83967011e-05  1.72560155e-05
267.155  4.90068164e-06  2.47870877e-05
267.387 -1.04675948e-05  2.30253125e-05
267.619 -2.19286461e-05  1.26268546e-05
267.851 -2.51746499e-05 -2.49920728e-06
268.083 -1.89993113e-05 -1.66714492e-05
268.315 -5.74172324e-06 -2.45774198e-05
268.547  9.60954012e-06 -2.32791731e-05
268.780  2.12994422e-05 -1.33078551e-05
269.012  2.49789017e-05  1.55929703e-06
269.244  1.93321970e-05  1.57331128e-05
269.476  6.54307733e-06  2.39265518e-05
269.708 -8.54938556e-06  2.31409674e-05
269.940 -2.02901310e-05  1.37639994e-05
270.172 -2.43431824e-05 -6.08096758e-07
270.404 -1.92976595e-05 -1.45516339e-05
270.636 -7.16090004e-06 -2.28772907e-05
270.868  7.43393512e-06 -2.25691891e-05
271.101  1.90073158e-05 -1.38821207e-05
271.333  2.32997067e-05 -2.02675703e-07
271.565  1.88446406e-05  1.32746880e-05
271.797  7.47722681e-06  2.15284465e-05
272.029 -6.41484549e-06  2.15853712e-05
272.261 -1.75902178e-05  1.36028845e-05
272.493 -2.19334471e-05  7.49779567e-07
272.725 -1.79814089e-05 -1.20515947e-05
272.957 -7.42104390e-06 -2.00091048e-05
273.190  5.62053969e-06 -2.02621556e-05
273.422  1.61834185e-05 -1.29213370e-05
273.654  2.03629402e-05 -9.52497299e-07
273.886  1.67654593e-05  1.10107961e-05
274.118  6.97064432e-06  1.84558584e-05
274.350 -5.14238791e-06  1.87027268e-05
274.582 -1.49188645e-05  1.18730137e-05
274.814 -1.87210105e-05  7.68125124e-07
275.046 -1.52871737e-05 -1.02603657e-05
275.279 -6.14558916e-06 -1.70123656e-05
275.511  5.03745895e-06 -1.70427801e-05
275.743  1.39164420e-05 -1.05454691e-05
275.975  1.71555090e-05 -2.13052750e-07
276.207  1.36788110e-05  9.85988861e-06
276.439  5.02740921e-06  1.57950151e-05
276.671 -5.29702772e-06  1.54174944e-05
276.903 -1.32402769e-05  9.05288770e-06
277.135 -1.57784041e-05 -6.54007416e-07
277.367 -1.20638425e-05 -9.82494615e-06
277.600 -3.71135320e-06 -1.48863121e-05
277.832  5.88759468e-06 -1.39505548e-05
278.064  1.29300162e-05 -7.52316534e-06
278.296  1.46923189e-05  1.74232525e-06
278.528  1.05810739e-05  1.01295900e-05
278.760  2.33159409e-06  1.43323454e-05
278.992 -6.71762201e-06  1.27488421e-05
279.224 -1.29596564e-05  6.09202711e-06
279.456 -1.39431699e-05 -2.92775744e-06
279.689 -9.33161427e-06 -1.06947160e-05
279.921 -1.00986741e-06 -1.41213564e-05
280.153  7.68161216e-06 -1.18694304e-05
280.385  1.32731951e-05 -4.86342241e-06
280.617  1.35433363e-05  4.09223033e-06
280.849  8.39082361e-06  1.14253786e-05
281.081 -1.37740986e-07  1.42136389e-05
281.313 -8.65651678e-06  1.13396426e-05
281.545 -1.37793688e-05  3.92413388e-06
281.777 -1.34596535e-05 -5.11308145e-06
282.010 -7.79204596e-06 -1.22005929e-05
282.242  1.02008863e-06 -1.45251954e-05
282.474  9.52214362e-06 -1.11348961e-05
282.706  1.43658469e-05 -3.31678206e-06
282.938  1.36191606e-05  5.89465462e-06
283.170  7.52406227e-06  1.29025286e-05
283.402 -1.58365818e-06  1.49497986e-05
283.634 -1.01789116e-05  1.11925204e-05
283.866 -1.49159929e-05  3.04130550e-06
284.099 -1.39228873e-05 -6.37753236e-06
284.331 -7.53636884e-06 -1.34308011e-05
284.563  1.81795747e-06 -1.53765085e-05
284.795  1.05599338e-05 -1.14271368e-05
285.027  1.53266184e-05 -3.06317067e-06
285.259  1.42654790e-05  6.53546427e-06
285.491  7.75416392e-06  1.37042358e-05
285.723 -1.74500479e-06  1.56945238e-05
285.955 -1.06250060e-05  1.17316835e-05
286.188 -1.55066875e-05  3.30879430e-06
286.420 -1.45321780e-05 -6.38594060e-06
286.652 -8.06984555e-06 -1.36795814e-05
286.884  1.43438476e-06 -1.58152278e-05
287.116  1.03863085e-05 -1.19976984e-05
287.348  1.54117852e-05 -3.68239888e-06
287.580  1.46369932e-05  5.98225751e-06
287.812  8.38333896e-06  1.33541672e-05
288.044 -9.66316791e-07  1.56817106e-05
288.276 -9.87952594e-06  1.21310155e-05
288.509 -1.50214343e-05  4.08375477e-06
288.741 -1.45064790e-05 -5.40004124e-06
288.973 -8.59043948e-06 -1.27566119e-05
289.205  4.45439904e-07 -1.52644696e-05
289.437  9.18130585e-06 -1.20528297e-05
289.669  1.43612824e-05 -4.40850764e-06
289.901  1.41090823e-05  4.74075911e-06
290.133  8.61479009e-06  1.19555067e-05
290.365  2.95861451e-08  1.45795475e-05
290.598 -8.38196149e-06  1.17254048e-05
290.830 -1.34844706e-05  4.57718238e-06
291.062 -1.34465502e-05 -4.10059501e-06
291.294 -8.40612292e-06 -1.10317860e-05
291.526 -3.70955283e-07 -1.36686232e-05
291.758  7.57817826e-06 -1.11382780e-05
291.990  1.24677836e-05 -4.52835960e-06
292.222  1.25533994e-05  3.57222267e-06
292.454  7.94446566e-06  1.00816922e-05
292.687  5.11084905e-07  1.26043205e-05
292.919 -6.86419727e-06  1.03174074e-05
293.151 -1.14057981e-05  4.23413026e-06
293.383 -1.14955244e-05 -3.22741926e-06
293.615 -7.24746219e-06 -9.20090528e-06
293.847 -4.16606208e-07 -1.14773312e-05
294.079  6.31480889e-06 -9.32085536e-06
294.311  1.03918825e-05 -3.70535820e-06
294.543  1.03549617e-05  3.10498177e-06
294.775  6.36276135e-06  8.46554228e-06
295.008  8.70953593e-08  1.03749182e-05
295.240 -5.97888938e-06  8.22031976e-06
295.472 -9.50600085e-06  2.97625541e-06
295.704 -9.21778716e-06 -3.22100216e-06
295.936 -5.35692324e-06 -7.93674125e-06
296.168  4.52958827e-07 -9.38502188e-06
296.400  5.88176968e-06 -7.10648510e-06
296.632  8.81542519e-06 -2.11264114e-06
296.864  8.17570586e-06  3.55350468e-06
297.097  4.31918265e-06  7.64027956e-06
297.329 -1.14286775e-06  8.57376647e-06
297.561 -6.00587086e-06  6.06516790e-06
297.793 -8.34967595e-06  1.19237146e-06
298.025 -7.29500354e-06 -4.05447132e-06
298.257 -3.32898633e-06 -7.57221817e-06
298.489  1.91454143e-06 -7.98309471e-06
298.721  6.31578277e-06 -5.16922450e-06
298.953  8.11932448e-06 -2.97057891e-07
299.185  6.62866727e-06  4.65747540e-06
299.418  2.46634530e-06  7.70324975e-06
299.650 -2.68258309e-06  7.62914827e-06
299.882 -6.74673260e-06  4.47462731e-06
300.114 -8.09854538e-06 -4.92392304e-07
300.346 -6.19494148e-06 -5.28137260e-06
300.578 -1.78843425e-06 -7.97635380e-06
300.810  3.36919626e-06 -7.49357032e-06
301.042  7.22554987e-06 -4.00719092e-06
301.274  8.23946228e-06  1.11427372e-06
301.507  5.98600719e-06  5.84952620e-06
301.739  1.33069639e-06  8.32231760e-06
301.971 -3.90823542e-06  7.53533149e-06
302.203 -7.67482384e-06  3.76785858e-06
302.435 -8.47578958e-06 -1.52752085e-06
302.667 -5.96810980e-06 -6.29338211e-06
302.899 -1.10092137e-06 -8.66451176e-06
303.131  4.25373393e-06 -7.69430828e-06
303.363  8.02286405e-06 -3.73086948e-06
303.596  8.73279493e-06  1.71708950e-06
303.828  6.08634670e-06  6.56005023e-06
304.060  1.07874881e-06  8.92831980e-06
304.292 -4.38448272e-06  7.89721354e-06
304.524 -8.21323324e-06  3.84396445e-06
304.756 -8.93731271e-06 -1.69885365e-06
304.988 -6.27127954e-06 -6.62449384e-06
305.220 -1.21880282e-06 -9.05811368e-06
305.452  4.30755971e-06 -8.07483084e-06
305.684  8.21499608e-06 -4.04540578e-06
305.917  9.03057751e-06  1.50616205e-06
306.149  6.45382876e-06  6.48207752e-06
306.381  1.46499474e-06  9.01268438e-06
306.613 -4.04867338e-06  8.15979917e-06
306.845 -8.01593430e-06  4.26264094e-06
307.077 -8.96365248e-06 -1.19522798e-06
307.309 -6.56267788e-06 -6.15785198e-06
307.541 -1.74479421e-06 -8.77772190e-06
307.773  3.66270459e-06 -8.10328852e-06
308.006  7.63750762e-06 -4.42875929e-06
308.238  8.71909944e-06  8.32182866e-07
308.470  6.54997306e-06  5.69723967e-06
308.702  1.99489403e-06  8.36349561e-06
308.934 -3.20849088e-06  7.87946924e-06
309.166 -7.11377236e-06  4.48996507e-06
309.398 -8.29626327e-06 -4.82890914e-07
309.630 -6.38016941e-06 -5.15614085e-06
309.862 -2.15359348e-06 -7.79919399e-06
310.095  2.75454678e-06 -7.48250017e-06
310.327  6.49996575e-06 -4.40524964e-06
310.559  7.72245353e-06  2.10742514e-07
310.791  6.04372578e-06  4.60103215e-06
311.023  2.17820364e-06  7.13652796e-06
311.255 -2.36215116e-06  6.93355144e-06
311.487 -5.85869330e-06  4.15925610e-06
311.719 -7.04234987e-06 -6.06615998e-08
311.951 -5.55315399e-06 -4.09330158e-06
312.183 -2.04725083e-06 -6.43464584e-06
312.416  2.08039029e-06 -6.27010886e-06
312.648  5.25228221e-06 -3.75785171e-06
312.880  6.31091397e-06  5.98660228e-08
313.112  4.94016913e-06  3.68602320e-06
313.344  1.76037134e-06  5.75481084e-06
313.576 -1.94297503e-06  5.54313745e-06
313.808 -4.73655207e-06  3.22744181e-06
314.040 -5.58877849e-06 -2.15920500e-07
314.272 -4.25356867e-06 -3.41809396e-06
314.505 -1.33901208e-06 -5.15465966e-06
314.737  1.96214627e-06 -4.81350272e-06
314.969  4.35199810e-06 -2.61380903e-06
315.201  4.93353028e-06  5.11933469e-07
315.433  3.55075401e-06  3.30411801e-06
315.665  8.22104295e-07  4.67566566e-06
315.897 -2.12728635e-06  4.13680744e-06
316.129 -4.11898877e-06  1.96770977e-06
316.361 -4.39080505e-06 -9.16871384e-07
316.593 -2.88676687e-06 -3.34203392e-06
316.826 -2.57315117e-07 -4.34708302e-06
317.058  2.41190769e-06 -3.56399787e-06
317.290  4.04204789e-06 -1.34655408e-06
317.522  3.99460032e-06  1.38228136e-06
317.754  2.31450679e-06  3.50755848e-06
317.986 -2.97317291e-07  4.17551665e-06
318.218 -2.77019081e-06  3.12873003e-06
318.450 -4.10098387e-06  8.01824344e-07
318.682 -3.75383926e-06 -1.85470634e-06
318.915 -1.86915565e-06 -3.76243657e-06
319.147  7.91459457e-07 -4.14775364e-06
319.379  3.15400809e-06 -2.84676614e-06
319.611  4.26385016e-06 -3.74055697e-07
319.843  3.66249822e-06  2.28289023e-06
320.075  1.57403758e-06  4.05985402e-06
320.307 -1.18044512e-06  4.23486384e-06
320.539 -3.51059677e-06  2.71732179e-06
320.771 -4.48410776e-06  9.01639623e-08
321.004 -3.69520918e-06 -2.62085967e-06
321.236 -1.43205397e-06 -4.34697280e-06
321.468  1.43542836e-06 -4.39365490e-06
321.700  3.79267050e-06 -2.71991097e-06
321.932  4.71065166e-06  4.32907353e-08
322.164  3.81325591e-06  2.83629719e-06
322.396  1.42679067e-06  4.57544339e-06
322.628 -1.54544353e-06  4.57570293e-06
322.860 -3.96480491e-06  2.81930028e-06
323.092 -4.89608549e-06 -3.81008400e-08
323.325 -3.97107772e-06 -2.91320637e-06
323.557 -1.52773943e-06 -4.70807874e-06
323.789  1.51531685e-06 -4.73416614e-06
324.021  4.00564856e-06 -2.97242891e-06
324.253  4.99983946e-06 -8.11564101e-08
324.485  4.11977043e-06  2.85029962e-06
324.717  1.69341868e-06  4.71875120e-06
324.949 -1.36644106e-06  4.82415730e-06
325.181 -3.91148628e-06  3.12922178e-06
325.414 -4.99313283e-06  2.74487078e-07
325.646 -4.21410866e-06 -2.66760585e-06
325.878 -1.87685785e-06 -4.60160111e-06
326.110  1.13495973e-06 -4.81591433e-06
326.342  3.69707868e-06 -3.24718720e-06
326.574  4.86441328e-06 -4.99280202e-07
326.806  4.22172670e-06  2.39491491e-06
327.038  2.03496723e-06  4.36285677e-06
327.270 -8.62032041e-07  4.69096066e-06
327.503 -3.38732969e-06  3.28872066e-06
327.735 -4.61489332e-06  7.08592457e-07
327.967 -4.12015027e-06 -2.07351846e-06
328.199 -2.12651397e-06 -4.02603447e-06
328.431  5.95043307e-07 -4.44956730e-06
328.663  3.02151893e-06 -3.22993233e-06
328.895  4.26605940e-06 -8.62051972e-07
329.127  3.90658122e-06  1.74682941e-06
329.359  2.12569031e-06  3.62580764e-06
329.591 -3.72879571e-07  4.10704817e-06
329.824 -2.64022067e-06  3.06152743e-06
330.056 -3.84768598e-06  9.30296842e-07
330.288 -3.58941094e-06 -1.45557746e-06
330.520 -2.01790461e-06 -3.20248613e-06
330.752  2.28795023e-07 -3.68957871e-06
330.984  2.28664251e-06 -2.78826653e-06
331.216  3.39887033e-06 -8.95826842e-07
331.448  3.19223832e-06  1.23564328e-06
331.680  1.80551335e-06  2.79875923e-06
331.913 -1.83387891e-07  3.23355492e-06
332.145 -1.99758310e-06  2.43090790e-06
332.377 -2.96051588e-06  7.56875974e-07
332.609 -2.74918001e-06 -1.11067793e-06
332.841 -1.50530903e-06 -2.45151446e-06
333.073  2.42658641e-07 -2.77898630e-06
333.305  1.79827042e-06 -2.02065663e-06
333.537  2.56980591e-06 -5.25525551e-07
333.769  2.29853619e-06  1.08978451e-06
334.001  1.14372011e-06  2.18800904e-06
334.234 -3.99154668e-07  2.36372041e-06
334.466 -1.70194826e-06  1.59293989e-06
334.698 -2.25789017e-06  2.24187763e-07
334.930 -1.87894471e-06 -1.16958441e-06
335.162 -7.55014032e-07 -2.02641227e-06
335.394  6.31958003e-07 -2.02172977e-06
335.626  1.70830041e-06 -1.18687263e-06
335.858  2.04508667e-06  1.12858859e-07
336.090  1.52406157e-06  1.33105290e-06
336.323  3.77351266e-07  1.96864310e-06
336.555 -9.09755000e-07  1.77334056e-06
336.787 -1.80291347e-06  8.35334859e-07
337.019 -1.93646142e-06 -4.50088569e-07
337.251 -1.25669757e-06 -1.54829260e-06
337.483 -4.48378324e-08 -2.00543578e-06
337.715  1.19911884e-06 -1.62855584e-06
337.947  1.96292198e-06 -5.65880250e-07
338.179  1.92607987e-06  7.51666072e-07
338.412  1.09116915e-06  1.78786579e-06
338.644 -2.12685410e-07  2.11445543e-06
338.876 -1.46394793e-06  1.58377948e-06
339.108 -2.15512304e-06  3.94365084e-07
339.340 -1.99396397e-06 -9.88247621e-07
339.572 -1.02663605e-06 -2.01459119e-06
339.804  3.78444812e-07 -2.26551131e-06
340.036  1.67439665e-06 -1.62360347e-06
340.268  2.34566962e-06 -3.23253114e-07
340.500  2.11385666e-06  1.14004590e-06
340.733  1.05135160e-06  2.19683027e-06
340.965 -4.46207604e-07  2.42612899e-06
341.197 -1.80705964e-06  1.72395088e-06
341.429 -2.50222497e-06  3.43555525e-07
341.661 -2.25410251e-06 -1.19698543e-06
341.893 -1.14281575e-06 -2.30929728e-06
342.125  4.21404421e-07 -2.56382824e-06
342.357  1.84904814e-06 -1.85360211e-06
342.589  2.59837956e-06 -4.35509432e-07
342.822  2.38141181e-06  1.16135710e-06
343.054  1.27120338e-06  2.33748149e-06
343.286 -3.20940277e-07  2.65073959e-06
343.518 -1.80087979e-06  1.97968167e-06
343.750 -2.61784885e-06  5.72128909e-07
343.982 -2.46738274e-06 -1.04750355e-06
344.214 -1.40611105e-06 -2.27898519e-06
344.446  1.68655152e-07 -2.66785865e-06
344.678  1.67297270e-06 -2.07392563e-06
344.911  2.55325190e-06 -7.24492892e-07
345.143  2.49001454e-06  8.76833622e-07
345.375  1.51782138e-06  2.13974365e-06
345.607  5.79689338e-09  2.60409689e-06
345.839 -1.48501124e-06  2.11205615e-06
346.071 -2.40841666e-06  8.60904660e-07
346.303 -2.43733076e-06 -6.78650220e-07
346.535 -1.58112543e-06 -1.93772150e-06
346.767 -1.71686079e-07 -2.46245207e-06
346.999  1.26312549e-06 -2.08099371e-06
347.232  2.19843676e-06 -9.56284423e-07
347.464  2.30890949e-06  4.80794078e-07
347.696  1.57978080e-06  1.69568382e-06
347.928  3.03506396e-07  2.25376624e-06
348.160 -1.03446959e-06  1.97511889e-06
348.392 -1.94434306e-06  9.91208842e-07
348.624 -2.11185909e-06 -3.10615113e-07
348.856 -1.50529871e-06 -1.44180951e-06
349.088 -3.80172849e-07 -1.99758503e-06
349.321  8.27750791e-07 -1.79976054e-06
349.553  1.67326144e-06 -9.56377072e-07
349.785  1.86343419e-06  1.90201937e-07
350.017  1.36141807e-06  1.20388960e-06
350.249  3.90278701e-07  1.71813835e-06
350.481 -6.65954775e-07  1.56956775e-06
350.713 -1.41140028e-06  8.52158719e-07
350.945 -1.58598769e-06 -1.34065291e-07
351.177 -1.15990275e-06 -1.00549664e-06
351.409 -3.30436340e-07 -1.44139582e-06
351.642  5.65411988e-07 -1.30555683e-06
351.874  1.18311191e-06 -6.87072596e-07
352.106  1.30543496e-06  1.47925999e-07
352.338  9.19249963e-07  8.64361252e-07
352.570  2.06467495e-07  1.19284410e-06
352.802 -5.33826963e-07  1.03236779e-06
353.034 -1.00844087e-06  4.77268255e-07
353.266 -1.04766863e-06 -2.27803238e-07
353.498 -6.62766145e-07 -7.90774160e-07
353.731 -3.34317720e-08 -9.93951708e-07
353.963  5.69302047e-07 -7.75143015e-07
354.195  8.99525360e-07 -2.45157686e-07
354.427  8.33765857e-07  3.60681030e-07
354.659  4.14664947e-07  7.85709582e-07
354.891 -1.68337754e-07  8.57938074e-07
355.123 -6.62719447e-07  5.55317715e-07
355.355 -8.60330202e-07  1.44641605e-08
355.587 -6.79301175e-07 -5.29125619e-07
355.820 -1.98500804e-07 -8.43053654e-07
356.052  3.75398094e-07 -7.91350424e-07
356.284  7.97870244e-07 -3.91516379e-07
356.516  8.85710255e-07  1.90083773e-07
356.748  5.92779973e-07  7.10031997e-07
356.980  3.37746493e-08  9.46789095e-07
357.212 -5.63992965e-07  7.90470290e-07
357.444 -9.52645544e-07  2.93488530e-07
357.676 -9.61934505e-07 -3.49671645e-07
357.908 -5.73552760e-07 -8.80602224e-07
358.141  6.83184806e-08 -1.07697237e-06
358.373  7.14296646e-07 -8.45447970e-07
358.605  1.10412312e-06 -2.63576624e-07
358.837  1.07127769e-06  4.50477618e-07
359.069  6.14032926e-07  1.01863366e-06
359.301 -1.03322057e-07  1.21069651e-06
359.533 -8.09828674e-07  9.39409554e-07
359.765 -1.22931235e-06  2.95038951e-07
359.997 -1.19136775e-06 -4.86027866e-07
360.230 -6.97870750e-07 -1.10667406e-06
360.462  7.60039772e-08 -1.32557368e-06
360.694  8.42298015e-07 -1.05056366e-06
360.926  1.31059205e-06 -3.73555485e-07
361.158  1.29971860e-06  4.58319376e-07
361.390  8.04464103e-07  1.13510019e-06
361.622  2.11316801e-09  1.40281926e-06
361.854 -8.11758339e-07  1.15618503e-06
362.086 -1.33650913e-06  4.80514968e-07
362.319 -1.37599087e-06 -3.76927074e-07
362.551 -9.11869983e-07 -1.10195377e-06
362.783 -1.13884274e-07 -1.42842235e-06
363.015  7.26147048e-07 -1.23525813e-06
363.247  1.30222909e-06 -5.94438429e-07
363.479  1.40438170e-06  2.58421883e-07
363.711  9.98641273e-07  1.01301516e-06
363.943  2.37385795e-07  1.39558888e-06
364.175 -6.00887820e-07  1.27143839e-06
364.407 -1.21171170e-06  6.93274286e-07
364.640 -1.37753974e-06 -1.23954568e-07
364.872 -1.04781804e-06 -8.81453586e-07
365.104 -3.50912779e-07 -1.30683961e-06
365.336  4.54708798e-07 -1.25582425e-06
365.568  1.07585277e-06 -7.58821483e-07
365.800  1.29547680e-06 -5.76504093e-09
366.032  1.04748591e-06  7.24499918e-07
366.264  4.35126028e-07  1.17127010e-06
366.496 -3.08516909e-07  1.18539114e-06
366.729 -9.11875049e-07  7.77264981e-07
366.961 -1.16563228e-06  1.10642922e-07
367.193 -9.93232075e-07 -5.63820456e-07
367.425 -4.76016593e-07 -1.00518212e-06
367.657  1.82778160e-07 -1.06609122e-06
367.889  7.40384137e-07 -7.43803168e-07
368.121  1.00193425e-06 -1.76028333e-07
368.353  8.89421088e-07  4.19531392e-07
368.585  4.66893662e-07  8.26944226e-07
368.817 -9.36766097e-08  9.09871376e-07
369.050 -5.80921155e-07  6.60434258e-07
369.282 -8.21852095e-07  1.92422550e-07
369.514 -7.46673512e-07 -3.08783069e-07
369.746 -4.07219935e-07 -6.56324612e-07
369.978  5.20805818e-08 -7.34127292e-07
370.210  4.51083662e-07 -5.36020764e-07
370.442  6.45586967e-07 -1.57858619e-07
370.674  5.81071456e-07  2.42915051e-07
370.906  3.04078795e-07  5.11666191e-07
371.139 -6.08284431e-08  5.58326799e-07
371.371 -3.63520117e-07  3.84760504e-07
371.603 -4.91779787e-07  7.82500496e-08
371.835 -4.10692488e-07 -2.26437462e-07
372.067 -1.70605111e-07 -4.06906502e-07
372.299  1.15616863e-07 -4.00455797e-07
372.531  3.24739379e-07 -2.23920469e-07
372.763  3.74595901e-07  3.46291549e-08
372.995  2.53210787e-07  2.57570745e-07
373.228  2.33513951e-08  3.49894156e-07
373.460 -2.07082684e-07  2.75301324e-07
373.692 -3.34986007e-07  7.17211451e-08
373.924 -3.03166364e-07 -1.65501663e-07
374.156 -1.25003217e-07 -3.28619528e-07
374.388  1.19435656e-07 -3.41845171e-07
374.620  3.20964386e-07 -1.93551246e-07
374.852  3.87003865e-07  5.49635133e-08
375.084  2.79857637e-07  2.97153085e-07
375.316  3.74992683e-08  4.26030707e-07
375.549 -2.41922876e-07  3.76952773e-07
375.781 -4.41126721e-07  1.59369157e-07
376.013 -4.69021009e-07 -1.44587441e-07
376.245 -3.01761228e-07 -4.14004167e-07
376.477  3.42537296e-09 -5.34455767e-07
376.709  3.31393266e-07 -4.45931594e-07
376.941  5.51000453e-07 -1.71894892e-07
377.173  5.66598447e-07  1.89778623e-07
377.405  3.60831987e-07  5.01566085e-07
377.638  2.11165370e-09  6.37231813e-07
377.870 -3.79069829e-07  5.35211772e-07
378.102 -6.35853428e-07  2.23532869e-07
378.334 -6.64250577e-07 -1.89335075e-07
378.566 -4.44414718e-07 -5.50233715e-07
378.798 -4.83549761e-08 -7.20472982e-07
379.030  3.81640267e-07 -6.30155810e-07
379.262  6.85594318e-07 -3.03359954e-07
379.494  7.47880787e-07  1.46221873e-07
379.727  5.38371729e-07  5.55102454e-07
379.959  1.26579652e-07  7.72913872e-07
380.191 -3.40364529e-07  7.15833393e-07
380.423 -6.94020853e-07  3.98380597e-07
380.655 -8.04753558e-07 -6.77585643e-08
380.887 -6.28116526e-07 -5.16366473e-07
381.119 -2.25027497e-07 -7.86637495e-07
381.351  2.61602142e-07 -7.79114558e-07
381.583  6.59420602e-07 -4.94965437e-07
381.815  8.25692059e-07 -3.50802241e-08
382.048  7.00879911e-07  4.38538704e-07
382.280  3.30451993e-07  7.57957162e-07
382.512 -1.54892724e-07  8.10464956e-07
382.744 -5.83929989e-07  5.80233978e-07
382.976 -8.05892250e-07  1.49836313e-07
383.208 -7.46383104e-07 -3.28726852e-07
383.440 -4.29776625e-07 -6.87181756e-07
383.672  3.08643772e-08 -8.03609479e-07
383.904  4.72673126e-07 -6.42463389e-07
384.137  7.43945002e-07 -2.63964387e-07
384.369  7.56117967e-07  1.96204554e-07
384.601  5.10591919e-07  5.78256691e-07
384.833  9.85693834e-08  7.55041950e-07
385.065 -3.34370481e-07  6.71930326e-07
385.297 -6.42115857e-07  3.65455015e-07
385.529 -7.24993843e-07 -5.24109365e-08
385.761 -5.63253204e-07 -4.38257939e-07
385.993 -2.21745885e-07 -6.64646798e-07
386.225  1.79048604e-07 -6.62553909e-07
386.458  5.04568776e-07 -4.44081846e-07
386.690  6.50786599e-07 -9.11918983e-08
386.922  5.79988139e-07  2.74996716e-07
387.154  3.27060084e-07  5.34410741e-07
387.386 -1.74183987e-08  6.10244458e-07
387.618 -3.37658214e-07  4.89959074e-07
387.850 -5.34197384e-07  2.22712226e-07
388.082 -5.54681295e-07 -9.81831724e-08
388.314 -4.03819836e-07 -3.69720660e-07
388.547 -1.39482422e-07 -5.13678682e-07
388.779  1.50106251e-07 -4.95392314e-07
389.011  3.78428459e-07 -3.31673290e-07
389.243  4.83419466e-07 -8.17074339e-08
389.475  4.43364051e-07  1.77544575e-07
389.707  2.80745464e-07  3.73061137e-07
389.939  4.82047816e-08  4.54580731e-07
390.171 -1.87942448e-07  4.08121108e-07
390.403 -3.64245373e-07  2.53134349e-07
390.636 -4.38231900e-07  3.38351555e-08
390.868 -3.94903764e-07 -1.90770592e-07
391.100 -2.46347082e-07 -3.63805177e-07
391.332 -3.07919468e-08 -4.42456355e-07
391.564  1.97835842e-07 -4.04152881e-07
391.796  3.82214947e-07 -2.54739012e-07
392.028  4.70828115e-07 -2.81123246e-08
392.260  4.32860056e-07  2.21296164e-07
392.492  2.69026047e-07  4.26134382e-07
392.724  1.28698401e-08  5.23284633e-07
392.957 -2.70594695e-07  4.74100529e-07
393.189 -4.98603149e-07  2.76457515e-07
393.421 -5.95805182e-07 -2.67240599e-08
393.653 -5.16278169e-07 -3.51998458e-07
393.885 -2.63552348e-07 -5.99058425e-07
394.117  1.00141009e-07 -6.79095780e-07
394.349  4.68860338e-07 -5.45300172e-07
394.581  7.21692880e-07 -2.18099706e-07
394.813  7.59883519e-07  2.14700060e-07
395.046  5.47150332e-07  6.19717379e-07
395.278  1.29234868e-07  8.55481653e-07
395.510 -3.73683091e-07  8.23491568e-07
395.742 -7.97052214e-07  5.08098896e-07
395.974 -9.86357535e-07 -1.11587507e-08
396.206 -8.54237526e-07 -5.74252929e-07
396.438 -4.15447737e-07 -9.88946169e-07
396.670  2.05886363e-07 -1.09804855e-06
396.902  8.08352602e-07 -8.35727297e-07
397.135  1.18034391e-06 -2.60413902e-07
397.367  1.17205668e-06  4.52193093e-07
397.599  7.53725715e-07  1.06401128e-06
397.831  3.96243825e-08  1.35263016e-06
398.063 -7.42791783e-07  1.18993225e-06
398.295 -1.32457650e-06  5.98540766e-07
398.527 -1.48491609e-06 -2.45579149e-07
398.759 -1.13612628e-06 -1.06508004e-06
398.991 -3.64756827e-07 -1.56901861e-06
399.223  5.88574457e-07 -1.55708701e-06
399.456  1.40056371e-06 -9.98412436e-07
399.688  1.77480965e-06 -5.16345548e-08
