0.229  6.38443365e-03 -1.01119495e-03
0.458  3.66828276e-03  9.32224443e-04
0.687  1.95500170e-03  1.80759337e-03
0.916  5.50883970e-04  1.97698490e-03
1.145 -4.65523210e-04  1.58758915e-03
1.374 -1.06757758e-03  9.02070495e-04
1.603 -1.18332381e-03  1.21139879e-04
1.832 -9.07524339e-04 -5.00810266e-04
2.061 -3.82830697e-04 -8.40359053e-04
2.291  1.39667183e-04 -8.26241562e-04
2.520  5.25681093e-04 -5.40266520e-04
2.749  6.56221779e-04 -1.19836947e-04
2.978  5.71096537e-04  2.77122495e-04
3.207  2.91444668e-04  5.19180035e-04
3.436 -6.50218951e-05  5.36887877e-04
3.665 -3.45567949e-04  3.78658035e-04
3.894 -4.69386090e-04  9.81008173e-05
4.123 -4.13019743e-04 -1.94258739e-04
4.352 -2.20244172e-04 -3.82937932e-04
4.581  2.80521115e-05 -4.06782498e-04
4.810  2.45565702e-04 -2.80129181e-04
5.039  3.56762393e-04 -7.41893449e-05
5.268  3.24104580e-04  1.43121463e-04
5.497  1.69283577e-04  2.94237212e-04
5.726 -3.32539624e-05  3.23426369e-04
5.955 -2.03693966e-04  2.32179505e-04
6.184 -2.82867726e-04  6.22477266e-05
6.413 -2.49865256e-04 -1.15644329e-04
6.643 -1.30320194e-04 -2.32039878e-04
6.872  3.13614302e-05 -2.57434502e-04
7.101  1.73730165e-04 -1.84457456e-04
7.330  2.40545327e-04 -4.71899995e-05
7.559  2.12807124e-04  1.02682975e-04
7.788  1.11761621e-04  2.03755846e-04
8.017 -2.56831097e-05  2.22298702e-04
8.246 -1.47350669e-04  1.56607966e-04
8.475 -2.09163040e-04  3.62318199e-05
8.704 -1.87084993e-04 -8.80205606e-05
8.933 -9.63973954e-05 -1.70872314e-04
9.162  2.38325219e-05 -1.87974683e-04
9.391  1.27193129e-04 -1.32978180e-04
9.620  1.78504058e-04 -3.33920146e-05
9.849  1.64174796e-04  7.15076724e-05
10.078  9.00135571e-05  1.44126288e-04
10.307 -1.30651326e-05  1.57866115e-04
10.536 -1.04448172e-04  1.10380364e-04
10.765 -1.50661997e-04  2.25370826e-05
10.995 -1.37163424e-04 -7.18972121e-05
11.224 -7.20310726e-05 -1.36338339e-04
11.453  1.80055498e-05 -1.46569325e-04
11.682  9.78244919e-05 -1.02352994e-04
11.911  1.37301410e-04 -2.28567758e-05
12.140  1.21855720e-04  6.18970795e-05
12.369  5.97768895e-05  1.19286477e-04
12.598 -2.20093278e-05  1.28887507e-04
12.827 -9.13672875e-05  9.00120169e-05
13.056 -1.22939209e-04  1.98697388e-05
13.285 -1.06522971e-04 -5.33898043e-05
13.514 -5.03322015e-05 -1.01647165e-04
13.743  2.29172042e-05 -1.08390220e-04
13.972  8.41771261e-05 -7.31289227e-05
14.201  1.10300624e-04 -1.00552440e-05
14.430  9.26058852e-05  5.56858175e-05
14.659  4.04018085e-05  9.80319778e-05
14.888 -2.41823827e-05  1.01912755e-04
15.117 -7.68310753e-05  6.74096561e-05
15.347 -9.88838397e-05  8.41442405e-06
15.576 -8.26508447e-05 -5.27662508e-05
15.805 -3.50417639e-05 -9.35167005e-05
16.034  2.45449819e-05 -9.89305805e-05
16.263  7.31863778e-05 -6.80493286e-05
16.492  9.30162248e-05 -1.43684972e-05
16.721  7.77104214e-05  4.08342358e-05
16.950  3.43648949e-05  7.67736933e-05
17.179 -2.01419499e-05  8.05149321e-05
17.408 -6.50083967e-05  5.20606057e-05
17.637 -8.32389786e-05  3.67619132e-06
17.866 -6.90988494e-05 -4.53767993e-05
18.095 -2.97660070e-05 -7.61204041e-05
18.324  1.89850959e-05 -7.75297129e-05
18.553  5.85628726e-05 -5.04862036e-05
18.782  7.44401190e-05 -6.33357714e-06
19.011  6.16243573e-05  3.76491669e-05
19.240  2.58064944e-05  6.46088222e-05
19.469 -1.85955578e-05  6.46260089e-05
19.699 -5.39063907e-05  3.82026756e-05
19.928 -6.68299235e-05 -3.99857681e-06
20.157 -5.31352644e-05 -4.53538225e-05
20.386 -1.86904709e-05 -7.03903437e-05
20.615  2.27893682e-05 -7.05270702e-05
20.844  5.54626581e-05 -4.66245641e-05
21.073  6.73636859e-05 -8.63235262e-06
21.302  5.44999804e-05  2.83613066e-05
21.531  2.27028025e-05  5.02327156e-05
21.760 -1.49902149e-05  4.88975992e-05
21.989 -4.40851072e-05  2.55854949e-05
22.218 -5.37124540e-05 -9.78813432e-06
22.447 -4.06421863e-05 -4.32906468e-05
22.676 -1.05798773e-05 -6.20663117e-05
22.905  2.46485983e-05 -5.90628946e-05
23.134  5.16006722e-05 -3.58332291e-05
23.363  6.01478443e-05 -1.50208853e-06
23.592  4.75438745e-05  3.10312958e-05
23.821  1.91887448e-05  4.97008660e-05
24.051 -1.39204385e-05  4.81078350e-05
24.280 -3.91178024e-05  2.78342468e-05
24.509 -4.71122037e-05 -2.69136234e-06
24.738 -3.56039886e-05 -3.14312855e-05
24.967 -9.64890428e-06 -4.74072923e-05
25.196  2.03415583e-05 -4.50864945e-05
25.425  4.26114822e-05 -2.59994894e-05
25.654  4.89036087e-05  1.96442470e-06
25.883  3.73070750e-05  2.76228781e-05
26.112  1.26717852e-05  4.11799613e-05
26.341 -1.51432284e-05  3.78058582e-05
26.570 -3.54160484e-05  1.91154186e-05
26.799 -4.07350028e-05 -7.33481587e-06
27.028 -2.95208849e-05 -3.12086143e-05
27.257 -6.64318484e-06 -4.35940097e-05
27.486  1.86559899e-05 -4.00534309e-05
27.715  3.66416160e-05 -2.23422434e-05
27.944  4.05783641e-05  2.31069746e-06
28.173  2.92667063e-05  2.43508977e-05
28.403  7.56384553e-06  3.54385622e-05
28.632 -1.59305023e-05  3.15679129e-05
28.861 -3.22185783e-05  1.47488037e-05
29.090 -3.51794757e-05 -8.12392432e-06
29.319 -2.40647116e-05 -2.81308490e-05
29.548 -3.52168346e-06 -3.75697415e-05
29.777  1.84427444e-05 -3.30576093e-05
30.006  3.33616010e-05 -1.67119215e-05
30.235  3.56945228e-05  5.01662485e-06
30.464  2.49806512e-05  2.36962728e-05
30.693  5.63603597e-06  3.22464721e-05
30.922 -1.47344944e-05  2.78065881e-05
31.151 -2.82549652e-05  1.24733167e-05
31.380 -3.00052607e-05 -7.58845033e-06
31.609 -1.96590547e-05 -2.44580681e-05
31.838 -1.43547339e-06 -3.17445588e-05
32.067  1.74267223e-05 -2.68935536e-05
32.296  2.97055581e-05 -1.19447322e-05
32.525  3.09687411e-05  7.16583718e-06
32.755  2.09828270e-05  2.30975009e-05
32.984  3.86861260e-06  3.00338863e-05
33.213 -1.36050037e-05  2.56381490e-05
33.442 -2.48413088e-05  1.19721631e-05
33.671 -2.57370182e-05 -5.33476674e-06
33.900 -1.62424628e-05 -1.95253930e-05
34.129 -4.18367914e-07 -2.52043281e-05
34.358  1.54424768e-05 -2.03457441e-05
34.587  2.52207720e-05 -7.15571125e-06
34.816  2.51913541e-05  9.05995519e-06
35.045  1.55800742e-05  2.20291875e-05
35.274  2.75575632e-07  2.67661286e-05
35.503 -1.48520597e-05  2.16093123e-05
35.732 -2.40625463e-05  8.76184229e-06
35.961 -2.40522874e-05 -6.79806190e-06
36.190 -1.52159083e-05 -1.91247613e-05
36.419 -1.21298939e-06 -2.36434424e-05
36.648  1.23868727e-05 -1.89904278e-05
36.877  2.02511212e-05 -7.27531398e-06
37.107  1.95013564e-05  6.75833275e-06
37.336  1.06185254e-05  1.75133643e-05
37.565 -2.84262786e-06  2.08864253e-05
37.794 -1.55438734e-05  1.57262945e-05
38.023 -2.26060160e-05  4.11078011e-06
38.252 -2.14556427e-05 -9.36601044e-06
38.481 -1.26135341e-05 -1.95163380e-05
38.710  4.22667205e-07 -2.26198063e-05
38.939  1.26201718e-05 -1.76474986e-05
39.168  1.94937945e-05 -6.70267234e-06
39.397  1.86420579e-05  5.82355740e-06
39.626  1.06566811e-05  1.51427152e-05
39.855 -1.08306311e-06  1.77856009e-05
40.084 -1.19369474e-05  1.28777834e-05
40.313 -1.77433357e-05  2.54390423e-06
40.542 -1.63172241e-05 -9.11812645e-06
40.771 -8.38939346e-06 -1.76475950e-05
41.000  2.83485243e-06 -1.98089858e-05
41.229  1.30278590e-05 -1.49420386e-05
41.459  1.82809277e-05 -5.12351817e-06
41.688  1.66945952e-05  5.81200994e-06
41.917  9.09539722e-06  1.36449229e-05
42.146 -1.49045206e-06  1.54451947e-05
42.375 -1.09438691e-05  1.07605384e-05
42.604 -1.56465590e-05  1.58291018e-06
42.833 -1.39871290e-05 -8.42051424e-06
43.062 -6.80529878e-06 -1.52876002e-05
43.291  2.99422139e-06 -1.64362644e-05
43.520  1.14954483e-05 -1.15445787e-05
43.749  1.54287045e-05 -2.55758904e-06
43.978  1.33873900e-05  6.98124605e-06
44.207  6.21579496e-06  1.34183071e-05
44.436 -3.24110530e-06  1.44288846e-05
44.665 -1.13157680e-05  9.74332243e-06
44.894 -1.50303662e-05  1.29798248e-06
45.123 -1.30881566e-05 -7.54428674e-06
45.352 -6.38302483e-06 -1.34383823e-05
45.581  2.32482476e-06 -1.42279260e-05
45.811  9.64180785e-06 -9.74068300e-06
46.040  1.27894175e-05 -1.91271219e-06
46.269  1.06005183e-05  6.12458485e-06
46.498  4.05264197e-06  1.12603285e-05
46.727 -4.24005097e-06  1.15011903e-05
46.956 -1.11047320e-05  6.82721436e-06
47.185 -1.39189194e-05 -8.82406574e-07
47.414 -1.16915298e-05 -8.69801946e-06
47.643 -5.41997752e-06 -1.36660856e-05
47.872  2.45401528e-06 -1.39877598e-05
48.101  8.91764917e-06 -9.74556007e-06
48.330  1.15544603e-05 -2.70413126e-06
48.559  9.55736323e-06  4.34951606e-06
48.788  3.89025247e-06  8.65143023e-06
49.017 -3.11719028e-06  8.63730868e-06
49.246 -8.61247237e-06  4.43898155e-06
49.475 -1.04408217e-05 -2.24481942e-06
49.704 -7.92937452e-06 -8.72890196e-06
49.933 -2.03424188e-06 -1.24803442e-05
50.163  4.95450392e-06 -1.21082531e-05
50.392  1.03665033e-05 -7.76718116e-06
50.621  1.22479792e-05 -1.15135411e-06
50.850  9.98273769e-06  5.18775739e-06
51.079  4.54986171e-06  8.93438468e-06
51.308 -1.84274161e-06  8.79293619e-06
51.537 -6.74354587e-06  4.96866416e-06
51.766 -8.33751836e-06 -8.66503475e-07
51.995 -6.09068669e-06 -6.35475360e-06
52.224 -1.02385857e-06 -9.35129686e-06
52.453  4.79519106e-06 -8.67066293e-06
52.682  9.09284744e-06 -4.62114315e-06
52.911  1.01728441e-05  1.18646071e-06
53.140  7.63882477e-06  6.54740857e-06
53.369  2.52355867e-06  9.42102047e-06
53.598 -3.22724349e-06  8.75996041e-06
53.827 -7.43219766e-06  4.93661035e-06
54.056 -8.52367584e-06 -5.31648091e-07
54.285 -6.21303165e-06 -5.52993814e-06
54.515 -1.47814750e-06 -8.13633308e-06
54.744  3.82025834e-06 -7.44861879e-06
54.973  7.60452927e-06 -3.83489885e-06
55.202  8.47542633e-06  1.26061216e-06
55.431  6.19636536e-06  5.81008287e-06
55.660  1.69595330e-06  8.07242667e-06
55.889 -3.22509113e-06  7.26200531e-06
56.118 -6.65353275e-06  3.74410777e-06
56.347 -7.34710289e-06 -1.05218103e-06
56.576 -5.10267652e-06 -5.21609519e-06
56.805 -8.63405565e-07 -7.17615050e-06
57.034  3.63941295e-06 -6.21067434e-06
57.263  6.65992707e-06 -2.72369309e-06
57.492  7.04518744e-06  1.87199127e-06
57.721  4.64373667e-06  5.80808030e-06
57.950  4.24487709e-07  7.61648213e-06
58.179 -3.99151087e-06  6.62997732e-06
58.408 -6.97533368e-06  3.30563814e-06
58.637 -7.43666316e-06 -1.01971236e-06
58.867 -5.30381100e-06 -4.70783793e-06
59.096 -1.52076359e-06 -6.36919531e-06
59.325  2.41099768e-06 -5.44057963e-06
59.554  4.94429986e-06 -2.41248929e-06
59.783  5.09914503e-06  1.46901423e-06
60.012  2.88800036e-06  4.64200708e-06
60.241 -7.93168967e-07  5.81803627e-06
60.470 -4.50219488e-06  4.55151839e-06
60.699 -6.76582634e-06  1.32812922e-06
60.928 -6.72861501e-06 -2.64944105e-06
61.157 -4.43047539e-06 -5.86440691e-06
61.386 -7.30371408e-07 -7.14313269e-06
61.615  2.95985109e-06 -6.09187229e-06
61.844  5.27413689e-06 -3.16154409e-06
62.073  5.44336344e-06  4.72459755e-07
62.302  3.49533728e-06  3.39297220e-06
62.531  2.76260435e-07  4.54809575e-06
62.760 -2.87644124e-06  3.56867031e-06
62.989 -4.73551166e-06  9.15865340e-07
63.219 -4.59349388e-06 -2.26933901e-06
63.448 -2.51386579e-06 -4.70004251e-06
63.677  6.42678261e-07 -5.40998314e-06
63.906  3.63323360e-06 -4.08009622e-06
64.135  5.31754419e-06 -1.22405803e-06
64.364  5.03165888e-06  2.06868577e-06
64.593  2.90148349e-06  4.59225088e-06
64.822 -2.35260951e-07  5.41458635e-06
65.051 -3.22086064e-06  4.27705573e-06
65.280 -4.95641701e-06  1.69616261e-06
65.509 -4.84188965e-06 -1.32336117e-06
65.738 -3.03881882e-06 -3.62951725e-06
65.967 -3.15821783e-07 -4.35858019e-06
66.196  2.23223304e-06 -3.32329354e-06
66.425  3.57633265e-06 -1.00576766e-06
66.654  3.21951790e-06  1.64501327e-06
66.883  1.33690539e-06  3.53213152e-06
67.112 -1.33586581e-06  3.90260175e-06
67.341 -3.72961213e-06  2.62041466e-06
67.571 -4.90730837e-06  1.54275188e-07
67.800 -4.44151960e-06 -2.54816807e-06
68.029 -2.50252841e-06 -4.45413594e-06
68.258  1.66924123e-07 -4.88836481e-06
68.487  2.53866790e-06 -3.71651709e-06
68.716  3.76005385e-06 -1.41302643e-06
68.945  3.41848305e-06  1.09782306e-06
69.174  1.68796339e-06  2.87273288e-06
69.403 -6.96391071e-07  3.27393737e-06
69.632 -2.79449024e-06  2.17702069e-06
69.861 -3.81754262e-06  6.97763241e-08
70.090 -3.37672153e-06 -2.19418232e-06
70.319 -1.68425416e-06 -3.75193304e-06
70.548  5.61750094e-07 -4.00128372e-06
70.777  2.50115317e-06 -2.87464703e-06
71.006  3.38407455e-06 -8.61751118e-07
71.235  2.88381091e-06  1.25072961e-06
71.464  1.24857543e-06  2.63639154e-06
71.693 -8.69521319e-07  2.74823164e-06
71.923 -2.64037851e-06  1.57722856e-06
72.152 -3.35188930e-06 -4.11522707e-07
72.381 -2.74263670e-06 -2.45875539e-06
72.610 -1.05268992e-06 -3.76041533e-06
72.839  1.09740849e-06 -3.83487241e-06
73.068  2.89308439e-06 -2.68306764e-06
73.297  3.68637115e-06 -7.35518523e-07
73.526  3.24841092e-06  1.26322758e-06
73.755  1.78982975e-06  2.57117134e-06
73.984 -8.28813929e-08  2.76607492e-06
74.213 -1.61011104e-06  1.83866613e-06
74.442 -2.22665156e-06  2.15236409e-07
74.671 -1.72200549e-06 -1.39287964e-06
74.900 -3.20055146e-07 -2.33019523e-06
75.129  1.37225979e-06 -2.21301188e-06
75.358  2.66347416e-06 -1.05489843e-06
75.587  3.03219500e-06  6.89686810e-07
75.816  2.28665085e-06  2.35102351e-06
76.045  6.89834012e-07  3.31529866e-06
76.275 -1.17119758e-06  3.20612740e-06
76.504 -2.64761839e-06  2.07074251e-06
76.733 -3.22018079e-06  3.55096437e-07
76.962 -2.72184356e-06 -1.32315994e-06
77.191 -1.41681962e-06 -2.36347142e-06
77.420  1.67565608e-07 -2.41571070e-06
77.649  1.41539938e-06 -1.54907920e-06
77.878  1.84296077e-06 -1.60672953e-07
78.107  1.33365729e-06  1.17391371e-06
78.336  1.32966028e-07  1.89055137e-06
78.565 -1.26625440e-06  1.70794821e-06
78.794 -2.27103033e-06  7.09780134e-07
79.023 -2.46470605e-06 -7.26609987e-07
79.252 -1.76770967e-06 -2.02875350e-06
79.481 -4.16477379e-07 -2.68099348e-06
79.710  1.08557583e-06 -2.44678720e-06
79.939  2.17101892e-06 -1.40224933e-06
80.168  2.46803279e-06  6.60072850e-08
80.397  1.88876248e-06  1.39733908e-06
80.627  6.68535307e-07  2.12502006e-06
80.856 -6.95669082e-07  2.01418026e-06
81.085 -1.69174796e-06  1.13507893e-06
81.314 -1.96942419e-06 -1.24427928e-07
81.543 -1.43956600e-06 -1.25731697e-06
81.772 -3.51380547e-07 -1.83799090e-06
82.001  8.37701828e-07 -1.63967880e-06
82.230  1.66755890e-06 -7.60825928e-07
82.459  1.80353834e-06  4.25411536e-07
82.688  1.19337695e-06  1.46157611e-06
82.917  9.81052227e-08  1.93823027e-06
83.146 -1.06345996e-06  1.66248716e-06
83.375 -1.84441038e-06  7.62848164e-07
83.604 -1.93269454e-06 -4.14311263e-07
83.833 -1.31432342e-06 -1.42454310e-06
84.062 -2.34056746e-07 -1.86892723e-06
84.291  9.06424898e-07 -1.59419960e-06
84.520  1.66304179e-06 -7.22928829e-07
84.749  1.76170289e-06  4.22101656e-07
84.979  1.19513573e-06  1.39811905e-06
85.208  1.80974155e-07  1.84252869e-06
85.437 -8.83109714e-07  1.62549877e-06
85.666 -1.58620697e-06  8.47295631e-07
85.895 -1.69492316e-06 -1.73676272e-07
86.124 -1.19269442e-06 -1.01920343e-06
86.353 -2.96211847e-07 -1.37832470e-06
86.582  6.06593635e-07 -1.12782100e-06
86.811  1.15650705e-06 -3.71759266e-07
87.040  1.13982127e-06  5.63791421e-07
87.269  5.46073669e-07  1.30150759e-06
87.498 -3.86543720e-07  1.55680061e-06
87.727 -1.29452775e-06  1.20961977e-06
87.956 -1.84727554e-06  3.89735340e-07
88.185 -1.82945724e-06 -5.86916644e-07
88.414 -1.25240052e-06 -1.37470794e-06
88.643 -3.54850540e-07 -1.68771727e-06
88.872  5.34882454e-07 -1.42241484e-06
89.101  1.09151647e-06 -7.19531231e-07
89.331  1.11311184e-06  1.39473143e-07
89.560  6.33473637e-07  8.23520037e-07
89.789 -1.34803914e-07  1.05873198e-06
90.018 -8.84480371e-07  7.75148283e-07
90.247 -1.29963147e-06  1.03348906e-07
90.476 -1.21751579e-06 -6.96486408e-07
90.705 -6.79645226e-07 -1.29622740e-06
90.934  1.19260924e-07 -1.45736410e-06
91.163  8.68454231e-07 -1.13096017e-06
91.392  1.27713212e-06 -4.32887403e-07
91.621  1.21175682e-06  3.71045290e-07
91.850  7.02525277e-07  9.66329721e-07
92.079 -5.25841116e-08  1.14836333e-06
92.308 -7.46574759e-07  8.62585083e-07
92.537 -1.12460397e-06  2.23844720e-07
92.766 -1.05661885e-06 -4.98046925e-07
92.995 -5.68833271e-07 -1.02322958e-06
93.224  1.30169940e-07 -1.16181599e-06
93.453  7.61671981e-07 -8.55097165e-07
93.683  1.09529943e-06 -2.34023022e-07
93.912  9.98356227e-07  4.48494730e-07
94.141  5.15755693e-07  9.42641236e-07
94.370 -1.47249768e-07  1.05807292e-06
94.599 -7.43105384e-07  7.53584501e-07
94.828 -1.04410211e-06  1.69668863e-07
95.057 -9.30920351e-07 -4.68898827e-07
95.286 -4.68256130e-07 -9.18967486e-07
95.515  1.60192885e-07 -9.97853311e-07
95.744  7.18090322e-07 -6.90368033e-07
95.973  9.79973066e-07 -1.24503405e-07
96.202  8.54836124e-07  4.90672168e-07
96.431  4.05946969e-07  9.10704443e-07
96.660 -2.01216541e-07  9.80092525e-07
96.889 -7.27137596e-07  6.94212399e-07
97.118 -9.68815899e-07  1.63516732e-07
97.347 -8.56503561e-07 -3.99350862e-07
97.576 -4.39897906e-07 -7.64848384e-07
97.805  1.12596259e-07 -8.06349597e-07
98.035  5.66755346e-07 -5.12428621e-07
98.264  7.50854467e-07  4.82478582e-09
98.493  5.95592696e-07  5.27999222e-07
98.722  1.49237318e-07  8.55652711e-07
98.951 -4.08125795e-07  8.68043736e-07
99.180 -8.64412520e-07  5.47934657e-07
99.409 -1.06161505e-06  2.12024867e-08
99.638 -9.22078327e-07 -5.10204510e-07
99.867 -5.06880161e-07 -8.66032633e-07
100.096  1.17555170e-08 -9.19867004e-07
100.325  4.49068947e-07 -6.65705436e-07
100.554  6.46198581e-07 -2.31051150e-07
100.783  5.35995024e-07  2.10958720e-07
101.012  1.92674781e-07  4.86118121e-07
101.241 -2.34557861e-07  4.77193483e-07
101.470 -5.70894432e-07  2.01612781e-07
101.699 -6.61911207e-07 -2.24927318e-07
101.928 -4.67870255e-07 -6.39731341e-07
102.157 -6.23458937e-08 -8.65526815e-07
102.387  4.16320903e-07 -8.08731834e-07
102.616  7.84635578e-07 -4.93797632e-07
102.845  9.04020106e-07 -2.31912101e-08
103.074  7.46881294e-07  4.31650642e-07
103.303  3.71133745e-07  7.02073671e-07
103.532 -8.11909394e-08  7.11705858e-07
103.761 -4.30576342e-07  4.70585987e-07
103.990 -5.61466472e-07  7.86385836e-08
104.219 -4.39002535e-07 -2.93098779e-07
104.448 -1.15277631e-07 -5.02915351e-07
104.677  2.63021987e-07 -4.78032317e-07
104.906  5.41612283e-07 -2.22771283e-07
105.135  6.18327124e-07  1.52265245e-07
105.364  4.53673756e-07  4.93500488e-07
105.593  1.14450580e-07  6.78511393e-07
105.822 -2.59158254e-07  6.30481069e-07
106.051 -5.34038598e-07  3.68393584e-07
106.280 -6.04389591e-07  7.00935076e-09
106.509 -4.41236823e-07 -3.20334057e-07
106.739 -1.23405714e-07 -4.89129600e-07
106.968  2.26599022e-07 -4.26851124e-07
107.197  4.77225576e-07 -1.69080203e-07
107.426  5.21137999e-07  1.82966403e-07
107.655  3.47652630e-07  5.02604589e-07
107.884  2.78583359e-08  6.59870244e-07
108.113 -3.27597111e-07  5.99813594e-07
108.342 -5.80501983e-07  3.57502762e-07
108.571 -6.38755471e-07  1.86332215e-08
108.800 -4.99442432e-07 -2.84689908e-07
109.029 -2.17789321e-07 -4.34089210e-07
109.258  9.24074997e-08 -3.90404777e-07
109.487  2.99223417e-07 -1.76275516e-07
109.716  3.31837221e-07  1.21751067e-07
109.945  1.80817306e-07  3.71245427e-07
110.174 -1.00105300e-07  4.76459774e-07
110.403 -3.90402021e-07  3.98342132e-07
110.632 -5.77986639e-07  1.55358916e-07
110.861 -5.98320212e-07 -1.54936654e-07
111.091 -4.35140963e-07 -4.14448277e-07
111.320 -1.54206494e-07 -5.39255168e-07
111.549  1.31752632e-07 -4.82252259e-07
111.778  3.27322267e-07 -2.72426519e-07
112.007  3.61471769e-07 -6.62417154e-09
112.236  2.26031544e-07  2.16471797e-07
112.465 -6.23814392e-09  3.10115501e-07
112.694 -2.40860122e-07  2.32189356e-07
112.923 -3.83396723e-07  2.55146901e-08
113.152 -3.63364459e-07 -2.26531717e-07
113.381 -1.89948391e-07 -4.29409297e-07
113.610  7.12940147e-08 -4.91729568e-07
113.839  3.33240465e-07 -3.87871516e-07
114.068  4.93039982e-07 -1.59235005e-07
114.297  4.92785667e-07  1.22053173e-07
114.526  3.45347780e-07  3.52975310e-07
114.755  1.01633270e-07  4.50462480e-07
114.984 -1.46378782e-07  3.98287842e-07
115.213 -3.00877301e-07  2.23131948e-07
115.443 -3.19660397e-07 -2.53352851e-09
115.672 -2.05559222e-07 -1.77217950e-07
115.901 -6.98919574e-09 -2.37939373e-07
116.130  1.80590619e-07 -1.66029465e-07
116.359  2.79197016e-07  1.54447470e-08
116.588  2.51374239e-07  2.24958754e-07
116.817  9.52876657e-08  3.75651628e-07
117.046 -1.28155214e-07  4.13981994e-07
117.275 -3.30492902e-07  3.14676960e-07
117.504 -4.45821326e-07  1.12546053e-07
117.733 -4.28547341e-07 -1.10952288e-07
117.962 -2.84371560e-07 -2.83065126e-07
118.191 -7.92253489e-08 -3.43205760e-07
118.420  1.13934841e-07 -2.68639318e-07
118.649  2.26365974e-07 -1.03187797e-07
118.878  2.11150941e-07  8.64192056e-08
119.107  8.63591663e-08  2.30206951e-07
119.336 -9.28214291e-08  2.63718323e-07
119.565 -2.61077125e-07  1.78567370e-07
119.795 -3.44014795e-07  1.43971577e-08
120.024 -3.08498251e-07 -1.72620990e-07
120.253 -1.75653801e-07 -3.05706255e-07
120.482  1.09248054e-08 -3.30662596e-07
120.711  1.79261607e-07 -2.48140065e-07
120.940  2.59814492e-07 -8.65148381e-08
121.169  2.32420216e-07  9.35116382e-08
121.398  1.08686809e-07  2.14465390e-07
121.627 -6.70040830e-08  2.37054060e-07
121.856 -2.17513972e-07  1.55854172e-07
122.085 -2.88158330e-07 -4.20464537e-09
122.314 -2.57636018e-07 -1.74481821e-07
122.543 -1.30600624e-07 -2.90461588e-07
122.772  3.96506127e-08 -3.17558287e-07
123.001  1.85322384e-07 -2.41746078e-07
123.230  2.62069147e-07 -9.65013306e-08
123.459  2.40596983e-07  5.36042656e-08
123.688  1.32757348e-07  1.58239243e-07
123.917 -5.85831511e-09  1.77095081e-07
124.147 -1.22533501e-07  1.00937976e-07
124.376 -1.70139284e-07 -2.83723447e-08
124.605 -1.20543082e-07 -1.59220145e-07
124.834  1.96875267e-09 -2.41458700e-07
125.063  1.50745938e-07 -2.31473293e-07
125.292  2.76419533e-07 -1.33279213e-07
125.521  3.24713040e-07  1.57715533e-08
125.750  2.78729271e-07  1.71139477e-07
125.979  1.62598139e-07  2.74124651e-07
126.208  1.23114619e-08  2.89136399e-07
126.437 -1.15735507e-07  2.24759716e-07
126.666 -1.72048901e-07  1.06049608e-07
126.895 -1.49371555e-07 -1.85995365e-08
127.124 -6.11295127e-08 -9.18467384e-08
127.353  5.59218989e-08 -9.17584572e-08
127.582  1.42584004e-07 -2.04918573e-08
127.811  1.64096759e-07  9.85696364e-08
128.040  1.11781337e-07  2.09854260e-07
128.269 -5.05656363e-09  2.68302494e-07
128.499 -1.39729691e-07  2.54758929e-07
128.728 -2.40774442e-07  1.64424137e-07
128.957 -2.79667905e-07  3.02666761e-08
129.186 -2.38691769e-07 -9.52549146e-08
129.415 -1.33763550e-07 -1.76712048e-07
129.644 -1.23939039e-08 -1.86288874e-07
129.873  8.65440795e-08 -1.22074587e-07
130.102  1.29157354e-07 -2.15906601e-08
130.331  9.76372824e-08  7.63152260e-08
130.560  1.63165551e-08  1.35695724e-07
130.789 -7.86939414e-08  1.26498356e-07
131.018 -1.52340321e-07  5.83607450e-08
131.247 -1.66392784e-07 -3.74970154e-08
131.476 -1.15338925e-07 -1.28770324e-07
131.705 -2.32452956e-08 -1.72978880e-07
131.934  8.18072229e-08 -1.49932543e-07
132.163  1.57003084e-07 -7.40414140e-08
132.392  1.69281628e-07  3.24355301e-08
132.621  1.21232572e-07  1.30363937e-07
132.851  2.76521867e-08  1.77319577e-07
133.080 -7.98179790e-08  1.63121647e-07
133.309 -1.54425252e-07  9.39610539e-08
133.538 -1.74060837e-07 -8.88259165e-09
133.767 -1.36170247e-07 -1.00004967e-07
133.996 -5.04521250e-08 -1.47867373e-07
134.225  4.41579210e-08 -1.42025995e-07
134.454  1.10163011e-07 -8.11671892e-08
134.683  1.30609236e-07  5.92436537e-09
134.912  9.50134369e-08  7.95180225e-08
135.141  2.00189353e-08  1.17523865e-07
135.370 -5.59917401e-08  1.02578665e-07
135.599 -1.06965965e-07  3.85973988e-08
135.828 -1.10733711e-07 -4.08352146e-08
136.057 -5.88518617e-08 -1.07006892e-07
136.286  2.33317144e-08 -1.34729855e-07
136.515  1.06454595e-07 -1.04457316e-07
136.744  1.64235700e-07 -3.02128196e-08
136.973  1.68481638e-07  6.08204241e-08
137.203  1.20034427e-07  1.43553434e-07
137.432  4.08854295e-08  1.84907434e-07
137.661 -4.73231353e-08  1.72721032e-07
137.890 -1.11084216e-07  1.21551504e-07
138.119 -1.27485299e-07  4.81533903e-08
138.348 -1.02676993e-07 -1.74682720e-08
138.577 -4.83105598e-08 -4.50551315e-08
138.806  1.15175309e-08 -3.22418058e-08
139.035  4.26399225e-08  1.39700520e-08
139.264  3.42217651e-08  7.63454954e-08
139.493 -1.12526124e-08  1.19931733e-07
139.722 -8.37370308e-08  1.25593878e-07
139.951 -1.50671565e-07  9.07389050e-08
140.180 -1.85624028e-07  1.79380010e-08
140.409 -1.80247475e-07 -6.61199448e-08
140.638 -1.29607731e-07 -1.30224548e-07
140.867 -5.12752901e-08 -1.60417930e-07
141.096  2.26052290e-08 -1.45167342e-07
141.325  7.37588441e-08 -9.10195965e-08
141.555  8.61054759e-08 -2.70015209e-08
141.784  5.53031652e-08  2.61509373e-08
142.013  4.10773006e-09  5.03016228e-08
142.242 -4.59431917e-08  3.20368438e-08
142.471 -7.66316070e-08 -1.41220949e-08
142.700 -6.80271516e-08 -6.71667448e-08
142.929 -2.53282893e-08 -1.09903025e-07
143.158  3.23903487e-08 -1.18498890e-07
143.387  8.95359776e-08 -8.83939263e-08
143.616  1.20917715e-07 -3.49531126e-08
143.845  1.12613891e-07  2.83831123e-08
144.074  7.43499681e-08  7.76250027e-08
144.303  1.67264790e-08  9.10561260e-08
144.532 -3.99081431e-08  7.12798073e-08
144.761 -6.87839116e-08  2.54606883e-08
144.990 -6.48309776e-08 -3.15651970e-08
145.219 -3.15084877e-08 -7.13950971e-08
145.448  2.27669462e-08 -8.17395906e-08
145.677  7.13824899e-08 -6.23924077e-08
145.907  9.61034443e-08 -1.54746673e-08
146.136  9.32476960e-08  3.70583910e-08
146.365  5.95720408e-08  7.28644431e-08
146.594  1.03939626e-08  8.49596508e-08
146.823 -3.00025888e-08  6.60666365e-08
147.052 -5.14323370e-08  2.38375851e-08
147.281 -4.38912670e-08 -1.78586422e-08
147.510 -7.16623693e-09 -4.57974661e-08
147.739  3.77656400e-08 -4.82902609e-08
147.968  7.51645863e-08 -1.77322185e-08
148.197  9.24760868e-08  3.02602493e-08
148.426  7.58362990e-08  7.86136598e-08
148.655  3.34105154e-08  1.14749028e-07
148.884 -1.82048440e-08  1.20450425e-07
149.113 -6.73715525e-08  9.53257421e-08
149.342 -9.41099772e-08  5.35311432e-08
149.571 -8.97717578e-08  4.93653615e-09
149.800 -6.45200893e-08 -3.14420392e-08
150.029 -2.61182637e-08 -4.02652324e-08
150.259  9.51627240e-09 -2.67610032e-08
150.488  2.25880156e-08  3.25518439e-09
150.717  1.28624613e-08  3.81012194e-08
150.946 -1.55588319e-08  5.58723893e-08
151.175 -5.55343447e-08  5.05620745e-08
151.404 -8.53550555e-08  2.44078397e-08
151.633 -9.33335229e-08 -1.99145249e-08
151.862 -7.93094928e-08 -6.32514122e-08
152.091 -4.17561602e-08 -8.91671749e-08
152.320  4.98651209e-09 -9.46491049e-08
152.549  4.16389159e-08 -7.46180950e-08
152.778  6.23359936e-08 -3.70031762e-08
153.007  5.96150557e-08 -1.50220144e-09
153.236  3.45531934e-08  2.35389655e-08
153.465  4.96621697e-09  2.96597122e-08
153.694 -1.87623384e-08  1.17777539e-08
153.923 -2.82444264e-08 -1.60011837e-08
154.152 -1.35951134e-08 -4.16916160e-08
154.381  1.61796704e-08 -5.74415207e-08
154.611  4.81801110e-08 -5.01098061e-08
154.840  7.51319419e-08 -2.25680211e-08
155.069  8.22385370e-08  1.25780909e-08
155.298  6.57555445e-08  4.86534457e-08
155.527  3.63902002e-08  7.09271780e-08
155.756  4.81778288e-11  6.94613955e-08
155.985 -3.03315836e-08  5.15329755e-08
156.214 -4.00345319e-08  2.20894483e-08
156.443 -3.18591594e-08 -9.08571659e-09
156.672 -9.72146670e-09 -2.45963536e-08
156.901  2.04208292e-08 -2.23148518e-08
157.130  4.07703227e-08 -5.09390644e-09
157.359  4.43515441e-08  2.48802913e-08
157.588  3.27754248e-08  5.15081068e-08
157.817  4.99958660e-09  6.35343162e-08
158.046 -2.63207511e-08  6.09448182e-08
158.275 -4.67552475e-08  4.02401692e-08
158.504 -5.42238798e-08  9.35825841e-09
158.733 -4.36202703e-08 -1.57121652e-08
158.963 -1.75162321e-08 -3.05394801e-08
159.192  8.47759454e-09 -2.92486880e-08
159.421  2.75927308e-08 -9.12861320e-09
159.650  3.39165125e-08  1.65390278e-08
159.879  2.02535815e-08  3.90166156e-08
160.108 -4.08734780e-09  5.28844935e-08
160.337 -2.90936203e-08  4.78273920e-08
160.566 -5.01020643e-08  2.81066670e-08
160.795 -5.53465591e-08  4.07665888e-09
161.024 -4.36816443e-08 -2.03315722e-08
161.253 -2.47451737e-08 -3.35539242e-08
161.482 -2.00316312e-09 -2.93874776e-08
161.711  1.45075080e-08 -1.56677986e-08
161.940  1.44304005e-08  4.23845978e-09
162.169  2.72936319e-09  2.26349613e-08
162.398 -1.71264598e-08  2.62778357e-08
162.627 -4.01388179e-08  1.62842096e-08
162.856 -5.17292471e-08 -3.96978364e-09
163.085 -4.85457732e-08 -3.22794228e-08
163.315 -3.33130040e-08 -5.45557944e-08
163.544 -5.53740648e-09 -6.30603669e-08
163.773  2.30876749e-08 -5.92420309e-08
164.002  4.13720282e-08 -4.03090152e-08
164.231  4.90844859e-08 -1.39978806e-08
164.460  4.19278665e-08  6.61085413e-09
164.689  2.29012063e-08  1.94601996e-08
164.918  5.23974793e-09  1.97635840e-08
165.147 -7.12511808e-09  5.90900664e-09
165.376 -9.75906586e-09 -1.02809083e-08
165.605  2.78886668e-09 -2.29743944e-08
165.834  2.14507562e-08 -2.84532104e-08
166.063  3.86830548e-08 -1.84737513e-08
166.292  5.14285411e-08  1.80900701e-09
166.521  4.98111670e-08  2.38141004e-08
166.750  3.42452696e-08  4.49824655e-08
166.979  1.31777097e-08  5.51220197e-08
167.208 -1.12792686e-08  4.97423665e-08
167.437 -3.00598417e-08  3.58192873e-08
167.667 -3.44937571e-08  1.50024129e-08
167.896 -2.90061358e-08 -6.06795146e-09
168.125 -1.48585210e-08 -1.60354759e-08
168.354  4.52340702e-09 -1.61780133e-08
168.583  1.69601324e-08 -7.56161767e-09
168.812  2.04552169e-08  9.68952754e-09
169.041  1.60445905e-08  2.43903752e-08
169.270  1.08041877e-09  3.15326416e-08
169.499 -1.57592692e-08  3.21101085e-08
169.728 -2.70856695e-08  2.16132724e-08
169.957 -3.36542608e-08  5.14333448e-09
170.186 -3.01687217e-08 -8.52802082e-09
170.415 -1.76395931e-08 -1.96605041e-08
170.644 -4.95244368e-09 -2.32659640e-08
170.873  7.47301650e-09 -1.64127924e-08
171.102  1.59514655e-08 -6.78490298e-09
171.331  1.44488514e-08  4.46636515e-09
171.560  8.36840145e-09  1.57110358e-08
171.789 -4.68010194e-10  1.92297943e-08
172.019 -1.28578613e-08  1.75453302e-08
172.248 -2.11503675e-08  1.30387264e-08
172.477 -2.50202348e-08  2.59917543e-09
172.706 -2.73444401e-08 -7.94091146e-09
172.935 -2.33701109e-08 -1.60761259e-08
173.164 -1.57775147e-08 -2.52352195e-08
173.393 -8.14823627e-09 -3.02300092e-08
173.622  3.63539058e-09 -3.00425885e-08
173.851  1.55009657e-08 -2.81319276e-08
174.080  2.31521278e-08 -1.96074033e-08
174.309  2.89690031e-08 -5.86760035e-09
174.538  2.73897477e-08  6.82412615e-09
174.767  1.59353225e-08  1.92898177e-08
174.996  8.95576616e-10  2.56473573e-08
175.225 -1.71196820e-08  1.89630582e-08
175.454 -3.25267054e-08  3.33461104e-09
175.683 -3.41587863e-08 -1.99872198e-08
175.912 -2.18365977e-08 -4.66459087e-08
176.141  3.95111783e-09 -6.23945929e-08
176.371  4.13541636e-08 -6.13385473e-08
176.600  7.52063661e-08 -4.14786158e-08
176.829  9.36693265e-08 -6.46812283e-10
177.058  9.07643535e-08  4.81007747e-08
177.287  5.89378344e-08  8.83470171e-08
177.516  5.71974684e-09  1.09503294e-07
177.745 -5.08203040e-08  9.79227797e-08
177.974 -9.61345731e-08  5.25342468e-08
178.203 -1.10850755e-07 -1.09616089e-08
178.432 -8.32840561e-08 -7.60791107e-08
178.661 -2.23674840e-08 -1.19350665e-07
178.890  5.66938247e-08 -1.18067533e-07
179.119  1.29239364e-07 -7.04188673e-08
179.348  1.63085896e-07  1.37232862e-08
179.577  1.42978999e-07  1.12569632e-07
179.806  6.91864753e-08  1.88180606e-07
180.035 -4.42679045e-08  2.11335067e-07
180.264 -1.59512134e-07  1.69161046e-07
180.493 -2.35771712e-07  6.29198974e-08
180.723 -2.45410936e-07 -7.69494694e-08
180.952 -1.72960298e-07 -2.03741422e-07
181.181 -3.36845687e-08 -2.76382322e-07
181.410  1.28114007e-07 -2.61001022e-07
181.639  2.62691235e-07 -1.51155032e-07
181.868  3.19408989e-07  2.10369072e-08
182.097  2.66409235e-07  2.05104759e-07
182.326  1.14180880e-07  3.39040184e-07
182.555 -9.62123323e-08  3.65985866e-07
182.784 -3.00350486e-07  2.67662734e-07
183.013 -4.21678799e-07  6.50016087e-08
183.242 -4.10209189e-07 -1.86790443e-07
183.471 -2.57469043e-07 -4.01687243e-07
183.700  3.22366799e-09 -5.00733758e-07
183.929  2.90654916e-07 -4.40493367e-07
184.158  5.06027743e-07 -2.20907911e-07
184.387  5.71129755e-07  9.81039892e-08
184.616  4.44802747e-07  4.12977761e-07
184.845  1.49709993e-07  6.17979993e-07
185.075 -2.25099487e-07  6.29324280e-07
185.304 -5.60831313e-07  4.20205249e-07
185.533 -7.37474488e-07  4.46223314e-08
185.762 -6.73461514e-07 -3.85916782e-07
185.991 -3.69775290e-07 -7.30044575e-07
186.220  9.27897480e-08 -8.55548352e-07
186.449  5.73793981e-07 -6.99091530e-07
186.678  9.05072419e-07 -2.88303062e-07
186.907  9.57934288e-07  2.64219835e-07
187.136  6.90085915e-07  7.78928715e-07
187.365  1.59066962e-07  1.07325880e-06
187.594 -4.75824411e-07  1.02843635e-06
187.823 -1.00230718e-06  6.24682687e-07
188.052 -1.23207608e-06 -3.29350744e-08
188.281 -1.05599869e-06 -7.36969198e-07
188.510 -4.94588648e-07 -1.25130600e-06
188.739  2.89819056e-07 -1.37993675e-06
188.968  1.04848216e-06 -1.03855182e-06
189.197  1.51787228e-06 -3.04936355e-07
189.427  1.50435423e-06  6.04056971e-07
189.656  9.70213424e-07  1.39326147e-06
189.885  5.32698441e-08  1.77483819e-06
190.114 -9.68485329e-07  1.58060660e-06
190.343 -1.74861096e-06  8.28136060e-07
190.572 -1.99530773e-06 -2.76683227e-07
190.801 -1.57962607e-06 -1.38194592e-06
191.030 -5.83623257e-07 -2.10354718e-06
191.259  6.99147171e-07 -2.16243902e-06
191.488  1.84645097e-06 -1.47865277e-06
191.717  2.45295092e-06 -2.22951072e-07
191.946  2.26153074e-06  1.21515169e-06
192.175  1.26692250e-06  2.35554817e-06
192.404 -2.51315617e-07  2.77875693e-06
192.633 -1.81277336e-06  2.27315177e-06
192.862 -2.88277674e-06  9.37867743e-07
193.091 -3.04542166e-06 -8.33989653e-07
193.320 -2.16985960e-06 -2.46905825e-06
193.549 -4.75086648e-07 -3.38680169e-06
193.779  1.52363510e-06 -3.21040198e-06
194.008  3.15740793e-06 -1.91493112e-06
194.237  3.82955769e-06  1.45131574e-07
194.466  3.23410825e-06  2.31750289e-06
194.695  1.47404352e-06  3.85592082e-06
194.924 -9.34135470e-07  4.18104742e-06
195.153 -3.20320533e-06  3.08410591e-06
195.382 -4.53867898e-06  8.31816575e-07
195.611 -4.40593360e-06 -1.88092492e-06
195.840 -2.73441910e-06 -4.15057109e-06
196.069  1.10424721e-08 -5.15847751e-06
196.298  2.96009005e-06 -4.45559390e-06
196.527  5.10890176e-06 -2.15847592e-06
196.756  5.64934796e-06  1.05411177e-06
196.985  4.27513375e-06  4.14004301e-06
197.214  1.32473755e-06  6.01781797e-06
197.443 -2.29734204e-06  5.94706489e-06
197.672 -5.38280310e-06  3.81493217e-06
197.901 -6.82055952e-06  2.10255539e-07
198.131 -5.99820871e-06 -3.72219193e-06
198.360 -3.03996096e-06 -6.63804871e-06
198.589  1.17974342e-06 -7.45745538e-06
198.818  5.28102525e-06 -5.75046762e-06
199.047  7.83460667e-06 -1.93189248e-06
199.276  7.85029412e-06  2.81463608e-06
199.505  5.14696371e-06  6.90558060e-06
199.734  4.82082314e-07  8.88035059e-06
199.963 -4.65521863e-06  7.90950633e-06
200.192 -8.51702937e-06  4.13651444e-06
200.421 -9.67735019e-06 -1.30995383e-06
200.650 -7.55796476e-06 -6.65154042e-06
200.879 -2.68742824e-06 -1.00261921e-05
201.108  3.42133113e-06 -1.01353496e-05
201.337  8.72573292e-06 -6.73885553e-06
201.566  1.13307497e-05 -7.95201710e-07
201.795  1.01677959e-05  5.79119837e-06
202.024  5.40908146e-06  1.07692525e-05
202.253 -1.51443287e-06  1.23147244e-05
202.483 -8.32576053e-06  9.68536272e-06
202.712 -1.26539346e-05  3.54177989e-06
202.941 -1.28519651e-05 -4.18775560e-06
203.170 -8.60647679e-06 -1.09113278e-05
203.399 -1.13616315e-06 -1.42394276e-05
203.628  7.14724066e-06 -1.28195368e-05
203.857  1.34166031e-05 -6.87611108e-06
204.086  1.53802639e-05  1.77674961e-06
204.315  1.21163100e-05  1.02866579e-05
204.544  4.47563625e-06  1.56895020e-05
204.773 -5.12675023e-06  1.59373125e-05
205.002 -1.34612109e-05  1.06707468e-05
205.231 -1.75615057e-05  1.42618865e-06
205.460 -1.57831690e-05 -8.79560928e-06
205.689 -8.43954292e-06 -1.64905318e-05
205.918  2.20666733e-06 -1.88564875e-05
206.147  1.26212956e-05 -1.48030458e-05
206.376  1.91739818e-05 -5.41341376e-06
206.605  1.93996833e-05  6.31257405e-06
206.835  1.29076339e-05  1.64133215e-05
207.064  1.62950177e-06  2.13039996e-05
207.293 -1.07412939e-05  1.90347946e-05
207.522 -1.99604607e-05  1.00561330e-05
207.751 -2.26770132e-05 -2.82025367e-06
207.980 -1.76462829e-05 -1.53004651e-05
208.209 -6.26922042e-06 -2.30296868e-05
208.438  7.78454088e-06 -2.31061312e-05
208.667  1.97500825e-05 -1.51685065e-05
208.896  2.53741705e-05 -1.62762432e-06
209.125  2.24314849e-05  1.30527810e-05
209.354  1.15843325e-05  2.38149214e-05
209.583 -3.72914632e-06  2.67546345e-05
209.812 -1.83668916e-05  2.05314727e-05
210.041 -2.72117428e-05  6.93537276e-06
210.270 -2.69612295e-05 -9.59975398e-06
210.499 -1.73436373e-05 -2.34380367e-05
210.728 -1.34077818e-06 -2.96671352e-05
210.957  1.57225344e-05 -2.58310963e-05
211.187  2.79551924e-05 -1.28858297e-05
211.416  3.09261677e-05  4.99869896e-06
211.645  2.32648517e-05  2.17831417e-05
211.874  7.26072794e-06  3.15929728e-05
212.103 -1.18117164e-05  3.07700906e-05
212.332 -2.74270610e-05  1.92382528e-05
212.561 -3.40351494e-05  6.49154511e-07
212.790 -2.90410972e-05 -1.87676551e-05
213.019 -1.38088049e-05 -3.22830869e-05
213.248  6.69102695e-06 -3.50080193e-05
213.477  2.54898471e-05 -2.56621227e-05
213.706  3.59941009e-05 -7.12679218e-06
213.935  3.43050946e-05  1.44234610e-05
214.164  2.06533250e-05  3.15757617e-05
214.393 -5.53857511e-07  3.82390183e-05
214.622 -2.21445150e-05  3.18017097e-05
214.851 -3.66173847e-05  1.41444107e-05
215.080 -3.87473141e-05 -8.88357029e-06
215.309 -2.74695619e-05 -2.94077152e-05
215.539 -6.37227324e-06 -4.02233243e-05
215.768  1.74423784e-05 -3.73235773e-05
215.997  3.57525723e-05 -2.13901408e-05
216.226  4.20534731e-05  2.33198570e-06
216.455  3.38794807e-05  2.57631107e-05
216.684  1.37616438e-05  4.07370969e-05
216.913 -1.15513075e-05  4.18583383e-05
217.142 -3.33508171e-05  2.84540264e-05
217.371 -4.39718060e-05  4.90166111e-06
217.600 -3.95022435e-05 -2.07910989e-05
217.829 -2.12183708e-05 -3.97104259e-05
218.058  4.75878836e-06 -4.51455003e-05
218.287  2.95069682e-05 -3.49711631e-05
218.516  4.43823925e-05 -1.24725075e-05
218.745  4.40462275e-05  1.47016104e-05
218.974  2.83828692e-05  3.71494646e-05
219.203  2.63345844e-06  4.69799438e-05
219.432 -2.43606886e-05  4.05903281e-05
219.661 -4.32053775e-05  1.99986445e-05
219.891 -4.72266967e-05 -7.78481078e-06
220.120 -3.48501271e-05 -3.31538769e-05
220.349 -1.02197245e-05 -4.72309048e-05
220.578  1.81947791e-05 -4.49879603e-05
220.807  4.05119535e-05 -2.70585521e-05
221.036  4.88858728e-05  4.33839169e-07
221.265  4.02855098e-05  2.79664829e-05
221.494  1.75943391e-05  4.59211333e-05
221.723 -1.13529501e-05  4.79663250e-05
221.952 -3.64743717e-05  3.33000687e-05
222.181 -4.89717673e-05  6.96482939e-06
222.410 -4.44274367e-05 -2.18784346e-05
222.639 -2.43721491e-05 -4.31507135e-05
222.868  4.21697449e-06 -4.93950840e-05
223.097  3.13490021e-05 -3.83991143e-05
223.326  4.75286214e-05 -1.39951760e-05
223.555  4.70884738e-05  1.52708614e-05
223.784  3.01922343e-05  3.91469059e-05
224.013  2.78752562e-06  4.92749745e-05
224.243 -2.54963222e-05  4.21336805e-05
224.472 -4.47390989e-05  2.02833476e-05
224.701 -4.82222180e-05 -8.55236193e-06
224.930 -3.47994539e-05 -3.42209658e-05
225.159 -9.28000554e-06 -4.77232401e-05
225.388  1.92945998e-05 -4.43935284e-05
225.617  4.08546931e-05 -2.55266222e-05
225.846  4.78724102e-05  2.11751407e-06
226.075  3.80104746e-05  2.87292256e-05
226.304  1.49057667e-05  4.49439838e-05
226.533 -1.31575190e-05  4.51603453e-05
226.762 -3.62216433e-05  2.94849571e-05
226.991 -4.62095494e-05  3.64606241e-06
227.220 -3.97656713e-05 -2.30912633e-05
227.449 -1.93974798e-05 -4.12625154e-05
227.678  7.47661684e-06 -4.45662684e-05
227.907  3.12351133e-05 -3.20645715e-05
228.136  4.35079556e-05 -8.45526658e-06
228.365  4.01377322e-05  1.76864675e-05
228.595  2.26103628e-05  3.70275583e-05
228.824 -2.56472282e-06  4.28160790e-05
229.053 -2.62692099e-05  3.32619633e-05
229.282 -4.00779086e-05  1.20961472e-05
229.511 -3.92723615e-05 -1.28713342e-05
229.740 -2.44726888e-05 -3.26236660e-05
229.969 -1.30605697e-06 -4.02036121e-05
230.198  2.17133784e-05 -3.31865502e-05
230.427  3.63114098e-05 -1.44569589e-05
230.656  3.74473070e-05  8.94249953e-06
230.885  2.50648141e-05  2.84431923e-05
231.114  4.00200229e-06  3.70994801e-05
231.343 -1.78682595e-05  3.20742956e-05
231.572 -3.25801437e-05  1.55738370e-05
231.801 -3.49846265e-05 -6.06612645e-06
232.030 -2.45591330e-05 -2.47974761e-05
232.259 -5.49585751e-06 -3.38542278e-05
232.488  1.49515999e-05 -3.01994022e-05
232.717  2.92198938e-05 -1.55576407e-05
232.947  3.22283955e-05  4.33391559e-06
233.176  2.32006260e-05  2.19542723e-05
233.405  5.85397585e-06  3.08276571e-05
233.634 -1.30992991e-05  2.79060835e-05
233.863 -2.65258160e-05  1.46325436e-05
234.092 -2.95454387e-05 -3.71033793e-06
234.321 -2.13186760e-05 -2.00721949e-05
234.550 -5.26864883e-06 -2.83213615e-05
234.779  1.23079795e-05 -2.55462035e-05
235.008  2.46775517e-05 -1.30898602e-05
235.237  2.72393903e-05  4.05151095e-06
235.466  1.92403207e-05  1.91938286e-05
235.695  3.98592133e-06  2.65491643e-05
235.924 -1.24877342e-05  2.34330677e-05
236.153 -2.37714494e-05  1.12405637e-05
236.382 -2.55625955e-05 -5.14490030e-06
236.611 -1.72937231e-05 -1.92737257e-05
236.840 -2.31139623e-06 -2.56487034e-05
237.069  1.34487846e-05 -2.18435959e-05
237.299  2.37917662e-05 -9.41912531e-06
237.528  2.46734984e-05  6.69782856e-06
237.757  1.57618587e-05  2.01491870e-05
237.986  5.66608495e-07  2.56301528e-05
238.215 -1.49313033e-05  2.09519664e-05
238.444 -2.46164297e-05  7.90740278e-06
238.673 -2.46201184e-05 -8.41344506e-06
238.902 -1.48461066e-05 -2.16019541e-05
239.131  9.61312666e-07 -2.64199333e-05
239.360  1.66551824e-05 -2.08542775e-05
239.589  2.60586620e-05 -6.94094709e-06
239.818  2.53700336e-05  9.99093073e-06
240.047  1.46806757e-05  2.33553457e-05
240.276 -2.01304308e-06  2.78500303e-05
240.505 -1.83108152e-05  2.15428097e-05
240.734 -2.78494227e-05  6.67104636e-06
240.963 -2.67746882e-05 -1.11656162e-05
241.192 -1.52756650e-05 -2.51101537e-05
241.421  2.42794271e-06 -2.96782229e-05
241.651  1.96384921e-05 -2.29011073e-05
241.880  2.97146365e-05 -7.13672559e-06
242.109  2.86304647e-05  1.17578942e-05
242.338  1.65583219e-05  2.66078504e-05
242.567 -2.12450246e-06  3.16510314e-05
242.796 -2.04298858e-05  2.47592527e-05
243.025 -3.13861733e-05  8.30786816e-06
243.254 -3.06904812e-05 -1.16467377e-05
243.483 -1.83806299e-05 -2.76136426e-05
243.712  1.10450291e-06 -3.34875277e-05
243.941  2.05412954e-05 -2.68735641e-05
244.170  3.26156627e-05 -1.00515515e-05
244.399  3.26739452e-05  1.08188544e-05
244.628  2.05137449e-05  2.79741608e-05
244.857  5.18833939e-07  3.49408831e-05
245.086 -1.99413839e-05  2.89816607e-05
245.315 -3.32394258e-05  1.21680661e-05
245.544 -3.43408916e-05 -9.35417257e-06
245.773 -2.27181728e-05 -2.76259540e-05
246.003 -2.57956736e-06 -3.58281017e-05
246.232  1.86687536e-05 -3.08413056e-05
246.461  3.31565209e-05 -1.44302393e-05
246.690  3.54833067e-05  7.39198766e-06
246.919  2.47397290e-05  2.65752479e-05
247.148  4.85455788e-06  3.60210525e-05
247.377 -1.68467018e-05  3.22255542e-05
247.606 -3.23560797e-05  1.65784356e-05
247.835 -3.59594698e-05 -5.14632886e-06
248.064 -2.63476203e-05 -2.49305635e-05
248.293 -7.09575878e-06 -3.54936631e-05
248.522  1.46677085e-05 -3.29830984e-05
248.751  3.09201033e-05 -1.83871029e-05
248.980  3.57166055e-05  2.84623246e-06
249.209  2.73747350e-05  2.28553316e-05
249.438  9.07634650e-06  3.42913596e-05
249.667 -1.23491459e-05  3.30278381e-05
249.896 -2.89869240e-05  1.96665835e-05
250.125 -3.47697795e-05 -7.29486595e-07
250.355 -2.77090383e-05 -2.05627979e-05
250.584 -1.05879045e-05 -3.25371546e-05
250.813  1.01347130e-05 -3.23581337e-05
251.042  2.67618839e-05 -2.02906594e-05
251.271  3.32284379e-05 -9.90394508e-07
251.500  2.73339653e-05  1.82872023e-05
251.729  1.14941554e-05  3.04174785e-05
251.958 -8.23414279e-06  3.10590025e-05
252.187 -2.44626600e-05  2.02175944e-05
252.416 -3.12523574e-05  2.16211016e-06
252.645 -2.63000585e-05 -1.62398580e-05
252.874 -1.17217091e-05 -2.81388643e-05
253.103  6.82065436e-06 -2.92653859e-05
253.332  2.23113754e-05 -1.94674896e-05
253.561  2.90436365e-05 -2.68510257e-06
253.790  2.47264277e-05  1.46149960e-05
254.019  1.12723579e-05  2.59319793e-05
254.248 -6.01205923e-06  2.71745186e-05
254.477 -2.05114285e-05  1.81485551e-05
254.707 -2.68287461e-05  2.54773499e-06
254.936 -2.27974390e-05 -1.35399596e-05
255.165 -1.02357676e-05 -2.39972550e-05
255.394  5.83940735e-06 -2.49985856e-05
255.623  1.91999277e-05 -1.64214731e-05
255.852  2.48054923e-05 -1.80889367e-06
256.081  2.07104895e-05  1.30731430e-05
256.310  8.74475220e-06  2.24894817e-05
256.539 -6.27643880e-06  2.29417369e-05
256.768 -1.84643676e-05  1.44744163e-05
256.997 -2.31511742e-05  5.80866856e-07
257.226 -1.86789823e-05 -1.32116831e-05
257.455 -6.98292825e-06 -2.15189275e-05
257.684  7.22229958e-06 -2.11958974e-05
257.913  1.83170989e-05 -1.25223049e-05
258.142  2.19882566e-05  9.59933108e-07
258.371  1.68957985e-05  1.38683833e-05
258.600  5.15619115e-06  2.11131370e-05
258.829 -8.51839356e-06  1.98902379e-05
259.059 -1.86952438e-05  1.07541168e-05
259.288 -2.13649838e-05 -2.62228311e-06
259.517 -1.55019578e-05 -1.49109047e-05
259.746 -3.45487485e-06 -2.12387709e-05
259.975  9.98660288e-06 -1.90985141e-05
260.204  1.94892880e-05 -9.32955978e-06
260.433  2.12727851e-05  4.21041367e-06
260.662  1.45947581e-05  1.61687223e-05
260.891  2.05351587e-06  2.18002965e-05
261.120 -1.14291904e-05  1.88297993e-05
261.349 -2.05352136e-05  8.36031235e-06
261.578 -2.16293231e-05 -5.54617161e-06
261.807 -1.41981034e-05 -1.74497001e-05
262.036 -1.07087239e-06 -2.26478575e-05
262.265  1.26701484e-05 -1.90221346e-05
262.494  2.16527981e-05 -7.88728785e-06
262.723  2.23072045e-05  6.50137962e-06
262.952  1.42750507e-05  1.85776771e-05
263.181  5.69317214e-07  2.36141809e-05
263.411 -1.35658307e-05  1.95693607e-05
263.640 -2.26625655e-05  7.89638541e-06
263.869 -2.31472645e-05 -6.99173688e-06
264.098 -1.47330794e-05 -1.93951468e-05
264.327 -5.51971317e-07 -2.45173073e-05
264.556  1.40177383e-05 -2.03170828e-05
264.785  2.34023324e-05 -8.30609096e-06
265.014  2.39705862e-05  7.00167985e-06
265.243  1.54285326e-05  1.97981273e-05
265.472  9.53561217e-07  2.51972808e-05
265.701 -1.39973480e-05  2.10972575e-05
265.930 -2.37616112e-05  8.99308933e-06
266.159 -2.46189480e-05 -6.57417921e-06
266.388 -1.62071492e-05 -1.97387522e-05
266.617 -1.67193443e-06 -2.55294880e-05
266.846  1.35245846e-05 -2.17488676e-05
267.075  2.36696448e-05 -9.81078086e-06
267.304  2.49520615e-05  5.79811409e-06
267.533  1.69023551e-05  1.92192058e-05
267.763  2.56168979e-06  2.54273547e-05
267.992 -1.26803576e-05  2.21235480e-05
268.221 -2.31183009e-05  1.05907271e-05
268.450 -2.48781694e-05 -4.81353047e-06
268.679 -1.73661365e-05 -1.83095744e-05
268.908 -3.46195919e-06 -2.48742706e-05
269.137  1.15887746e-05 -2.21256772e-05
269.366  2.21601246e-05 -1.11877702e-05
269.595  2.43652615e-05  3.76779320e-06
269.824  1.74918262e-05  1.71141655e-05
270.053  4.22700928e-06  2.39010455e-05
270.282 -1.03882504e-05  2.17013441e-05
270.511 -2.08848470e-05  1.14802798e-05
270.740 -2.34246334e-05 -2.81203667e-06
270.969 -1.72075558e-05 -1.57698468e-05
271.198 -4.72426106e-06 -2.25881955e-05
271.427  9.23487686e-06 -2.08494178e-05
271.656  1.94263667e-05 -1.13877618e-05
271.885  2.21275038e-05  2.08313749e-06
272.115  1.65037907e-05  1.44300475e-05
272.344  4.86759727e-06  2.10585602e-05
272.573 -8.26557732e-06  1.96278318e-05
272.802 -1.79283997e-05  1.08880932e-05
273.031 -2.05812170e-05 -1.67660761e-06
273.260 -1.54205604e-05 -1.32316495e-05
273.489 -4.61629233e-06 -1.94473251e-05
273.718  7.58799949e-06 -1.81299513e-05
273.947  1.65311948e-05 -1.00023135e-05
274.176  1.89175862e-05  1.65054625e-06
274.405  1.40400336e-05  1.22930541e-05
274.634  3.97706140e-06  1.78995755e-05
274.863 -7.27109731e-06  1.64840840e-05
275.092 -1.53599428e-05  8.80260001e-06
275.321 -1.72811956e-05 -2.00782233e-06
275.550 -1.24814652e-05 -1.16907024e-05
275.779 -3.01042154e-06 -1.65425124e-05
276.008  7.32954605e-06 -1.48272325e-05
276.237  1.45001098e-05 -7.39493802e-06
276.467  1.57992430e-05  2.70414048e-06
276.696  1.08739125e-05  1.14565430e-05
276.925  1.80886061e-06  1.54727128e-05
277.154 -7.73771123e-06  1.32896112e-05
277.383 -1.40007456e-05  5.90484525e-06
277.612 -1.45793894e-05 -3.65841863e-06
277.841 -9.35315086e-06 -1.15793525e-05
278.070 -4.95199233e-07 -1.47506522e-05
278.299  8.42335883e-06 -1.19868484e-05
278.528  1.38592563e-05 -4.46907856e-06
278.757  1.36892516e-05  4.75476029e-06
278.986  8.03685818e-06  1.19960783e-05
279.215 -8.00556219e-07  1.43833137e-05
279.444 -9.28220466e-06  1.09934784e-05
279.673 -1.40269433e-05  3.20372032e-06
279.902 -1.31509476e-05 -5.87181546e-06
280.131 -7.00853568e-06 -1.26162670e-05
280.360  1.96086613e-06 -1.43406145e-05
280.589  1.01977531e-05 -1.03483676e-05
280.819  1.44259312e-05 -2.20337919e-06
281.048  1.29497508e-05  6.88623054e-06
281.277  6.31990100e-06  1.33258689e-05
281.506 -2.88112780e-06  1.45531189e-05
281.735 -1.10433252e-05  1.00455396e-05
281.964 -1.49462182e-05  1.52802554e-06
282.193 -1.30225546e-05 -7.68943491e-06
282.422 -5.97248641e-06 -1.40019032e-05
282.651  3.49572147e-06 -1.49184997e-05
282.880  1.17119519e-05 -1.00322819e-05
283.109  1.54720310e-05 -1.19052237e-06
283.338  1.32786775e-05  8.20999208e-06
283.567  5.92949241e-06  1.45378408e-05
283.796 -3.77789645e-06  1.53269104e-05
284.025 -1.21232948e-05  1.02309282e-05
284.254 -1.58927168e-05  1.16934275e-06
284.483 -1.36120929e-05 -8.40808337e-06
284.712 -6.12266126e-06 -1.48427333e-05
284.941  3.73913870e-06 -1.56636168e-05
285.171  1.22273262e-05 -1.05384252e-05
285.400  1.61110078e-05 -1.40176566e-06
285.629  1.39088047e-05  8.28757930e-06
285.858  6.45345263e-06  1.48600516e-05
286.087 -3.43430915e-06  1.58310833e-05
286.316 -1.20184433e-05  1.08451932e-05
286.545 -1.60653985e-05  1.79804423e-06
286.774 -1.40712510e-05 -7.89011740e-06
287.003 -6.81712074e-06 -1.45724928e-05
287.232  2.94155658e-06 -1.57599681e-05
287.461  1.15245311e-05 -1.10498595e-05
287.690  1.57263584e-05 -2.25711706e-06
287.919  1.40196810e-05  7.28499074e-06
288.148  7.10806241e-06  1.39981138e-05
288.377 -2.35960965e-06  1.54101650e-05
288.606 -1.08098780e-05  1.10656836e-05
288.835 -1.51042888e-05  2.67290627e-06
289.064 -1.37071122e-05 -6.56779939e-06
289.293 -7.23829610e-06 -1.31942765e-05
289.523  1.79159907e-06 -1.47832351e-05
289.752  9.96257064e-06 -1.08408034e-05
289.981  1.42444495e-05 -2.95679102e-06
290.210  1.31242062e-05  5.83753204e-06
290.439  7.14819446e-06  1.22381440e-05
290.668 -1.33014439e-06  1.39112863e-05
290.897 -9.07814990e-06  1.03536169e-05
291.126 -1.32154898e-05  3.03829368e-06
291.355 -1.22930743e-05 -5.19160004e-06
291.584 -6.80484645e-06 -1.12237699e-05
291.813  1.05371613e-06 -1.28585435e-05
292.042  8.25604010e-06 -9.61857028e-06
292.271  1.21100558e-05 -2.87727094e-06
292.500  1.12724180e-05  4.71075761e-06
292.729  6.21512016e-06  1.02493066e-05
292.958 -1.00655543e-06  1.17119143e-05
293.187 -7.57759118e-06  8.68427388e-06
293.416 -1.10224094e-05  2.47171666e-06
293.645 -1.01388826e-05 -4.44544760e-06
293.875 -5.41553421e-06 -9.39869905e-06
294.104  1.20202330e-06 -1.05610282e-05
294.333  7.10317747e-06 -7.61809593e-06
294.562  1.00403048e-05 -1.84729644e-06
294.791  8.97989863e-06  4.42128277e-06
295.020  4.46816498e-06  8.74117009e-06
295.249 -1.62333125e-06  9.49680779e-06
295.478 -6.86698339e-06  6.50722916e-06
295.707 -9.23712852e-06  1.06136416e-06
295.936 -7.88748494e-06 -4.62844614e-06
296.165 -3.45684855e-06 -8.31501495e-06
296.394  2.22070295e-06 -8.59412733e-06
296.623  6.86578314e-06 -5.44116741e-06
296.852  8.65586968e-06 -1.89443970e-07
297.081  6.93815445e-06  5.02689143e-06
297.310  2.46617837e-06  8.12627353e-06
297.539 -2.92736877e-06  7.90405868e-06
297.768 -7.06971147e-06  4.49874672e-06
297.997 -8.31410906e-06 -6.86837896e-07
298.227 -6.19111405e-06 -5.55566847e-06
298.456 -1.57793933e-06 -8.15446617e-06
298.685  3.66193797e-06 -7.45317187e-06
298.914  7.42264974e-06 -3.74418983e-06
299.143  8.19843131e-06  1.48336143e-06
299.372  5.67761350e-06  6.13553895e-06
299.601  8.59095507e-07  8.34976607e-06
299.830 -4.34129516e-06  7.23369388e-06
300.059 -7.85179884e-06  3.21330240e-06
300.288 -8.26679300e-06 -2.13114667e-06
300.517 -5.39779463e-06 -6.68731922e-06
300.746 -3.52682311e-07 -8.64662993e-06
300.975  4.89441525e-06 -7.21245817e-06
301.204  8.28045672e-06 -2.91676228e-06
301.433  8.45884811e-06  2.57967094e-06
301.662  5.32738613e-06  7.13692589e-06
301.891  7.80190705e-08  8.96814108e-06
302.120 -5.26544288e-06  7.33353850e-06
302.349 -8.63136925e-06  2.83694418e-06
302.579 -8.69890900e-06 -2.80482120e-06
302.808 -5.41565575e-06 -7.42497816e-06
303.037 -2.23080233e-08 -9.23701202e-06
303.266  5.42585184e-06 -7.52629028e-06
303.495  8.84294569e-06 -2.92944108e-06
303.724  8.91299501e-06  2.81243705e-06
303.953  5.59824633e-06  7.51638091e-06
304.182  1.49341123e-07  9.38992012e-06
304.411 -5.37138102e-06  7.71905978e-06
304.640 -8.87281096e-06  3.13507283e-06
304.869 -9.03441830e-06 -2.62959137e-06
305.098 -5.80295034e-06 -7.39780604e-06
305.327 -4.04281298e-07 -9.37814770e-06
305.556  5.12237475e-06 -7.84067136e-06
305.785  8.70214534e-06 -3.38164828e-06
306.014  9.00962676e-06  2.30714649e-06
306.243  5.95706889e-06  7.08556211e-06
306.472  7.18183584e-07  9.17855004e-06
306.701 -4.72517018e-06  7.83510198e-06
306.931 -8.34162607e-06  3.59901984e-06
307.160 -8.80999762e-06 -1.90892858e-06
307.389 -6.00357464e-06 -6.61882558e-06
307.618 -1.02343404e-06 -8.79273829e-06
307.847  4.23823682e-06 -7.66743957e-06
308.076  7.82116598e-06 -3.72741272e-06
308.305  8.42808889e-06  1.50247872e-06
308.534  5.90096893e-06  6.05098984e-06
308.763  1.25550720e-06  8.24325700e-06
308.992 -3.72914673e-06  7.32380608e-06
309.221 -7.19025669e-06  3.71930172e-06
309.450 -7.88215458e-06 -1.15495331e-06
309.679 -5.63030128e-06 -5.44763774e-06
309.908 -1.36350261e-06 -7.57622519e-06
310.137  3.26378594e-06 -6.81750056e-06
310.366  6.51094597e-06 -3.55071114e-06
310.595  7.21255904e-06  9.18230060e-07
310.824  5.19717721e-06  4.87268322e-06
311.053  1.31835218e-06  6.84903071e-06
311.283 -2.89613513e-06  6.18051268e-06
311.512 -5.84665862e-06  3.21925776e-06
311.741 -6.47141386e-06 -8.27215778e-07
311.970 -4.62637556e-06 -4.38427116e-06
312.199 -1.11126299e-06 -6.12461752e-06
312.428  2.66724890e-06 -5.46088647e-06
312.657  5.25827411e-06 -2.74521381e-06
312.886  5.72009453e-06  8.96225383e-07
313.115  3.96305675e-06  4.02730072e-06
313.344  7.57776139e-07  5.46342001e-06
313.573 -2.59630490e-06  4.71758304e-06
313.802 -4.79186497e-06  2.16897088e-06
314.031 -5.01777423e-06 -1.11641671e-06
314.260 -3.26231268e-06 -3.82526177e-06
314.489 -2.90844214e-07 -4.91341221e-06
314.718  2.68147797e-06 -4.00932267e-06
314.947  4.47626311e-06 -1.54060958e-06
315.176  4.41639270e-06  1.46152025e-06
315.405  2.58241054e-06  3.78250961e-06
315.635 -2.43089548e-07  4.50966299e-06
315.864 -2.90068050e-06  3.39106980e-06
316.093 -4.32134112e-06  9.17609663e-07
316.322 -3.95504279e-06 -1.88706514e-06
316.551 -1.97859087e-06 -3.88101598e-06
316.780  7.87838999e-07 -4.26634853e-06
317.009  3.21314120e-06 -2.90300871e-06
317.238  4.31465199e-06 -3.54451315e-07
317.467  3.65134744e-06  2.34009606e-06
317.696  1.49265384e-06  4.08661150e-06
317.925 -1.28944756e-06  4.17717797e-06
318.154 -3.57076595e-06  2.56769833e-06
318.383 -4.42836056e-06 -1.03283655e-07
318.612 -3.50519100e-06 -2.76713844e-06
318.841 -1.15366971e-06 -4.35459746e-06
319.070  1.69889154e-06 -4.21851073e-06
319.299  3.92009026e-06 -2.39093863e-06
319.528  4.61903474e-06  4.21886935e-07
319.757  3.49667914e-06  3.11777590e-06
319.987  9.71669957e-07  4.63144013e-06
320.216 -1.98087777e-06  4.34945594e-06
320.445 -4.21041382e-06  2.35735756e-06
320.674 -4.83525307e-06 -5.88533154e-07
320.903 -3.59026777e-06 -3.35511109e-06
321.132 -9.36257756e-07 -4.86673804e-06
321.361  2.11833254e-06 -4.52296627e-06
321.590  4.40153042e-06 -2.43704954e-06
321.819  5.02738154e-06  6.07850587e-07
322.048  3.74229502e-06  3.45581027e-06
322.277  1.02189797e-06  5.01704545e-06
322.506 -2.10958502e-06  4.68934916e-06
322.735 -4.46506063e-06  2.58767917e-06
322.964 -5.14987498e-06 -5.01252146e-07
323.193 -3.90225939e-06 -3.41349679e-06
323.422 -1.18836087e-06 -5.05154237e-06
323.651  1.97185287e-06 -4.80162006e-06
323.880  4.39179622e-06 -2.75982343e-06
324.109  5.16977289e-06  3.04674435e-07
324.339  4.02284917e-06  3.24130517e-06
324.568  1.38979699e-06  4.95717651e-06
324.797 -1.73635897e-06  4.82374092e-06
325.026 -4.18971601e-06  2.90696829e-06
325.255 -5.06824557e-06 -6.08628919e-08
325.484 -4.06518261e-06 -2.96623975e-06
325.713 -1.57969364e-06 -4.73569215e-06
325.942  1.44443862e-06 -4.73194260e-06
326.171  3.88150257e-06 -2.98795455e-06
326.400  4.84222067e-06 -1.82621297e-07
326.629  4.00269641e-06  2.62761937e-06
326.858  1.71490979e-06  4.40575918e-06
327.087 -1.14300971e-06  4.52032167e-06
327.316 -3.50274754e-06  2.97377282e-06
327.545 -4.50681182e-06  3.82021038e-07
327.774 -3.82585066e-06 -2.26925619e-06
328.003 -1.76353259e-06 -3.99887520e-06
328.232  8.75017656e-07 -4.19922765e-06
328.461  3.09443538e-06 -2.84946799e-06
328.691  4.08946406e-06 -5.02874574e-07
328.920  3.53889874e-06  1.93413639e-06
329.149  1.70583718e-06  3.55465218e-06
329.378 -6.77362424e-07  3.79177509e-06
329.607 -2.70087677e-06  2.61456764e-06
329.836 -3.62801144e-06  5.22461085e-07
330.065 -3.16135262e-06 -1.66159394e-06
330.294 -1.53874808e-06 -3.11723581e-06
330.523  5.75310263e-07 -3.33282016e-06
330.752  2.36220627e-06 -2.28580464e-06
330.981  3.16401513e-06 -4.34571719e-07
331.210  2.72475816e-06  1.47935477e-06
331.439  1.27489073e-06  2.72578281e-06
331.668 -5.79796168e-07  2.86132337e-06
331.897 -2.10811490e-06  1.89089502e-06
332.126 -2.73647127e-06  2.46038071e-07
332.355 -2.26654561e-06 -1.40276629e-06
332.584 -9.37524571e-07 -2.41238948e-06
332.813  6.88722212e-07 -2.41766733e-06
333.043  1.95725326e-06 -1.46553027e-06
333.272  2.38044046e-06  2.33004229e-08
333.501  1.82748349e-06  1.43240498e-06
333.730  5.60144320e-07  2.19868500e-06
333.959 -8.84332685e-07  2.03827468e-06
334.188 -1.91300793e-06  1.04881272e-06
334.417 -2.11985573e-06 -3.42152327e-07
334.646 -1.44325290e-06 -1.55373365e-06
334.875 -1.79907604e-07 -2.09197085e-06
335.104  1.13852614e-06 -1.74849209e-06
335.333  1.96594450e-06 -6.76192874e-07
335.562  1.96578039e-06  6.74858323e-07
335.791  1.14135613e-06  1.74298283e-06
336.020 -1.66464796e-07  2.08730375e-06
336.249 -1.41745917e-06  1.56274592e-06
336.478 -2.09562236e-06  3.78376473e-07
336.707 -1.91609430e-06 -9.84072180e-07
336.936 -9.39629775e-07 -1.96807344e-06
337.165  4.46424898e-07 -2.16603927e-06
337.395  1.68470950e-06 -1.48179720e-06
337.624  2.27137725e-06 -1.75696861e-07
337.853  1.95489133e-06  1.23746928e-06
338.082  8.42390875e-07  2.19373456e-06
338.311 -6.38297664e-07  2.30006109e-06
338.540 -1.90783542e-06  1.49424524e-06
338.769 -2.45908097e-06  7.57758654e-08
338.998 -2.05800622e-06 -1.41124643e-06
339.227 -8.42321466e-07 -2.38617403e-06
339.456  7.31152069e-07 -2.45694035e-06
339.685  2.05971345e-06 -1.57899589e-06
339.914  2.62418176e-06 -7.41169971e-08
340.143  2.19443844e-06  1.49083034e-06
340.372  9.19926340e-07  2.51617622e-06
340.601 -7.26522129e-07  2.60255703e-06
340.830 -2.12315616e-06  1.70595417e-06
341.059 -2.73731331e-06  1.53712468e-07
341.288 -2.33065944e-06 -1.47441884e-06
341.517 -1.04727159e-06 -2.56522633e-06
341.747  6.37299450e-07 -2.70714208e-06
341.976  2.09335654e-06 -1.84252451e-06
342.205  2.77780618e-06 -2.90349995e-07
342.434  2.43552422e-06  1.37108240e-06
342.663  1.19343775e-06  2.52517127e-06
342.892 -4.84761651e-07  2.74659473e-06
343.121 -1.97645175e-06  1.95671675e-06
343.350 -2.73358748e-06  4.54281495e-07
343.579 -2.48257536e-06 -1.20060171e-06
343.808 -1.32636938e-06 -2.39905907e-06
344.037  2.98253557e-07 -2.70609472e-06
344.266  1.79003166e-06 -2.02152668e-06
344.495  2.60468772e-06 -6.13461272e-07
344.724  2.45578399e-06  9.90631305e-07
344.953  1.41848611e-06  2.20092846e-06
345.182 -1.09036298e-07  2.58318994e-06
345.411 -1.55831221e-06  2.01901237e-06
345.640 -2.40172933e-06  7.39175917e-07
345.869 -2.34955278e-06 -7.70600251e-07
346.099 -1.44861860e-06 -1.95211061e-06
346.328 -5.35450056e-08 -2.38547768e-06
346.557  1.30955140e-06 -1.93952458e-06
346.786  2.14445022e-06 -8.07831655e-07
347.015  2.16817053e-06  5.70205000e-07
347.244  1.40420552e-06  1.68074294e-06
347.473  1.64942420e-07  2.13062983e-06
347.702 -1.07399966e-06  1.78451120e-06
347.931 -1.85976887e-06  8.05617025e-07
348.160 -1.92634260e-06 -4.14907720e-07
348.389 -1.28471350e-06 -1.41664407e-06
348.618 -2.09614023e-07 -1.84267275e-06
348.847  8.78135873e-07 -1.56592530e-06
349.076  1.57575580e-06 -7.29293297e-07
349.305  1.64556645e-06  3.23081533e-07
349.534  1.09932598e-06  1.18663796e-06
349.763  1.80511581e-07  1.54853805e-06
349.992 -7.42506042e-07  1.30369117e-06
350.221 -1.31962763e-06  5.84726743e-07
350.451 -1.35275251e-06 -3.04613916e-07
350.680 -8.65936824e-07 -1.01240619e-06
350.909 -8.08052769e-08 -1.27633108e-06
351.138  6.78307269e-07 -1.02377924e-06
351.367  1.11429867e-06 -3.87266206e-07
351.596  1.07589647e-06  3.57993611e-07
351.825  6.08139027e-07  9.06860474e-07
352.054 -7.63285182e-08  1.05002590e-06
352.283 -6.86413076e-07  7.52690746e-07
352.512 -9.75259301e-07  1.58454498e-07
352.741 -8.39224880e-07 -4.72488714e-07
352.970 -3.51519536e-07 -8.74409630e-07
353.199  2.70738714e-07 -8.87077347e-07
353.428  7.59271201e-07 -5.15172956e-07
353.657  9.09596668e-07  7.59551128e-08
353.886  6.61476111e-07  6.29835024e-07
354.115  1.22025416e-07  9.09960761e-07
354.344 -4.77325950e-07  7.95885131e-07
354.573 -8.80720310e-07  3.31450165e-07
354.803 -9.13551947e-07 -2.89860252e-07
355.032 -5.52720755e-07 -8.06841123e-07
355.261  5.90681091e-08 -9.99013935e-07
355.490  6.71286851e-07 -7.74806325e-07
355.719  1.02924191e-06 -2.13931769e-07
355.948  9.74859692e-07  4.61832783e-07
356.177  5.14662337e-07  9.79459556e-07
356.406 -1.77527213e-07  1.12137922e-06
356.635 -8.30534286e-07  8.14734483e-07
356.864 -1.18050524e-06  1.66959563e-07
357.093 -1.07517612e-06 -5.76118238e-07
357.322 -5.40553020e-07 -1.12408458e-06
357.551  2.27546045e-07 -1.25313484e-06
357.780  9.37478494e-07 -8.99075172e-07
358.009  1.31042712e-06 -1.84931624e-07
358.238  1.19199396e-06  6.25164368e-07
358.467  6.14977798e-07  1.22198650e-06
358.696 -2.12852373e-07  1.37121015e-06
358.925 -9.82462873e-07  1.00656157e-06
359.155 -1.40021713e-06  2.54396927e-07
359.384 -1.30285813e-06 -6.09644613e-07
359.613 -7.17951515e-07 -1.26194576e-06
359.842  1.43800959e-07 -1.45617956e-06
360.071  9.63650296e-07 -1.11453164e-06
360.300  1.43705206e-06 -3.57331622e-07
360.529  1.38674218e-06  5.37543281e-07
360.758  8.27231322e-07  1.24046127e-06
360.987 -3.67667673e-08  1.49309483e-06
361.216 -8.87831791e-07  1.20128522e-06
361.445 -1.41545348e-06  4.72580371e-07
361.674 -1.42738077e-06 -4.24332086e-07
361.903 -9.21796890e-07 -1.16251005e-06
362.132 -8.79143305e-08 -1.47446193e-06
362.361  7.68764704e-07 -1.25045145e-06
362.590  1.33763344e-06 -5.79493831e-07
362.819  1.41596157e-06  2.89211800e-07
363.048  9.84653784e-07  1.03895014e-06
363.277  2.09442185e-07  1.40024577e-06
363.507 -6.23653462e-07  1.25167446e-06
363.736 -1.21218587e-06  6.59544387e-07
363.965 -1.35073773e-06 -1.52458605e-07
364.194 -1.00323099e-06 -8.85398580e-07
364.423 -3.08605870e-07 -1.27780891e-06
364.652  4.71862670e-07 -1.20108667e-06
364.881  1.05397715e-06 -6.98789246e-07
365.110  1.23726427e-06  3.28151924e-08
365.339  9.71733206e-07  7.20690018e-07
365.568  3.71323103e-07  1.12045407e-06
365.797 -3.31968898e-07  1.10170965e-06
366.026 -8.80815122e-07  6.90301248e-07
366.255 -1.08613104e-06  5.49831914e-08
366.484 -8.91174837e-07 -5.63531070e-07
366.713 -3.89155822e-07 -9.44023586e-07
366.942  2.20200320e-07 -9.62034511e-07
367.171  7.10847420e-07 -6.33380575e-07
367.400  9.11739696e-07 -1.00238207e-07
367.629  7.68855412e-07  4.30844460e-07
367.859  3.59228529e-07  7.65970461e-07
368.088 -1.48627134e-07  7.95913399e-07
368.317 -5.60735721e-07  5.33601853e-07
368.546 -7.31316308e-07  9.83042434e-08
368.775 -6.17266838e-07 -3.34847075e-07
369.004 -2.84890119e-07 -6.02984427e-07
369.233  1.22788828e-07 -6.19678344e-07
369.462  4.43333268e-07 -4.00997044e-07
369.691  5.61630483e-07 -5.08226220e-08
369.920  4.50819917e-07  2.82493233e-07
370.149  1.74254227e-07  4.69301296e-07
370.378 -1.42742775e-07  4.49464505e-07
370.607 -3.67860651e-07  2.48641914e-07
370.836 -4.17599779e-07 -3.52976613e-08
371.065 -2.85144566e-07 -2.76106801e-07
371.294 -3.99906232e-08 -3.75562267e-07
371.523  2.03280038e-07 -3.00192456e-07
371.752  3.38333174e-07 -9.22681675e-08
371.981  3.10131821e-07  1.48526597e-07
372.211  1.35486598e-07  3.12399980e-07
372.440 -1.02824275e-07  3.26491756e-07
372.669 -2.94968124e-07  1.83456619e-07
372.898 -3.52799755e-07 -5.27640608e-08
373.127 -2.45214067e-07 -2.75545770e-07
373.356 -1.46677192e-08 -3.83566365e-07
373.585  2.39542108e-07 -3.21707776e-07
373.814  4.05706140e-07 -1.07384066e-07
374.043  4.04645829e-07  1.73076522e-07
374.272  2.24750732e-07  4.02128133e-07
374.501 -6.78000255e-08  4.77874011e-07
374.730 -3.56616015e-07  3.56334962e-07
374.959 -5.20968364e-07  7.55284700e-08
375.188 -4.83179061e-07 -2.58754442e-07
375.417 -2.45588631e-07 -5.14139721e-07
375.646  1.07733859e-07 -5.81267094e-07
375.875  4.43328872e-07 -4.21470209e-07
376.104  6.26430378e-07 -8.57782810e-08
376.333  5.75892772e-07  3.04442345e-07
376.563  3.00134167e-07  5.99745309e-07
376.792 -1.05833961e-07  6.80143375e-07
377.021 -4.92359647e-07  5.05640572e-07
377.250 -7.09849975e-07  1.31640811e-07
377.479 -6.69531847e-07 -3.08653307e-07
377.708 -3.77237661e-07 -6.50393520e-07
377.937  6.68841017e-08 -7.62037926e-07
378.166  5.00717172e-07 -5.95201371e-07
378.395  7.62254412e-07 -2.02953169e-07
378.624  7.50923207e-07  2.74655499e-07
378.853  4.63648223e-07  6.62583204e-07
379.082  4.89641382e-10  8.17147501e-07
379.311 -4.70899434e-07  6.76804367e-07
379.540 -7.79092086e-07  2.87857990e-07
379.769 -8.09317065e-07 -2.10051438e-07
379.998 -5.46788821e-07 -6.37575780e-07
380.227 -8.53027525e-08 -8.39191340e-07
380.456  4.09512886e-07 -7.39491957e-07
380.685  7.59605748e-07 -3.74085661e-07
380.915  8.37427661e-07  1.25542452e-07
381.144  6.15481347e-07  5.80357620e-07
381.373  1.74839884e-07  8.26133274e-07
381.602 -3.26359240e-07  7.75610292e-07
381.831 -7.07552800e-07  4.49688895e-07
382.060 -8.32913784e-07 -3.35332337e-08
382.289 -6.61302246e-07 -4.99522942e-07
382.518 -2.57029150e-07 -7.81336798e-07
382.747  2.32656068e-07 -7.82020729e-07
382.976  6.30893128e-07 -5.05575547e-07
383.205  7.98233013e-07 -5.47477817e-08
383.434  6.79793321e-07  4.05621130e-07
383.663  3.22884783e-07  7.11985629e-07
383.892 -1.39312380e-07  7.59503938e-07
384.121 -5.39953078e-07  5.36660573e-07
384.350 -7.39141319e-07  1.30203139e-07
384.579 -6.70800147e-07 -3.10013105e-07
384.808 -3.67097747e-07 -6.27632400e-07
385.037  5.62037910e-08 -7.12952335e-07
385.267  4.45898452e-07 -5.42752887e-07
385.496  6.64406647e-07 -1.86849697e-07
385.725  6.39289137e-07  2.22695820e-07
385.954  3.89003425e-07  5.38598112e-07
386.183  1.02888072e-08  6.51052056e-07
386.412 -3.57935218e-07  5.28408834e-07
386.641 -5.84082722e-07  2.23223588e-07
386.870 -5.93630268e-07 -1.49644683e-07
387.099 -3.92059186e-07 -4.53880568e-07
387.328 -5.85914717e-08 -5.83903771e-07
387.557  2.82018272e-07 -5.01029866e-07
387.786  5.07708651e-07 -2.42415364e-07
388.015  5.43462045e-07  9.23822664e-08
388.244  3.83369477e-07  3.80190190e-07
388.473  9.21681034e-08  5.21056272e-07
388.702 -2.20187138e-07  4.70042264e-07
388.931 -4.42172940e-07  2.52193254e-07
389.160 -4.97985928e-07 -4.75338233e-08
389.389 -3.72991348e-07 -3.19750208e-07
389.619 -1.18991405e-07 -4.68845458e-07
389.848  1.69334212e-07 -4.45016967e-07
390.077  3.89141095e-07 -2.62987886e-07
390.306  4.63693994e-07  7.49409606e-09
390.535  3.71114630e-07  2.69057472e-07
390.764  1.49267372e-07  4.28948616e-07
390.993 -1.21500353e-07  4.33348841e-07
391.222 -3.44800037e-07  2.85167356e-07
391.451 -4.43160495e-07  3.84748545e-08
391.680 -3.85635542e-07 -2.19255999e-07
391.909 -1.94024286e-07 -3.97956969e-07
392.138  6.44960604e-08 -4.38057221e-07
392.367  2.99943589e-07 -3.27077208e-07
392.596  4.33074444e-07 -1.03003971e-07
392.825  4.19539530e-07  1.57186378e-07
393.054  2.62924193e-07  3.66424597e-07
393.283  1.56251490e-08  4.55343825e-07
393.512 -2.40941611e-07  3.92547960e-07
393.741 -4.23200453e-07  1.97276543e-07
393.971 -4.69351506e-07 -6.81441149e-08
394.200 -3.61419217e-07 -3.19616196e-07
394.429 -1.31205575e-07 -4.74588836e-07
394.658  1.51551214e-07 -4.79475917e-07
394.887  3.97436771e-07 -3.28140828e-07
395.116  5.25001984e-07 -6.20642896e-08
395.345  4.88533452e-07  2.38940628e-07
395.574  2.90773526e-07  4.79024946e-07
395.803 -1.47168712e-08  5.78155389e-07
396.032 -3.35391471e-07  4.95587822e-07
396.261 -5.69177373e-07  2.44664948e-07
396.490 -6.34572944e-07 -1.04817567e-07
396.719 -4.96350510e-07 -4.46940999e-07
396.948 -1.83630347e-07 -6.70368826e-07
397.177  2.15526452e-07 -6.91013401e-07
397.406  5.78396036e-07 -4.84501973e-07
397.635  7.81204330e-07 -9.93281102e-08
397.864  7.41650211e-07  3.54159550e-07
398.093  4.51085070e-07  7.31009309e-07
398.323 -1.79681724e-08  8.97211193e-07
398.552 -5.25295915e-07  7.77630393e-07
398.781 -9.02692774e-07  3.84432729e-07
399.010 -1.01066375e-06 -1.76536916e-07
399.239 -7.86272796e-07 -7.30266479e-07
399.468 -2.72708455e-07 -1.08809055e-06
399.697  3.81907817e-07 -1.10923470e-06
