0.223  6.55237112e-03 -1.03779363e-03
0.446  3.75579416e-03  9.50193509e-04
0.670  1.99946753e-03  1.86436774e-03
0.893  5.75554499e-04  2.02932331e-03
1.116 -4.57601969e-04  1.64590972e-03
1.339 -1.08455196e-03  9.05519985e-04
1.562 -1.22195449e-03  1.11219344e-04
1.785 -9.41199224e-04 -5.23278815e-04
2.009 -4.14892007e-04 -8.35120283e-04
2.232  1.37832739e-04 -8.34912122e-04
2.455  5.43019737e-04 -5.68415936e-04
2.678  6.82554625e-04 -1.41575900e-04
2.901  5.87502732e-04  2.75755954e-04
3.125  2.96599805e-04  5.33698504e-04
3.348 -6.64426704e-05  5.60683094e-04
3.571 -3.47175753e-04  3.89665658e-04
3.794 -4.84437313e-04  1.06757523e-04
4.017 -4.33522726e-04 -1.81962318e-04
4.240 -2.25414429e-04 -3.77475274e-04
4.464  4.40899378e-05 -4.09940151e-04
4.687  2.60171760e-04 -2.95069758e-04
4.910  3.53425265e-04 -8.22444712e-05
5.133  3.17175404e-04  1.40071320e-04
5.356  1.69340389e-04  2.97286046e-04
5.579 -3.00693039e-05  3.29139496e-04
5.803 -1.97487954e-04  2.34927525e-04
6.026 -2.77139853e-04  6.23347667e-05
6.249 -2.45471470e-04 -1.14077856e-04
6.472 -1.21789144e-04 -2.32577873e-04
6.695  3.55057330e-05 -2.59449715e-04
6.919  1.71725492e-04 -1.91978015e-04
7.142  2.39102263e-04 -5.28778684e-05
7.365  2.16805738e-04  9.60788341e-05
7.588  1.13949533e-04  1.96626264e-04
7.811 -2.69649543e-05  2.15898198e-04
8.034 -1.50772184e-04  1.55062632e-04
8.258 -2.10702340e-04  3.58928621e-05
8.481 -1.86964182e-04 -9.08904321e-05
8.704 -9.38808174e-05 -1.76915047e-04
8.927  2.52925603e-05 -1.92904895e-04
9.150  1.25445352e-04 -1.36794886e-04
9.374  1.74804275e-04 -3.23225143e-05
9.597  1.54996080e-04  7.72437821e-05
9.820  7.59204944e-05  1.51071430e-04
10.043 -2.86544330e-05  1.65558558e-04
10.266 -1.18342883e-04  1.16889484e-04
10.489 -1.60469554e-04  2.62553445e-05
10.713 -1.41156285e-04 -7.02113015e-05
10.936 -7.12153543e-05 -1.37985568e-04
11.159  2.23082954e-05 -1.52118970e-04
11.382  1.03826641e-04 -1.07700558e-04
11.605  1.42441336e-04 -2.42479764e-05
11.829  1.26868990e-04  6.33835551e-05
12.052  6.56217752e-05  1.22685838e-04
12.275 -1.80825092e-05  1.32973661e-04
12.498 -9.14737013e-05  9.32270037e-05
12.721 -1.25916906e-04  2.16866328e-05
12.944 -1.10607980e-04 -5.37177936e-05
13.168 -5.40588969e-05 -1.04748828e-04
13.391  2.05485017e-05 -1.12568021e-04
13.614  8.41752211e-05 -7.54258236e-05
13.837  1.13400762e-04 -1.00281333e-05
14.060  9.89518698e-05  5.64527587e-05
14.283  4.78355683e-05  9.91180375e-05
14.507 -1.88215455e-05  1.03234099e-04
14.730 -7.47450408e-05  6.86188305e-05
14.953 -9.96466592e-05  1.00115666e-05
15.176 -8.57726041e-05 -4.98972109e-05
15.399 -4.01951393e-05 -8.89338444e-05
15.623  1.87458093e-05 -9.30605076e-05
15.846  6.83201528e-05 -6.21444639e-05
16.069  8.97421483e-05 -9.57359354e-06
16.292  7.51889367e-05  4.38050865e-05
16.515  3.13396467e-05  7.77534991e-05
16.738 -2.42053376e-05  7.97028084e-05
16.962 -7.01085180e-05  4.99038842e-05
17.185 -8.92989657e-05  5.97275190e-07
17.408 -7.54523554e-05 -4.93182230e-05
17.631 -3.51447756e-05 -8.07410820e-05
17.854  1.52878677e-05 -8.23507488e-05
18.078  5.62439704e-05 -5.49108481e-05
18.301  7.25412207e-05 -9.82651890e-06
18.524  5.92227066e-05  3.52135986e-05
18.747  2.25332376e-05  6.32196334e-05
18.970 -2.26614563e-05  6.44437873e-05
19.193 -5.84615438e-05  3.93780352e-05
19.417 -7.12694734e-05 -1.57900207e-06
19.640 -5.66257475e-05 -4.18121507e-05
19.863 -2.06081017e-05 -6.55043603e-05
20.086  2.24752189e-05 -6.39355698e-05
20.309  5.63339863e-05 -3.82230935e-05
20.533  6.88142478e-05  1.33451920e-06
20.756  5.58311686e-05  3.95021336e-05
20.979  2.31032831e-05  6.21535437e-05
21.202 -1.62279159e-05  6.10649891e-05
21.425 -4.71387266e-05  3.70960645e-05
21.648 -5.81092462e-05 -8.26411903e-09
21.872 -4.56152523e-05 -3.58536504e-05
22.095 -1.54347664e-05 -5.69616269e-05
22.318  2.02563399e-05 -5.59167283e-05
22.541  4.75803028e-05 -3.41166426e-05
22.764  5.61129099e-05 -6.69239510e-07
22.987  4.30962295e-05  3.13994210e-05
23.211  1.41137957e-05  4.98765512e-05
23.434 -1.96032984e-05  4.81886755e-05
23.657 -4.51383323e-05  2.77535651e-05
23.880 -5.30531060e-05 -3.03417113e-06
24.103 -4.10383169e-05 -3.19204439e-05
24.327 -1.42418046e-05 -4.76358889e-05
24.550  1.67526976e-05 -4.44849423e-05
24.773  3.99060443e-05 -2.40827932e-05
24.996  4.67155679e-05  5.44178020e-06
25.219  3.51657105e-05  3.25460464e-05
25.442  1.02078911e-05  4.70271746e-05
25.666 -1.80786170e-05  4.37631710e-05
25.889 -3.87237958e-05  2.43542453e-05
26.112 -4.41413991e-05 -3.33699682e-06
26.335 -3.26222856e-05 -2.85347663e-05
26.558 -9.03764378e-06 -4.19088085e-05
26.782  1.71373295e-05 -3.87900380e-05
27.005  3.57921126e-05 -2.09653767e-05
27.228  3.98724932e-05  4.05190953e-06
27.451  2.80984778e-05  2.63422817e-05
27.674  5.48082414e-06  3.72916048e-05
27.897 -1.90712612e-05  3.27531877e-05
28.121 -3.62254409e-05  1.47997707e-05
28.344 -3.96051300e-05 -9.45325524e-06
28.567 -2.83468595e-05 -3.07780790e-05
28.790 -7.17110214e-06 -4.11787433e-05
29.013  1.57310489e-05 -3.70905536e-05
29.237  3.16395772e-05 -2.05899974e-05
29.460  3.47367718e-05  1.76994083e-06
29.683  2.43623105e-05  2.13443736e-05
29.906  4.87308652e-06  3.07555307e-05
30.129 -1.59910292e-05  2.68613696e-05
30.352 -3.00666099e-05  1.16233462e-05
30.576 -3.21325982e-05 -8.73379123e-06
30.799 -2.16664970e-05 -2.60467089e-05
31.022 -2.89447031e-06 -3.36238567e-05
31.245  1.67401140e-05 -2.87174438e-05
31.468  2.97155703e-05 -1.33295443e-05
31.691  3.13418969e-05  6.45937597e-06
31.915  2.12777528e-05  2.30321107e-05
32.138  3.72212663e-06  3.03045794e-05
32.361 -1.43328848e-05  2.57933052e-05
32.584 -2.60287274e-05  1.15940666e-05
32.807 -2.70641969e-05 -6.46391240e-06
33.031 -1.73048484e-05 -2.13646903e-05
33.254 -8.69222574e-07 -2.74782613e-05
33.477  1.57649427e-05 -2.26202531e-05
33.700  2.62449967e-05 -8.98044896e-06
33.923  2.66408052e-05  7.99261764e-06
34.146  1.70836369e-05  2.17820149e-05
34.370  1.52325847e-06  2.71516369e-05
34.593 -1.39907091e-05  2.22883786e-05
34.816 -2.34818812e-05  9.39729281e-06
35.039 -2.34391596e-05 -6.40768537e-06
35.262 -1.41870602e-05 -1.89598441e-05
35.486  5.12382054e-07 -2.34622525e-05
35.709  1.48620312e-05 -1.84351569e-05
35.932  2.32514443e-05 -6.02748693e-06
36.155  2.25841699e-05  8.83957798e-06
36.378  1.32663870e-05  2.03136346e-05
36.601 -1.06436508e-06  2.40582934e-05
36.825 -1.48482187e-05  1.87984642e-05
37.048 -2.29203197e-05  6.63547005e-06
37.271 -2.24732737e-05 -7.66500786e-06
37.494 -1.39191517e-05 -1.86567603e-05
37.717 -7.98184752e-07 -2.23802084e-05
37.941  1.16796919e-05 -1.76605201e-05
38.164  1.87993298e-05 -6.59236097e-06
38.387  1.79707091e-05  6.29585912e-06
38.610  9.70733874e-06  1.59964913e-05
38.833 -2.53874764e-06  1.88279806e-05
39.056 -1.39345517e-05  1.37879140e-05
39.280 -2.00946550e-05  3.02063216e-06
39.503 -1.86679608e-05 -9.22031047e-06
39.726 -1.03496794e-05 -1.82655871e-05
39.949  1.54529066e-06 -2.06971914e-05
40.172  1.24922113e-05 -1.57662237e-05
40.395  1.83707250e-05 -5.59302472e-06
40.619  1.71303218e-05  5.84150442e-06
40.842  9.56848264e-06  1.41258540e-05
41.065 -1.19691617e-06  1.61557468e-05
41.288 -1.08754902e-05  1.13929489e-05
41.511 -1.56557146e-05  1.85834946e-06
41.735 -1.37932350e-05 -8.65584803e-06
41.958 -6.10834221e-06 -1.60013022e-05
42.181  4.39973297e-06 -1.74173329e-05
42.404  1.36310188e-05 -1.24825657e-05
42.627  1.81079481e-05 -3.15136648e-06
42.850  1.62772231e-05  6.91347444e-06
43.074  8.94507086e-06  1.38717639e-05
43.297 -9.57009053e-07  1.52290670e-05
43.520 -9.57680993e-06  1.06269886e-05
43.743 -1.37363424e-05  2.02754467e-06
43.966 -1.20003751e-05 -7.06821790e-06
44.190 -5.23032358e-06 -1.31278267e-05
44.413  3.72477521e-06 -1.38378851e-05
44.636  1.13056382e-05 -8.95587189e-06
44.859  1.45668879e-05 -4.70747621e-07
45.082  1.22321610e-05  8.32826156e-06
45.305  5.27356270e-06  1.41351864e-05
45.529 -3.59165943e-06  1.47899629e-05
45.752 -1.10299285e-05  1.01957196e-05
45.975 -1.42588822e-05  2.27794291e-06
46.198 -1.21870079e-05 -5.89401635e-06
46.421 -5.81758086e-06 -1.11897024e-05
46.645  2.30440267e-06 -1.16591318e-05
46.868  9.00722052e-06 -7.32494132e-06
47.091  1.17106336e-05 -2.80831284e-09
47.314  9.50681803e-06  7.38345909e-06
47.537  3.36281756e-06  1.18914641e-05
47.760 -4.29086685e-06  1.18096349e-05
47.984 -1.04314314e-05  7.21647913e-06
48.207 -1.27263901e-05 -1.34977929e-07
48.430 -1.03905727e-05 -7.41279166e-06
48.653 -4.36597576e-06 -1.18957874e-05
48.876  2.97000575e-06 -1.20408649e-05
49.099  8.78777466e-06 -7.93531265e-06
49.323  1.09725216e-05 -1.30882288e-06
49.546  8.80454530e-06  5.16030367e-06
49.769  3.24890160e-06  8.99729595e-06
49.992 -3.40069260e-06  8.78039444e-06
50.215 -8.54606488e-06  4.66280548e-06
50.439 -1.02283789e-05 -1.63577447e-06
50.662 -7.82171108e-06 -7.62920332e-06
50.885 -2.34691962e-06 -1.10216601e-05
51.108  4.03206182e-06 -1.05064042e-05
51.331  8.89423208e-06 -6.34822482e-06
51.554  1.03964341e-05 -2.14809676e-07
51.778  8.04823816e-06  5.56240892e-06
52.001  2.88211430e-06  8.79418586e-06
52.224 -3.07192541e-06  8.31362884e-06
52.447 -7.50150273e-06  4.45384562e-06
52.670 -8.70683737e-06 -1.21781847e-06
52.894 -6.32327355e-06 -6.47512219e-06
53.117 -1.33713774e-06 -9.26152280e-06
53.340  4.31090588e-06 -8.57357183e-06
53.563  8.41896333e-06 -4.75401100e-06
53.786  9.46980216e-06  7.01520205e-07
54.009  7.16830701e-06  5.65356732e-06
54.233  2.46052139e-06  8.22975021e-06
54.456 -2.76424780e-06  7.55128083e-06
54.679 -6.46120031e-06  3.95871433e-06
54.902 -7.27107073e-06 -1.06810087e-06
55.125 -4.93080729e-06 -5.50462599e-06
55.349 -3.98999654e-07 -7.65155535e-06
55.572  4.50053129e-06 -6.69469854e-06
55.795  7.89063707e-06 -3.00896459e-06
56.018  8.50209069e-06  1.94225521e-06
56.241  6.11827223e-06  6.28129566e-06
56.464  1.72087942e-06  8.42131802e-06
56.688 -2.98290996e-06  7.60645903e-06
56.911 -6.24744609e-06  4.26981866e-06
57.134 -6.87680903e-06 -1.97684129e-07
57.357 -4.74373180e-06 -4.05489268e-06
57.580 -8.14372344e-07 -5.79947294e-06
57.803  3.32466672e-06 -4.78510397e-06
58.027  6.01277186e-06 -1.48834611e-06
58.250  6.16548992e-06  2.78668801e-06
58.473  3.74529592e-06  6.37374799e-06
58.696 -3.28968366e-07  7.86544069e-06
58.919 -4.53481119e-06  6.72949523e-06
59.143 -7.28528647e-06  3.43020000e-06
59.366 -7.62035749e-06 -7.88231006e-07
59.589 -5.52660626e-06 -4.31954330e-06
59.812 -1.87020020e-06 -5.88734678e-06
60.035  1.87560756e-06 -5.02897196e-06
60.258  4.25310657e-06 -2.18080435e-06
60.482  4.41743589e-06  1.44011101e-06
60.705  2.36603786e-06  4.33201890e-06
60.928 -1.03063997e-06  5.35769001e-06
61.151 -4.35855157e-06  4.09924406e-06
61.374 -6.29496095e-06  1.02257078e-06
61.598 -6.05936191e-06 -2.66537880e-06
61.821 -3.68787372e-06 -5.57311550e-06
62.044 -7.62629609e-08 -6.63361904e-06
62.267  3.44385676e-06 -5.46025380e-06
62.490  5.62764453e-06 -2.55667733e-06
62.713  5.72267127e-06  9.34320628e-07
62.937  3.81095301e-06  3.71908657e-06
63.160  7.49502442e-07  4.77559413e-06
63.383 -2.23861205e-06  3.78304794e-06
63.606 -3.97270940e-06  1.25212392e-06
63.829 -3.78339177e-06 -1.76583388e-06
64.053 -1.80977070e-06 -4.04464832e-06
64.276  1.14572803e-06 -4.64484560e-06
64.499  3.91627643e-06 -3.33858192e-06
64.722  5.38480097e-06 -6.23973441e-07
64.945  4.98600512e-06  2.48671587e-06
65.168  2.87830190e-06  4.80280808e-06
65.392 -1.66150823e-07  5.47839740e-06
65.615 -2.99828717e-06  4.32389408e-06
65.838 -4.58149955e-06  1.80634865e-06
66.061 -4.40963407e-06 -1.07862619e-06
66.284 -2.61778150e-06 -3.21450868e-06
66.507  3.76841267e-08 -3.84366218e-06
66.731  2.46971216e-06 -2.78009828e-06
66.954  3.75134266e-06 -4.88453773e-07
67.177  3.41335380e-06  2.06986613e-06
67.400  1.60679415e-06  3.88755456e-06
67.623 -9.10742206e-07  4.26946314e-06
67.847 -3.14069658e-06  3.05989679e-06
68.070 -4.23131033e-06  7.57688218e-07
68.293 -3.74905996e-06 -1.72917205e-06
68.516 -1.89930168e-06 -3.46659862e-06
68.739  5.77820263e-07 -3.78934147e-06
68.962  2.74995311e-06 -2.59646318e-06
69.186  3.79012002e-06 -3.94020522e-07
69.409  3.31193696e-06  1.97337538e-06
69.632  1.54784023e-06  3.60243133e-06
69.855 -8.18247840e-07  3.87108952e-06
70.078 -2.89430110e-06  2.72653095e-06
70.302 -3.89371571e-06  6.36132725e-07
70.525 -3.49645071e-06 -1.60273857e-06
70.748 -1.92313836e-06 -3.12524524e-06
70.971  1.88534999e-07 -3.39065879e-06
71.194  1.97913769e-06 -2.37121227e-06
71.417  2.74677174e-06 -5.04332181e-07
71.641  2.23040868e-06  1.42772908e-06
71.864  6.42910821e-07  2.62693590e-06
72.087 -1.37352476e-06  2.62709903e-06
72.310 -2.99645216e-06  1.40711065e-06
72.533 -3.59788801e-06 -5.82471872e-07
72.757 -2.93063513e-06 -2.56975575e-06
72.980 -1.21735042e-06 -3.82325851e-06
73.203  8.94186237e-07 -3.89718885e-06
73.426  2.64143074e-06 -2.77157605e-06
73.649  3.43038581e-06 -9.08108966e-07
73.872  3.01343464e-06  9.76903508e-07
74.096  1.63023942e-06  2.20793097e-06
74.319 -1.14680968e-07  2.35157686e-06
74.542 -1.53127378e-06  1.41957720e-06
74.765 -2.05484547e-06 -1.40604873e-07
74.988 -1.48466355e-06 -1.68162011e-06
75.211 -8.28198824e-08 -2.56334838e-06
75.435  1.59433085e-06 -2.40083539e-06
75.658  2.88682025e-06 -1.25500827e-06
75.881  3.26513939e-06  4.50891014e-07
76.104  2.58723036e-06  2.09315367e-06
76.327  1.10920545e-06  3.04937377e-06
76.551 -6.36078690e-07  2.99031454e-06
76.774 -1.99576939e-06  1.98425955e-06
76.997 -2.49045111e-06  4.26231137e-07
77.220 -2.00099013e-06 -1.06668171e-06
77.443 -7.55769845e-07 -1.91893923e-06
77.666  7.20371439e-07 -1.84509880e-06
77.890  1.81452159e-06 -8.98243317e-07
78.113  2.10830304e-06  5.30425951e-07
78.336  1.48581324e-06  1.84781027e-06
78.559  1.77986077e-07  2.54429142e-06
78.782 -1.29423239e-06  2.35388750e-06
79.006 -2.37701986e-06  1.33572276e-06
79.229 -2.68337810e-06 -1.05792106e-07
79.452 -2.10361282e-06 -1.42288009e-06
79.675 -8.92201251e-07 -2.14620890e-06
79.898  4.58887239e-07 -2.01627462e-06
80.121  1.44313391e-06 -1.12079826e-06
80.345  1.68366755e-06  1.46028618e-07
80.568  1.10186370e-06  1.28531139e-06
80.791 -3.70778506e-08  1.84234382e-06
81.014 -1.28348308e-06  1.58671058e-06
81.237 -2.14822728e-06  6.34739272e-07
81.461 -2.27641764e-06 -6.49841095e-07
81.684 -1.62881497e-06 -1.78790942e-06
81.907 -4.53900173e-07 -2.33777965e-06
82.130  8.21718974e-07 -2.11191378e-06
82.353  1.71532979e-06 -1.22397747e-06
82.576  1.91390104e-06 -1.08358186e-08
82.800  1.39104517e-06  1.05327753e-06
83.023  3.68446095e-07  1.56622401e-06
83.246 -7.32684551e-07  1.37148190e-06
83.469 -1.46350222e-06  5.64431557e-07
83.692 -1.55777423e-06 -5.21066204e-07
83.915 -9.85112399e-07 -1.43214489e-06
84.139  3.14481645e-08 -1.81999470e-06
84.362  1.07523500e-06 -1.53794546e-06
84.585  1.74684281e-06 -6.85178388e-07
84.808  1.80034927e-06  3.93626834e-07
85.031  1.20840145e-06  1.28395114e-06
85.255  2.14522715e-07  1.66440113e-06
85.478 -7.88861120e-07  1.38874807e-06
85.701 -1.43480256e-06  5.79234358e-07
85.924 -1.47657290e-06 -4.30105410e-07
86.147 -9.07440768e-07 -1.26137181e-06
86.370  2.72906834e-08 -1.59567787e-06
86.594  9.73501214e-07 -1.30405185e-06
86.817  1.57405357e-06 -5.23111134e-07
87.040  1.59671419e-06  4.47294927e-07
87.263  1.06095650e-06  1.24681712e-06
87.486  1.88353469e-07  1.56833060e-06
87.710 -6.90257004e-07  1.31801933e-06
87.933 -1.22683014e-06  6.24472891e-07
88.156 -1.22896616e-06 -2.36884966e-07
88.379 -7.26846918e-07 -9.10645865e-07
88.602  7.77072179e-08 -1.12681553e-06
88.825  8.52604818e-07 -8.18033937e-07
89.049  1.27594569e-06 -9.98921134e-08
89.272  1.19001029e-06  7.46780704e-07
89.495  6.17513237e-07  1.37847946e-06
89.718 -2.35359566e-07  1.56180304e-06
89.941 -1.03636807e-06  1.22712651e-06
90.165 -1.49860981e-06  4.89263893e-07
90.388 -1.46902057e-06 -3.63594354e-07
90.611 -9.63845549e-07 -1.02008298e-06
90.834 -1.99546508e-07 -1.26195893e-06
91.057  5.19461920e-07 -1.01198693e-06
91.280  9.33931620e-07 -3.97948410e-07
91.504  8.88099886e-07  3.10278005e-07
91.727  4.15291222e-07  8.36961526e-07
91.950 -2.70866772e-07  9.67455334e-07
92.173 -9.00950027e-07  6.43279263e-07
92.396 -1.22310479e-06  5.38540030e-09
92.619 -1.09667554e-06 -7.04380585e-07
92.843 -5.79235512e-07 -1.21993413e-06
93.066  1.34220579e-07 -1.33461755e-06
93.289  7.86699741e-07 -1.01893996e-06
93.512  1.12743023e-06 -4.05126951e-07
93.735  1.04445023e-06  2.81171508e-07
93.959  5.96799417e-07  7.71178468e-07
94.182 -3.98273481e-08  8.83957852e-07
94.405 -6.05499493e-07  6.02635188e-07
94.628 -8.70501968e-07  4.07833225e-08
94.851 -7.46403340e-07 -5.73954741e-07
95.074 -2.78820571e-07 -9.86390968e-07
95.298  3.55588165e-07 -1.04618878e-06
95.521  9.00979639e-07 -7.30442185e-07
95.744  1.15997514e-06 -1.51443301e-07
95.967  1.04632263e-06  4.58826843e-07
96.190  6.01507943e-07  8.75134088e-07
96.414  1.25257483e-08  9.58325175e-07
96.637 -4.88728897e-07  6.79806168e-07
96.860 -7.24411229e-07  1.65847038e-07
97.083 -6.02926263e-07 -3.66302229e-07
97.306 -1.80797200e-07 -7.16824427e-07
97.529  3.58664312e-07 -7.43411833e-07
97.753  8.11151722e-07 -4.31063086e-07
97.976  9.99157568e-07  8.65425073e-08
98.199  8.40921242e-07  6.17759880e-07
98.422  4.09255448e-07  9.67345466e-07
98.645 -1.32932324e-07  9.97744647e-07
98.869 -5.90951846e-07  7.15690215e-07
99.092 -7.87726904e-07  2.42168851e-07
99.315 -6.65649757e-07 -2.45607123e-07
99.538 -2.95021727e-07 -5.50149837e-07
99.761  1.78096736e-07 -5.57367900e-07
99.984  5.55059775e-07 -2.82666282e-07
100.208  6.77649855e-07  1.69005770e-07
100.431  5.06177197e-07  6.15660959e-07
100.654  9.78088029e-08  8.70726410e-07
100.877 -3.97884881e-07  8.43336758e-07
101.100 -7.84585543e-07  5.39665244e-07
101.323 -9.29061910e-07  6.42236259e-08
101.547 -7.87799492e-07 -3.96933189e-07
101.770 -4.12624357e-07 -6.81852771e-07
101.993  3.92107311e-08 -7.03761844e-07
102.216  3.93626228e-07 -4.60696284e-07
102.439  5.31014683e-07 -6.71876120e-08
102.663  4.00579372e-07  3.07122240e-07
102.886  6.62574699e-08  5.21752163e-07
103.109 -3.21296735e-07  4.85772671e-07
103.332 -6.12499266e-07  2.09988644e-07
103.555 -6.86617723e-07 -1.86200716e-07
103.778 -5.02983974e-07 -5.55600387e-07
104.002 -1.39646231e-07 -7.58947119e-07
104.225  2.70287083e-07 -7.09676875e-07
104.448  5.81416642e-07 -4.37375543e-07
104.671  6.71166165e-07 -4.96151649e-08
104.894  5.18291244e-07  3.15114430e-07
105.118  1.95435933e-07  5.11929014e-07
105.341 -1.77769032e-07  4.72101309e-07
105.564 -4.49625079e-07  2.27526772e-07
105.787 -5.12311889e-07 -1.30384385e-07
106.010 -3.55143570e-07 -4.58292316e-07
106.233 -3.51849450e-08 -6.21499066e-07
106.457  3.25743232e-07 -5.68970066e-07
106.680  5.80506578e-07 -3.20873629e-07
106.903  6.43553736e-07  3.22495029e-08
107.126  4.98882543e-07  3.45651547e-07
107.349  1.99937807e-07  5.07878440e-07
107.573 -1.24646673e-07  4.70221500e-07
107.796 -3.48108080e-07  2.47273163e-07
108.019 -3.94645470e-07 -5.96516195e-08
108.242 -2.41881726e-07 -3.19850571e-07
108.465  4.40783095e-08 -4.37197778e-07
108.688  3.39964940e-07 -3.56658787e-07
108.912  5.36942563e-07 -1.04356230e-07
109.135  5.53497807e-07  2.15170733e-07
109.358  3.74423518e-07  4.89373225e-07
109.581  7.52509788e-08  6.18612339e-07
109.804 -2.37804291e-07  5.49382561e-07
110.027 -4.57103770e-07  3.20889691e-07
110.251 -4.98327723e-07  2.34291576e-08
110.474 -3.61445609e-07 -2.37787594e-07
110.697 -1.13241050e-07 -3.58287103e-07
110.920  1.52578336e-07 -3.00523679e-07
111.143  3.23207841e-07 -1.02984965e-07
111.367  3.29036471e-07  1.58789794e-07
111.590  1.78098374e-07  3.74746903e-07
111.813 -7.65881234e-08  4.51026740e-07
112.036 -3.37264587e-07  3.65045437e-07
112.259 -4.95345995e-07  1.44502048e-07
112.482 -4.99636752e-07 -1.33162578e-07
112.706 -3.51331054e-07 -3.55670023e-07
112.929 -1.01672403e-07 -4.48066940e-07
113.152  1.44740095e-07 -3.86125575e-07
113.375  2.96530540e-07 -1.92134975e-07
113.598  3.07224794e-07  4.69435244e-08
113.822  1.70534257e-07  2.31995775e-07
114.045 -5.17160225e-08  2.98851047e-07
114.268 -2.61820702e-07  2.15484696e-07
114.491 -3.83341522e-07  1.39720079e-08
114.714 -3.63067031e-07 -2.18317907e-07
114.937 -2.01620130e-07 -3.98740257e-07
115.161  3.22042289e-08 -4.58573795e-07
115.384  2.56357675e-07 -3.68162698e-07
115.607  3.93360537e-07 -1.70891823e-07
115.830  3.87648433e-07  5.90725902e-08
116.053  2.53115136e-07  2.42976003e-07
116.277  4.94488826e-08  3.06647829e-07
116.500 -1.50365140e-07  2.34022399e-07
116.723 -2.62419028e-07  6.54140956e-08
116.946 -2.43537380e-07 -1.37589166e-07
117.169 -1.11702054e-07 -2.90309304e-07
117.392  8.68551795e-08 -3.27908473e-07
117.616  2.74746620e-07 -2.45007875e-07
117.839  3.72765951e-07 -7.01381885e-08
118.062  3.53054407e-07  1.33058637e-07
118.285  2.25543879e-07  2.79295282e-07
118.508  3.56795425e-08  3.20897057e-07
118.731 -1.33585593e-07  2.49493568e-07
118.955 -2.19004043e-07  8.99569548e-08
119.178 -1.95156596e-07 -8.48718533e-08
119.401 -6.58489783e-08 -2.01730754e-07
119.624  1.12758159e-07 -2.20204391e-07
119.847  2.64024080e-07 -1.24060765e-07
120.071  3.35499758e-07  5.22413159e-08
120.294  2.93314608e-07  2.36210347e-07
120.517  1.47260303e-07  3.67657874e-07
120.740 -4.20386616e-08  3.99108240e-07
120.963 -2.12238480e-07  3.15676004e-07
121.186 -3.07809597e-07  1.59734991e-07
121.410 -2.92507794e-07 -1.00461052e-08
121.633 -1.86752516e-07 -1.36046936e-07
121.856 -4.06593390e-08 -1.66406309e-07
122.079  9.10964261e-08 -9.87605929e-08
122.302  1.47613008e-07  2.88810593e-08
122.526  1.05070535e-07  1.68357340e-07
122.749 -1.32984741e-08  2.55963390e-07
122.972 -1.68439473e-07  2.49217642e-07
123.195 -2.99559017e-07  1.54405459e-07
123.418 -3.49826865e-07 -8.36212902e-10
123.641 -3.07425361e-07 -1.64014614e-07
123.865 -1.86689892e-07 -2.70054910e-07
124.088 -2.72082235e-08 -2.89858271e-07
124.311  1.05017082e-07 -2.23766311e-07
124.534  1.66645693e-07 -9.56468324e-08
124.757  1.44836655e-07  3.46593651e-08
124.981  4.72298331e-08  1.14054130e-07
125.204 -7.80796585e-08  1.18261286e-07
125.427 -1.73194128e-07  3.99462985e-08
125.650 -2.04336921e-07 -8.83328430e-08
125.873 -1.51216472e-07 -2.09031286e-07
126.096 -2.85105386e-08 -2.81005714e-07
126.320  1.12103770e-07 -2.73408761e-07
126.543  2.25060958e-07 -1.82169278e-07
126.766  2.72036863e-07 -4.75701718e-08
126.989  2.31345686e-07  8.43659092e-08
127.212  1.27415315e-07  1.71709615e-07
127.435  2.35204870e-09  1.78560744e-07
127.659 -1.02423990e-07  1.11177204e-07
127.882 -1.41899374e-07  3.91444821e-09
128.105 -1.04334248e-07 -1.05785336e-07
128.328 -1.35897864e-08 -1.69400770e-07
128.551  9.91794808e-08 -1.59365184e-07
128.775  1.86979992e-07 -8.73044083e-08
128.998  2.09867256e-07  2.32675186e-08
129.221  1.66236273e-07  1.30934562e-07
129.444  7.10708090e-08  1.87695386e-07
129.667 -4.28708816e-08  1.78548772e-07
129.890 -1.24507068e-07  1.09301438e-07
130.114 -1.46412258e-07  1.94564741e-09
130.337 -1.04883942e-07 -9.46203150e-08
130.560 -1.00656945e-08 -1.42845188e-07
130.783  9.63809934e-08 -1.29677925e-07
131.006  1.70415472e-07 -5.33988423e-08
131.230  1.90561066e-07  5.58232086e-08
131.453  1.44391414e-07  1.52138976e-07
131.676  4.78367523e-08  2.07467494e-07
131.899 -5.64303199e-08  2.00952337e-07
132.122 -1.36188983e-07  1.33565164e-07
132.345 -1.65100456e-07  4.03945423e-08
132.569 -1.30451535e-07 -4.48307941e-08
132.792 -5.65234226e-08 -9.32083002e-08
133.015  2.38819159e-08 -8.10222050e-08
133.238  8.15827738e-08 -1.98161387e-08
133.461  8.51057465e-08  6.08131596e-08
133.685  3.23431240e-08  1.33008619e-07
133.908 -5.28220788e-08  1.60871861e-07
134.131 -1.45344566e-07  1.28720096e-07
134.354 -2.08465156e-07  5.19841427e-08
134.577 -2.14505150e-07 -4.88467887e-08
134.800 -1.68259961e-07 -1.39998594e-07
135.024 -8.40473403e-08 -1.85210307e-07
135.247  1.08395610e-08 -1.77905575e-07
135.470  7.62704402e-08 -1.25404111e-07
135.693  9.51954647e-08 -4.62919561e-08
135.916  6.80652131e-08  2.02784265e-08
136.139  4.21741340e-09  4.87626795e-08
136.363 -6.21643022e-08  3.33235451e-08
136.586 -9.94505517e-08 -2.52517018e-08
136.809 -9.59476349e-08 -1.00660009e-07
137.032 -4.50016821e-08 -1.57932672e-07
137.255  3.70850336e-08 -1.79844458e-07
137.479  1.15385315e-07 -1.53477991e-07
137.702  1.67985159e-07 -8.38224819e-08
137.925  1.77222997e-07 -1.88025827e-09
138.148  1.36775751e-07  6.74496548e-08
138.371  7.01571715e-08  1.03765640e-07
138.594  3.04166554e-09  9.10276031e-08
138.818 -4.35003427e-08  4.28445857e-08
139.041 -4.64762638e-08 -1.65023907e-08
139.264 -8.55737159e-09 -6.68574783e-08
139.487  4.93118343e-08 -8.14109206e-08
139.710  1.08848037e-07 -5.20070043e-08
139.934  1.42357791e-07  5.61435490e-09
140.157  1.31889605e-07  7.57181698e-08
140.380  8.61545507e-08  1.32355722e-07
140.603  1.75822276e-08  1.49801006e-07
140.826 -5.19760314e-08  1.28366306e-07
141.049 -9.20811609e-08  7.63992467e-08
141.273 -9.42669951e-08  9.83850942e-09
141.496 -6.22955192e-08 -3.98575078e-08
141.719 -5.29057254e-09 -5.61966102e-08
141.942  4.78920700e-08 -3.81943415e-08
142.165  7.43935050e-08  1.17762234e-08
142.389  6.85233020e-08  7.04789991e-08
142.612  2.66560461e-08  1.11014966e-07
142.835 -3.57643983e-08  1.23186006e-07
143.058 -9.06387171e-08  9.85116204e-08
143.281 -1.23765126e-07  4.34567328e-08
143.504 -1.23195342e-07 -1.57809834e-08
143.728 -8.63724817e-08 -6.19351396e-08
143.951 -3.46888107e-08 -8.10960248e-08
144.174  1.28157265e-08 -6.28049719e-08
144.397  4.16385704e-08 -2.14205642e-08
144.620  3.53991581e-08  2.36997521e-08
144.843  8.89501178e-11  5.84301876e-08
145.067 -4.61830604e-08  6.28109895e-08
145.290 -9.02378589e-08  3.40085194e-08
145.513 -1.10879530e-07 -1.28427652e-08
145.736 -9.68681363e-08 -6.59329444e-08
145.959 -5.85945494e-08 -1.05041410e-07
146.183 -6.02925769e-09 -1.11911595e-07
146.406  4.35364295e-08 -9.07514075e-08
146.629  6.71382259e-08 -4.92112578e-08
146.852  6.20613525e-08 -2.17455060e-10
147.075  3.32531910e-08  3.14250710e-08
147.298 -1.14184104e-08  3.61617061e-08
147.522 -4.82297069e-08  1.59337824e-08
147.745 -6.16271365e-08 -2.64274705e-08
147.968 -5.02481440e-08 -7.08786527e-08
148.191 -1.24056778e-08 -9.74093445e-08
148.414  3.75915398e-08 -1.01131548e-07
148.638  7.74601504e-08 -7.66809550e-08
148.861  9.88437187e-08 -3.13495910e-08
149.084  9.37872743e-08  1.28823254e-08
149.307  6.22888960e-08  4.46281460e-08
149.530  2.35101259e-08  5.45231501e-08
149.753 -8.85881100e-09  3.60194663e-08
149.977 -2.50246249e-08  3.40831187e-09
150.200 -1.33560095e-08 -2.82258315e-08
150.423  1.81768060e-08 -4.92196015e-08
150.646  5.42657434e-08 -4.46054089e-08
150.869  8.56177913e-08 -1.51710082e-08
151.093  9.57485070e-08  2.51141099e-08
151.316  7.81295191e-08  6.75763839e-08
151.539  4.36060635e-08  9.61078690e-08
151.762 -1.69913719e-10  9.77310587e-08
151.985 -3.93021045e-08  7.86534502e-08
152.208 -5.62554148e-08  4.51264926e-08
152.432 -5.17822913e-08  7.45941038e-09
152.655 -3.05701297e-08 -1.47429894e-08
152.878  1.20538911e-09 -1.66972539e-08
153.101  2.43328206e-08 -1.48651903e-09
153.324  2.89249273e-08  2.85821229e-08
153.547  1.62522413e-08  5.67355297e-08
153.771 -1.45646245e-08  6.88009299e-08
153.994 -5.07823520e-08  6.37419265e-08
154.217 -7.52648828e-08  3.82037674e-08
154.440 -8.41503700e-08 -2.79465666e-10
154.663 -7.22743877e-08 -3.35247712e-08
154.887 -4.13598190e-08 -5.46892344e-08
155.110 -8.37698101e-09 -5.75169004e-08
155.333  1.71946221e-08 -3.81348916e-08
155.556  2.87321772e-08 -1.01881906e-08
155.779  1.77912952e-08  1.49283273e-08
156.002 -6.89121421e-09  3.07543153e-08
156.226 -3.29744223e-08  2.58056887e-08
156.449 -5.43789036e-08  2.99589538e-09
156.672 -5.82620023e-08 -2.55829694e-08
156.895 -4.14887662e-08 -5.42363480e-08
157.118 -1.45205179e-08 -7.03652389e-08
157.342  1.73146373e-08 -6.52914942e-08
157.565  4.30593440e-08 -4.64711211e-08
157.788  4.97387490e-08 -1.88085445e-08
158.011  4.07352890e-08  9.41713832e-09
158.234  2.04147961e-08  2.27479209e-08
158.457 -6.11793891e-09  1.99277823e-08
158.681 -2.29492570e-08  4.59303164e-09
158.904 -2.41524850e-08 -2.12584854e-08
159.127 -1.22819332e-08 -4.31782589e-08
159.350  1.33154210e-08 -5.10744079e-08
159.573  4.12845038e-08 -4.59158538e-08
159.797  5.84447691e-08 -2.50485703e-08
160.020  6.36943307e-08  4.44752666e-09
160.243  5.31191929e-08  2.78842115e-08
160.466  2.89712660e-08  4.18111071e-08
160.689  5.61054632e-09  4.18082991e-08
160.912 -1.11680200e-08  2.54872744e-08
161.136 -1.70587769e-08  5.12613805e-09
161.359 -5.87093995e-09 -1.13998843e-08
161.582  1.36239776e-08 -2.02162315e-08
161.805  3.20067104e-08 -1.25504822e-08
162.028  4.58171779e-08  7.32589356e-09
162.251  4.50465539e-08  2.93277540e-08
162.475  2.89875716e-08  5.02214906e-08
162.698  7.19930685e-09  6.01019371e-08
162.921 -1.71360417e-08  5.34626805e-08
163.144 -3.54436158e-08  3.80651181e-08
163.367 -3.83177805e-08  1.71594666e-08
163.591 -3.06682294e-08 -2.91357458e-09
163.814 -1.59019926e-08 -1.02901444e-08
164.037  2.24527890e-09 -6.34369407e-09
164.260  1.10901644e-08  5.37339239e-09
164.483  8.15732198e-09  2.35548009e-08
164.706 -3.11840518e-09  3.62511639e-08
164.930 -2.33458083e-08  3.72136075e-08
165.153 -4.26567714e-08  2.91992585e-08
165.376 -5.15947800e-08  1.02971109e-08
165.599 -5.15517873e-08 -1.27713058e-08
165.822 -3.99254585e-08 -2.84519483e-08
166.046 -1.96700699e-08 -3.62162598e-08
166.269 -2.94841519e-09 -3.33671531e-08
166.492  7.49798439e-09 -1.90932462e-08
166.715  9.36280058e-09 -4.63200444e-09
166.938 -1.31948261e-09  5.00976666e-09
167.161 -1.55440961e-08  8.10367588e-09
167.385 -2.62162781e-08 -1.49293838e-09
167.608 -3.19818072e-08 -1.79941873e-08
167.831 -2.55699804e-08 -3.27164503e-08
168.054 -8.90395085e-09 -4.42114894e-08
168.277  8.64232722e-09 -4.50379417e-08
168.501  2.50388435e-08 -3.30339805e-08
168.724  3.34838560e-08 -1.70546495e-08
168.947  2.80286726e-08 -3.75800377e-11
169.170  1.57247049e-08  1.24505752e-08
169.393  5.09685944e-10  1.14730895e-08
169.616 -1.35715558e-08  1.14590714e-09
169.840 -1.57268553e-08 -1.37845244e-08
170.063 -6.29971819e-09 -3.07646136e-08
170.286  9.69393326e-09 -3.84193893e-08
170.509  3.09723518e-08 -3.28927956e-08
170.732  4.68662199e-08 -1.85963670e-08
170.955  4.94421227e-08  4.22166899e-09
171.179  4.14687334e-08  2.68087135e-08
171.402  2.23286068e-08  3.79162031e-08
171.625 -2.13651021e-09  3.77262776e-08
171.848 -1.86985225e-08  2.48359711e-08
172.071 -2.43162147e-08  1.54356589e-09
172.295 -1.67655107e-08 -1.86539089e-08
172.518  5.43078221e-09 -2.92997168e-08
172.741  3.03875622e-08 -2.71736739e-08
172.964  4.86224669e-08 -7.12568400e-09
173.187  5.57001638e-08  2.24503985e-08
173.410  4.31977112e-08  5.01489295e-08
173.634  1.43745087e-08  7.02943007e-08
173.857 -1.92320798e-08  7.19561255e-08
174.080 -5.11029324e-08  5.22032089e-08
174.303 -6.90079559e-08  2.05145688e-08
174.526 -6.37078253e-08 -1.66082990e-08
174.750 -4.05181449e-08 -4.72200594e-08
174.973 -4.75480388e-09 -5.67526760e-08
175.196  3.36579850e-08 -4.48088065e-08
175.419  5.67965540e-08 -1.42693627e-08
175.642  5.78834270e-08  2.85985616e-08
175.865  3.62381584e-08  6.52220084e-08
176.089 -6.88276175e-09  8.28686109e-08
176.312 -5.53883813e-08  7.65303310e-08
176.535 -9.22418084e-08  4.15559585e-08
176.758 -1.08026539e-07 -1.16120560e-08
176.981 -9.19997878e-08 -6.44651261e-08
177.205 -4.62946909e-08 -1.04088660e-07
177.428  1.27674085e-08 -1.14459221e-07
177.651  7.07668845e-08 -8.78665223e-08
177.874  1.08343410e-07 -3.46230225e-08
178.097  1.08041410e-07  3.22048926e-08
178.320  7.09823391e-08  9.28847942e-08
178.544  5.62381565e-09  1.22176579e-07
178.767 -7.15784469e-08  1.10217882e-07
178.990 -1.31345431e-07  5.78164026e-08
179.213 -1.53016611e-07 -2.56879607e-08
179.436 -1.27623363e-07 -1.12147049e-07
179.659 -5.40035795e-08 -1.72620510e-07
179.883  4.67493591e-08 -1.87883285e-07
180.106  1.42240646e-07 -1.44128740e-07
180.329  2.04736389e-07 -4.97261563e-08
180.552  2.07684011e-07  6.60404013e-08
180.775  1.42536400e-07  1.71071958e-07
180.999  2.82686982e-08  2.28547762e-07
181.222 -1.04798067e-07  2.11436332e-07
181.445 -2.14699898e-07  1.22006557e-07
181.668 -2.57763492e-07 -1.84215769e-08
181.891 -2.15426797e-07 -1.70057201e-07
182.114 -9.29983463e-08 -2.78100022e-07
182.338  8.04726124e-08 -3.02571070e-07
182.561  2.47904739e-07 -2.27479646e-07
182.784  3.51699725e-07 -6.26881006e-08
183.007  3.52539041e-07  1.43602551e-07
183.230  2.34496893e-07  3.24523521e-07
183.454  2.51354340e-08  4.19909432e-07
183.677 -2.11543234e-07  3.85102475e-07
183.900 -4.02069512e-07  2.16929173e-07
184.123 -4.75240725e-07 -3.76366780e-08
184.346 -3.91102402e-07 -3.03962049e-07
184.569 -1.65951077e-07 -4.92315591e-07
184.793  1.39615124e-07 -5.25977876e-07
185.016  4.30839466e-07 -3.80310049e-07
185.239  6.01512454e-07 -8.60707952e-08
185.462  5.81928999e-07  2.74483269e-07
185.685  3.59667157e-07  5.80248469e-07
185.909 -1.45132177e-08  7.20543816e-07
186.132 -4.25212830e-07  6.32151274e-07
186.355 -7.33999338e-07  3.17302249e-07
186.578 -8.27813273e-07 -1.38112259e-07
186.801 -6.49137278e-07 -5.89505299e-07
187.024 -2.31405144e-07 -8.85181237e-07
187.248  3.01949190e-07 -9.05960159e-07
187.471  7.81925173e-07 -6.15431454e-07
187.694  1.03736801e-06 -8.71972476e-08
187.917  9.54661929e-07  5.21672528e-07
188.140  5.32904054e-07  1.00976184e-06
188.363 -1.15723079e-07  1.19223144e-06
188.587 -7.91478415e-07  9.78549051e-07
188.810 -1.25901928e-06  4.05000754e-07
189.033 -1.33734338e-06 -3.68428641e-07
189.256 -9.64167343e-07 -1.09024300e-06
189.479 -2.21549967e-07 -1.50532235e-06
189.703  6.66920740e-07 -1.44452065e-06
189.926  1.40569233e-06 -8.81004376e-07
190.149  1.72925822e-06  3.67688911e-08
190.372  1.48544801e-06  1.02061415e-06
190.595  7.05592443e-07  1.73952234e-06
190.818 -3.84860502e-07  1.91993018e-06
191.042 -1.43849949e-06  1.44814860e-06
191.265 -2.08771474e-06  4.33080581e-07
191.488 -2.06775453e-06 -8.22829637e-07
191.711 -1.32912568e-06 -1.90780325e-06
191.934 -6.49975626e-08 -2.42683094e-06
192.158  1.33585082e-06 -2.15206870e-06
192.381  2.39667565e-06 -1.11169072e-06
192.604  2.72078537e-06  4.03575814e-07
192.827  2.13616784e-06  1.90733760e-06
193.050  7.65114747e-07  2.87634472e-06
193.273 -9.82692412e-07  2.93387388e-06
193.497 -2.53024117e-06  1.98190209e-06
193.720 -3.32830370e-06  2.66265704e-07
193.943 -3.03784362e-06 -1.67720659e-06
194.166 -1.66877116e-06 -3.19591459e-06
194.389  3.87586507e-07 -3.72924350e-06
194.613  2.47472038e-06 -3.00970984e-06
194.836  3.87303026e-06 -1.18991798e-06
195.059  4.03921331e-06  1.18631896e-06
195.282  2.82056731e-06  3.34180750e-06
195.505  5.32869957e-07  4.50860701e-06
195.728 -2.11716750e-06  4.20616886e-06
195.952 -4.23633258e-06  2.42923135e-06
196.175 -5.04865356e-06 -3.21856476e-07
196.398 -4.17741291e-06 -3.16575871e-06
196.621 -1.79610787e-06 -5.12103421e-06
196.844  1.38192374e-06 -5.44722718e-06
197.067  4.30978161e-06 -3.90974410e-06
197.291  5.95643503e-06 -9.03796611e-07
197.514  5.65748049e-06  2.63078013e-06
197.737  3.37332967e-06  5.50761195e-06
197.960 -2.42460575e-07  6.68283371e-06
198.183 -4.03055240e-06  5.62424137e-06
198.407 -6.69156187e-06  2.54386028e-06
198.630 -7.22026134e-06 -1.63012656e-06
198.853 -5.28653586e-06 -5.52903686e-06
199.076 -1.39438170e-06 -7.77904294e-06
199.299  3.24277999e-06 -7.48715090e-06
199.522  7.06519804e-06 -4.58658630e-06
199.746  8.69061621e-06  9.34118631e-08
199.969  7.41321840e-06  5.04683368e-06
200.192  3.48400918e-06  8.56988755e-06
200.415 -1.90737499e-06  9.34998330e-06
200.638 -6.98069062e-06  6.93887188e-06
200.862 -9.95685994e-06  1.96654753e-06
201.085 -9.67066290e-06 -4.00042715e-06
201.308 -6.01280076e-06 -8.95444771e-06
201.531 -4.50782347e-08 -1.11150581e-05
201.754  6.30348511e-06 -9.55636325e-06
201.977  1.08558956e-05 -4.59306046e-06
202.201  1.19205138e-05  2.25672845e-06
202.424  8.91857291e-06  8.73217271e-06
202.647  2.65334508e-06  1.25617345e-05
202.870 -4.89534241e-06  1.22591523e-05
203.093 -1.11813582e-05  7.69221022e-06
203.317 -1.39470741e-05  1.98396575e-07
203.540 -1.20344123e-05 -7.78860581e-06
203.763 -5.84201064e-06 -1.35203019e-05
203.986  2.72185792e-06 -1.48826307e-05
204.209  1.08117739e-05 -1.11607656e-05
204.432  1.55939172e-05 -3.36497438e-06
204.656  1.52299173e-05  6.01634151e-06
204.879  9.56638209e-06  1.38108238e-05
205.102  2.89969028e-07  1.72304503e-05
205.325 -9.56662715e-06  1.48550307e-05
205.548 -1.66141200e-05  7.20882012e-06
205.771 -1.82589090e-05 -3.32108671e-06
205.995 -1.36545932e-05 -1.32273207e-05
206.218 -4.08981498e-06 -1.90373164e-05
206.441  7.36180145e-06 -1.85277738e-05
206.664  1.68156938e-05 -1.15689480e-05
206.887  2.08881930e-05 -2.64174972e-07
207.111  1.79094737e-05  1.16696121e-05
207.334  8.58059804e-06  2.01134823e-05
207.557 -4.15739110e-06  2.19726687e-05
207.780 -1.60340772e-05  1.62987268e-05
208.003 -2.28847684e-05  4.71625465e-06
208.226 -2.21060157e-05 -9.01482804e-06
208.450 -1.36268489e-05 -2.02186956e-05
208.673 -5.67894552e-08 -2.48954215e-05
208.896  1.41071780e-05 -2.11361101e-05
209.119  2.39721960e-05 -9.88720386e-06
209.342  2.59288133e-05  5.25426135e-06
209.566  1.89679384e-05  1.91905719e-05
209.789  5.14759048e-06  2.70297628e-05
210.012 -1.10070190e-05  2.57996127e-05
210.235 -2.39756945e-05  1.55708145e-05
210.458 -2.91239017e-05 -4.53545747e-07
210.681 -2.43636281e-05 -1.69296535e-05
210.905 -1.09752533e-05 -2.81455203e-05
211.128  6.71231290e-06 -3.00079376e-05
211.351  2.27067734e-05 -2.15292048e-05
211.574  3.13873738e-05 -5.28104135e-06
211.797  2.94808929e-05  1.33626090e-05
212.021  1.72795178e-05  2.80025893e-05
212.244 -1.32691654e-06  3.34159206e-05
212.467 -2.00820931e-05  2.74096743e-05
212.690 -3.24729523e-05  1.16945901e-05
212.913 -3.39852902e-05 -8.57618836e-06
213.136 -2.37458709e-05 -2.65006839e-05
213.360 -4.95250007e-06 -3.57741359e-05
213.583  1.61211191e-05 -3.29052035e-05
213.806  3.22167816e-05 -1.85311635e-05
214.029  3.75886046e-05  2.68489193e-06
214.252  3.00628962e-05  2.35628425e-05
214.475  1.18983455e-05  3.68295793e-05
214.699 -1.08805552e-05  3.76627460e-05
214.922 -3.04719717e-05  2.54436190e-05
215.145 -3.99764344e-05  4.08063120e-06
215.368 -3.58343738e-05 -1.92259493e-05
215.591 -1.91475897e-05 -3.64130086e-05
215.815  4.58095630e-06 -4.13556115e-05
216.038  2.72565254e-05 -3.20460530e-05
216.261  4.09659523e-05 -1.13970817e-05
216.484  4.07398723e-05  1.36531595e-05
216.707  2.63547125e-05  3.44813792e-05
216.930  2.52507073e-06  4.37513415e-05
217.154 -2.26439163e-05  3.80001214e-05
217.377 -4.04184616e-05  1.89386042e-05
217.600 -4.44682789e-05 -7.04547190e-06
217.823 -3.31345780e-05 -3.10324811e-05
218.046 -1.00982417e-05 -4.46323376e-05
218.270  1.68161156e-05 -4.29332018e-05
218.493  3.82948820e-05 -2.62837774e-05
218.716  4.67694999e-05 -2.52416518e-07
218.939  3.90987144e-05  2.62291715e-05
219.162  1.77285037e-05  4.39362664e-05
219.385 -1.00769605e-05  4.65828145e-05
219.609 -3.47035025e-05  3.30565697e-05
219.832 -4.75289421e-05  7.87834001e-06
220.055 -4.39505185e-05 -2.03003531e-05
220.278 -2.50417778e-05 -4.16838350e-05
220.501  2.74933393e-06 -4.87494106e-05
220.725  2.98061803e-05 -3.89005489e-05
220.948  4.66840123e-05 -1.54346740e-05
221.171  4.74135060e-05  1.35587158e-05
221.394  3.16297371e-05  3.79982314e-05
221.617  4.74686759e-06  4.93215090e-05
221.840 -2.39067133e-05  4.35024809e-05
222.064 -4.43288439e-05  2.24988271e-05
222.287 -4.93492976e-05 -6.40851957e-06
222.510 -3.71688671e-05 -3.31402461e-05
222.733 -1.20074081e-05 -4.83419151e-05
222.956  1.73561094e-05 -4.66810956e-05
223.179  4.06486919e-05 -2.87280163e-05
223.403  4.97192772e-05 -7.64867795e-07
223.626  4.14066393e-05  2.74073037e-05
223.849  1.86489636e-05  4.59202689e-05
224.072 -1.05427975e-05  4.83138312e-05
224.295 -3.59128640e-05  3.38000013e-05
224.519 -4.85823000e-05  7.53801664e-06
224.742 -4.41671038e-05 -2.11974605e-05
224.965 -2.43139509e-05 -4.23071537e-05
225.188  3.90026113e-06 -4.84266891e-05
225.411  3.05002797e-05 -3.75141691e-05
225.634  4.61472261e-05 -1.35491523e-05
225.858  4.54326484e-05  1.49188864e-05
226.081  2.87720051e-05  3.78248229e-05
226.304  2.20690765e-06  4.71562682e-05
226.527 -2.47846385e-05  3.97818748e-05
226.750 -4.26722183e-05  1.85133042e-05
226.974 -4.52607439e-05 -8.95697786e-06
227.197 -3.18546430e-05 -3.28318050e-05
227.420 -7.43415778e-06 -4.47188829e-05
227.643  1.91793471e-05 -4.06024745e-05
227.866  3.85148315e-05 -2.22078137e-05
228.089  4.38425356e-05  3.68880990e-06
228.313  3.35276783e-05  2.77485282e-05
228.536  1.15376491e-05  4.14526657e-05
228.759 -1.40610449e-05  4.01305319e-05
228.982 -3.40674047e-05  2.45653127e-05
229.205 -4.14620330e-05  6.25386795e-07
229.429 -3.38827067e-05 -2.29409240e-05
229.652 -1.43937661e-05 -3.77056691e-05
229.875  9.72636695e-06 -3.85827848e-05
230.098  2.96986850e-05 -2.56019202e-05
230.321  3.84382516e-05 -3.79171312e-06
230.544  3.30864666e-05  1.87524057e-05
230.768  1.59584015e-05  3.38626787e-05
230.991 -6.42073243e-06  3.62686667e-05
231.214 -2.57807245e-05  2.54552548e-05
231.437 -3.51608544e-05  5.73329934e-06
231.660 -3.14304594e-05 -1.54466836e-05
231.883 -1.63388965e-05 -3.02933935e-05
232.107  4.24458294e-06 -3.35510864e-05
232.330  2.25836323e-05 -2.43693815e-05
232.553  3.19809615e-05 -6.50637292e-06
232.776  2.92303774e-05  1.31657672e-05
232.999  1.57153323e-05  2.72892138e-05
233.223 -3.20894951e-06  3.07715501e-05
233.446 -2.03083723e-05  2.26237481e-05
233.669 -2.92251162e-05  6.23901791e-06
233.892 -2.68350681e-05 -1.19786548e-05
234.115 -1.43529311e-05 -2.50981111e-05
234.338  3.21555759e-06 -2.82818014e-05
234.562  1.90544750e-05 -2.05716508e-05
234.785  2.71573971e-05 -5.18170396e-06
235.008  2.45942798e-05  1.18106568e-05
235.231  1.25823401e-05  2.38352745e-05
235.454 -4.05271386e-06  2.63459783e-05
235.678 -1.87864434e-05  1.85412254e-05
235.901 -2.59220558e-05  3.61977671e-06
236.124 -2.27823595e-05 -1.25072262e-05
236.347 -1.07146212e-05 -2.35227522e-05
236.570  5.47393030e-06 -2.51565670e-05
236.793  1.94005704e-05 -1.68324988e-05
237.017  2.55955827e-05 -1.86553999e-06
237.240  2.16347875e-05  1.38389266e-05
237.463  9.07299701e-06  2.40870615e-05
237.686 -7.16171173e-06  2.48198993e-05
237.909 -2.06790617e-05  1.56977856e-05
238.133 -2.61233242e-05  2.43816278e-07
238.356 -2.12694484e-05 -1.55043219e-05
238.579 -7.90844160e-06 -2.53396955e-05
238.802  8.81082099e-06 -2.53098786e-05
239.025  2.23597115e-05 -1.52746242e-05
239.248  2.73646435e-05  9.91148469e-07
239.472  2.17075066e-05  1.72184577e-05
239.695  7.39689221e-06  2.70565306e-05
239.918 -1.01491640e-05  2.65335197e-05
240.141 -2.41609739e-05  1.56343345e-05
240.364 -2.91147152e-05 -1.62437134e-06
240.587 -2.28870605e-05 -1.86879518e-05
240.811 -7.64006966e-06 -2.89507466e-05
241.034  1.09427778e-05 -2.82963027e-05
241.257  2.57835367e-05 -1.67319749e-05
241.480  3.10967076e-05  1.54311797e-06
241.703  2.46354226e-05  1.96781686e-05
241.927  8.61437085e-06  3.07380729e-05
242.150 -1.10645348e-05  3.03534560e-05
242.373 -2.69923156e-05  1.84340025e-05
242.596 -3.30464265e-05 -7.32129797e-07
242.819 -2.67429325e-05 -2.00307988e-05
243.042 -1.02297910e-05 -3.21706760e-05
243.266  1.04532992e-05 -3.24466294e-05
243.489  2.75934060e-05 -2.05509151e-05
243.712  3.46962446e-05 -7.49866214e-07
243.935  2.89459844e-05  1.96539514e-05
244.158  1.23064559e-05  3.30337251e-05
244.382 -9.15162807e-06  3.42986011e-05
244.605 -2.74832880e-05  2.28243069e-05
244.828 -3.58279117e-05  2.73923022e-06
245.051 -3.09778145e-05 -1.85738636e-05
245.274 -1.46115782e-05 -3.32125129e-05
245.497  7.29132916e-06 -3.56919760e-05
245.721  2.66560423e-05 -2.50065097e-05
245.944  3.63012275e-05 -5.03538546e-06
246.167  3.26123248e-05  1.68822365e-05
246.390  1.69054581e-05  3.26586380e-05
246.613 -5.05154516e-06  3.64536651e-05
246.837 -2.51710421e-05  2.68528898e-05
247.060 -3.60356755e-05  7.39385564e-06
247.283 -3.36527775e-05 -1.47482265e-05
247.506 -1.89299893e-05 -3.14146641e-05
247.729  2.67594807e-06 -3.64893852e-05
247.952  2.31858657e-05 -2.81593126e-05
248.176  3.50612000e-05 -9.56163421e-06
248.399  3.39955660e-05  1.23966018e-05
248.622  2.04820561e-05  2.96134598e-05
248.845 -4.00268672e-07  3.58032481e-05
249.068 -2.08964488e-05  2.88020443e-05
249.291 -3.34742922e-05  1.13308111e-05
249.515 -3.36060956e-05 -1.00528271e-05
249.738 -2.14083659e-05 -2.74278601e-05
249.961 -1.55136241e-06 -3.44580264e-05
250.184  1.85310350e-05 -2.87129305e-05
250.407  3.14356787e-05 -1.25221560e-05
250.631  3.25278979e-05  7.95724516e-06
250.854  2.16233383e-05  2.50879363e-05
251.077  2.98742002e-06  3.26052776e-05
251.300 -1.63304515e-05  2.79240883e-05
251.523 -2.91627828e-05  1.30402584e-05
251.746 -3.08938867e-05 -6.30222922e-06
251.970 -2.11382211e-05 -2.28206558e-05
252.193 -3.79629850e-06 -3.04380798e-05
252.416  1.44893550e-05 -2.65365781e-05
252.639  2.68712650e-05 -1.28621147e-05
252.862  2.88735862e-05  5.22497515e-06
253.086  2.00203401e-05  2.08338969e-05
253.309  3.92161465e-06  2.81722224e-05
253.532 -1.31711994e-05  2.47053303e-05
253.755 -2.47856684e-05  1.20334810e-05
253.978 -2.66849157e-05 -4.80220910e-06
254.201 -1.84157575e-05 -1.93068152e-05
254.425 -3.39729558e-06 -2.60362518e-05
254.648  1.24639021e-05 -2.26394860e-05
254.871  2.30879430e-05 -1.06854141e-05
255.094  2.45454247e-05  5.01800794e-06
255.317  1.65127567e-05  1.83411812e-05
255.541  2.32596331e-06  2.42129909e-05
255.764 -1.23822928e-05  2.05449210e-05
255.987 -2.19022395e-05  8.98268163e-06
256.210 -2.26487119e-05 -5.80293172e-06
256.433 -1.45152010e-05 -1.79843149e-05
256.656 -8.56036482e-07 -2.28523011e-05
256.880  1.28797845e-05 -1.86314440e-05
257.103  2.12977503e-05 -7.13092416e-06
257.326  2.11620930e-05  7.01736163e-06
257.549  1.26388031e-05  1.82016031e-05
257.772 -8.13078330e-07  2.20351451e-05
257.995 -1.38290043e-05  1.70700642e-05
258.219 -2.12553123e-05  5.33670666e-06
258.442 -2.01779164e-05 -8.48003481e-06
258.665 -1.10537485e-05 -1.88910118e-05
258.888  2.48709111e-06 -2.17694838e-05
259.111  1.50721013e-05 -1.59719327e-05
259.335  2.17050428e-05 -3.77812812e-06
259.558  1.97349982e-05  1.00010425e-05
259.781  9.89549928e-06  1.99126495e-05
260.004 -3.97289762e-06  2.20091342e-05
260.227 -1.64181621e-05  1.53986847e-05
260.450 -2.25158887e-05  2.60931183e-06
260.674 -1.97992090e-05 -1.13797219e-05
260.897 -9.23797539e-06 -2.10791777e-05
261.120  5.11154975e-06 -2.26321738e-05
261.343  1.76731295e-05 -1.53286511e-05
261.566  2.35148472e-05 -1.91289853e-06
261.790  2.02694929e-05  1.24593269e-05
262.013  9.08163780e-06  2.22085350e-05
262.236 -5.80617706e-06  2.34875000e-05
262.459 -1.86756729e-05  1.56901660e-05
262.682 -2.45264797e-05  1.71688118e-06
262.905 -2.10136709e-05 -1.31214928e-05
263.129 -9.37850455e-06 -2.31266085e-05
263.352  6.00585595e-06 -2.44000278e-05
263.575  1.92882297e-05 -1.63603015e-05
263.798  2.53678786e-05 -1.98581543e-06
264.021  2.18579050e-05  1.33019285e-05
264.245  1.00121736e-05  2.36890369e-05
264.468 -5.73570326e-06  2.51899123e-05
264.691 -1.94390927e-05  1.71748882e-05
264.914 -2.58964262e-05  2.61921269e-06
265.137 -2.26320362e-05 -1.30084794e-05
265.360 -1.08369191e-05 -2.38135882e-05
265.584  5.07113943e-06 -2.57118594e-05
265.807  1.91128172e-05 -1.79709072e-05
266.030  2.60115223e-05 -3.48949325e-06
266.253  2.31800776e-05  1.22943319e-05
266.476  1.16910690e-05  2.34628170e-05
266.699 -4.13036275e-06  2.58462802e-05
266.923 -1.83496182e-05  1.85829353e-05
267.146 -2.56611587e-05  4.43462781e-06
267.369 -2.33735158e-05 -1.12727108e-05
267.592 -1.24088017e-05 -2.26674027e-05
267.815  3.06980565e-06 -2.55335434e-05
268.039  1.72506105e-05 -1.88823327e-05
268.262  2.48619674e-05 -5.29522856e-06
268.485  2.31440005e-05  1.00853631e-05
268.708  1.28589507e-05  2.15073424e-05
268.931 -2.04253046e-06  2.47702917e-05
269.154 -1.59409378e-05  1.87843480e-05
269.378 -2.36733239e-05  5.93048429e-06
269.601 -2.24669009e-05 -8.88373350e-06
269.824 -1.29377401e-05 -2.00985340e-05
270.047  1.19949760e-06 -2.36024243e-05
270.270  1.45737179e-05 -1.82484752e-05
270.494  2.22070815e-05 -6.22562449e-06
270.717  2.13786738e-05  7.82220336e-06
270.940  1.25962964e-05  1.85916861e-05
271.163 -6.57611707e-07  2.21323717e-05
271.386 -1.32997286e-05  1.72992528e-05
271.609 -2.06021686e-05  6.12405396e-06
271.833 -1.99635383e-05 -7.02031801e-06
272.056 -1.18415005e-05 -1.71317912e-05
272.279  4.88469085e-07 -2.04833746e-05
272.502  1.22471554e-05 -1.60011401e-05
272.725  1.90013119e-05 -5.61157691e-06
272.949  1.83349915e-05  6.56881699e-06
273.172  1.07232525e-05  1.58575483e-05
273.395 -7.23681408e-07  1.88004621e-05
273.618 -1.15196178e-05  1.44637414e-05
273.841 -1.75490868e-05  4.72820341e-06
274.064 -1.66380648e-05 -6.50859709e-06
274.288 -9.34376467e-06 -1.48765049e-05
274.511  1.33337170e-06 -1.72269339e-05
274.734  1.11647029e-05 -1.28227305e-05
274.957  1.63554097e-05 -3.56062722e-06
275.180  1.50103377e-05  6.82493563e-06
275.403  7.82366953e-06  1.42492412e-05
275.627 -2.24963453e-06  1.58794823e-05
275.850 -1.11879459e-05  1.12119699e-05
276.073 -1.54990603e-05  2.21871174e-06
276.296 -1.35781500e-05 -7.46561821e-06
276.519 -6.29859279e-06 -1.39997642e-05
276.743  3.36722123e-06 -1.48508250e-05
276.966  1.15478921e-05 -9.76516464e-06
277.189  1.50143165e-05 -8.39605073e-07
277.412  1.24398173e-05  8.33136352e-06
277.635  4.90314772e-06  1.40953092e-05
277.858 -4.55585742e-06  1.41811130e-05
278.082 -1.21577795e-05  8.58295623e-06
278.305 -1.48806347e-05 -4.47259772e-07
278.528 -1.16460538e-05 -9.30546303e-06
278.751 -3.74271408e-06 -1.44658351e-05
278.974  5.69101087e-06 -1.38679914e-05
279.198  1.29120016e-05 -7.73213660e-06
279.421  1.50437408e-05  1.52856828e-06
279.644  1.12127806e-05  1.02626045e-05
279.867  2.89790479e-06  1.50111098e-05
280.090 -6.65148226e-06  1.38685244e-05
280.313 -1.36829238e-05  7.23949453e-06
280.537 -1.54084195e-05 -2.31677788e-06
280.760 -1.11047131e-05 -1.10787387e-05
280.983 -2.40105516e-06 -1.56080089e-05
281.206  7.34683196e-06 -1.40971541e-05
281.429  1.43503656e-05 -7.07937037e-06
281.653  1.58628185e-05  2.77082235e-06
281.876  1.12502993e-05  1.16598137e-05
282.099  2.24226020e-06  1.61412680e-05
282.322 -7.72202326e-06  1.44522574e-05
282.545 -1.48136331e-05  7.19496747e-06
282.768 -1.62912209e-05 -2.88336752e-06
282.992 -1.15533174e-05 -1.19375762e-05
283.215 -2.37595463e-06 -1.65020143e-05
283.438  7.75874778e-06 -1.48150949e-05
283.661  1.49965325e-05 -7.49419787e-06
283.884  1.65802337e-05  2.69318550e-06
284.107  1.18974679e-05  1.18881864e-05
284.331  2.71729383e-06  1.66102621e-05
284.554 -7.48809085e-06  1.50745734e-05
284.777 -1.48675707e-05  7.86967974e-06
285.000 -1.66466298e-05 -2.27358642e-06
285.223 -1.21759683e-05 -1.15289392e-05
285.447 -3.16792896e-06 -1.64220605e-05
285.670  6.96965973e-06 -1.51415206e-05
285.893  1.44276795e-05 -8.21410704e-06
286.116  1.64335755e-05  1.71763470e-06
286.339  1.22909940e-05  1.09082564e-05
286.562  3.61685906e-06  1.59270468e-05
286.786 -6.29305235e-06  1.49499600e-05
287.009 -1.37189611e-05  8.42345104e-06
287.232 -1.59247743e-05 -1.13579028e-06
287.455 -1.21716119e-05 -1.01105488e-05
287.678 -3.96069992e-06 -1.51611230e-05
287.902  5.56205478e-06 -1.44766674e-05
288.125  1.28165075e-05 -8.42372853e-06
288.348  1.51440951e-05  6.27712841e-07
288.571  1.17836107e-05  9.23155894e-06
288.794  4.12039023e-06  1.41865141e-05
289.017 -4.87650428e-06  1.37299586e-05
289.241 -1.18103675e-05  8.16834160e-06
289.464 -1.41421757e-05 -2.81115513e-07
289.687 -1.11234299e-05 -8.37477491e-06
289.910 -4.03903843e-06 -1.30896932e-05
290.133  4.33162264e-06 -1.27539091e-05
290.357  1.08048226e-05 -7.64688378e-06
290.580  1.30017199e-05  1.59223916e-07
290.803  1.02298532e-05  7.63643310e-06
291.026  3.69965352e-06  1.19704001e-05
291.249 -3.99372061e-06  1.16239960e-05
291.472 -9.89312681e-06  6.88787902e-06
291.696 -1.18155781e-05 -2.88388440e-07
291.919 -9.16665848e-06 -7.08684411e-06
292.142 -3.11656547e-06 -1.09215259e-05
292.365  3.90034862e-06 -1.04269552e-05
292.588  9.15347217e-06 -5.94340208e-06
292.811  1.06795601e-05  6.66190121e-07
293.035  8.01646388e-06  6.77422876e-06
293.258  2.33488879e-06  1.00291974e-05
293.481 -4.05671511e-06  9.25993964e-06
293.704 -8.64143033e-06  4.89309859e-06
293.927 -9.68205435e-06 -1.25231601e-06
294.151 -6.87364063e-06 -6.71024375e-06
294.374 -1.42884431e-06 -9.35223871e-06
294.597  4.43115670e-06 -8.20925274e-06
294.820  8.37652468e-06 -3.82581256e-06
295.043  8.88502479e-06  1.98276030e-06
295.266  5.82391941e-06  6.87570429e-06
295.490  4.81245177e-07  8.91992289e-06
295.713 -4.97083980e-06  7.34384679e-06
295.936 -8.35086654e-06  2.82955474e-06
296.159 -8.32821061e-06 -2.77903697e-06
296.382 -4.94418629e-06 -7.22467961e-06
296.606  4.18199234e-07 -8.73227199e-06
296.829  5.59948515e-06 -6.71136513e-06
297.052  8.52277742e-06 -1.98440405e-06
297.275  8.01784823e-06  3.55264921e-06
297.498  4.28548495e-06  7.68464430e-06
297.721 -1.19052460e-06  8.75474354e-06
297.945 -6.23265992e-06  6.32458275e-06
298.168 -8.82834842e-06  1.34395919e-06
298.391 -7.93011546e-06 -4.22509387e-06
298.614 -3.86898976e-06 -8.17676271e-06
298.837  1.77584808e-06 -8.93375885e-06
299.061  6.78996725e-06 -6.17018469e-06
299.284  9.19301290e-06 -9.39589900e-07
299.507  8.01811171e-06  4.72854490e-06
299.730  3.68951522e-06  8.61852411e-06
299.953 -2.13433824e-06  9.19620184e-06
300.176 -7.19939304e-06  6.20508956e-06
300.400 -9.53388862e-06  7.72280865e-07
300.623 -8.21090908e-06 -5.01935588e-06
300.846 -3.70980297e-06 -8.93780345e-06
301.069  2.25949279e-06 -9.46164698e-06
301.292  7.41496696e-06 -6.36534527e-06
301.515  9.77891685e-06 -8.13809581e-07
301.739  8.43304395e-06  5.08381375e-06
301.962  3.87528060e-06  9.08292261e-06
302.185 -2.16983139e-06  9.65646964e-06
302.408 -7.41309054e-06  6.57971697e-06
302.631 -9.86859519e-06  1.01617232e-06
302.855 -8.60858949e-06 -4.93197995e-06
303.078 -4.11577314e-06 -9.02125696e-06
303.301  1.90954237e-06 -9.71610414e-06
303.524  7.19732758e-06 -6.77062971e-06
303.747  9.76579855e-06 -1.31028218e-06
303.970  8.67155149e-06  4.60303231e-06
304.194  4.35466681e-06  8.75139518e-06
304.417 -1.54216436e-06  9.60095738e-06
304.640 -6.79925071e-06  6.87155995e-06
304.863 -9.46286826e-06  1.62375556e-06
305.086 -8.57710766e-06 -4.15213530e-06
305.310 -4.52419341e-06 -8.29607736e-06
305.533  1.13587666e-06 -9.29398411e-06
305.756  6.26756992e-06 -6.83029332e-06
305.979  8.97390230e-06 -1.88669999e-06
306.202  8.29895536e-06  3.64641915e-06
306.425  4.56666414e-06  7.69992873e-06
306.649 -7.62931970e-07  8.80238972e-06
306.872 -5.66886701e-06  6.61545486e-06
307.095 -8.33890777e-06  2.03896350e-06
307.318 -7.83960251e-06 -3.15828648e-06
307.541 -4.44799046e-06 -7.02507136e-06
307.765  4.84567583e-07 -8.15976094e-06
307.988  5.07199883e-06 -6.22413418e-06
308.211  7.61265404e-06 -2.04169993e-06
308.434  7.22477274e-06  2.74988593e-06
308.657  4.15659724e-06  6.33624233e-06
308.880 -3.46320024e-07  7.41468204e-06
309.104 -4.54085380e-06  5.67353618e-06
309.327 -6.85873041e-06  1.87426628e-06
309.550 -6.49875354e-06 -2.47222184e-06
309.773 -3.70263456e-06 -5.70003517e-06
309.996  3.74172754e-07 -6.63049262e-06
310.219  4.12961459e-06 -5.00366385e-06
310.443  6.14472527e-06 -1.54244105e-06
310.666  5.72139100e-06  2.35413752e-06
310.889  3.12085307e-06  5.17217511e-06
311.112 -5.66902021e-07  5.87192825e-06
311.335 -3.87135670e-06  4.26814709e-06
311.559 -5.52697584e-06  1.07425092e-06
311.782 -4.95354286e-06 -2.40214454e-06
312.005 -2.45920241e-06 -4.79157708e-06
312.228  9.04569091e-07 -5.19665987e-06
312.451  3.78116557e-06 -3.52667133e-06
312.674  5.04965093e-06 -5.13307879e-07
312.898  4.25580706e-06  2.60329837e-06
313.121  1.77738229e-06  4.57876560e-06
313.344 -1.34747355e-06  4.65264106e-06
313.567 -3.85013127e-06  2.84162714e-06
313.790 -4.73632690e-06 -8.31904274e-08
314.014 -3.67823424e-06 -2.92197536e-06
314.237 -1.13579939e-06 -4.52858335e-06
314.460  1.84331281e-06 -4.26727777e-06
314.683  4.04809439e-06 -2.26359865e-06
314.906  4.58859230e-06  6.58196665e-07
315.129  3.25325987e-06  3.31080197e-06
315.353  5.86097778e-07  4.61831623e-06
315.576 -2.33610044e-06  4.05009753e-06
315.799 -4.33193440e-06  1.83001159e-06
316.022 -4.59057619e-06 -1.15695636e-06
316.245 -2.99593461e-06 -3.71356852e-06
316.469 -1.70088685e-07 -4.80846597e-06
316.692  2.76853504e-06 -3.98909206e-06
316.915  4.64703989e-06 -1.55935902e-06
317.138  4.70587414e-06  1.53484053e-06
317.361  2.89747926e-06  4.07396390e-06
317.584 -9.00191977e-08  5.04797748e-06
317.808 -3.09524884e-06  4.05216814e-06
318.031 -4.93972384e-06  1.44877782e-06
318.254 -4.88751087e-06 -1.76522771e-06
318.477 -2.93256843e-06 -4.34565639e-06
318.700  1.89780827e-07 -5.28402610e-06
318.923  3.28488184e-06 -4.19648777e-06
319.147  5.16042854e-06 -1.47962702e-06
319.370  5.08236785e-06  1.83806703e-06
319.593  3.06186484e-06  4.49238698e-06
319.816 -1.43958747e-07  5.46394936e-06
320.039 -3.32343309e-06  4.36989169e-06
320.263 -5.26937026e-06  1.61501018e-06
320.486 -5.23789653e-06 -1.76509839e-06
320.709 -3.23565333e-06 -4.49634075e-06
320.932 -1.39927351e-08 -5.54690676e-06
321.155  3.21732304e-06 -4.52172206e-06
321.378  5.24477390e-06 -1.80854143e-06
321.602  5.31231205e-06  1.57359717e-06
321.825  3.40396541e-06  4.35722174e-06
322.048  2.41743652e-07  5.50666462e-06
322.271 -2.98731774e-06  4.60698611e-06
322.494 -5.08073936e-06  2.01005636e-06
322.718 -5.27417589e-06 -1.30238870e-06
322.941 -3.51843788e-06 -4.09184112e-06
323.164 -4.89738247e-07 -5.33293637e-06
323.387  2.67019875e-06 -4.59021814e-06
323.610  4.79111010e-06 -2.17068285e-06
323.833  5.10928495e-06  9.99427707e-07
324.057  3.54230781e-06  3.73418857e-06
324.280  7.10386366e-07  5.03475071e-06
324.503 -2.31122062e-06  4.45370437e-06
324.726 -4.40426414e-06  2.25278463e-06
324.949 -4.82061511e-06 -7.11712937e-07
325.173 -3.45381468e-06 -3.32554815e-06
325.396 -8.63040970e-07 -4.63426183e-06
325.619  1.95735038e-06 -4.19500629e-06
325.842  3.95795638e-06 -2.22935886e-06
326.065  4.42635979e-06  4.83257267e-07
326.288  3.24587459e-06  2.91244191e-06
326.512  9.16404459e-07  4.16747170e-06
326.735 -1.65353855e-06  3.82940325e-06
326.958 -3.49781140e-06  2.08939092e-06
327.181 -3.96032048e-06 -3.46814973e-07
327.404 -2.92949515e-06 -2.53910358e-06
327.627 -8.56452262e-07 -3.67795043e-06
327.851  1.43332352e-06 -3.38577073e-06
328.074  3.06760257e-06 -1.83865717e-06
328.297  3.46232566e-06  3.19907499e-07
328.520  2.52783602e-06  2.24178219e-06
328.743  6.83971729e-07  3.20921175e-06
328.967 -1.31927020e-06  2.90049075e-06
329.190 -2.70676813e-06  1.49650307e-06
329.413 -2.97553810e-06 -4.06463336e-07
329.636 -2.07579901e-06 -2.04743095e-06
329.859 -4.15473204e-07 -2.80196199e-06
330.082  1.31921241e-06 -2.41647361e-06
330.306  2.44389642e-06 -1.09618967e-06
330.529  2.54057153e-06  5.93714917e-07
330.752  1.61496275e-06  1.96646487e-06
330.975  8.00767223e-08  2.48561769e-06
331.198 -1.42474211e-06  1.97416945e-06
331.422 -2.29237756e-06  6.75993895e-07
331.645 -2.18933039e-06 -8.57552747e-07
331.868 -1.18543536e-06 -1.99490880e-06
332.091  2.87128273e-07 -2.27832643e-06
332.314  1.61527751e-06 -1.60847173e-06
332.537  2.25290504e-06 -2.75795812e-07
332.761  1.94436230e-06  1.16408415e-06
332.984  8.23674076e-07  2.11494099e-06
333.207 -6.45923913e-07  2.18468135e-06
333.430 -1.85809309e-06  1.34380249e-06
333.653 -2.31097788e-06 -6.73729593e-08
333.877 -1.81257284e-06 -1.47370702e-06
334.100 -5.55140944e-07 -2.29723328e-06
334.323  9.59021766e-07 -2.19378021e-06
334.546  2.11635718e-06 -1.18967693e-06
334.769  2.44154891e-06  3.25648455e-07
334.992  1.78698087e-06  1.74943635e-06
335.216  3.93867775e-07  2.50780671e-06
335.439 -1.19573006e-06  2.28381261e-06
335.662 -2.35317670e-06  1.14374079e-06
335.885 -2.61160971e-06 -4.80592340e-07
336.108 -1.84854121e-06 -1.95874659e-06
336.331 -3.41462222e-07 -2.70894261e-06
336.555  1.33544489e-06 -2.42261692e-06
336.778  2.53481122e-06 -1.19000467e-06
337.001  2.78344823e-06  5.28394011e-07
337.224  1.96788222e-06  2.07968159e-06
337.447  3.84937185e-07  2.86621414e-06
337.671 -1.37197066e-06  2.57475771e-06
337.894 -2.63692974e-06  1.30272987e-06
338.117 -2.92289507e-06 -4.78541016e-07
338.340 -2.11212544e-06 -2.10174682e-06
338.563 -5.01569217e-07 -2.95265713e-06
338.786  1.31019285e-06 -2.70610281e-06
339.010  2.64467387e-06 -1.44991431e-06
339.233  3.00098755e-06  3.50882568e-07
339.456  2.24600584e-06  2.02576691e-06
339.679  6.60074839e-07  2.95097949e-06
339.902 -1.16702593e-06  2.78594906e-06
340.126 -2.55667735e-06  1.59585905e-06
340.349 -2.99875769e-06 -1.74368877e-07
340.572 -2.33777123e-06 -1.86612299e-06
340.795 -8.26610394e-07 -2.85758918e-06
341.018  9.68370494e-07 -2.79299918e-06
341.241  2.38421804e-06 -1.70906108e-06
341.465  2.90859175e-06 -1.94514154e-08
341.688  2.36378177e-06  1.64591427e-06
341.911  9.69754575e-07  2.67926727e-06
342.134 -7.44903659e-07  2.71546248e-06
342.357 -2.14740302e-06  1.76388537e-06
342.581 -2.73318802e-06  1.97904110e-07
342.804 -2.30966837e-06 -1.39508944e-06
343.027 -1.06177952e-06 -2.43325327e-06
343.250  5.30005792e-07 -2.55385611e-06
343.473  1.87419849e-06 -1.74402176e-06
343.696  2.48765589e-06 -3.31936266e-07
343.920  2.17386553e-06  1.14554991e-06
344.143  1.08411573e-06  2.14503414e-06
344.366 -3.52496674e-07  2.32060574e-06
344.589 -1.59451901e-06  1.64423056e-06
344.812 -2.19497674e-06  4.00975698e-07
345.035 -1.96455079e-06 -9.25986354e-07
345.259 -1.02768341e-06 -1.84369463e-06
345.482  2.34827329e-07 -2.03569569e-06
345.705  1.33834562e-06 -1.46874053e-06
345.928  1.88348644e-06 -3.93363114e-07
346.151  1.69896369e-06  7.61159327e-07
346.375  8.94603776e-07  1.56010507e-06
346.598 -1.90790308e-07  1.72580822e-06
346.821 -1.13198582e-06  1.23305671e-06
347.044 -1.58295781e-06  3.09281791e-07
347.267 -1.40189984e-06 -6.67053612e-07
347.490 -6.98142350e-07 -1.32041550e-06
347.714  2.23502709e-07 -1.41912768e-06
347.937  9.93116071e-07 -9.59860592e-07
348.160  1.31944312e-06 -1.58107270e-07
348.383  1.10085192e-06  6.50220256e-07
348.606  4.58106793e-07  1.14405369e-06
348.830 -3.27286707e-07  1.14304766e-06
349.053 -9.30800446e-07  6.75929744e-07
349.276 -1.11484893e-06 -4.29049998e-08
349.499 -8.24271819e-07 -7.06981809e-07
349.722 -1.99963932e-07 -1.04239027e-06
349.945  4.86240935e-07 -9.21244497e-07
350.169  9.43189472e-07 -4.09033119e-07
350.392  9.82719715e-07  2.69572381e-07
350.615  5.95841417e-07  8.23251553e-07
350.838 -4.96281161e-08  1.01653615e-06
351.061 -6.77857005e-07  7.68723006e-07
351.285 -1.01969059e-06  1.82880178e-07
351.508 -9.27199284e-07 -4.95719198e-07
351.731 -4.32225102e-07 -9.79202427e-07
351.954  2.65547752e-07 -1.05930408e-06
352.177  8.76619317e-07 -6.92067321e-07
352.400  1.14282853e-06 -1.67619500e-08
352.624  9.43022151e-07  6.95024980e-07
352.847  3.42503811e-07  1.15032419e-06
353.070 -4.26512056e-07  1.15427284e-06
353.293 -1.05648596e-06  6.87814060e-07
353.516 -1.28883448e-06 -7.80191032e-08
353.739 -1.01524236e-06 -8.45976062e-07
353.963 -3.25910660e-07 -1.31119053e-06
354.186  5.19907056e-07 -1.27893150e-06
354.409  1.19573633e-06 -7.44137190e-07
354.632  1.43254682e-06  9.95657319e-08
354.855  1.12383023e-06  9.34372096e-07
355.079  3.73730752e-07  1.43862750e-06
355.302 -5.41476129e-07  1.40876179e-06
355.525 -1.27745812e-06  8.43198918e-07
355.748 -1.54954247e-06 -5.47083772e-08
355.971 -1.24506788e-06 -9.53282988e-07
356.194 -4.68998279e-07 -1.51357097e-06
356.418  4.96194084e-07 -1.51930113e-06
356.641  1.29242860e-06 -9.61605037e-07
356.864  1.62030861e-06 -4.08393432e-08
357.087  1.35467042e-06  9.05181930e-07
357.310  5.89237089e-07  1.52559270e-06
357.534 -3.96986725e-07  1.59065404e-06
357.757 -1.24080467e-06  1.07515772e-06
357.980 -1.63292041e-06  1.66898363e-07
358.203 -1.43131263e-06 -8.00185109e-07
358.426 -7.10929990e-07 -1.47261190e-06
358.649  2.61971812e-07 -1.60820095e-06
358.873  1.13085527e-06 -1.16134815e-06
359.096  1.58251861e-06 -3.00647781e-07
359.319  1.45817734e-06  6.55634272e-07
359.542  8.11329112e-07  1.36096724e-06
359.765 -1.13937400e-07  1.56475891e-06
359.989 -9.78806402e-07  1.20275277e-06
360.212 -1.47311044e-06  4.19166711e-07
360.435 -1.42698204e-06 -4.93663412e-07
360.658 -8.72484294e-07 -1.20440640e-06
360.881 -2.41464403e-08 -1.46236832e-06
361.104  8.04682950e-07 -1.18971201e-06
361.328  1.31596790e-06 -5.03152555e-07
361.551  1.33771002e-06  3.36506532e-07
361.774  8.82156016e-07  1.02104081e-06
361.997  1.31940136e-07  1.31053588e-06
362.220 -6.30079422e-07  1.11942292e-06
362.443 -1.12849722e-06  5.38230102e-07
362.667 -1.19789311e-06 -2.04855585e-07
362.890 -8.35249488e-07 -8.32644279e-07
363.113 -1.94358938e-07 -1.12565130e-06
363.336  4.76150966e-07 -9.97260408e-07
363.559  9.32042080e-07 -5.18312349e-07
363.783  1.02175219e-06  1.14456177e-07
364.006  7.35520258e-07  6.60553187e-07
364.229  2.04058476e-07  9.27171810e-07
364.452 -3.59916194e-07  8.35342161e-07
364.675 -7.47184557e-07  4.45314262e-07
364.898 -8.27032605e-07 -7.50728047e-08
365.122 -5.93455073e-07 -5.22664828e-07
365.345 -1.60230504e-07 -7.35111950e-07
365.568  2.93160655e-07 -6.50794377e-07
365.791  5.92263337e-07 -3.27741525e-07
366.014  6.34112487e-07  8.97364368e-08
366.238  4.25252158e-07  4.31565976e-07
366.461  6.93955211e-08  5.68544994e-07
366.684 -2.79829800e-07  4.63775234e-07
366.907 -4.80687389e-07  1.79929407e-07
367.130 -4.62402474e-07 -1.53232417e-07
367.353 -2.49442913e-07 -3.92384603e-07
367.577  5.58328164e-08 -4.42115478e-07
367.800  3.16347197e-07 -2.92984139e-07
368.023  4.19858641e-07 -1.89438106e-08
368.246  3.27304712e-07  2.54427528e-07
368.469  8.42666710e-08  4.04187804e-07
368.693 -1.98915814e-07  3.65135644e-07
368.916 -3.93561901e-07  1.54366687e-07
369.139 -4.11007353e-07 -1.36445575e-07
369.362 -2.39051346e-07 -3.77648343e-07
369.585  5.33268415e-08 -4.59676033e-07
369.808  3.41114279e-07 -3.39738373e-07
370.032  4.97391509e-07 -5.91865036e-08
370.255  4.47899300e-07  2.68771355e-07
370.478  2.00957196e-07  5.05509966e-07
370.701 -1.50821881e-07  5.46137463e-07
370.924 -4.65579236e-07  3.61176155e-07
371.147 -6.11657492e-07  1.29232661e-08
371.371 -5.19172416e-07 -3.64842027e-07
371.594 -2.10849630e-07 -6.21502539e-07
371.817  2.00925369e-07 -6.47855544e-07
372.040  5.58476137e-07 -4.20095021e-07
372.263  7.19202701e-07 -1.55338429e-08
372.487  6.09974004e-07  4.16307608e-07
372.710  2.61158552e-07  7.10550586e-07
372.933 -2.02717137e-07  7.47575607e-07
373.156 -6.10185177e-07  5.03036352e-07
373.379 -8.04264546e-07  6.03722353e-08
373.602 -7.04161281e-07 -4.20990548e-07
373.826 -3.39512114e-07 -7.61729299e-07
374.049  1.61440645e-07 -8.30041813e-07
374.272  6.16438890e-07 -5.94824455e-07
374.495  8.55303271e-07 -1.36323101e-07
374.718  7.86708536e-07  3.81618220e-07
374.942  4.31173432e-07  7.69058487e-07
375.165 -8.61560277e-08  8.83003676e-07
375.388 -5.77865036e-07  6.79744318e-07
375.611 -8.65166274e-07  2.29581223e-07
375.834 -8.43964455e-07 -3.05480758e-07
376.057 -5.20296254e-07 -7.32105517e-07
376.281 -1.06186167e-08 -8.97822522e-07
376.504  5.00881326e-07 -7.43348745e-07
376.727  8.32044835e-07 -3.25239680e-07
376.950  8.65937725e-07  2.04205418e-07
377.173  5.92850297e-07  6.55905792e-07
377.397  1.14754360e-07  8.70658403e-07
377.620 -3.95903718e-07  7.75094626e-07
377.843 -7.58511667e-07  4.09421627e-07
378.066 -8.47192218e-07 -9.14582785e-08
378.289 -6.37559529e-07 -5.48761658e-07
378.512 -2.11720001e-07 -8.02029285e-07
378.736  2.75544158e-07 -7.68302959e-07
378.959  6.51086152e-07 -4.69383755e-07
379.182  7.87088815e-07 -1.81591558e-08
379.405  6.46102028e-07  4.22029660e-07
379.628  2.87954309e-07  6.97574524e-07
379.851 -1.53554684e-07  7.20836799e-07
380.075 -5.20345462e-07  4.95446937e-07
380.298 -6.89860442e-07  1.11465853e-07
380.521 -6.14377570e-07 -2.88802082e-07
380.744 -3.33318157e-07 -5.66652055e-07
380.967  4.29835106e-08 -6.34518998e-07
381.191  3.78833981e-07 -4.82056806e-07
381.414  5.62676421e-07 -1.77625977e-07
381.637  5.42214135e-07  1.62661246e-07
381.860  3.40995187e-07  4.20572749e-07
382.083  4.38991222e-08  5.14697357e-07
382.306 -2.40047740e-07  4.27796047e-07
382.530 -4.15550489e-07  2.08094414e-07
382.753 -4.34021187e-07 -5.66214435e-08
382.976 -3.07961130e-07 -2.71982955e-07
383.199 -9.72466425e-08 -3.70632281e-07
383.422  1.16585515e-07 -3.35608530e-07
383.646  2.60500752e-07 -1.97976359e-07
383.869  2.97773864e-07 -1.91531569e-08
384.092  2.34806638e-07  1.33287792e-07
384.315  1.10893472e-07  2.13629654e-07
384.538 -1.91868972e-08  2.11181589e-07
384.761 -1.10233865e-07  1.45948166e-07
384.985 -1.43288421e-07  5.72898495e-08
385.208 -1.25326065e-07 -1.64973826e-08
385.431 -8.22042673e-08 -5.60262830e-08
385.654 -4.30623738e-08 -6.28952691e-08
385.877 -2.27038652e-08 -5.47528164e-08
386.101 -1.80766613e-08 -5.34691587e-08
386.324 -1.29374981e-08 -6.81522155e-08
386.547  1.23626413e-08 -9.01981613e-08
386.770  6.41123053e-08 -9.86132750e-08
386.993  1.27991454e-07 -6.94919513e-08
387.216  1.74721196e-07  6.59164845e-09
387.440  1.70329675e-07  1.13597986e-07
387.663  9.49257349e-08  2.14401344e-07
387.886 -4.10789136e-08  2.61827171e-07
388.109 -1.97541909e-07  2.18969908e-07
388.332 -3.15086690e-07  8.16167885e-08
388.555 -3.36156635e-07 -1.15653975e-07
388.779 -2.33527587e-07 -3.06976300e-07
389.002 -2.54969385e-08 -4.15066731e-07
389.225  2.25511870e-07 -3.84272333e-07
389.448  4.28749811e-07 -2.06058652e-07
389.671  4.99652041e-07  7.32172403e-08
389.895  3.95018569e-07  3.60613596e-07
390.118  1.32150362e-07  5.48234468e-07
390.341 -2.08652137e-07  5.55392180e-07
390.564 -5.07801944e-07  3.59691129e-07
390.787 -6.50865065e-07  1.27772375e-08
391.010 -5.70056691e-07 -3.70533477e-07
391.234 -2.74106553e-07 -6.52803902e-07
391.457  1.45882900e-07 -7.22081851e-07
391.680  5.46355250e-07 -5.34640844e-07
391.903  7.80230792e-07 -1.39550138e-07
392.126  7.48968443e-07  3.34420185e-07
392.350  4.45271073e-07  7.21495273e-07
392.573 -3.87008572e-08  8.74598240e-07
392.796 -5.40501959e-07  7.22760366e-07
393.019 -8.79536897e-07  3.02416360e-07
393.242 -9.23043764e-07 -2.51951967e-07
393.465 -6.38881242e-07 -7.48595535e-07
393.689 -1.10080328e-07 -1.00484179e-06
393.912  4.87390264e-07 -9.16266333e-07
394.135  9.42065626e-07 -4.96071122e-07
394.358  1.08432785e-06  1.23239104e-07
394.581  8.47807036e-07  7.29396205e-07
394.805  2.97432590e-07  1.10552650e-06
395.028 -3.84875615e-07  1.10705660e-06
395.251 -9.62079626e-07  7.14966560e-07
395.474 -1.22481869e-06  5.10789343e-08
395.697 -1.06481581e-06 -6.60335501e-07
395.920 -5.20214345e-07 -1.16971059e-06
396.144  2.31711935e-07 -1.28716871e-06
396.367  9.34226179e-07 -9.53989951e-07
396.590  1.33652186e-06 -2.70080744e-07
396.813  1.28322263e-06  5.37864463e-07
397.036  7.75379471e-07  1.18984123e-06
397.259 -2.64415417e-08  1.44860558e-06
397.483 -8.51998472e-07  1.20784717e-06
397.706 -1.41060687e-06  5.32653060e-07
397.929 -1.49554152e-06 -3.57410776e-07
398.152 -1.05887406e-06 -1.15717146e-06
398.375 -2.32670500e-07 -1.58221134e-06
398.599  7.07890285e-07 -1.46959361e-06
398.822  1.43713790e-06 -8.37107941e-07
399.045  1.69237164e-06  1.13793683e-07
399.268  1.36533908e-06  1.06200776e-06
399.491  5.47508874e-07  1.67677006e-06
399.714 -4.93620360e-07  1.73015812e-06
