0.220  6.63633770e-03 -1.05109263e-03
0.441  3.79610696e-03  9.62887117e-04
0.661  2.02864208e-03  1.89831743e-03
0.881  6.00929604e-04  2.04406610e-03
1.102 -4.74621214e-04  1.65774392e-03
1.322 -1.10666015e-03  9.21475182e-04
1.542 -1.23068567e-03  1.19341618e-04
1.763 -9.40601357e-04 -5.29403251e-04
1.983 -4.34835340e-04 -8.50677554e-04
2.204  1.32344090e-04 -8.45442672e-04
2.424  5.42888825e-04 -5.68802241e-04
2.644  7.09251983e-04 -1.46154783e-04
2.865  5.86209106e-04  2.79071763e-04
3.085  2.92767905e-04  5.35046092e-04
3.305 -5.81102163e-05  5.66475606e-04
3.526 -3.58320278e-04  4.02229589e-04
3.746 -4.87656075e-04  1.08193143e-04
3.966 -4.26245482e-04 -1.88906277e-04
4.187 -2.20772235e-04 -3.75574419e-04
4.407  3.84940348e-05 -4.08360875e-04
4.627  2.59753366e-04 -2.93528037e-04
4.848  3.64031154e-04 -7.84878240e-05
5.068  3.22944269e-04  1.42941981e-04
5.289  1.66324760e-04  2.90420441e-04
5.509 -3.31130610e-05  3.19595763e-04
5.729 -1.96798696e-04  2.31002369e-04
5.950 -2.78715878e-04  6.84305357e-05
6.170 -2.50794281e-04 -1.10601495e-04
6.390 -1.25852319e-04 -2.40078938e-04
6.611  3.95655099e-05 -2.68810060e-04
6.831  1.80714357e-04 -1.96388713e-04
7.051  2.45754018e-04 -5.66251607e-05
7.272  2.16462182e-04  9.47516566e-05
7.492  1.06600218e-04  1.98018841e-04
7.712 -3.36097632e-05  2.19312346e-04
7.933 -1.53566313e-04  1.56814080e-04
8.153 -2.11186371e-04  3.49016241e-05
8.373 -1.93065457e-04 -9.29524172e-05
8.594 -1.03686672e-04 -1.76769734e-04
8.814  1.97728154e-05 -1.91654920e-04
9.035  1.25492356e-04 -1.35404620e-04
9.255  1.77136764e-04 -3.01282933e-05
9.475  1.57326174e-04  8.09711636e-05
9.696  7.81553068e-05  1.57737636e-04
9.916 -2.77984710e-05  1.72665081e-04
10.136 -1.17949351e-04  1.21609698e-04
10.357 -1.60354552e-04  2.81661476e-05
10.577 -1.43837143e-04 -6.97304667e-05
10.797 -7.44987752e-05 -1.35963150e-04
11.018  2.10864473e-05 -1.47737021e-04
11.238  1.04749932e-04 -1.04812497e-04
11.458  1.45007107e-04 -2.50262575e-05
11.679  1.30230601e-04  6.10440870e-05
11.899  6.90512923e-05  1.19485819e-04
12.119 -1.29968645e-05  1.29568513e-04
12.340 -8.43990050e-05  9.08337051e-05
12.560 -1.19619519e-04  1.98345212e-05
12.781 -1.07433525e-04 -5.61270203e-05
13.001 -5.42883746e-05 -1.08212841e-04
13.221  1.75966685e-05 -1.17892678e-04
13.442  7.92808792e-05 -8.29400974e-05
13.662  1.07995957e-04 -1.79162973e-05
13.882  9.46167303e-05  5.18320922e-05
14.103  4.51761498e-05  9.96924285e-05
14.323 -2.05289279e-05  1.08115626e-04
14.543 -7.66676117e-05  7.58378286e-05
14.764 -1.02304121e-04  1.74105439e-05
14.984 -8.86127264e-05 -4.38541373e-05
15.204 -4.20950155e-05 -8.47793794e-05
15.425  1.80011635e-05 -8.99746161e-05
15.645  6.80686719e-05 -5.86987102e-05
15.866  8.90868301e-05 -4.72031097e-06
16.086  7.38670638e-05  5.02980833e-05
16.306  2.96206677e-05  8.52174001e-05
16.527 -2.58031496e-05  8.67629738e-05
16.747 -7.10605979e-05  5.49917952e-05
16.967 -8.90501406e-05  2.67178645e-06
17.188 -7.37185744e-05 -5.02042029e-05
17.408 -3.18610899e-05 -8.41233241e-05
17.628  2.04973110e-05 -8.72811570e-05
17.849  6.37021829e-05 -5.97247490e-05
18.069  8.18306080e-05 -1.28148425e-05
18.289  6.89938592e-05  3.50864110e-05
18.510  3.10044133e-05  6.57241303e-05
18.730 -1.67459706e-05  6.81471489e-05
18.950 -5.55654256e-05  4.23541382e-05
19.171 -7.12931406e-05 -7.46803077e-07
19.391 -5.90833948e-05 -4.36247883e-05
19.612 -2.46256522e-05 -6.98024745e-05
19.832  1.80236429e-05 -6.99480033e-05
20.052  5.22015455e-05 -4.45504514e-05
20.273  6.50888454e-05 -3.92457864e-06
20.493  5.21617799e-05  3.61372435e-05
20.713  1.90317327e-05  6.09262950e-05
20.934 -2.10556149e-05  6.18763738e-05
21.154 -5.29182142e-05  3.96771881e-05
21.374 -6.48987388e-05  3.90970081e-06
21.595 -5.30991094e-05 -3.11944799e-05
21.815 -2.28202449e-05 -5.21910637e-05
22.035  1.39589328e-05 -5.13996192e-05
22.256  4.32045111e-05 -2.97864209e-05
22.476  5.39854211e-05  3.81538756e-06
22.697  4.28547690e-05  3.62139853e-05
22.917  1.50439680e-05  5.47343714e-05
23.137 -1.80797448e-05  5.25178987e-05
23.358 -4.33555802e-05  3.10933582e-05
23.578 -5.11608494e-05 -8.97122029e-07
23.798 -3.90689770e-05 -3.09719190e-05
24.019 -1.22080539e-05 -4.77273942e-05
24.239  1.87649862e-05 -4.54222972e-05
24.459  4.17501659e-05 -2.55875308e-05
24.680  4.81923682e-05  3.78283270e-06
24.900  3.60150426e-05  3.10592375e-05
25.120  1.02066806e-05  4.57602291e-05
25.341 -1.89601509e-05  4.25624120e-05
25.561 -4.01998641e-05  2.30519812e-05
25.781 -4.56339971e-05 -4.79676799e-06
26.002 -3.34576416e-05 -2.99974549e-05
26.222 -8.77332490e-06 -4.29853170e-05
26.443  1.85405903e-05 -3.89888858e-05
26.663  3.80491347e-05 -1.98734652e-05
26.883  4.25153548e-05  6.63085068e-06
27.104  3.05630980e-05  3.03597034e-05
27.324  7.21927322e-06  4.24621393e-05
27.544 -1.84220791e-05  3.86070720e-05
27.765 -3.67007406e-05  2.07748362e-05
27.985 -4.08666157e-05 -3.89018573e-06
28.205 -2.98083866e-05 -2.59911701e-05
28.426 -8.23005496e-06 -3.72480360e-05
28.646  1.54636660e-05 -3.37988542e-05
28.866  3.22032959e-05 -1.75746509e-05
29.087  3.58408257e-05  4.82052781e-06
29.307  2.55354868e-05  2.45434860e-05
29.527  5.68949189e-06  3.39534455e-05
29.748 -1.57323058e-05  2.97146308e-05
29.968 -3.02924724e-05  1.37525172e-05
30.189 -3.25916283e-05 -7.57474568e-06
30.409 -2.20832750e-05 -2.58895596e-05
30.629 -3.05435995e-06 -3.43151363e-05
30.850  1.69589031e-05 -2.99753321e-05
31.070  3.03120879e-05 -1.48263378e-05
31.290  3.22061305e-05  4.99812606e-06
31.511  2.22417640e-05  2.17653214e-05
31.731  4.63333319e-06  2.92619193e-05
31.951 -1.35375005e-05  2.48977716e-05
32.172 -2.52952349e-05  1.07155940e-05
32.392 -2.62366843e-05 -7.42265946e-06
32.612 -1.61837788e-05 -2.23803191e-05
32.833  6.76679533e-07 -2.83815303e-05
33.053  1.77011780e-05 -2.31515658e-05
33.274  2.83415878e-05 -8.90218113e-06
33.494  2.85251234e-05  8.77516514e-06
33.714  1.83689192e-05  2.31550665e-05
33.935  1.95747975e-06  2.88017823e-05
34.155 -1.44271389e-05  2.37911467e-05
34.375 -2.45670916e-05  1.03666521e-05
34.596 -2.47959983e-05 -6.18455687e-06
34.816 -1.54207724e-05 -1.94646839e-05
35.036 -3.04045807e-07 -2.44720956e-05
35.257  1.45856915e-05 -1.96194784e-05
35.477  2.34543191e-05 -7.06433317e-06
35.697  2.30711992e-05  8.17275928e-06
35.918  1.37961782e-05  2.00783448e-05
36.138 -6.85362617e-07  2.41507003e-05
36.358 -1.46936202e-05  1.90149604e-05
36.579 -2.29268587e-05  6.76721276e-06
36.799 -2.24804079e-05 -7.74269256e-06
37.020 -1.37393858e-05 -1.89261648e-05
37.240 -3.02343518e-07 -2.26877140e-05
37.460  1.24962449e-05 -1.77802561e-05
37.681  1.98061546e-05 -6.31308137e-06
37.901  1.89424280e-05  7.08785488e-06
38.121  1.03962275e-05  1.72786448e-05
38.342 -2.32299030e-06  2.04602724e-05
38.562 -1.42767826e-05  1.55632582e-05
38.782 -2.09650946e-05  4.73084130e-06
39.003 -1.99391470e-05 -7.72195332e-06
39.223 -1.18448589e-05 -1.70291609e-05
39.443 -1.32406917e-08 -1.96747719e-05
39.664  1.09669714e-05 -1.48480175e-05
39.884  1.68893227e-05 -4.66960572e-06
40.105  1.56279846e-05  6.82349788e-06
40.325  7.95328994e-06  1.51338810e-05
40.545 -2.98821446e-06  1.70760267e-05
40.766 -1.28360555e-05  1.20731657e-05
40.986 -1.76896212e-05  2.16788919e-06
41.206 -1.57392135e-05 -8.77228433e-06
41.427 -7.79901498e-06 -1.64949318e-05
41.647  3.07621911e-06 -1.81535652e-05
41.867  1.26886548e-05 -1.32993422e-05
42.088  1.74620078e-05 -3.92341943e-06
42.308  1.57900950e-05  6.22525787e-06
42.528  8.49041359e-06  1.32062515e-05
42.749 -1.43669000e-06  1.44581388e-05
42.969 -1.00385580e-05  9.61295857e-06
43.189 -1.40489407e-05  6.82987632e-07
43.410 -1.19901315e-05 -8.73197451e-06
43.630 -4.74227084e-06 -1.49897356e-05
43.851  4.76418831e-06 -1.56972629e-05
44.071  1.28518593e-05 -1.05853872e-05
44.291  1.64605219e-05 -1.68247996e-06
44.512  1.42357493e-05  7.62674451e-06
44.732  7.13822066e-06  1.39194452e-05
44.952 -2.05216341e-06  1.49325268e-05
45.173 -9.89188817e-06  1.05139800e-05
45.393 -1.34782013e-05  2.60290380e-06
45.613 -1.16284759e-05 -5.66107559e-06
45.834 -5.31847708e-06 -1.10490339e-05
46.054  2.86844537e-06 -1.15195978e-05
46.274  9.67888808e-06 -7.04909448e-06
46.495  1.24392031e-05  5.35704222e-07
46.715  1.01751160e-05  8.25478465e-06
46.935  3.83674952e-06  1.30834719e-05
47.156 -4.11460576e-06  1.32335950e-05
47.376 -1.05891615e-05  8.74175608e-06
47.597 -1.31775189e-05  1.36109214e-06
47.817 -1.10391605e-05 -6.03648867e-06
48.037 -5.09719567e-06 -1.06651555e-05
48.258  2.24776337e-06 -1.09224272e-05
48.478  8.10815200e-06 -6.86304746e-06
48.698  1.03058366e-05 -2.22524005e-07
48.919  8.07979950e-06  6.27624140e-06
49.139  2.39100643e-06  1.00987460e-05
49.359 -4.42779363e-06  9.77695278e-06
49.580 -9.71383680e-06  5.44935211e-06
49.800 -1.14480739e-05 -1.13535832e-06
50.020 -8.97095029e-06 -7.42721970e-06
50.241 -3.31349111e-06 -1.10598932e-05
50.461  3.30715869e-06 -1.06732505e-05
50.682  8.39801904e-06 -6.51575625e-06
50.902  1.00498866e-05 -2.84715658e-07
51.122  7.73478653e-06  5.62802667e-06
51.343  2.49371763e-06  8.96427217e-06
51.563 -3.59508198e-06  8.50256563e-06
51.783 -8.15122578e-06  4.55997887e-06
52.004 -9.40937053e-06 -1.26922804e-06
52.224 -6.96981480e-06 -6.70246604e-06
52.444 -1.82882155e-06 -9.61571739e-06
52.665  4.02465564e-06 -8.95547068e-06
52.885  8.31670660e-06 -5.05510436e-06
53.105  9.46188299e-06  5.56590776e-07
53.326  7.13074135e-06  5.67361411e-06
53.546  2.27928483e-06  8.34643822e-06
53.766 -3.15148012e-06  7.64115537e-06
53.987 -7.03864912e-06  3.88343926e-06
54.207 -7.94997749e-06 -1.41679307e-06
54.428 -5.57946230e-06 -6.16662161e-06
54.648 -8.84489874e-07 -8.58705590e-06
54.868  4.26819448e-06 -7.80141812e-06
55.089  7.93309879e-06 -4.15621687e-06
55.309  8.77515375e-06  8.69229210e-07
55.529  6.53406789e-06  5.34594335e-06
55.750  2.18588191e-06  7.62529543e-06
55.970 -2.52895559e-06  6.90022637e-06
56.190 -5.81193686e-06  3.58255669e-06
56.411 -6.41508470e-06 -9.18631388e-07
56.631 -4.17991208e-06 -4.81730838e-06
56.851 -7.79984279e-08 -6.55846379e-06
57.072  4.26726485e-06 -5.45472297e-06
57.292  7.14287039e-06 -1.97344477e-06
57.513  7.41347433e-06  2.55603663e-06
57.733  5.01442586e-06  6.41975592e-06
57.953  8.71254033e-07  8.15483661e-06
58.174 -3.46016085e-06  7.18842751e-06
58.394 -6.34433858e-06  3.97560810e-06
58.614 -6.77820825e-06 -2.19089289e-07
58.835 -4.73164670e-06 -3.74786509e-06
59.055 -1.08413270e-06 -5.28902213e-06
59.275  2.65264786e-06 -4.35451650e-06
59.496  4.97089504e-06 -1.38498239e-06
59.716  4.98864594e-06  2.36965594e-06
59.936  2.69480912e-06  5.35475511e-06
60.157 -1.01654862e-06  6.38329304e-06
60.377 -4.67862966e-06  5.01093612e-06
60.597 -6.90591474e-06  1.70861745e-06
60.818 -6.86832163e-06 -2.27757021e-06
61.038 -4.57856017e-06 -5.49579652e-06
61.259 -9.43773132e-07 -6.82083867e-06
61.479  2.66281370e-06 -5.82615261e-06
61.699  4.94465439e-06 -3.00648036e-06
61.920  5.10508379e-06  4.70165850e-07
62.140  3.20454910e-06  3.26602595e-06
62.360  1.11335500e-07  4.31362718e-06
62.581 -2.91583340e-06  3.26130309e-06
62.801 -4.65194371e-06  6.18608857e-07
63.021 -4.38972901e-06 -2.53579358e-06
63.242 -2.25512859e-06 -4.93273110e-06
63.462  9.31960338e-07 -5.58745580e-06
63.682  3.96513906e-06 -4.24371562e-06
63.903  5.67650842e-06 -1.40038227e-06
64.123  5.45676133e-06  1.90387154e-06
64.343  3.44429868e-06  4.43392083e-06
64.564  4.17313142e-07  5.29635584e-06
64.784 -2.44693991e-06  4.27062979e-06
65.005 -4.07194706e-06  1.81643036e-06
65.225 -3.91942677e-06 -1.05490928e-06
65.445 -2.11121953e-06 -3.19371783e-06
65.666  5.88330983e-07 -3.80928549e-06
65.886  3.06433159e-06 -2.69687783e-06
66.106  4.35627811e-06 -3.21707538e-07
66.327  3.97201844e-06  2.33249240e-06
66.547  2.05770701e-06  4.22402656e-06
66.767 -6.10577927e-07  4.62824938e-06
66.988 -2.99725638e-06  3.37455714e-06
67.208 -4.21138057e-06  9.69220936e-07
67.428 -3.79004671e-06 -1.64942902e-06
67.649 -1.92889429e-06 -3.50771596e-06
67.869  6.16047053e-07 -3.90456456e-06
68.090  2.88013026e-06 -2.71773419e-06
68.310  4.00055615e-06 -4.56632834e-07
68.530  3.56241496e-06  2.01001300e-06
68.751  1.78990595e-06  3.74571079e-06
68.971 -6.19174614e-07  4.09634590e-06
69.191 -2.74610081e-06  2.99245100e-06
69.412 -3.77372407e-06  9.07315132e-07
69.632 -3.36153452e-06 -1.33927689e-06
69.852 -1.73127534e-06 -2.85111610e-06
70.073  4.58818382e-07 -3.05978670e-06
70.293  2.31513800e-06 -1.92848586e-06
70.513  3.09837364e-06  9.30605706e-08
70.734  2.52367159e-06  2.19220984e-06
70.954  8.01261442e-07  3.52950519e-06
71.174 -1.40823541e-06  3.60282922e-06
71.395 -3.24592772e-06  2.37241082e-06
71.615 -4.04335466e-06  2.90527892e-07
71.836 -3.52315717e-06 -1.84773088e-06
72.056 -1.89403558e-06 -3.27586699e-06
72.276  1.89464097e-07 -3.51619154e-06
72.497  1.94177788e-06 -2.52773138e-06
72.717  2.74334716e-06 -7.68714287e-07
72.937  2.32725367e-06  1.03002795e-06
73.158  9.27602571e-07  2.17179667e-06
73.378 -8.38435067e-07  2.20482050e-06
73.598 -2.25814234e-06  1.13290464e-06
73.819 -2.74393246e-06 -5.86402842e-07
74.039 -2.07953284e-06 -2.28201743e-06
74.259 -5.28671366e-07 -3.28596814e-06
74.480  1.33341429e-06 -3.18865280e-06
74.700  2.81890893e-06 -2.04057811e-06
74.921  3.36820732e-06 -2.73360994e-07
75.141  2.81795719e-06  1.46815613e-06
75.361  1.42036243e-06  2.53343455e-06
75.582 -2.81119783e-07  2.56799381e-06
75.802 -1.61290760e-06  1.62916683e-06
76.022 -2.07242751e-06  1.15887281e-07
76.243 -1.52763933e-06 -1.33899272e-06
76.463 -2.08244484e-07 -2.13756565e-06
76.683  1.34694932e-06 -1.97809732e-06
76.904  2.50117487e-06 -9.10696269e-07
77.124  2.81371284e-06  6.62970853e-07
77.344  2.15779942e-06  2.12632824e-06
77.565  7.67093554e-07  2.94230222e-06
77.785 -8.19425869e-07  2.82531093e-06
78.005 -2.02031684e-06  1.82706999e-06
78.226 -2.42372549e-06  3.60422683e-07
78.446 -1.90426993e-06 -1.00437496e-06
78.667 -7.15021927e-07 -1.77276638e-06
78.887  6.37032664e-07 -1.66523606e-06
79.107  1.62278954e-06 -7.60700411e-07
79.328  1.84402651e-06  5.38700846e-07
79.548  1.20832540e-06  1.71470450e-06
79.768 -1.73313990e-08  2.29058372e-06
79.989 -1.36715909e-06  2.01739963e-06
80.209 -2.32945827e-06  1.00577269e-06
80.429 -2.52597201e-06 -3.70575994e-07
80.650 -1.90282202e-06 -1.61290031e-06
80.870 -7.09214394e-07 -2.25512632e-06
81.090  6.15596965e-07 -2.08910929e-06
81.311  1.56809938e-06 -1.22104153e-06
81.531  1.81296230e-06  7.02653681e-09
81.751  1.31072980e-06  1.10564198e-06
81.972  2.81783617e-07  1.65175921e-06
82.192 -8.43663928e-07  1.47301444e-06
82.413 -1.59945162e-06  6.59272955e-07
82.633 -1.70324340e-06 -4.51141445e-07
82.853 -1.11720102e-06 -1.39093665e-06
83.074 -6.63559018e-08 -1.79440016e-06
83.294  1.01974163e-06 -1.50450712e-06
83.514  1.72284457e-06 -6.18823300e-07
83.735  1.78204124e-06  5.08314516e-07
83.955  1.16265046e-06  1.44343160e-06
84.175  1.11896578e-07  1.84639632e-06
84.396 -9.61995387e-07  1.55781865e-06
84.616 -1.67219457e-06  6.96279360e-07
84.836 -1.75451091e-06 -3.94521641e-07
85.057 -1.19131999e-06 -1.31915551e-06
85.277 -2.29491609e-07 -1.74033782e-06
85.498  7.65101061e-07 -1.51387465e-06
85.718  1.42013937e-06 -7.71316702e-07
85.938  1.48850858e-06  1.81366951e-07
86.159  9.82139217e-07  9.72395560e-07
86.379  1.26356574e-07  1.28133772e-06
86.599 -7.37443800e-07  1.00556735e-06
86.820 -1.24718430e-06  2.75713171e-07
87.040 -1.19831492e-06 -6.22411054e-07
87.260 -6.18883295e-07 -1.31781809e-06
87.481  2.81308062e-07 -1.52381695e-06
87.701  1.15472816e-06 -1.16425713e-06
87.921  1.65915046e-06 -3.56839146e-07
88.142  1.62048029e-06  6.06289545e-07
88.362  1.05475227e-06  1.36201970e-06
88.582  1.70896223e-07  1.65652835e-06
88.803 -6.85925482e-07  1.40671235e-06
89.023 -1.21073811e-06  7.22128729e-07
89.244 -1.23585168e-06 -1.03992228e-07
89.464 -7.68961391e-07 -7.47056683e-07
89.684 -2.68179557e-08 -9.75714162e-07
89.905  6.76361316e-07 -7.03530187e-07
90.125  1.06911934e-06 -5.59334463e-08
90.345  9.85818054e-07  6.89726302e-07
90.566  4.55031979e-07  1.24560764e-06
90.786 -3.04665425e-07  1.38574399e-06
91.006 -1.01200554e-06  1.04370895e-06
91.227 -1.40214576e-06  3.61329012e-07
91.447 -1.32278489e-06 -4.09988091e-07
91.667 -8.26860345e-07 -9.91398756e-07
91.888 -1.14283081e-07 -1.16276574e-06
92.108  5.48007388e-07 -8.85655499e-07
92.329  8.96732994e-07 -2.92747575e-07
92.549  8.09182304e-07  3.83381485e-07
92.769  3.41892345e-07  8.62992564e-07
92.990 -3.24579309e-07  9.53234929e-07
93.210 -9.20379690e-07  6.31653496e-07
93.430 -1.20259770e-06  1.39887200e-08
93.651 -1.07352570e-06 -6.64130296e-07
93.871 -5.77099999e-07 -1.13426547e-06
94.091  1.05351566e-07 -1.23378510e-06
94.312  7.06490223e-07 -9.33999159e-07
94.532  1.01515269e-06 -3.47654084e-07
94.752  9.35800395e-07  2.85360746e-07
94.973  5.06066852e-07  7.26857012e-07
95.193 -8.38049959e-08  8.26834373e-07
95.413 -5.91711853e-07  5.50161593e-07
95.634 -8.29230372e-07  2.26777874e-08
95.854 -6.97184946e-07 -5.30831198e-07
96.075 -2.49221765e-07 -9.00319955e-07
96.295  3.26167693e-07 -9.34930918e-07
96.515  8.14816586e-07 -6.14406912e-07
96.736  1.02970651e-06 -7.47425758e-08
96.956  8.81542839e-07  4.83620269e-07
97.176  4.42187967e-07  8.55319777e-07
97.397 -1.18507641e-07  8.93135812e-07
97.617 -5.95654909e-07  5.99002118e-07
97.837 -8.00712872e-07  9.75329828e-08
98.058 -6.67110377e-07 -4.25393178e-07
98.278 -2.64017232e-07 -7.60688723e-07
98.498  2.57361309e-07 -7.82448613e-07
98.719  6.88992117e-07 -5.00332759e-07
98.939  8.60476344e-07 -2.01392785e-08
99.159  7.23422214e-07  4.70498069e-07
99.380  3.32284193e-07  7.74788041e-07
99.600 -1.61513858e-07  7.92466707e-07
99.821 -5.54546192e-07  5.25265103e-07
100.041 -7.05123803e-07  7.73037386e-08
100.261 -5.65181318e-07 -3.60555396e-07
100.482 -1.85721254e-07 -6.18504365e-07
100.702  2.71906952e-07 -6.04683100e-07
100.922  6.25017720e-07 -3.15631721e-07
101.143  7.46662126e-07  1.30986552e-07
101.363  5.82020015e-07  5.56591389e-07
101.583  1.95216831e-07  8.10986048e-07
101.804 -2.56174203e-07  7.96009890e-07
102.024 -6.12498852e-07  5.18553870e-07
102.244 -7.43953719e-07  1.00862438e-07
102.465 -6.02657581e-07 -3.01885264e-07
102.685 -2.65126945e-07 -5.41820473e-07
102.906  1.30844540e-07 -5.24115191e-07
103.126  4.33229399e-07 -2.74056649e-07
103.346  5.12019948e-07  9.85985207e-08
103.567  3.40669905e-07  4.50172329e-07
103.787 -7.31812646e-09  6.29010599e-07
104.007 -4.07530614e-07  5.60033924e-07
104.228 -7.01317644e-07  2.74156780e-07
104.448 -7.72791985e-07 -1.33444285e-07
104.668 -6.07310286e-07 -5.12883041e-07
104.889 -2.63271566e-07 -7.20351225e-07
105.109  1.32790066e-07 -6.97961384e-07
105.329  4.25224636e-07 -4.64208581e-07
105.550  5.19976569e-07 -1.11624931e-07
105.770  3.96874110e-07  2.08563572e-07
105.990  1.08747399e-07  3.76292275e-07
106.211 -2.11856543e-07  3.37248560e-07
106.431 -4.30418487e-07  1.03621264e-07
106.652 -4.64777778e-07 -2.21586534e-07
106.872 -2.88869322e-07 -5.00985497e-07
107.092  3.15620275e-08 -6.31401041e-07
107.313  3.68098548e-07 -5.52719344e-07
107.533  6.04683784e-07 -2.88349467e-07
107.753  6.53713749e-07  5.45345563e-08
107.974  4.95247062e-07  3.57210788e-07
108.194  2.04681118e-07  5.14063763e-07
108.414 -1.07316554e-07  4.66030376e-07
108.635 -3.27898735e-07  2.50170244e-07
108.855 -3.67214578e-07 -4.02662239e-08
109.075 -2.21747616e-07 -2.95452568e-07
109.296  4.00638854e-08 -4.05479017e-07
109.516  3.20279592e-07 -3.28091854e-07
109.737  5.00609020e-07 -1.01839333e-07
109.957  5.05409735e-07  1.94176157e-07
110.177  3.40557762e-07  4.44579839e-07
110.398  6.10813540e-08  5.48418536e-07
110.618 -2.31023550e-07  4.78448187e-07
110.838 -4.20169702e-07  2.62044839e-07
111.059 -4.48827657e-07 -2.11397632e-08
111.279 -3.15815979e-07 -2.53260093e-07
111.499 -7.26344098e-08 -3.52665725e-07
111.720  1.72386991e-07 -2.91523018e-07
111.940  3.21479467e-07 -9.10505797e-08
112.160  3.23683050e-07  1.59686097e-07
112.381  1.70559070e-07  3.55726348e-07
112.601 -7.55644084e-08  4.27598516e-07
112.821 -3.12114855e-07  3.40013998e-07
113.042 -4.56847431e-07  1.23820555e-07
113.262 -4.52273709e-07 -1.30334890e-07
113.483 -2.96071954e-07 -3.34133272e-07
113.703 -5.81989336e-08 -4.13972934e-07
113.923  1.74556756e-07 -3.35913012e-07
114.144  3.19898521e-07 -1.42278135e-07
114.364  3.17375324e-07  8.95229748e-08
114.584  1.78026402e-07  2.76512802e-07
114.805 -3.68252796e-08  3.39703278e-07
115.025 -2.50735533e-07  2.58942711e-07
115.245 -3.75389243e-07  7.46002961e-08
115.466 -3.62740882e-07 -1.49154312e-07
115.686 -2.29266541e-07 -3.23911708e-07
115.906 -2.27584080e-08 -3.79712720e-07
116.127  1.76525018e-07 -3.08362070e-07
116.347  2.84472360e-07 -1.38990543e-07
116.567  2.69361917e-07  6.26235308e-08
116.788  1.40729167e-07  2.06607769e-07
117.008 -5.45630502e-08  2.40348384e-07
117.229 -2.29488270e-07  1.53626582e-07
117.449 -3.14959095e-07 -2.84946092e-08
117.669 -2.81929892e-07 -2.30349901e-07
117.890 -1.32620094e-07 -3.72846606e-07
118.110  7.61150466e-08 -4.10638004e-07
118.330  2.63179021e-07 -3.24272621e-07
118.551  3.71140115e-07 -1.46552009e-07
118.771  3.62354541e-07  4.78967705e-08
118.991  2.43560562e-07  1.95068894e-07
119.212  7.55444608e-08  2.44459702e-07
119.432 -7.67400224e-08  1.78273414e-07
119.652 -1.55636871e-07  3.83671624e-08
119.873 -1.22688104e-07 -1.14136538e-07
120.093  2.27744079e-09 -2.19252914e-07
120.314  1.66345402e-07 -2.22689086e-07
120.534  3.11419875e-07 -1.20581896e-07
120.754  3.73029712e-07  4.69338796e-08
120.975  3.23929403e-07  2.27955145e-07
121.195  1.87311876e-07  3.54543063e-07
121.415  4.71834501e-09  3.79164025e-07
121.636 -1.59661384e-07  3.05538488e-07
121.856 -2.43902942e-07  1.61702952e-07
122.076 -2.32246756e-07  1.66555937e-09
122.297 -1.37987772e-07 -1.05850966e-07
122.517 -7.87909780e-10 -1.27937051e-07
122.737  1.11210141e-07 -6.37020010e-08
122.958  1.51327392e-07  6.30692137e-08
123.178  1.05518290e-07  1.90863211e-07
123.398 -1.84229004e-08  2.62926585e-07
123.619 -1.70780477e-07  2.52819849e-07
123.839 -2.89412585e-07  1.52668636e-07
124.060 -3.36807230e-07 -4.25277671e-09
124.280 -2.90587970e-07 -1.56593136e-07
124.500 -1.64303771e-07 -2.58624479e-07
124.721 -1.16385438e-08 -2.76174707e-07
124.941  1.17825241e-07 -2.02283487e-07
125.161  1.82366097e-07 -7.69165274e-08
125.382  1.56769179e-07  5.14360995e-08
125.602  6.35055151e-08  1.38405631e-07
125.822 -5.42635262e-08  1.45198857e-07
126.043 -1.53640824e-07  7.57003975e-08
126.263 -1.87699767e-07 -3.52530747e-08
126.483 -1.42492533e-07 -1.48908302e-07
126.704 -4.21756891e-08 -2.15214852e-07
126.924  8.04734815e-08 -2.04291410e-07
127.145  1.76776540e-07 -1.27497277e-07
127.365  2.04034939e-07 -1.00113984e-08
127.585  1.59306305e-07  1.04915247e-07
127.806  5.86778278e-08  1.66143309e-07
128.026 -6.34928025e-08  1.56051521e-07
128.246 -1.53050606e-07  8.04114931e-08
128.467 -1.78954942e-07 -3.79753204e-08
128.687 -1.36162942e-07 -1.47941371e-07
128.907 -3.45736924e-08 -2.08152815e-07
129.128  8.31732447e-08 -2.03381509e-07
129.348  1.69876612e-07 -1.30965474e-07
129.568  2.01644461e-07 -2.09634730e-08
129.789  1.64934740e-07  7.84401362e-08
130.009  7.50110757e-08  1.36690785e-07
130.229 -2.37562933e-08  1.31785620e-07
130.450 -9.64516689e-08  6.37884004e-08
130.670 -1.15258625e-07 -3.10205538e-08
130.891 -6.61625922e-08 -1.15866553e-07
131.111  2.61734774e-08 -1.59596684e-07
131.331  1.25984459e-07 -1.36329675e-07
131.552  2.01200072e-07 -5.64715374e-08
131.772  2.17347991e-07  4.86017162e-08
131.992  1.69472189e-07  1.48536973e-07
132.213  8.12986878e-08  2.04631815e-07
132.433 -2.09691255e-08  1.97651427e-07
132.653 -9.90745020e-08  1.41439789e-07
132.874 -1.22487796e-07  5.64981743e-08
133.094 -9.41960903e-08 -2.32429784e-08
133.314 -2.84054755e-08 -5.99195013e-08
133.535  4.77751674e-08 -4.56163669e-08
133.755  9.32527236e-08  1.18630823e-08
133.975  8.97132244e-08  9.34468908e-08
134.196  3.82984439e-08  1.58695840e-07
134.416 -5.05277547e-08  1.79952824e-07
134.637 -1.40835082e-07  1.51114195e-07
134.857 -1.97839902e-07  7.36886683e-08
135.077 -2.08002720e-07 -2.47414776e-08
135.298 -1.64186672e-07 -1.05997555e-07
135.518 -8.26664635e-08 -1.50041530e-07
135.738 -5.10558886e-10 -1.42558228e-07
135.959  5.76047185e-08 -8.73785492e-08
136.179  7.24673408e-08 -1.63291997e-08
136.399  3.62164567e-08  4.34051075e-08
136.620 -2.77065710e-08  7.00315593e-08
136.840 -9.16780247e-08  4.60460518e-08
137.060 -1.33161598e-07 -1.55718972e-08
137.281 -1.27677081e-07 -8.88403733e-08
137.501 -7.66175980e-08 -1.51830972e-07
137.722 -2.01016510e-09 -1.76005867e-07
137.942  7.60652148e-08 -1.51097233e-07
138.162  1.28181034e-07 -9.27811301e-08
138.383  1.33767352e-07 -1.80207372e-08
138.603  1.00333656e-07  4.60544880e-08
138.823  4.07842880e-08  7.13496801e-08
139.044 -2.25761253e-08  5.64089710e-08
139.264 -5.76398698e-08  9.63463007e-09
139.484 -5.40649082e-08 -5.29420786e-08
139.705 -1.55103753e-08 -9.87867156e-08
139.925  4.87960798e-08 -1.09469124e-07
140.145  1.09262189e-07 -8.36313884e-08
140.366  1.40955608e-07 -2.37857020e-08
140.586  1.37276871e-07  4.63812497e-08
140.806  9.45505773e-08  9.78778732e-08
141.027  2.82425183e-08  1.18969879e-07
141.247 -3.17830954e-08  1.00752680e-07
141.468 -6.93778408e-08  4.91822714e-08
141.688 -7.18390430e-08 -8.44246776e-09
141.908 -3.57015488e-08 -5.28306537e-08
142.129  1.72886316e-08 -6.91174309e-08
142.349  6.61975758e-08 -4.57519115e-08
142.569  9.53840159e-08  3.24088282e-09
142.790  8.72848108e-08  5.69096680e-08
143.010  4.69080476e-08  9.98307685e-08
143.230 -6.58417287e-09  1.10845800e-07
143.451 -5.87043903e-08  8.56104995e-08
143.671 -8.71810978e-08  3.96147574e-08
143.891 -7.89913615e-08 -1.41494809e-08
144.112 -4.41817839e-08 -5.45785002e-08
144.332  6.30122255e-09 -6.15874402e-08
144.553  5.44578002e-08 -3.83733466e-08
144.773  7.56088579e-08  6.77597630e-09
144.993  6.54208750e-08  6.04241252e-08
145.214  2.89632162e-08  9.63487864e-08
145.434 -2.56808298e-08  1.02955322e-07
145.654 -7.39018112e-08  8.17021544e-08
145.875 -9.80514254e-08  3.52735494e-08
146.095 -9.58114214e-08 -1.61095334e-08
146.315 -6.51117803e-08 -5.07198190e-08
146.536 -1.98363681e-08 -6.25452547e-08
146.756  1.65768053e-08 -4.59025244e-08
146.976  3.46211852e-08 -7.46151814e-09
147.197  2.61888351e-08  3.00272014e-08
147.417 -9.25616212e-09  5.38204553e-08
147.637 -5.20178756e-08  5.42570311e-08
147.858 -8.67270659e-08  2.41987328e-08
148.078 -1.02813781e-07 -2.19914978e-08
148.299 -8.77340740e-08 -6.75681885e-08
148.519 -4.87260932e-08 -1.01721967e-07
148.739 -2.15067452e-09 -1.08352209e-07
148.960  4.16614142e-08 -8.67707850e-08
149.180  6.53537883e-08 -5.11126491e-08
149.400  6.07513810e-08 -1.06637886e-08
149.621  3.82771707e-08  1.82176627e-08
149.841  5.98194617e-09  2.13472251e-08
150.061 -2.23836070e-08  4.43180012e-09
150.282 -2.85730693e-08 -2.56306691e-08
150.502 -1.28393526e-08 -5.84525191e-08
150.722  1.92011186e-08 -7.37527744e-08
150.943  6.07802292e-08 -6.58215282e-08
151.163  9.17521601e-08 -3.83815240e-08
151.383  1.00575664e-07  5.52537126e-09
151.604  8.82838160e-08  4.82297982e-08
151.824  5.43038921e-08  7.34959492e-08
152.045  1.16923839e-08  7.91566126e-08
152.265 -2.06495275e-08  6.15676584e-08
152.485 -3.73348581e-08  2.77886258e-08
152.706 -3.26272621e-08 -3.03704457e-09
152.926 -7.30387755e-09 -2.26581646e-08
153.146  2.14991938e-08 -2.43511810e-08
153.367  4.31539145e-08 -3.32492790e-09
153.587  5.07339440e-08  2.70865154e-08
153.807  3.51410994e-08  5.44798855e-08
154.028  4.53624067e-09  7.20393577e-08
154.248 -2.78516014e-08  6.78256032e-08
154.468 -5.53929982e-08  4.39311986e-08
154.689 -6.49015714e-08  1.30532790e-08
154.909 -5.22264738e-08 -1.84218231e-08
155.130 -2.80166434e-08 -3.76695403e-08
155.350  1.66107560e-09 -3.49623756e-08
155.570  2.57272511e-08 -1.75225868e-08
155.791  3.02751570e-08  9.01592046e-09
156.011  1.80805994e-08  3.62705660e-08
156.231 -5.84589350e-09  4.80360676e-08
156.452 -3.62347723e-08  4.21233802e-08
156.672 -5.66314930e-08  2.25990835e-08
156.892 -5.99252409e-08 -8.30651595e-09
157.113 -4.87536938e-08 -3.58426499e-08
157.333 -2.27129277e-08 -4.86362707e-08
157.553  6.80659598e-09 -4.73484530e-08
157.774  2.54468444e-08 -2.95620933e-08
157.994  3.14552493e-08 -2.18172720e-09
158.214  2.11357473e-08  1.91584271e-08
158.435 -3.52431885e-09  3.00534417e-08
158.655 -2.74919850e-08  2.61937123e-08
158.876 -4.37444637e-08  4.88427956e-09
159.096 -4.78284621e-08 -2.12721184e-08
159.316 -3.31657054e-08 -4.30484891e-08
159.537 -8.39544638e-09 -5.61141314e-08
159.757  1.58498730e-08 -5.12410563e-08
159.977  3.54327083e-08 -3.21146034e-08
160.198  3.99187374e-08 -9.68436718e-09
160.418  2.77165942e-08  1.20152062e-08
160.638  8.83166675e-09  2.27433499e-08
160.859 -1.26590594e-08  1.59909080e-08
161.079 -2.78681251e-08 -4.63433730e-10
161.299 -2.63389959e-08 -2.24220096e-08
161.520 -1.24942165e-08 -4.31462563e-08
161.740  9.45520564e-09 -4.96760263e-08
161.961  3.53356418e-08 -4.22946322e-08
162.181  5.14521196e-08 -2.48967880e-08
162.401  5.37410385e-08  9.59911814e-10
162.622  4.53494315e-08  2.27043656e-08
162.842  2.55768960e-08  3.23952967e-08
163.062  4.29998815e-09  3.20194898e-08
163.283 -7.65413826e-09  1.93369743e-08
163.503 -1.06973542e-08  5.48561038e-10
163.723 -1.87130633e-09 -1.19178254e-08
163.944  1.66510304e-08 -1.64702303e-08
164.164  3.22945343e-08 -1.00711842e-08
164.384  4.11593984e-08  8.97103065e-09
164.605  4.04675208e-08  2.94746427e-08
164.825  2.52346565e-08  4.52724096e-08
165.045  3.77803291e-09  5.39488304e-08
165.266 -1.59924952e-08  4.81723515e-08
165.486 -3.20271597e-08  3.22838622e-08
165.707 -3.59255129e-08  1.50193643e-08
165.927 -2.76127010e-08 -1.85761942e-09
166.147 -1.56163437e-08 -1.02641172e-08
166.368 -1.66785004e-09 -6.01202359e-09
166.588  7.58441991e-09  3.55236587e-09
166.808  4.67286295e-09  1.63467973e-08
167.029 -5.13816058e-09  2.77752722e-08
167.249 -1.91371104e-08  2.82286611e-08
167.469 -3.49295514e-08  2.01119456e-08
167.690 -4.20919163e-08  6.75082549e-09
167.910 -3.96959064e-08 -1.14666694e-08
168.130 -3.13695694e-08 -2.47094137e-08
168.351 -1.59528190e-08 -2.87338026e-08
168.571 -1.39686665e-09 -2.69962120e-08
168.791  5.29605163e-09 -1.74781264e-08
169.012  6.90905277e-09 -5.36403460e-09
169.232  1.40329486e-09  5.14749039e-10
169.453 -9.07830187e-09  1.75364621e-09
169.673 -1.49254364e-08 -2.96063873e-09
169.893 -1.59972864e-08 -1.42287233e-08
170.114 -1.20814889e-08 -2.26988409e-08
170.334 -4.88953758e-10 -2.60273422e-08
170.554  1.06688214e-08 -2.50126656e-08
170.775  1.66533869e-08 -1.57005423e-08
170.995  1.87970518e-08 -4.13322725e-09
171.215  1.27291286e-08  2.73871391e-09
171.436  1.87098719e-09  6.04219278e-09
171.656 -5.16451002e-09  1.70343227e-09
171.876 -8.44165094e-09 -9.69167270e-09
172.097 -4.60430222e-09 -1.87243090e-08
172.317  8.50422671e-09 -2.35943522e-08
172.538  2.17452067e-08 -2.16862777e-08
172.758  3.09175291e-08 -8.39393568e-09
172.978  3.37889185e-08  8.67039175e-09
173.199  2.36952032e-08  2.28672236e-08
173.419  5.43467070e-09  3.17870196e-08
173.639 -1.25217670e-08  2.71713119e-08
173.860 -2.70622771e-08  9.87933829e-09
174.080 -2.88678925e-08 -1.10148303e-08
174.300 -1.40981331e-08 -3.14219106e-08
174.521  9.27855522e-09 -4.15654169e-08
174.741  3.63677531e-08 -3.26712009e-08
174.961  5.76626814e-08 -9.66229089e-09
175.182  5.99092619e-08  2.24964013e-08
175.402  4.32051121e-08  5.54852797e-08
175.622  1.13613279e-08  7.28133872e-08
175.843 -2.95796753e-08  6.85760968e-08
176.063 -6.18759865e-08  4.39582508e-08
176.284 -7.34117813e-08  1.56562167e-09
176.504 -6.13633160e-08 -4.21438030e-08
176.724 -2.38321796e-08 -6.98166014e-08
176.945  2.67836210e-08 -7.37029039e-08
177.165  7.00736407e-08 -4.66230457e-08
177.385  9.32593297e-08  5.73039321e-09
177.606  8.36148138e-08  6.31159630e-08
177.826  3.80140593e-08  1.08735461e-07
178.046 -2.73910493e-08  1.24840430e-07
178.267 -9.40721104e-08  9.83769086e-08
178.487 -1.40857503e-07  3.74126693e-08
178.707 -1.45159781e-07 -4.12151580e-08
178.928 -1.03753375e-07 -1.15680004e-07
179.148 -2.77801456e-08 -1.56071611e-07
179.369  6.39739748e-08 -1.46304680e-07
179.589  1.38257106e-07 -8.80481374e-08
179.809  1.66813686e-07  7.05262755e-09
180.030  1.39160344e-07  1.07756347e-07
180.250  5.59951080e-08  1.76841342e-07
180.470 -5.94872968e-08  1.90887789e-07
180.691 -1.66675282e-07  1.36923141e-07
180.911 -2.30928689e-07  2.42872747e-08
181.131 -2.24778322e-07 -1.10395649e-07
181.352 -1.39219719e-07 -2.25765767e-07
181.572  1.24167858e-09 -2.81655307e-07
181.792  1.55570790e-07 -2.48726869e-07
182.013  2.75712670e-07 -1.31989763e-07
182.233  3.13509458e-07  3.64948551e-08
182.453  2.49558873e-07  2.08367310e-07
182.674  9.82385139e-08  3.22112016e-07
182.894 -1.01197660e-07  3.32935886e-07
183.115 -2.82998795e-07  2.30581564e-07
183.335 -3.80847057e-07  3.54440051e-08
183.555 -3.56421104e-07 -1.94255855e-07
183.776 -2.02985889e-07 -3.79544819e-07
183.996  4.15096718e-08 -4.55555289e-07
184.216  2.98588865e-07 -3.83578161e-07
184.437  4.84087439e-07 -1.69761285e-07
184.657  5.27673421e-07  1.23675825e-07
184.877  3.95862486e-07  4.06081806e-07
185.098  1.18827580e-07  5.82232372e-07
185.318 -2.23268079e-07  5.77248196e-07
185.538 -5.23535984e-07  3.76628984e-07
185.759 -6.71661609e-07  3.15428885e-08
185.979 -6.02192455e-07 -3.57911128e-07
186.199 -3.20752361e-07 -6.60050432e-07
186.420  1.00413708e-07 -7.61001064e-07
186.640  5.29277023e-07 -6.09968354e-07
186.861  8.16047391e-07 -2.31288290e-07
187.081  8.51587112e-07  2.67954370e-07
187.301  5.97401093e-07  7.24001234e-07
187.522  1.10077133e-07  9.78550699e-07
187.742 -4.61612045e-07  9.24442164e-07
187.962 -9.30889324e-07  5.46786785e-07
188.183 -1.12817381e-06 -5.23412078e-08
188.403 -9.55612865e-07 -6.88114836e-07
188.623 -4.39711169e-07 -1.14809377e-06
188.844  2.72770795e-07 -1.25352324e-06
189.064  9.58265777e-07 -9.35420912e-07
189.284  1.37493153e-06 -2.66618781e-07
189.505  1.35282673e-06  5.58339868e-07
189.725  8.62232931e-07  1.26767485e-06
189.946  2.61781558e-08  1.60316488e-06
190.166 -8.98700933e-07  1.41802183e-06
190.386 -1.59765772e-06  7.26593151e-07
190.607 -1.81183701e-06 -2.80343883e-07
190.827 -1.42315781e-06 -1.27980042e-06
191.047 -5.08724086e-07 -1.92802370e-06
191.268  6.58877222e-07 -1.97117843e-06
191.488  1.69917657e-06 -1.33730006e-06
191.708  2.24402486e-06 -1.88778153e-07
191.929  2.05823756e-06  1.12102414e-06
192.149  1.14404830e-06  2.15625368e-06
192.369 -2.42509338e-07  2.53194763e-06
192.590 -1.66539231e-06  2.06104524e-06
192.810 -2.63317681e-06  8.37622169e-07
193.030 -2.77012381e-06 -7.81617351e-07
193.251 -1.96227576e-06 -2.26912261e-06
193.471 -4.08086520e-07 -3.09576367e-06
193.692  1.41778651e-06 -2.92371572e-06
193.912  2.90209833e-06 -1.72956014e-06
194.132  3.50557414e-06  1.59442597e-07
194.353  2.94888142e-06  2.14207855e-06
194.573  1.32829479e-06  3.54046617e-06
194.793 -8.76774451e-07  3.82600301e-06
195.014 -2.94811889e-06  2.80828671e-06
195.234 -4.16053333e-06  7.39327089e-07
195.454 -4.02364227e-06 -1.74379733e-06
195.675 -2.48035882e-06 -3.81571944e-06
195.895  3.96585426e-08 -4.72420598e-06
196.115  2.74056842e-06 -4.06365508e-06
196.336  4.69892081e-06 -1.94715368e-06
196.556  5.17697384e-06  1.00379186e-06
196.777  3.90142321e-06  3.82952385e-06
196.997  1.18310846e-06  5.53783813e-06
197.217 -2.14411601e-06  5.45697894e-06
197.438 -4.96785347e-06  3.48488360e-06
197.658 -6.27431535e-06  1.65398253e-07
197.878 -5.50362773e-06 -3.44416110e-06
198.099 -2.77200839e-06 -6.11278742e-06
198.319  1.10944869e-06 -6.85144642e-06
198.539  4.87339100e-06 -5.26574149e-06
198.760  7.20920209e-06 -1.74493764e-06
198.980  7.20571796e-06  2.62022908e-06
199.200  4.70319470e-06  6.37619761e-06
199.421  4.03557351e-07  8.17737621e-06
199.641 -4.32494565e-06  7.26502925e-06
199.861 -7.87081443e-06  3.77794095e-06
200.082 -8.92257847e-06 -1.24582362e-06
200.302 -6.95476194e-06 -6.16584882e-06
200.523 -2.45402312e-06 -9.26511832e-06
200.743  3.18378629e-06 -9.35310455e-06
200.963  8.07188821e-06 -6.20880942e-06
201.184  1.04672748e-05 -7.15984177e-07
201.404  9.38521903e-06  5.36389571e-06
201.624  4.98244385e-06  9.95620107e-06
201.845 -1.41605634e-06  1.13787226e-05
202.065 -7.70875432e-06  8.94206657e-06
202.285 -1.17082233e-05  3.25856142e-06
202.506 -1.18876043e-05 -3.89019344e-06
202.726 -7.95648845e-06 -1.01123229e-05
202.946 -1.04149003e-06 -1.31936482e-05
203.167  6.63220302e-06 -1.18793804e-05
203.387  1.24458955e-05 -6.37591478e-06
203.607  1.42724229e-05  1.64523386e-06
203.828  1.12552484e-05  9.54388029e-06
204.048  4.17269555e-06  1.45680303e-05
204.269 -4.74376081e-06  1.48157087e-05
204.489 -1.24961114e-05  9.94218826e-06
204.709 -1.63292544e-05  1.35962021e-06
204.930 -1.47055012e-05 -8.14902648e-06
205.150 -7.89715165e-06 -1.53293116e-05
205.370  2.00320468e-06 -1.75692341e-05
205.591  1.17152147e-05 -1.38334426e-05
205.811  1.78596835e-05 -5.11179309e-06
206.031  1.81219524e-05  5.81642198e-06
206.252  1.21142202e-05  1.52687932e-05
206.472  1.61573466e-06  1.98908186e-05
206.692 -9.94788440e-06  1.78383402e-05
206.913 -1.86141864e-05  9.50427393e-06
207.133 -2.12319734e-05 -2.51602066e-06
207.354 -1.66081842e-05 -1.42241542e-05
207.574 -6.01339704e-06 -2.15362509e-05
207.794  7.14997359e-06 -2.17101370e-05
208.015  1.84244827e-05 -1.43637706e-05
208.235  2.38076137e-05 -1.70896484e-06
208.455  2.11716230e-05  1.20929729e-05
208.676  1.10798972e-05  2.22953054e-05
208.896 -3.28412393e-06  2.52017530e-05
209.116 -1.71091822e-05  1.94918380e-05
209.337 -2.55722302e-05  6.78612472e-06
209.557 -2.55122746e-05 -8.78722238e-06
209.777 -1.66005188e-05 -2.19355976e-05
209.998 -1.58080048e-06 -2.79952426e-05
210.218  1.45694233e-05 -2.45776072e-05
210.438  2.62849622e-05 -1.25029134e-05
210.659  2.93220585e-05  4.36354865e-06
210.879  2.22980076e-05  2.03444891e-05
211.100  7.28219468e-06  2.98514641e-05
211.320 -1.08021191e-05  2.93428472e-05
211.540 -2.57796768e-05  1.86379931e-05
211.761 -3.23332645e-05  1.09445452e-06
211.981 -2.78953248e-05 -1.74287819e-05
212.201 -1.36318869e-05 -3.05245436e-05
212.422  5.83060189e-06 -3.34616286e-05
212.642  2.38954118e-05 -2.48850023e-05
212.862  3.42395476e-05 -7.40164679e-06
213.083  3.30239794e-05  1.31902844e-05
213.303  2.03093895e-05  2.98289728e-05
213.523  1.67967731e-07  3.66116715e-05
213.744 -2.06179840e-05  3.08833691e-05
213.964 -3.48427207e-05  1.42710153e-05
214.185 -3.73702014e-05 -7.75813266e-06
214.405 -2.69937130e-05 -2.76980113e-05
214.625 -6.97151762e-06 -3.85561347e-05
214.846  1.59932328e-05 -3.63119833e-05
215.066  3.39904424e-05 -2.14071995e-05
215.286  4.06315865e-05  1.29767032e-06
215.507  3.33276088e-05  2.40998234e-05
215.727  1.42822406e-05  3.90668395e-05
215.947 -1.01571011e-05  4.08095410e-05
216.168 -3.16082148e-05  2.84203645e-05
216.388 -4.25416276e-05  5.89351808e-06
216.608 -3.89280805e-05 -1.91486784e-05
216.829 -2.17183086e-05 -3.80434011e-05
217.049  3.37226497e-06 -4.40927477e-05
217.269  2.77630691e-05 -3.49372643e-05
217.490  4.29531782e-05 -1.34761277e-05
217.710  4.34850678e-05  1.30414502e-05
217.931  2.89145659e-05  3.54741870e-05
218.151  4.06278233e-06  4.59415756e-05
218.371 -2.25841379e-05  4.06021253e-05
218.592 -4.17741760e-05  2.10726319e-05
218.812 -4.67093993e-05 -6.05530659e-06
219.032 -3.54707254e-05 -3.14402328e-05
219.253 -1.17570268e-05 -4.62110371e-05
219.473  1.63295386e-05 -4.50858473e-05
219.693  3.90501870e-05 -2.82667872e-05
219.914  4.84234517e-05 -1.43600100e-06
220.134  4.10415964e-05  2.61570873e-05
220.354  1.93099953e-05  4.48966088e-05
220.575 -9.32381988e-06  4.81677876e-05
220.795 -3.49274941e-05  3.46966274e-05
221.015 -4.85465865e-05  9.05266358e-06
221.236 -4.53435541e-05 -1.98974170e-05
221.456 -2.63290264e-05 -4.20707367e-05
221.677  1.94284464e-06 -4.96885946e-05
221.897  2.96435868e-05 -4.00184693e-05
222.117  4.70957719e-05 -1.63709742e-05
222.338  4.81649335e-05  1.30362576e-05
222.558  3.24375229e-05  3.79412898e-05
222.778  5.38443989e-06  4.96262375e-05
222.999 -2.35462142e-05  4.39916349e-05
223.219 -4.42314683e-05  2.30075978e-05
223.439 -4.94357205e-05 -5.97517651e-06
223.660 -3.73608725e-05 -3.27978786e-05
223.880 -1.22719495e-05 -4.80687555e-05
224.100  1.70018876e-05 -4.64740611e-05
224.321  4.01805845e-05 -2.86359060e-05
224.541  4.91654320e-05 -8.83424362e-07
224.762  4.08810926e-05  2.69893958e-05
224.982  1.83413406e-05  4.51981232e-05
225.202 -1.04338763e-05  4.74166087e-05
225.423 -3.52825748e-05  3.29887921e-05
225.643 -4.75029179e-05  7.13496469e-06
225.863 -4.29131302e-05 -2.09374076e-05
226.084 -2.33044978e-05 -4.13232698e-05
226.304  4.24323592e-06 -4.69242014e-05
226.524  2.99230012e-05 -3.59432818e-05
226.745  4.46961633e-05 -1.24723579e-05
226.965  4.34940375e-05  1.50290738e-05
227.185  2.69779800e-05  3.67810623e-05
227.406  1.22762204e-06  4.51744942e-05
227.626 -2.44878399e-05  3.74574095e-05
227.846 -4.10499407e-05  1.66426069e-05
228.067 -4.27472989e-05 -9.64841139e-06
228.287 -2.92583860e-05 -3.19683875e-05
228.508 -5.67866285e-06 -4.24557654e-05
228.728  1.93838437e-05 -3.76196162e-05
228.948  3.69574251e-05 -1.95095049e-05
229.169  4.09330120e-05  5.11106777e-06
229.389  3.01982099e-05  2.72836668e-05
229.609  8.94764224e-06  3.91242063e-05
229.830 -1.49324240e-05  3.66345134e-05
230.050 -3.27918996e-05  2.10692313e-05
230.270 -3.83530795e-05 -1.62392040e-06
230.491 -2.99330684e-05 -2.30663116e-05
230.711 -1.09593751e-05 -3.55372279e-05
230.931  1.13977190e-05 -3.47625288e-05
231.152  2.89211407e-05 -2.13998444e-05
231.372  3.53650368e-05 -6.78714738e-07
231.593  2.87001827e-05  1.96221066e-05
231.813  1.17550817e-05  3.20803136e-05
232.033 -8.94506472e-06  3.23549249e-05
232.254 -2.56643033e-05  2.07118756e-05
232.474 -3.23457142e-05  1.80750216e-06
232.694 -2.68175227e-05 -1.71357148e-05
232.915 -1.14985131e-05 -2.90728957e-05
233.135  7.60810419e-06 -2.97616143e-05
233.355  2.32378096e-05 -1.92730827e-05
233.576  2.96214175e-05 -1.86669025e-06
233.796  2.46128124e-05  1.56990773e-05
234.016  1.04154788e-05  2.67742675e-05
234.237 -7.33559434e-06  2.73249428e-05
234.457 -2.17845325e-05  1.74033090e-05
234.677 -2.74842067e-05  1.05547242e-06
234.898 -2.24394273e-05 -1.52969384e-05
235.118 -8.81615779e-06 -2.53552527e-05
235.339  7.95462954e-06 -2.53480023e-05
235.559  2.13165794e-05 -1.54472439e-05
235.779  2.61209293e-05  3.45926879e-07
236.000  2.05992198e-05  1.57964859e-05
236.220  7.02004459e-06  2.48643945e-05
236.440 -9.22933504e-06  2.40424187e-05
236.661 -2.17520084e-05  1.37092384e-05
236.881 -2.56290298e-05 -2.04025088e-06
237.101 -1.93382988e-05 -1.69998417e-05
237.322 -5.34244404e-06 -2.52664004e-05
237.542  1.08713162e-05 -2.35493452e-05
237.762  2.29173284e-05 -1.24625295e-05
237.983  2.60047808e-05  3.70346972e-06
238.203  1.88212890e-05  1.86273316e-05
238.423  4.06539840e-06  2.64102470e-05
238.644 -1.25645644e-05  2.38871889e-05
238.864 -2.45590361e-05  1.18835679e-05
239.085 -2.71309841e-05 -5.05675864e-06
239.305 -1.90964639e-05 -2.03872072e-05
239.525 -3.38478905e-06 -2.80827255e-05
239.746  1.40309058e-05 -2.49840639e-05
239.966  2.64076602e-05 -1.20640895e-05
240.186  2.88302304e-05  5.87400101e-06
240.407  2.01356800e-05  2.19920107e-05
240.627  3.43348572e-06  3.00223893e-05
240.847 -1.50177034e-05  2.66848667e-05
241.068 -2.81649270e-05  1.30051144e-05
241.288 -3.08458082e-05 -5.99991438e-06
241.508 -2.18010977e-05 -2.31785690e-05
241.729 -4.22964041e-06 -3.19346335e-05
241.949  1.53607355e-05 -2.87523598e-05
242.170  2.95711431e-05 -1.45944670e-05
242.390  3.29048189e-05  5.39413102e-06
242.610  2.38905431e-05  2.37693528e-05
242.831  5.70007644e-06  3.35644625e-05
243.051 -1.49823515e-05  3.09373278e-05
243.271 -3.04239404e-05  1.66654896e-05
243.492 -3.47466091e-05 -4.08688754e-06
243.712 -2.61649925e-05 -2.36463411e-05
243.932 -7.70221197e-06 -3.46826009e-05
244.153  1.38817711e-05 -3.29665310e-05
244.373  3.05798435e-05 -1.89816639e-05
244.593  3.61263701e-05  2.20571441e-06
244.814  2.83485349e-05  2.27927673e-05
245.034  1.00117203e-05  3.51354188e-05
245.254 -1.21682542e-05  3.45951333e-05
245.475 -3.00057537e-05  2.12831215e-05
245.695 -3.68810028e-05  5.26523116e-08
245.916 -3.02026017e-05 -2.12866412e-05
246.136 -1.23914235e-05 -3.48596355e-05
246.356  1.00055356e-05 -3.56412104e-05
246.577  2.87397932e-05 -2.33297609e-05
246.797  3.69100539e-05 -2.46386708e-06
247.017  3.15207391e-05  1.92655984e-05
247.238  1.45900812e-05  3.38607180e-05
247.458 -7.61417215e-06  3.59767306e-05
247.678 -2.69032503e-05  2.48964985e-05
247.899 -3.62009648e-05  4.77060975e-06
248.119 -3.21611252e-05 -1.69414925e-05
248.339 -1.63777385e-05 -3.22446519e-05
248.560  5.24127160e-06 -3.55740546e-05
248.780  2.46868449e-05 -2.58314966e-05
249.001  3.48342198e-05 -6.74689657e-06
249.221  3.20704149e-05  1.45428515e-05
249.441  1.75867525e-05  3.01739668e-05
249.662 -3.11333351e-06  3.44784583e-05
249.882 -2.23066646e-05  2.60485032e-05
250.102 -3.29472266e-05  8.20355897e-06
250.323 -3.12626052e-05 -1.23055526e-05
250.543 -1.81042234e-05 -2.78597619e-05
250.763  1.43808141e-06 -3.28103286e-05
250.984  2.00049033e-05 -2.55427101e-05
251.204  3.07429499e-05 -9.01234125e-06
251.424  2.98433074e-05  1.04441409e-05
251.645  1.79098879e-05  2.55363335e-05
251.865 -3.54883080e-07  3.07540458e-05
252.085 -1.79938864e-05  2.43960636e-05
252.306 -2.84396303e-05  9.12827281e-06
252.526 -2.79711243e-05 -9.11356667e-06
252.747 -1.70523619e-05 -2.34174510e-05
252.967 -5.97501918e-08 -2.85168624e-05
253.187  1.64498294e-05 -2.27434108e-05
253.408  2.62610450e-05 -8.56998225e-06
253.628  2.58492127e-05  8.41645379e-06
253.848  1.56506898e-05  2.16983364e-05
254.069 -1.93395102e-07  2.63297998e-05
254.289 -1.54905819e-05  2.07813270e-05
254.509 -2.44096098e-05  7.44360735e-06
254.730 -2.37017804e-05 -8.36603315e-06
254.950 -1.38847075e-05 -2.05067893e-05
255.170  1.02995945e-06 -2.43923555e-05
255.391  1.51521254e-05 -1.87181098e-05
255.611  2.30267370e-05 -5.90364757e-06
255.831  2.17283631e-05  8.91060783e-06
256.052  1.19505564e-05  1.99093059e-05
256.272 -2.32031367e-06  2.28664392e-05
256.493 -1.54135390e-05  1.67626991e-05
256.713 -2.22060611e-05  4.14140147e-06
256.933 -2.01113150e-05 -9.93692158e-06
257.154 -1.00659187e-05 -1.99036584e-05
257.374  3.87785372e-06 -2.18625195e-05
257.594  1.61724620e-05 -1.51067592e-05
257.815  2.19579460e-05 -2.37073425e-06
258.035  1.89701655e-05  1.12711617e-05
258.255  8.41962478e-06  2.04050955e-05
258.476 -5.50305805e-06  2.14094254e-05
258.696 -1.72778566e-05  1.38794326e-05
258.916 -2.22268526e-05  7.77669910e-07
259.137 -1.83600981e-05 -1.27277597e-05
259.357 -7.15741939e-06 -2.12882172e-05
259.578  7.00391048e-06 -2.14819774e-05
259.798  1.85519072e-05 -1.31622663e-05
260.018  2.29057472e-05  4.72307277e-07
260.239  1.82762695e-05  1.41066121e-05
260.459  6.37957247e-06  2.23799876e-05
260.679 -8.20350524e-06  2.19838502e-05
260.900 -1.97954471e-05  1.29633104e-05
261.120 -2.38307214e-05 -1.26898051e-06
261.340 -1.86363442e-05 -1.52315842e-05
261.561 -6.10929561e-06 -2.34919123e-05
261.781  8.98436446e-06 -2.27692885e-05
262.001  2.08356595e-05 -1.32242131e-05
262.222  2.48261494e-05  1.56807582e-06
262.442  1.93177609e-05  1.59727591e-05
262.662  6.31504610e-06  2.44479767e-05
262.883 -9.27931540e-06  2.36718941e-05
263.103 -2.15256607e-05  1.38408105e-05
263.324 -2.57099281e-05 -1.38127808e-06
263.544 -2.01597133e-05 -1.62444146e-05
263.764 -6.90356293e-06 -2.50896026e-05
263.985  9.08664358e-06 -2.45092248e-05
264.205  2.17687472e-05 -1.46593330e-05
264.425  2.63220711e-05  7.89793369e-07
264.646  2.09868915e-05  1.60311036e-05
264.866  7.73520001e-06  2.53130947e-05
265.086 -8.46761523e-06  2.51230729e-05
265.307 -2.15318278e-05  1.55145585e-05
265.527 -2.65482081e-05  8.63925763e-08
265.747 -2.16381022e-05 -1.53710682e-05
265.968 -8.65298956e-06 -2.50652796e-05
266.188  7.52574209e-06 -2.53835720e-05
266.409  2.08350079e-05 -1.62395107e-05
266.629  2.63173867e-05 -1.09497588e-06
266.849  2.19716101e-05  1.43582015e-05
267.070  9.48818614e-06  2.43535333e-05
267.290 -6.40848985e-06  2.52086998e-05
267.510 -1.97620451e-05  1.66897417e-05
267.731 -2.56246094e-05  2.07188203e-06
267.951 -2.18986885e-05 -1.31284841e-05
268.171 -1.00969844e-05 -2.32440881e-05
268.392  5.27163373e-06 -2.45775171e-05
268.612  1.84312180e-05 -1.67661479e-05
268.832  2.45148100e-05 -2.86965620e-06
269.053  2.13788934e-05  1.18305628e-05
269.273  1.03642519e-05  2.18400711e-05
269.493 -4.26961562e-06  2.35173559e-05
269.714 -1.69882915e-05  1.64098815e-05
269.934 -2.30829784e-05  3.35981486e-06
270.155 -2.04272992e-05 -1.06230805e-05
270.375 -1.02196527e-05 -2.02851826e-05
270.595  3.53519601e-06 -2.21152902e-05
270.816  1.55897293e-05 -1.56252552e-05
271.036  2.14638596e-05 -3.46598073e-06
271.256  1.91158556e-05  9.63862511e-06
271.477  9.65353141e-06  1.87284664e-05
271.697 -3.15406713e-06  2.04894267e-05
271.917 -1.43711327e-05  1.44640149e-05
272.138 -1.97988786e-05  3.15949106e-06
272.358 -1.75471795e-05 -8.97878505e-06
272.578 -8.69919871e-06 -1.73123940e-05
272.799  3.17466050e-06 -1.87783207e-05
273.019  1.34489547e-05 -1.30201971e-05
273.239  1.82365439e-05 -2.46017877e-06
273.460  1.58594869e-05  8.70515215e-06
273.680  7.44382929e-06  1.61600509e-05
273.901 -3.58733261e-06  1.71311750e-05
274.121 -1.28910171e-05  1.14258050e-05
274.341 -1.69009033e-05  1.44277361e-06
274.562 -1.41960979e-05 -8.81967636e-06
274.782 -6.00475380e-06 -1.53469918e-05
275.002  4.33522763e-06 -1.56739382e-05
275.223  1.27161965e-05 -9.81592369e-06
275.443  1.58814653e-05 -2.09186984e-07
275.663  1.26880106e-05  9.28372842e-06
275.884  4.51288342e-06  1.49115606e-05
276.104 -5.32618413e-06  1.45104675e-05
276.324 -1.29005581e-05  8.32733295e-06
276.545 -1.52307825e-05 -1.11019150e-06
276.765 -1.14470557e-05 -1.00124403e-05
276.986 -3.10735878e-06 -1.48404660e-05
277.206  6.43444832e-06 -1.37004364e-05
277.426  1.33700182e-05 -7.07445652e-06
277.647  1.49457479e-05  2.38010782e-06
277.867  1.05400614e-05  1.08922335e-05
278.087  1.90456892e-06  1.50746668e-05
278.308 -7.53213716e-06  1.32552431e-05
278.528 -1.40246458e-05  6.13611535e-06
278.748 -1.49835787e-05 -3.48043624e-06
278.969 -9.99596356e-06 -1.17996535e-05
279.189 -9.95951777e-07 -1.55236785e-05
279.409  8.49425221e-06 -1.31462714e-05
279.630  1.47417987e-05 -5.55477165e-06
279.850  1.52611304e-05  4.31190455e-06
280.070  9.79656413e-06  1.26068356e-05
280.291  4.31242603e-07  1.60687197e-05
280.511 -9.21800836e-06  1.33000310e-05
280.732 -1.53961244e-05  5.32144760e-06
280.952 -1.56698577e-05 -4.81777730e-06
281.172 -9.88124005e-06 -1.32085376e-05
281.393 -2.14373139e-07 -1.65905352e-05
281.613  9.63564018e-06 -1.36196385e-05
281.833  1.58788041e-05 -5.38992446e-06
282.054  1.60940667e-05  4.97803452e-06
282.274  1.01613639e-05  1.35252322e-05
282.494  3.12213240e-07  1.69752038e-05
282.715 -9.71439250e-06  1.39893265e-05
282.935 -1.61023139e-05  5.67788710e-06
283.155 -1.64159317e-05 -4.81643214e-06
283.376 -1.05236154e-05 -1.35172340e-05
283.596 -6.50368096e-07 -1.71310500e-05
283.817  9.47021975e-06 -1.42925639e-05
284.037  1.60204944e-05 -6.08043664e-06
284.257  1.65411999e-05  4.39647019e-06
284.478  1.08567211e-05  1.31889558e-05
284.698  1.13421994e-06  1.70017080e-05
284.918 -8.95332637e-06  1.44317084e-05
285.139 -1.56223759e-05  6.48932227e-06
285.359 -1.64019656e-05 -3.80503697e-06
285.579 -1.10573577e-05 -1.25777160e-05
285.800 -1.65461958e-06 -1.65632919e-05
286.020  8.24490062e-06 -1.43298092e-05
286.240  1.49362551e-05 -6.79567689e-06
286.461  1.59669290e-05  3.15053629e-06
286.681  1.10430407e-05  1.17585169e-05
286.901  2.10219985e-06  1.58374980e-05
287.122 -7.44714710e-06  1.39493718e-05
287.342 -1.40284649e-05  6.91414638e-06
287.563 -1.52478633e-05 -2.53801297e-06
287.783 -1.07672635e-05 -1.08246815e-05
288.003 -2.38889563e-06 -1.48785481e-05
288.224  6.66201282e-06 -1.32877866e-05
288.444  1.29845074e-05 -6.78745331e-06
288.664  1.42858902e-05  2.06096811e-06
288.885  1.02142012e-05  9.87885449e-06
289.105  2.44758850e-06  1.37658445e-05
289.325 -5.98955013e-06  1.23766587e-05
289.546 -1.19071416e-05  6.39130905e-06
289.766 -1.31550687e-05 -1.79362462e-06
289.986 -9.40924151e-06 -9.02327929e-06
290.207 -2.24747430e-06 -1.25979051e-05
290.427  5.50753834e-06 -1.12832713e-05
290.647  1.08955169e-05 -5.74253917e-06
290.868  1.19466906e-05  1.77475842e-06
291.088  8.40908133e-06  8.33791629e-06
291.309  1.79248031e-06  1.14709171e-05
291.529 -5.26422023e-06  1.00913940e-05
291.749 -1.00342880e-05  4.88520283e-06
291.970 -1.07571071e-05 -2.01305217e-06
292.190 -7.29098919e-06 -7.88060169e-06
292.410 -1.11699959e-06 -1.04760275e-05
292.631  5.27715146e-06 -8.89746646e-06
292.851  9.38909695e-06 -3.89145716e-06
293.071  9.68043447e-06  2.48028228e-06
293.292  6.14829966e-06  7.67578649e-06
293.512  2.87604726e-07  9.68302814e-06
293.732 -5.52585093e-06  7.79362793e-06
293.953 -8.99177112e-06  2.84896290e-06
294.173 -8.78859133e-06 -3.11899341e-06
294.394 -5.07085501e-06 -7.71444514e-06
294.614  6.14660270e-07 -9.13207199e-06
294.834  5.96436962e-06 -6.85608178e-06
295.055  8.84470216e-06 -1.84772000e-06
295.275  8.13066400e-06  3.85430304e-06
295.495  4.14110399e-06  7.95961329e-06
295.716 -1.49962696e-06  8.83403425e-06
295.936 -6.52236902e-06  6.14172269e-06
296.156 -8.91659692e-06  9.73434314e-07
296.377 -7.72429430e-06 -4.59828654e-06
296.597 -3.42022573e-06 -8.34548909e-06
296.817  2.28280579e-06 -8.76458587e-06
297.038  7.11636314e-06 -5.67498562e-06
297.258  9.14959651e-06 -2.89406041e-07
297.478  7.55547628e-06  5.26806220e-06
297.699  2.94023343e-06  8.79433376e-06
297.919 -2.89660128e-06  8.87636550e-06
298.140 -7.66293872e-06  5.45238073e-06
298.360 -9.47147882e-06 -1.63647534e-07
298.580 -7.58502630e-06 -5.78954674e-06
298.801 -2.70580847e-06 -9.22197703e-06
299.021  3.29227166e-06 -9.10071402e-06
299.241  8.08414345e-06 -5.43965496e-06
299.462  9.79911518e-06  3.74514432e-07
299.682  7.74752216e-06  6.10955755e-06
299.902  2.68870753e-06  9.55082477e-06
300.123 -3.45249575e-06  9.35764154e-06
300.343 -8.32472381e-06  5.57812146e-06
300.563 -1.00559206e-05 -3.62264396e-07
300.784 -7.96800165e-06 -6.20394889e-06
301.004 -2.83990894e-06 -9.72141514e-06
301.225  3.38653205e-06 -9.56989249e-06
301.445  8.35194768e-06 -5.79802902e-06
301.665  1.01757692e-05  1.68108542e-07
301.886  8.16810131e-06  6.07367327e-06
302.106  3.09266759e-06  9.69245397e-06
302.326 -3.13084657e-06  9.66669697e-06
302.547 -8.15992946e-06  6.02088994e-06
302.767 -1.01122988e-05  1.43381118e-07
302.987 -8.27620683e-06 -5.74982573e-06
303.208 -3.37016411e-06 -9.45230599e-06
303.428  2.74456459e-06 -9.59938440e-06
303.648  7.77180626e-06 -6.17531959e-06
303.869  9.84788556e-06 -4.99565645e-07
304.089  8.23969914e-06  5.28286024e-06
304.309  3.60044029e-06  9.01522783e-06
304.530 -2.29522395e-06  9.34223097e-06
304.750 -7.23048118e-06  6.20237958e-06
304.971 -9.38841760e-06  8.27597025e-07
305.191 -8.02406980e-06 -4.73731441e-06
305.411 -3.71962373e-06 -8.41913008e-06
305.632  1.85637117e-06 -8.89378213e-06
305.852  6.59877049e-06 -6.06188734e-06
306.072  8.76658700e-06 -1.06175379e-06
306.293  7.62214821e-06  4.18621056e-06
306.513  3.68480174e-06  7.72235498e-06
306.733 -1.49432966e-06  8.27974969e-06
306.954 -5.94639371e-06  5.74134994e-06
307.174 -8.03315381e-06  1.15534454e-06
307.394 -7.05184937e-06 -3.69644090e-06
307.615 -3.47609336e-06 -6.98983170e-06
307.835  1.26152598e-06 -7.54391878e-06
308.055  5.34078943e-06 -5.25070110e-06
308.276  7.25008038e-06 -1.08003508e-06
308.496  6.35193194e-06  3.32513274e-06
308.717  3.09599971e-06  6.28985281e-06
308.937 -1.19206980e-06  6.74671837e-06
309.157 -4.84143406e-06  4.62358808e-06
309.378 -6.48582823e-06  8.32755075e-07
309.598 -5.57901856e-06 -3.10936553e-06
309.818 -2.57199535e-06 -5.68311392e-06
310.039  1.29379578e-06 -5.95403088e-06
310.259  4.48908477e-06 -3.91007298e-06
310.479  5.80176188e-06 -4.34218858e-07
310.700  4.79470366e-06  3.06369612e-06
310.920  1.94796148e-06  5.21562658e-06
311.140 -1.55336856e-06  5.22765783e-06
311.361 -4.30625536e-06  3.16913880e-06
311.581 -5.24834232e-06 -7.63814913e-08
311.802 -4.06191915e-06 -3.18192584e-06
312.022 -1.28176021e-06 -4.91549038e-06
312.242  1.93628572e-06 -4.62074601e-06
312.463  4.29186887e-06 -2.46452019e-06
312.683  4.85664590e-06  6.44266933e-07
312.903  3.43547315e-06  3.43481710e-06
313.124  6.35177432e-07  4.78576646e-06
313.344 -2.39335531e-06  4.16790007e-06
313.564 -4.42249596e-06  1.85178585e-06
313.785 -4.63590306e-06 -1.21141704e-06
314.005 -2.95489123e-06 -3.77860153e-06
314.225 -6.42955270e-08 -4.80990341e-06
314.446  2.86867590e-06 -3.88597202e-06
314.666  4.65866723e-06 -1.37489771e-06
314.886  4.57642984e-06  1.72010693e-06
315.107  2.64256083e-06  4.15791652e-06
315.327 -3.83704790e-07  4.95259888e-06
315.548 -3.30291308e-06  3.76996428e-06
315.768 -4.94723942e-06  1.05933646e-06
315.988 -4.64722225e-06 -2.12093022e-06
316.209 -2.49703401e-06 -4.51462450e-06
316.429  6.79905050e-07 -5.16524173e-06
316.649  3.64574805e-06 -3.79372641e-06
316.870  5.23328040e-06 -9.09281915e-07
317.090  4.80437289e-06  2.38038935e-06
317.310  2.49859827e-06  4.79785793e-06
317.531 -8.12808557e-07  5.39466267e-06
317.751 -3.85927377e-06  3.91746180e-06
317.971 -5.46389740e-06  9.11817582e-07
318.192 -4.99492063e-06 -2.48133012e-06
318.412 -2.61140565e-06 -4.96588850e-06
318.633  7.90748101e-07 -5.58563503e-06
318.853  3.92283716e-06 -4.08974888e-06
319.073  5.59441043e-06 -1.03469292e-06
319.294  5.16402712e-06  2.42882806e-06
319.514  2.78754651e-06  4.99448986e-06
319.734 -6.41972409e-07  5.69226280e-06
319.955 -3.83635602e-06  4.25830413e-06
320.175 -5.59634317e-06  1.23395175e-06
320.395 -5.26524158e-06 -2.24519446e-06
320.616 -2.97622460e-06 -4.87671056e-06
320.836  4.06461256e-07 -5.68189696e-06
321.056  3.61547170e-06 -4.37456187e-06
321.277  5.45712801e-06 -1.45899214e-06
321.497  5.26179059e-06  1.96644408e-06
321.717  3.12622495e-06  4.62358452e-06
321.938 -1.33548580e-07  5.53808910e-06
322.158 -3.29294328e-06  4.39826232e-06
322.379 -5.18457331e-06  1.65844707e-06
322.599 -5.13341218e-06 -1.63913185e-06
322.819 -3.19576289e-06 -4.26445784e-06
323.040 -1.27339108e-07 -5.26380101e-06
323.260  2.91207387e-06 -4.30514689e-06
323.480  4.80261063e-06 -1.78992055e-06
323.701  4.87675011e-06  1.31151648e-06
323.921  3.15677002e-06  3.83890694e-06
324.141  3.31731907e-07  4.87664802e-06
324.362 -2.52087751e-06  4.08657278e-06
324.582 -4.34691097e-06  1.82124509e-06
324.802 -4.50497523e-06 -1.03072319e-06
325.023 -2.99662153e-06 -3.39375968e-06
325.243 -4.43779685e-07 -4.40932097e-06
325.463  2.16688487e-06 -3.75256802e-06
325.684  3.86205634e-06 -1.73590568e-06
325.904  4.04784465e-06  8.34255183e-07
326.125  2.72081516e-06  2.97507984e-06
326.345  4.43276514e-07  3.90375636e-06
326.565 -1.88823559e-06  3.32798893e-06
326.786 -3.39325524e-06  1.53367390e-06
327.006 -3.54387821e-06 -7.45749459e-07
327.226 -2.34836401e-06 -2.62305474e-06
327.447 -3.25137501e-07 -3.40495031e-06
327.667  1.71257490e-06 -2.84767769e-06
327.887  2.98335713e-06 -1.22946215e-06
328.108  3.03707772e-06  7.74210762e-07
328.328  1.91156978e-06  2.36908787e-06
328.548  1.01392761e-07  2.95639664e-06
328.769 -1.65269913e-06  2.35398825e-06
328.989 -2.66544618e-06  8.53217808e-07
329.210 -2.56992194e-06 -9.11691909e-07
329.430 -1.45076150e-06 -2.22926477e-06
329.650  2.02341935e-07 -2.59181029e-06
329.871  1.70574768e-06 -1.88885134e-06
330.091  2.45866863e-06 -4.42190391e-07
330.311  2.17817652e-06  1.13791642e-06
330.532  1.00773961e-06  2.20517714e-06
330.752 -5.52207906e-07  2.33431235e-06
330.972 -1.85520091e-06  1.49077868e-06
331.193 -2.36852565e-06  3.74760964e-08
331.413 -1.88887928e-06 -1.42107706e-06
331.633 -6.22024563e-07 -2.28294348e-06
331.854  9.08053230e-07 -2.19315538e-06
332.074  2.07098179e-06 -1.18863631e-06
332.294  2.38476664e-06  3.21831214e-07
332.515  1.71422887e-06  1.72233149e-06
332.735  3.23208310e-07  2.43618167e-06
332.956 -1.23094872e-06  2.16251575e-06
333.176 -2.31693271e-06  9.97342860e-07
333.396 -2.48581627e-06 -6.04074308e-07
333.617 -1.65246954e-06 -2.00281196e-06
333.837 -1.30155596e-07 -2.63187582e-06
334.057  1.48644318e-06 -2.22432352e-06
334.278  2.55467127e-06 -9.19135708e-07
334.498  2.64036561e-06  7.86264277e-07
334.718  1.68810973e-06  2.22668733e-06
334.939  4.89773095e-08  2.83196416e-06
335.159 -1.64943545e-06  2.34853739e-06
335.379 -2.74813998e-06  9.41880266e-07
335.600 -2.81098072e-06 -8.59502456e-07
335.820 -1.79424227e-06 -2.36788292e-06
336.041 -7.14099784e-08 -3.00010099e-06
336.261  1.70854071e-06 -2.49998736e-06
336.481  2.86913807e-06 -1.04294084e-06
336.702  2.96130217e-06  8.28358201e-07
336.922  1.93859401e-06  2.41114006e-06
337.142  1.78085843e-07  3.10534278e-06
337.363 -1.66429400e-06  2.64269860e-06
337.583 -2.89820247e-06  1.19154605e-06
337.803 -3.05881288e-06 -7.09580296e-07
338.024 -2.08511953e-06 -2.35299342e-06
338.244 -3.39280532e-07 -3.12590015e-06
338.464  1.53018726e-06 -2.74342846e-06
338.685  2.82913161e-06 -1.35181318e-06
338.905  3.08047576e-06  5.30123789e-07
339.125  2.19989629e-06  2.20346169e-06
339.346  5.21029166e-07  3.05321151e-06
339.566 -1.32938313e-06  2.77692602e-06
339.787 -2.66859263e-06  1.48972831e-06
340.007 -3.01396438e-06 -3.21324236e-07
340.227 -2.25505140e-06 -1.98272186e-06
340.448 -6.89647305e-07 -2.88998278e-06
340.668  1.09190278e-06 -2.72675353e-06
340.888  2.43416064e-06 -1.57582008e-06
341.109  2.85800877e-06  1.17174948e-07
341.329  2.23179297e-06  1.71987664e-06
341.549  8.14642181e-07  2.65064839e-06
341.770 -8.51857646e-07  2.58903904e-06
341.990 -2.15243791e-06  1.58990382e-06
342.210 -2.62394439e-06  5.09150202e-08
342.431 -2.12404410e-06 -1.44736151e-06
342.651 -8.73607448e-07 -2.35845363e-06
342.871  6.40765909e-07 -2.37210698e-06
343.092  1.85348954e-06 -1.52229985e-06
343.312  2.33233717e-06 -1.58091078e-07
343.533  1.93631845e-06  1.19641652e-06
343.753  8.52940997e-07  2.04236643e-06
343.973 -4.85053681e-07  2.09402342e-06
344.194 -1.56908783e-06  1.37369793e-06
344.414 -2.01140596e-06  1.88470519e-07
344.634 -1.68376483e-06 -9.94716138e-07
344.855 -7.50973951e-07 -1.73453621e-06
345.075  4.02050965e-07 -1.78083277e-06
345.295  1.32799672e-06 -1.15660852e-06
345.516  1.69187739e-06 -1.38418698e-07
345.736  1.38956513e-06  8.61739174e-07
345.956  5.77614937e-07  1.46382864e-06
346.177 -3.98748556e-07  1.46117903e-06
346.397 -1.15191531e-06  8.91882880e-07
346.618 -1.40238692e-06  1.42506437e-08
346.838 -1.08149118e-06 -8.08151411e-07
347.058 -3.51345473e-07 -1.25347410e-06
347.279  4.72470351e-07 -1.16445011e-06
347.499  1.05372615e-06 -6.06721266e-07
347.719  1.16766681e-06  1.68226493e-07
347.940  7.89600582e-07  8.33413392e-07
348.160  9.75697368e-08  1.11790809e-06
348.380 -6.09566316e-07  9.16701859e-07
348.601 -1.03463504e-06  3.30101793e-07
348.821 -1.00426039e-06 -3.85898906e-07
349.041 -5.40111298e-07 -9.26028044e-07
349.262  1.56451619e-07 -1.06141630e-06
349.482  7.88856561e-07 -7.36470463e-07
349.702  1.08647670e-06 -8.80827234e-08
349.923  9.19850484e-07  6.12155149e-07
350.143  3.53041688e-07  1.06706215e-06
350.364 -3.83724714e-07  1.07929723e-06
350.584 -9.84181837e-07  6.33621818e-07
350.804 -1.19281442e-06 -9.75604133e-08
351.025 -9.11745338e-07 -8.19077282e-07
351.245 -2.39999862e-07 -1.23183236e-06
351.465  5.60875966e-07 -1.15689436e-06
351.686  1.16834475e-06 -6.07112282e-07
351.906  1.33071911e-06  2.13057398e-07
352.126  9.67073750e-07  9.82989424e-07
352.347  2.02818612e-07  1.39445274e-06
352.567 -6.72300900e-07  1.27282882e-06
352.787 -1.31770904e-06  6.47156093e-07
353.008 -1.47473256e-06 -2.53444084e-07
353.228 -1.06659022e-06 -1.08685038e-06
353.449 -2.35000012e-07 -1.53021534e-06
353.669  7.10894813e-07 -1.40204470e-06
353.889  1.41328536e-06 -7.36886717e-07
354.110  1.59908007e-06  2.23278811e-07
354.330  1.18651435e-06  1.12161903e-06
354.550  3.21214542e-07  1.61832188e-06
354.771 -6.79559727e-07  1.51922304e-06
354.991 -1.44377993e-06  8.53872056e-07
355.211 -1.68252555e-06 -1.36336202e-07
355.432 -1.30248332e-06 -1.08743707e-06
355.652 -4.40283438e-07 -1.64575148e-06
355.872  5.89170653e-07 -1.60303418e-06
356.093  1.40643599e-06 -9.73989947e-07
356.313  1.71064864e-06  1.17509457e-08
356.533  1.39199952e-06  9.92070853e-07
356.754  5.68478312e-07  1.60767133e-06
356.974 -4.56590261e-07  1.63699052e-06
357.195 -1.30716021e-06  1.07362557e-06
357.415 -1.67654968e-06  1.27891145e-07
357.635 -1.43666497e-06 -8.51039041e-07
357.856 -6.82478922e-07 -1.50832278e-06
358.076  3.03362462e-07 -1.61191282e-06
358.296  1.16007704e-06 -1.13388730e-06
358.517  1.58182187e-06 -2.59961465e-07
358.737  1.42570550e-06  6.84841924e-07
358.957  7.63209827e-07  1.35908222e-06
359.178 -1.52002731e-07  1.52672691e-06
359.398 -9.83708696e-07  1.14265203e-06
359.618 -1.43492284e-06  3.64159248e-07
359.839 -1.35605678e-06 -5.15592896e-07
360.059 -7.96410758e-07 -1.17632791e-06
360.279  2.39391521e-08 -1.38814287e-06
360.500  7.99159866e-07 -1.09471942e-06
360.720  1.25109658e-06 -4.24280873e-07
360.941  1.23280143e-06  3.64556369e-07
361.161  7.74646872e-07  9.80418840e-07
361.381  6.41203050e-08  1.21018923e-06
361.602 -6.27243341e-07  9.92694367e-07
361.822 -1.04986539e-06  4.31477059e-07
362.042 -1.06741653e-06 -2.48683531e-07
362.263 -6.98139668e-07 -7.92162578e-07
362.483 -1.02068396e-07 -1.01050258e-06
362.703  4.86152338e-07 -8.45373447e-07
362.924  8.51621493e-07 -3.84104949e-07
363.144  8.75548201e-07  1.80240745e-07
363.364  5.74069117e-07  6.30863482e-07
363.585  8.60848909e-08  8.08608148e-07
363.805 -3.90111530e-07  6.67481232e-07
364.026 -6.75655332e-07  2.87762667e-07
364.246 -6.76292017e-07 -1.65231605e-07
364.466 -4.16143659e-07 -5.11294727e-07
364.687 -1.94870881e-08 -6.23631329e-07
364.907  3.46369142e-07 -4.77532048e-07
365.127  5.37079257e-07 -1.53868704e-07
365.348  4.88918890e-07  2.02398018e-07
365.568  2.41154408e-07  4.41861864e-07
365.788 -8.86830091e-08  4.71939425e-07
366.009 -3.55365488e-07  2.94393781e-07
366.229 -4.46438579e-07 -2.58448628e-09
366.449 -3.30868442e-07 -2.84164630e-07
366.670 -6.72398225e-08 -4.25198537e-07
366.890  2.24165272e-07 -3.66029223e-07
367.110  4.11084250e-07 -1.35637102e-07
367.331  4.08518383e-07  1.63598878e-07
367.551  2.15267859e-07  3.97127805e-07
367.772 -8.78874843e-08  4.57410620e-07
367.992 -3.69289892e-07  3.11824227e-07
368.212 -5.02153539e-07  1.48862025e-08
368.433 -4.21190923e-07 -3.11125779e-07
368.653 -1.49143794e-07 -5.25135910e-07
368.873  2.09304912e-07 -5.29175763e-07
369.094  5.06360640e-07 -3.08728313e-07
369.314  6.13995147e-07  5.87272762e-08
369.534  4.76437493e-07  4.29220831e-07
369.755  1.34078629e-07  6.51092177e-07
369.975 -2.85977336e-07  6.26486318e-07
370.195 -6.19196627e-07  3.50271115e-07
370.416 -7.29429362e-07 -8.15126348e-08
370.636 -5.61012446e-07 -5.06152637e-07
370.857 -1.65606217e-07 -7.58416595e-07
371.077  3.13146546e-07 -7.32308140e-07
371.297  6.95408460e-07 -4.25036228e-07
371.518  8.31382844e-07  5.64057743e-08
371.738  6.59224731e-07  5.36076890e-07
371.958  2.34068723e-07  8.33381885e-07
372.179 -2.92352202e-07  8.29877592e-07
372.399 -7.27089162e-07  5.18692889e-07
372.619 -9.05174694e-07  8.09264593e-09
372.840 -7.54797813e-07 -5.18390060e-07
373.060 -3.25570552e-07 -8.66267330e-07
373.280  2.30565329e-07 -9.04214782e-07
373.501  7.11614079e-07 -6.14716183e-07
373.721  9.40376203e-07 -9.87879845e-08
373.941  8.32174922e-07  4.58189083e-07
374.162  4.23624226e-07  8.53483992e-07
374.382 -1.39322664e-07  9.44139253e-07
374.603 -6.52779548e-07  6.96985200e-07
374.823 -9.32360319e-07  2.00416867e-07
375.043 -8.78868510e-07 -3.65509599e-07
375.264 -5.12433555e-07 -7.97565239e-07
375.484  3.27001238e-08 -9.43051853e-07
375.704  5.59591032e-07 -7.52180224e-07
375.925  8.81585771e-07 -2.97598678e-07
376.145  8.86609523e-07  2.54097381e-07
376.365  5.78363901e-07  7.06024589e-07
376.586  7.35524305e-08  8.99532027e-07
376.806 -4.45151538e-07  7.71366861e-07
377.026 -7.93867979e-07  3.76004268e-07
377.247 -8.53173153e-07 -1.39742279e-07
377.467 -6.11706700e-07 -5.90504634e-07
377.687 -1.64530447e-07 -8.18374776e-07
377.908  3.24142496e-07 -7.51405004e-07
378.128  6.79638460e-07 -4.24733922e-07
378.349  7.82289570e-07  3.69684798e-08
378.569  6.07537893e-07  4.64672464e-07
378.789  2.28697811e-07  7.09143582e-07
379.010 -2.10707485e-07  6.94103087e-07
379.230 -5.52333079e-07  4.37423600e-07
379.450 -6.82117316e-07  4.24145036e-08
379.671 -5.66001632e-07 -3.43125872e-07
379.891 -2.59123067e-07 -5.84705811e-07
380.111  1.17425830e-07 -6.06154038e-07
380.332  4.26667966e-07 -4.13622488e-07
380.552  5.64314646e-07 -9.07205795e-08
380.772  4.93110636e-07  2.39022126e-07
380.993  2.54621579e-07  4.58838705e-07
381.213 -5.30209561e-08  4.98373748e-07
381.434 -3.15392668e-07  3.58565109e-07
381.654 -4.41890836e-07  1.05256221e-07
381.874 -3.99073408e-07 -1.61495215e-07
382.095 -2.18780850e-07 -3.43973613e-07
382.315  2.13074068e-08 -3.83704027e-07
382.535  2.27840132e-07 -2.81252159e-07
382.756  3.27823327e-07 -8.82681146e-08
382.976  2.96400256e-07  1.14764383e-07
383.196  1.59456943e-07  2.50257994e-07
383.417 -2.03635513e-08  2.75343169e-07
383.637 -1.68931392e-07  1.93305865e-07
383.857 -2.32855388e-07  4.73301549e-08
384.078 -1.97596418e-07 -9.74246560e-08
384.298 -8.78829717e-08 -1.83502338e-07
384.518  4.30361042e-08 -1.83679080e-07
384.739  1.38454774e-07 -1.06824628e-07
384.959  1.63020270e-07  6.55224313e-09
385.180  1.12894167e-07  1.03585166e-07
385.400  1.63823459e-08  1.44254203e-07
385.620 -7.91811020e-08  1.14904629e-07
385.841 -1.31425447e-07  3.27627673e-08
386.061 -1.19071837e-07 -6.12177417e-08
386.281 -4.93677406e-08 -1.23793193e-07
386.502  4.36798851e-08 -1.27509797e-07
386.722  1.17081573e-07 -7.04041810e-08
386.942  1.38185708e-07  2.11402410e-08
387.163  9.62641434e-08  1.05633599e-07
387.383  9.16837121e-09  1.46157809e-07
387.603 -8.47572834e-08  1.23599495e-07
387.824 -1.45612560e-07  4.62924311e-08
388.044 -1.46569192e-07 -5.26171170e-08
388.265 -8.57215783e-08 -1.32101512e-07
388.485  1.11777591e-08 -1.58876162e-07
388.705  1.04354046e-07 -1.20721263e-07
388.926  1.56019871e-07 -3.40923897e-08
389.146  1.44479367e-07  6.50978189e-08
389.366  7.57336591e-08  1.37063488e-07
389.587 -2.05552239e-08  1.52414038e-07
389.807 -1.05292464e-07  1.06590986e-07
390.027 -1.43869621e-07  2.12879621e-08
390.248 -1.22154118e-07 -6.74892619e-08
390.468 -5.31130483e-08 -1.22612865e-07
390.688  3.20151473e-08 -1.22183314e-07
390.909  9.59383348e-08 -7.06540048e-08
391.129  1.11103477e-07  6.24230890e-09
391.349  7.43358442e-08  7.25866454e-08
391.570  5.96899794e-09  9.69808848e-08
391.790 -5.99638603e-08  6.96435383e-08
392.011 -8.92168512e-08  6.03520793e-09
392.231 -6.59457374e-08 -6.13586100e-08
392.451 -1.02399674e-09 -9.54259025e-08
392.672  7.39859587e-08 -7.38522339e-08
392.892  1.18299043e-07 -2.26580014e-09
393.112  1.01645964e-07  8.86211837e-08
393.333  2.23060763e-08  1.53428717e-07
393.553 -9.12233432e-08  1.51731960e-07
393.773 -1.88926869e-07  7.08488843e-08
393.994 -2.18169525e-07 -6.63837202e-08
394.214 -1.50715368e-07 -2.07223803e-07
394.434  1.90339378e-09 -2.86143436e-07
394.655  1.88886451e-07 -2.54916172e-07
394.875  3.33812244e-07 -1.06529731e-07
395.095  3.65769065e-07  1.17806300e-07
395.316  2.51725581e-07  3.36482118e-07
395.536  1.32838469e-08  4.56663543e-07
395.757 -2.72524510e-07  4.13551703e-07
395.977 -4.96576751e-07  1.98280391e-07
396.197 -5.60491218e-07 -1.29913567e-07
396.418 -4.15522024e-07 -4.56779022e-07
396.638 -8.81406334e-08 -6.54426483e-07
396.858  3.18483769e-07 -6.28962974e-07
397.079  6.58079415e-07 -3.60030471e-07
397.299  7.93031352e-07  7.97540184e-08
397.519  6.46239343e-07  5.43800625e-07
397.740  2.40058126e-07  8.60661053e-07
397.960 -3.01940680e-07  8.93964088e-07
398.180 -7.93235874e-07  5.99719051e-07
398.401 -1.04554261e-06  5.30813948e-08
398.621 -9.40134558e-07 -5.70633276e-07
398.842 -4.80695082e-07 -1.04954050e-06
399.062  1.99253520e-07 -1.19292934e-06
399.282  8.72608131e-07 -9.17219989e-07
399.503  1.29255676e-06 -2.84023887e-07
399.723  1.28426651e-06  5.09720791e-07
