0.218  6.72030282e-03 -1.06439140e-03
0.435  3.83711997e-03  9.82229681e-04
0.653  2.06851819e-03  1.92020401e-03
0.870  6.04692054e-04  2.05417885e-03
1.088 -4.90763679e-04  1.69135968e-03
1.306 -1.10839154e-03  9.28185191e-04
1.523 -1.24750489e-03  1.15042636e-04
1.741 -9.53865041e-04 -5.24361685e-04
1.958 -4.43568296e-04 -8.66284319e-04
2.176  1.26375823e-04 -8.54286909e-04
2.394  5.55464795e-04 -5.81710389e-04
2.611  7.08918928e-04 -1.26727354e-04
2.829  6.04269197e-04  2.70844962e-04
3.046  2.93861600e-04  5.35486754e-04
3.264 -7.01840762e-05  5.82009091e-04
3.482 -3.56952886e-04  4.02416084e-04
3.699 -4.84697564e-04  1.06781243e-04
3.917 -4.27268721e-04 -1.87169730e-04
4.134 -2.21245943e-04 -3.77990429e-04
4.352  4.64001846e-05 -4.10406937e-04
4.570  2.63376071e-04 -2.92820187e-04
4.787  3.64723705e-04 -7.96481496e-05
5.005  3.23507329e-04  1.36247363e-04
5.222  1.74881355e-04  2.91230465e-04
5.440 -2.56796708e-05  3.25366424e-04
5.658 -2.06267837e-04  2.33379831e-04
5.875 -2.91401684e-04  6.21784607e-05
6.093 -2.58161042e-04 -1.20898500e-04
6.310 -1.32678865e-04 -2.46128464e-04
6.528  3.49998314e-05 -2.70312674e-04
6.746  1.81897317e-04 -1.97438278e-04
6.963  2.52779050e-04 -6.01362323e-05
7.181  2.22009621e-04  9.14324359e-05
7.398  1.10428919e-04  1.97870781e-04
7.616 -3.44877647e-05  2.22565274e-04
7.834 -1.59983229e-04  1.61931342e-04
8.051 -2.19365939e-04  4.40950758e-05
8.269 -1.97783925e-04 -8.39994767e-05
8.486 -1.05697518e-04 -1.70666517e-04
8.704  1.61398541e-05 -1.89516678e-04
8.922  1.21209659e-04 -1.37359154e-04
9.139  1.74568114e-04 -3.30829560e-05
9.357  1.61088926e-04  8.03153707e-05
9.574  8.66530955e-05  1.58789056e-04
9.792 -1.85229104e-05  1.76209993e-04
10.010 -1.11240758e-04  1.27787162e-04
10.227 -1.57068914e-04  3.47065504e-05
10.445 -1.41043812e-04 -6.61040716e-05
10.662 -7.21831427e-05 -1.36387183e-04
10.880  2.12538880e-05 -1.52098015e-04
11.098  1.03525651e-04 -1.10939152e-04
11.315  1.43393500e-04 -3.00486369e-05
11.533  1.27146994e-04  5.82790901e-05
11.750  6.49674034e-05  1.18928610e-04
11.968 -1.67054620e-05  1.30480847e-04
12.186 -8.85098657e-05  9.11031763e-05
12.403 -1.23622600e-04  1.72339364e-05
12.621 -1.08808636e-04 -6.13832040e-05
12.838 -5.21463595e-05 -1.14110730e-04
13.056  2.21488895e-05 -1.22370199e-04
13.274  8.52766788e-05 -8.42199379e-05
13.491  1.13657189e-04 -1.49925127e-05
13.709  9.73398550e-05  5.74415626e-05
13.926  4.39380386e-05  1.05561994e-04
14.144 -2.47006514e-05  1.13386289e-04
14.362 -8.26663228e-05  8.08402385e-05
14.579 -1.08892300e-04  2.20839941e-05
14.797 -9.44052045e-05 -3.97069834e-05
15.014 -4.58562905e-05 -8.13176731e-05
15.232  1.73724780e-05 -8.78003594e-05
15.450  7.11531666e-05 -5.78292397e-05
15.667  9.54627364e-05 -4.40224667e-06
15.885  8.25851943e-05  5.09593947e-05
16.102  3.92846461e-05  8.62697302e-05
16.320 -1.70240282e-05  8.77056964e-05
16.538 -6.45415263e-05  5.53410869e-05
16.755 -8.50499768e-05  2.17934607e-06
16.973 -7.18061912e-05 -5.14828430e-05
17.190 -3.14044379e-05 -8.57982972e-05
17.408  1.99025281e-05 -8.90009957e-05
17.626  6.22800459e-05 -6.12592504e-05
17.843  7.99364898e-05 -1.39994301e-05
18.061  6.70819045e-05  3.40544141e-05
18.278  2.95249914e-05  6.45960887e-05
18.496 -1.77446305e-05  6.70477949e-05
18.714 -5.63284060e-05  4.16662353e-05
18.931 -7.20180656e-05 -7.64318407e-07
19.149 -5.96396379e-05 -4.29998011e-05
19.366 -2.46684849e-05 -6.85494788e-05
19.584  1.83732497e-05 -6.78731538e-05
19.802  5.22928172e-05 -4.16064737e-05
20.019  6.44189208e-05 -5.17396322e-07
20.237  5.08144691e-05  3.92209662e-05
20.454  1.74987478e-05  6.27758736e-05
20.672 -2.22506880e-05  6.18517123e-05
20.890 -5.33127179e-05  3.76716949e-05
21.107 -6.40136947e-05  3.49295226e-07
21.325 -5.06231120e-05 -3.56038811e-05
21.542 -1.89924082e-05 -5.66442668e-05
21.760  1.82793462e-05 -5.51341550e-05
21.978  4.68874678e-05 -3.24090085e-05
22.195  5.60046535e-05  2.12222042e-06
22.413  4.26392217e-05  3.49743161e-05
22.630  1.25483683e-05  5.34663945e-05
22.848 -2.25430992e-05  5.07705116e-05
23.066 -4.92086228e-05  2.85025517e-05
23.283 -5.75575123e-05 -4.41258934e-06
23.501 -4.50324558e-05 -3.51133139e-05
23.718 -1.69041258e-05 -5.18220572e-05
23.936  1.57288389e-05 -4.85457334e-05
24.154  4.02448621e-05 -2.69103914e-05
24.371  4.77836824e-05  4.65797428e-06
24.589  3.62212662e-05  3.40366903e-05
24.806  1.05701496e-05  5.04408028e-05
25.024 -1.88262981e-05  4.84218942e-05
25.242 -4.05658645e-05  2.95224180e-05
25.459 -4.66665202e-05  1.69430016e-06
25.677 -3.51916788e-05 -2.40468203e-05
25.894 -1.10309103e-05 -3.80407514e-05
26.112  1.61411499e-05 -3.52963072e-05
26.330  3.59302332e-05 -1.73986213e-05
26.547  4.09664410e-05  8.11430706e-06
26.765  2.96653795e-05  3.10937001e-05
26.982  6.91412934e-06  4.25804703e-05
27.200 -1.82456595e-05  3.81489150e-05
27.418 -3.61850686e-05  1.97563124e-05
27.635 -4.01873152e-05 -5.38866738e-06
27.853 -2.91883739e-05 -2.78166702e-05
28.070 -7.93245689e-06 -3.92278985e-05
28.288  1.51681140e-05 -3.57806371e-05
28.506  3.10825852e-05 -1.94538099e-05
28.723  3.37375437e-05  3.07956801e-06
28.941  2.23806974e-05  2.28858310e-05
29.158  1.51399852e-06  3.22518949e-05
29.376 -2.07931507e-05  2.78330608e-05
29.594 -3.59656697e-05  1.15852340e-05
29.811 -3.84430579e-05 -1.00731587e-05
30.029 -2.75713125e-05 -2.86456800e-05
30.246 -7.66691119e-06 -3.70935175e-05
30.464  1.35337872e-05 -3.24187509e-05
30.682  2.80903213e-05 -1.65618090e-05
30.899  3.09247237e-05  4.23619164e-06
31.117  2.14638271e-05  2.20115890e-05
31.334  3.91748087e-06  3.02751125e-05
31.552 -1.44770860e-05  2.62349542e-05
31.770 -2.65018807e-05  1.18788880e-05
31.987 -2.75194264e-05 -6.83106040e-06
32.205 -1.72215225e-05 -2.25618325e-05
32.422  1.89784264e-07 -2.93159880e-05
32.640  1.79366015e-05 -2.46310671e-05
32.858  2.92877063e-05 -1.06407033e-05
33.075  3.00118390e-05  7.02039605e-06
33.293  2.01323032e-05  2.15224775e-05
33.510  3.71491431e-06  2.73129352e-05
33.728 -1.29102020e-05  2.23736257e-05
33.946 -2.34266334e-05  8.90392475e-06
34.163 -2.40413024e-05 -7.79874648e-06
34.381 -1.49502166e-05 -2.12618696e-05
34.598  2.96266922e-08 -2.63597677e-05
34.816  1.48943514e-05 -2.13966411e-05
35.034  2.37561194e-05 -8.48939181e-06
35.251  2.32866153e-05  7.29351674e-06
35.469  1.37997844e-05  1.98142350e-05
35.686 -9.89927768e-07  2.44265752e-05
35.904 -1.53011481e-05  1.96541148e-05
36.122 -2.36956804e-05  7.56837773e-06
36.339 -2.31669055e-05 -6.91874919e-06
36.557 -1.40847029e-05 -1.81025595e-05
36.774 -1.28718937e-07 -2.17808837e-05
36.992  1.32190170e-05 -1.66507619e-05
37.210  2.09531417e-05 -4.83819708e-06
37.427  2.02797854e-05  8.93989170e-06
37.645  1.16564694e-05  1.94136007e-05
37.862 -1.35309235e-06  2.26718627e-05
38.080 -1.36878294e-05  1.75862674e-05
38.298 -2.07084531e-05  6.32884323e-06
38.515 -1.98626419e-05 -6.67296031e-06
38.733 -1.17690376e-05 -1.65027415e-05
38.950  1.80419782e-07 -1.95043485e-05
39.168  1.12752014e-05 -1.47846213e-05
39.386  1.71729425e-05 -4.47454589e-06
39.603  1.56532033e-05  7.29618728e-06
39.821  7.47613686e-06  1.58932708e-05
40.038 -4.13585159e-06  1.79990321e-05
40.256 -1.46884007e-05  1.29645219e-05
40.474 -2.01307805e-05  2.84263207e-06
40.691 -1.85382170e-05 -8.42246115e-06
40.909 -1.06765965e-05 -1.64617198e-05
41.126  3.76882641e-07 -1.83118984e-05
41.344  1.03382895e-05 -1.34500034e-05
41.562  1.55121082e-05 -3.85912219e-06
41.779  1.41876350e-05  6.64665204e-06
41.997  7.12471010e-06  1.40078321e-05
42.214 -2.66948951e-06  1.55371794e-05
42.432 -1.11744069e-05  1.07780442e-05
42.650 -1.50335921e-05  1.71962216e-06
42.867 -1.27000173e-05 -7.99025150e-06
43.085 -5.03287370e-06 -1.46193178e-05
43.302  4.99564079e-06 -1.56809624e-05
43.520  1.36203781e-05 -1.08394408e-05
43.738  1.76860185e-05 -2.10865506e-06
43.955  1.57675730e-05  7.09094087e-06
44.173  8.80411452e-06  1.32794700e-05
44.390 -3.91572477e-07  1.41436409e-05
44.608 -8.30986358e-06  9.51456761e-06
44.826 -1.19746510e-05  1.36356474e-06
45.043 -1.01507229e-05 -7.10216444e-06
45.261 -3.80767742e-06 -1.25761389e-05
45.478  4.43150063e-06 -1.29565831e-05
45.696  1.12460454e-05 -8.20746677e-06
45.914  1.38919481e-05 -2.02160351e-07
46.131  1.13586370e-05  7.98774490e-06
46.349  4.61745224e-06  1.32278000e-05
46.566 -3.79772807e-06  1.36432078e-05
46.784 -1.06936538e-05  9.24078651e-06
47.002 -1.35626615e-05  1.80497237e-06
47.219 -1.15102356e-05 -5.71291016e-06
47.437 -5.46459558e-06 -1.04293360e-05
47.654  2.11268717e-06 -1.06673596e-05
47.872  8.23631962e-06 -6.45503849e-06
48.090  1.06318915e-05  4.43948209e-07
48.307  8.47533293e-06  7.22997778e-06
48.525  2.71442585e-06  1.12741047e-05
48.742 -4.27570758e-06  1.10324455e-05
48.960 -9.75469789e-06  6.61026965e-06
49.178 -1.16255003e-05 -2.19640894e-07
49.395 -9.17685665e-06 -6.83499950e-06
49.613 -3.43578763e-06 -1.07796155e-05
49.830  3.33334386e-06 -1.06151896e-05
50.048  8.56238536e-06 -6.55084957e-06
50.266  1.02671347e-05 -2.98118259e-07
50.483  7.87235567e-06  5.69705776e-06
50.701  2.42153563e-06  9.10666809e-06
50.918 -3.95854715e-06  8.64953789e-06
51.136 -8.81246024e-06  4.62049565e-06
51.354 -1.02968021e-05 -1.36393338e-06
51.571 -7.96152871e-06 -6.96711201e-06
51.789 -2.79790471e-06 -9.99765973e-06
52.006  3.16927493e-06 -9.35013571e-06
52.224  7.60221337e-06 -5.34488291e-06
52.442  8.84884783e-06  4.61273340e-07
52.659  6.53940074e-06  5.80067116e-06
52.877  1.62696891e-06  8.64862577e-06
53.094 -3.91329947e-06  8.01373452e-06
53.312 -7.89958413e-06  4.19971392e-06
53.530 -8.84441379e-06 -1.26526548e-06
53.747 -6.41222323e-06 -6.23514297e-06
53.965 -1.56578213e-06 -8.86724914e-06
54.182  3.78609583e-06 -8.23635612e-06
54.400  7.63712830e-06 -4.66979690e-06
54.618  8.59947807e-06  3.34495759e-07
54.835  6.38545028e-06  4.80089308e-06
55.053  1.98153083e-06  7.03109315e-06
55.270 -2.82591073e-06  6.18488792e-06
55.488 -6.17898553e-06  2.67349491e-06
55.706 -6.77822440e-06 -2.05613288e-06
55.923 -4.44043454e-06 -6.15766323e-06
56.141 -1.52927752e-07 -8.01465788e-06
56.358  4.41312466e-06 -6.89728862e-06
56.576  7.48443558e-06 -3.26893641e-06
56.794  7.87259132e-06  1.50619998e-06
57.011  5.49003422e-06  5.65584335e-06
57.229  1.27854613e-06  7.65294849e-06
57.446 -3.16023588e-06  6.87890912e-06
57.664 -6.12982646e-06  3.77877217e-06
57.882 -6.57385789e-06 -3.59324127e-07
58.099 -4.43978384e-06 -3.83959566e-06
58.317 -6.20817261e-07 -5.28662036e-06
58.534  3.32578115e-06 -4.17846626e-06
58.752  5.82822195e-06 -9.53599840e-07
58.970  5.94796302e-06  3.10746756e-06
59.187  3.64285624e-06  6.39329667e-06
59.405 -1.91742710e-07  7.65595600e-06
59.622 -4.05451064e-06  6.40733747e-06
59.840 -6.50781441e-06  3.10239223e-06
60.058 -6.67356485e-06 -9.94583108e-07
60.275 -4.53371262e-06 -4.38807485e-06
60.493 -9.92448650e-07 -5.90407757e-06
60.710  2.55311603e-06 -5.07687513e-06
60.928  4.77211788e-06 -2.38471828e-06
61.146  4.83757975e-06  9.92451879e-07
61.363  2.79683456e-06  3.68830266e-06
61.581 -4.67538697e-07  4.60444192e-06
61.798 -3.66215138e-06  3.36919368e-06
62.016 -5.52079421e-06  4.97078307e-07
62.234 -5.30135313e-06 -2.90434642e-06
62.451 -3.11769626e-06 -5.52499903e-06
62.669  1.94495641e-07 -6.33889391e-06
62.886  3.39405239e-06 -5.06524517e-06
63.104  5.26937969e-06 -2.20578870e-06
63.322  5.17485170e-06  1.17524687e-06
63.539  3.23545502e-06  3.80238055e-06
63.757  2.39411976e-07  4.74114651e-06
63.974 -2.60753565e-06  3.74778411e-06
64.192 -4.19248202e-06  1.28241051e-06
64.410 -3.95210984e-06 -1.62161408e-06
64.627 -2.00511833e-06 -3.77770544e-06
64.845  8.64376788e-07 -4.36165874e-06
65.062  3.50153882e-06 -3.15350361e-06
65.280  4.90135207e-06 -6.26142968e-07
65.498  4.54059695e-06  2.20447469e-06
65.715  2.55634163e-06  4.25075816e-06
65.933 -2.56596137e-07  4.74733709e-06
66.150 -2.82083925e-06  3.49959865e-06
66.368 -4.19797903e-06  1.01564142e-06
66.586 -3.88566903e-06 -1.73692150e-06
66.803 -2.05976914e-06 -3.74134267e-06
67.021  5.15821881e-07 -4.25384153e-06
67.238  2.84869660e-06 -3.12217584e-06
67.456  4.04108003e-06 -8.50770279e-07
67.674  3.64723682e-06  1.67340251e-06
67.891  1.87919360e-06  3.48303045e-06
68.109 -5.54805919e-07  3.89065980e-06
68.326 -2.71070959e-06  2.80615090e-06
68.544 -3.73932405e-06  7.03991639e-07
68.762 -3.27542868e-06 -1.57706535e-06
68.979 -1.53639167e-06 -3.11016679e-06
69.197  8.03879250e-07 -3.29637179e-06
69.414  2.82024671e-06 -2.08392585e-06
69.632  3.73501112e-06  7.28809111e-08
69.850  3.23451843e-06  2.33916944e-06
70.067  1.51795030e-06  3.84090563e-06
70.285 -7.46654362e-07  4.04425256e-06
70.502 -2.67610734e-06  2.89178086e-06
70.720 -3.57316018e-06  8.34939529e-07
70.938 -3.14038427e-06 -1.31382677e-06
71.155 -1.57987485e-06 -2.76128914e-06
71.373  4.43281078e-07 -3.00784859e-06
71.590  2.12048866e-06 -2.00218220e-06
71.808  2.81052451e-06 -2.09126168e-07
72.026  2.23472805e-06  1.61736229e-06
72.243  6.31935219e-07  2.75325491e-06
72.461 -1.35604811e-06  2.72551699e-06
72.678 -2.98157949e-06  1.53043929e-06
72.896 -3.62335969e-06 -3.60961031e-07
73.114 -3.04129341e-06 -2.24836302e-06
73.331 -1.49559441e-06 -3.42988160e-06
73.549  4.21585327e-07 -3.46595013e-06
73.766  1.99434002e-06 -2.39300194e-06
73.984  2.63172491e-06 -6.49636622e-07
74.202  2.14790970e-06  1.09770053e-06
74.419  7.91131272e-07  2.16897900e-06
74.637 -8.83186538e-07  2.18323458e-06
74.854 -2.17841747e-06  1.18702955e-06
75.072 -2.56624154e-06 -4.14298732e-07
75.290 -1.90003047e-06 -1.96727861e-06
75.507 -4.11233350e-07 -2.84470088e-06
75.725  1.34433775e-06 -2.72047075e-06
75.942  2.70025578e-06 -1.63397107e-06
76.160  3.18529344e-06  9.01665247e-09
76.378  2.65248713e-06  1.57248420e-06
76.595  1.32883770e-06  2.49305107e-06
76.813 -2.36990641e-07  2.46405945e-06
77.030 -1.44215429e-06  1.52623237e-06
77.248 -1.85364436e-06  9.57891728e-08
77.466 -1.33156926e-06 -1.24002560e-06
77.683 -1.26371136e-07 -1.96663599e-06
77.901  1.24285201e-06 -1.78903172e-06
78.118  2.22821964e-06 -7.80708959e-07
78.336  2.41431477e-06  6.45902910e-07
78.554  1.69865662e-06  1.95150138e-06
78.771  3.52884520e-07  2.63613487e-06
78.989 -1.13908648e-06  2.43108628e-06
79.206 -2.24190625e-06  1.43950389e-06
79.424 -2.55352834e-06  4.27942243e-08
79.642 -2.00507868e-06 -1.24365436e-06
79.859 -8.45896831e-07 -1.93290934e-06
80.077  4.73406521e-07 -1.79968492e-06
80.294  1.43091176e-06 -9.45633935e-07
80.512  1.67231579e-06  2.80237073e-07
80.730  1.14912855e-06  1.37345245e-06
80.947  8.47256266e-08  1.89249424e-06
81.165 -1.07806143e-06  1.65388940e-06
81.382 -1.85350994e-06  7.48865590e-07
81.600 -1.94283443e-06 -4.71643766e-07
81.818 -1.30279561e-06 -1.51749601e-06
82.035 -1.64657186e-07 -1.99831099e-06
82.253  1.02331652e-06 -1.74076434e-06
82.470  1.81723619e-06 -8.37344909e-07
82.688  1.93452956e-06  3.48792165e-07
82.906  1.32761667e-06  1.36340760e-06
83.123  2.43465176e-07  1.84375542e-06
83.341 -8.95758362e-07  1.61221872e-06
83.558 -1.68311252e-06  7.78080759e-07
83.776 -1.83518038e-06 -3.10737140e-07
83.994 -1.32056793e-06 -1.24598702e-06
84.211 -3.84357051e-07 -1.67600301e-06
84.429  5.98974263e-07 -1.44469413e-06
84.646  1.24473212e-06 -6.81350330e-07
84.864  1.29331423e-06  2.99205429e-07
85.082  7.51118412e-07  1.11107593e-06
85.299 -1.50686099e-07  1.41800015e-06
85.517 -1.05775691e-06  1.10626910e-06
85.734 -1.59129749e-06  3.07084517e-07
85.952 -1.53152488e-06 -6.83531607e-07
86.170 -9.01237743e-07 -1.47774214e-06
86.387  8.43963530e-08 -1.76915440e-06
86.605  1.06426907e-06 -1.46821596e-06
86.822  1.67649252e-06 -6.89048865e-07
87.040  1.72981349e-06  2.71283226e-07
87.258  1.23157681e-06  1.03657694e-06
87.475  3.90318960e-07  1.33851591e-06
87.693 -4.39865669e-07  1.08560790e-06
87.910 -9.40208788e-07  3.86063467e-07
88.128 -9.32720924e-07 -4.59402004e-07
88.346 -4.20623902e-07 -1.11184525e-06
88.563  3.75662617e-07 -1.32702387e-06
88.781  1.12949672e-06 -1.01081885e-06
88.998  1.55548240e-06 -2.88706844e-07
89.216  1.47748736e-06  5.51412603e-07
89.434  9.19612651e-07  1.20609072e-06
89.651  1.06388543e-07  1.43465960e-06
89.869 -6.67471850e-07  1.15965756e-06
90.086 -1.12248942e-06  5.21095561e-07
90.304 -1.09335231e-06 -2.22156519e-07
90.522 -6.27436603e-07 -7.80283660e-07
90.739  7.06117676e-08 -9.21436202e-07
90.957  7.23489552e-07 -6.00082981e-07
91.174  1.05478184e-06  4.83828165e-08
91.392  9.30395228e-07  7.81746689e-07
91.610  4.04223200e-07  1.30648803e-06
91.827 -3.37574278e-07  1.41511428e-06
92.045 -1.01368116e-06  1.07742205e-06
92.262 -1.36566440e-06  4.10292561e-07
92.480 -1.28368336e-06 -3.42423395e-07
92.698 -8.07217604e-07 -8.97427970e-07
92.915 -1.19869202e-07 -1.07684007e-06
93.133  5.01265972e-07 -8.42424392e-07
93.350  8.32002014e-07 -3.03221749e-07
93.568  7.67480857e-07  2.97172308e-07
93.786  3.40853591e-07  7.11298968e-07
94.003 -2.55532724e-07  7.81326293e-07
94.221 -7.70635474e-07  4.67940221e-07
94.438 -1.00669925e-06 -1.01919442e-07
94.656 -8.58285166e-07 -6.95050906e-07
94.874 -3.77398504e-07 -1.09082551e-06
95.091  2.41061298e-07 -1.13017111e-06
95.309  7.71698791e-07 -7.88497229e-07
95.526  1.01669974e-06 -2.05598406e-07
95.744  8.78087517e-07  4.07089436e-07
95.962  4.25791959e-07  8.31416898e-07
96.179 -1.63892369e-07  9.07560429e-07
96.397 -6.75886799e-07  6.29523388e-07
96.614 -9.09788616e-07  1.22633971e-07
96.832 -7.89133942e-07 -4.21036034e-07
97.050 -3.80699406e-07 -7.82819214e-07
97.267  1.60576887e-07 -8.26307025e-07
97.485  6.18926039e-07 -5.56011252e-07
97.702  8.13476163e-07 -7.85992169e-08
97.920  6.88804371e-07  4.13374210e-07
98.138  2.98408669e-07  7.14316784e-07
98.355 -2.02816287e-07  7.16548685e-07
98.573 -6.03016378e-07  4.20044148e-07
98.790 -7.51018955e-07 -6.82640918e-08
99.008 -5.93786749e-07 -5.49280152e-07
99.226 -1.81785260e-07 -8.41785046e-07
99.443  3.18693676e-07 -8.45561367e-07
99.661  7.14898734e-07 -5.53039684e-07
99.878  8.70696509e-07 -8.30875144e-08
100.096  7.25408731e-07  3.77822138e-07
100.314  3.41580802e-07  6.69951237e-07
100.531 -1.17803922e-07  6.87562465e-07
100.749 -4.84128163e-07  4.32862599e-07
100.966 -6.19501885e-07  2.99249910e-08
101.184 -4.69801123e-07 -3.59061655e-07
101.402 -1.11058193e-07 -5.78701154e-07
101.619  3.12813389e-07 -5.27189633e-07
101.837  6.41420011e-07 -2.27019256e-07
102.054  7.35489442e-07  2.07839459e-07
102.272  5.61307726e-07  6.25918205e-07
102.490  1.91746449e-07  8.65816482e-07
102.707 -2.44781449e-07  8.42772234e-07
102.925 -5.82742941e-07  5.83368893e-07
103.142 -6.97353193e-07  1.83629632e-07
103.360 -5.68333505e-07 -2.02384530e-07
103.578 -2.53249294e-07 -4.23303721e-07
103.795  1.19211385e-07 -4.14921077e-07
104.013  3.87595235e-07 -1.93784856e-07
104.230  4.51844045e-07  1.46633292e-07
104.448  2.89917370e-07  4.50371415e-07
104.666 -4.39782263e-08  5.90821791e-07
104.883 -4.11892105e-07  5.10391304e-07
105.101 -6.70411932e-07  2.21338535e-07
105.318 -7.30279264e-07 -1.69349745e-07
105.536 -5.61509097e-07 -5.15493054e-07
105.754 -2.29536315e-07 -7.05047486e-07
105.971  1.31762576e-07 -6.71548785e-07
106.189  3.98551175e-07 -4.34874613e-07
106.406  4.76638607e-07 -1.04436538e-07
106.624  3.40944232e-07  1.94786033e-07
106.842  6.63967922e-08  3.50946170e-07
107.059 -2.31980624e-07  2.99161682e-07
107.277 -4.36184613e-07  7.40900260e-08
107.494 -4.51044395e-07 -2.28055127e-07
107.712 -2.69902319e-07 -4.92595258e-07
107.930  3.64341928e-08 -6.03930165e-07
108.147  3.64637975e-07 -5.14793797e-07
108.365  5.89573604e-07 -2.63651874e-07
108.582  6.28013290e-07  6.65939458e-08
108.800  4.82111194e-07  3.54776964e-07
109.018  2.07685147e-07  4.92115597e-07
109.235 -8.99204222e-08  4.45743999e-07
109.453 -2.88603148e-07  2.41862355e-07
109.670 -3.24466724e-07 -3.83716982e-08
109.888 -1.93660137e-07 -2.72076493e-07
110.106  5.25261803e-08 -3.71064158e-07
110.323  3.02682994e-07 -3.03847912e-07
110.541  4.53236062e-07 -9.04448141e-08
110.758  4.49287147e-07  1.78271748e-07
110.976  2.80866309e-07  3.91752200e-07
111.194  1.13297363e-08  4.75397244e-07
111.411 -2.51370283e-07  3.90906695e-07
111.629 -4.18616034e-07  1.68098696e-07
111.846 -4.28247157e-07 -9.89382873e-08
112.064 -2.74727263e-07 -3.15942283e-07
112.282 -2.90022657e-08 -4.04252024e-07
112.499  2.17289409e-07 -3.25563648e-07
112.717  3.76787838e-07 -1.21069066e-07
112.934  3.83868238e-07  1.28467737e-07
113.152  2.46275276e-07  3.35629248e-07
113.370  2.65496772e-08  4.16454984e-07
113.587 -1.95772356e-07  3.46499033e-07
113.805 -3.28472705e-07  1.66043775e-07
114.022 -3.19170923e-07 -5.81381781e-08
114.240 -1.83443052e-07 -2.33942650e-07
114.458  2.85323644e-08 -2.86365090e-07
114.675  2.32788747e-07 -2.04528804e-07
114.893  3.39527215e-07 -1.86043168e-08
115.110  3.12424632e-07  2.02841293e-07
115.328  1.60213662e-07  3.64562398e-07
115.546 -6.88672841e-08  4.07988006e-07
115.763 -2.83480060e-07  3.20035301e-07
115.981 -4.08026218e-07  1.25059977e-07
116.198 -4.08863356e-07 -9.93295074e-08
116.416 -2.85520214e-07 -2.68903128e-07
116.634 -9.41859734e-08 -3.33893642e-07
116.851  8.10835998e-08 -2.72116252e-07
117.069  1.79431936e-07 -1.15003231e-07
117.286  1.61236596e-07  6.06208700e-08
117.504  3.20709834e-08  1.87055808e-07
117.722 -1.45265722e-07  2.11347394e-07
117.939 -3.01368143e-07  1.13864150e-07
118.157 -3.74941536e-07 -6.25761194e-08
118.374 -3.24355965e-07 -2.52404783e-07
118.592 -1.68443224e-07 -3.90987414e-07
118.810  3.67147801e-08 -4.19334638e-07
119.027  2.28484529e-07 -3.29899209e-07
119.245  3.37242237e-07 -1.63132286e-07
119.462  3.30312447e-07  2.65543548e-08
119.680  2.28670701e-07  1.67793400e-07
119.898  7.43239351e-08  2.08328961e-07
120.115 -6.70495098e-08  1.49238549e-07
120.333 -1.30141658e-07  1.87740462e-08
120.550 -9.66777081e-08 -1.27864694e-07
120.768  1.97033415e-08 -2.18767712e-07
120.986  1.77929813e-07 -2.17684529e-07
121.203  3.06513753e-07 -1.23194692e-07
121.421  3.54230636e-07  3.99723454e-08
121.638  3.04809376e-07  2.07374338e-07
121.856  1.65567621e-07  3.16964797e-07
122.074 -1.24564784e-08  3.38212599e-07
122.291 -1.62654670e-07  2.60749218e-07
122.509 -2.42962000e-07  1.16573520e-07
122.726 -2.27715924e-07 -3.09915443e-08
122.944 -1.27711675e-07 -1.33064368e-07
123.162  3.33012601e-09 -1.53257425e-07
123.379  1.13846261e-07 -8.23866810e-08
123.597  1.60849621e-07  3.98129130e-08
123.814  1.17719154e-07  1.62721730e-07
124.032  6.81027729e-09  2.40388182e-07
124.250 -1.26081074e-07  2.32564573e-07
124.467 -2.35425961e-07  1.42546379e-07
124.685 -2.71933486e-07  7.76521389e-09
124.902 -2.19637494e-07 -1.29402629e-07
125.120 -1.03886891e-07 -2.15280765e-07
125.338  3.92663794e-08 -2.15926802e-07
125.555  1.57405621e-07 -1.41230174e-07
125.773  2.02830011e-07 -1.76815516e-08
125.990  1.69023483e-07  1.09253923e-07
126.208  7.14165753e-08  1.84305920e-07
126.426 -5.51927374e-08  1.85689443e-07
126.643 -1.54130372e-07  1.17475903e-07
126.861 -1.90560980e-07  1.74785711e-09
127.078 -1.57449230e-07 -1.09382644e-07
127.296 -6.36051712e-08 -1.71656096e-07
127.514  4.83409006e-08 -1.68106379e-07
127.731  1.28868614e-07 -9.53803986e-08
127.949  1.52251766e-07  1.65258415e-08
128.166  1.04334662e-07  1.17040375e-07
128.384  8.91643764e-11  1.72874333e-07
128.602 -1.14058955e-07  1.60563136e-07
128.819 -1.99890892e-07  7.88676503e-08
129.037 -2.27339840e-07 -3.51877327e-08
129.254 -1.80141370e-07 -1.41974167e-07
129.472 -8.21358948e-08 -2.08004927e-07
129.690  2.91407023e-08 -2.04855995e-07
129.907  1.19817835e-07 -1.40923422e-07
130.125  1.53409302e-07 -4.81346020e-08
130.342  1.22716027e-07  4.21462993e-08
130.560  5.15063837e-08  9.02329413e-08
130.778 -3.30167442e-08  7.52497184e-08
130.995 -9.18243770e-08  1.13150060e-08
131.213 -9.27554917e-08 -7.92324186e-08
131.430 -3.85835754e-08 -1.60819908e-07
131.648  5.45341112e-08 -1.92981513e-07
131.866  1.57378677e-07 -1.65945504e-07
132.083  2.25623323e-07 -8.82106762e-08
132.301  2.37494183e-07  1.97393950e-08
132.518  1.93045137e-07  1.14739936e-07
132.736  1.02729152e-07  1.65062960e-07
132.954  3.66777558e-09  1.62144375e-07
133.171 -6.60372828e-08  1.06149153e-07
133.389 -9.02003963e-08  2.40634521e-08
133.606 -6.01059805e-08 -4.41655963e-08
133.824  9.31061927e-09 -7.65337618e-08
134.042  8.01420560e-08 -5.77840330e-08
134.259  1.25931055e-07  9.32757706e-09
134.477  1.26649100e-07  9.23435938e-08
134.694  7.33599369e-08  1.61926860e-07
134.912 -1.04245852e-08  1.94954138e-07
135.130 -9.50156606e-08  1.72426576e-07
135.347 -1.56243560e-07  1.06413826e-07
135.565 -1.67929514e-07  2.42693537e-08
135.782 -1.29709658e-07 -5.05598538e-08
136.000 -6.40257028e-08 -8.80356206e-08
136.218  7.95692551e-09 -7.57465161e-08
136.435  5.59191159e-08 -2.89685163e-08
136.653  5.74554077e-08  3.46068484e-08
136.870  1.94398162e-08  8.74539848e-08
137.088 -4.42941254e-08  1.00085453e-07
137.306 -1.10798197e-07  7.02314852e-08
137.523 -1.46426174e-07  7.35840006e-09
137.741 -1.39226003e-07 -7.14802023e-08
137.958 -9.32439921e-08 -1.32009547e-07
138.176 -1.84876499e-08 -1.53344601e-07
138.394  5.40857678e-08 -1.33483691e-07
138.611  9.68253432e-08 -7.51448660e-08
138.829  1.01634535e-07 -2.66102963e-09
139.046  6.44570031e-08  5.25305145e-08
139.264  5.73815059e-10  7.66593985e-08
139.482 -5.84568108e-08  6.00074284e-08
139.699 -9.43907196e-08  7.70149811e-09
139.917 -9.36382470e-08 -5.21176347e-08
140.134 -5.17397829e-08 -9.81640467e-08
140.352  9.29622360e-09 -1.14581952e-07
140.570  6.65353464e-08 -8.87161872e-08
140.787  1.02970263e-07 -3.41822032e-08
141.005  9.96486521e-08  2.64136220e-08
141.222  6.03097705e-08  7.61207247e-08
141.440  4.97544579e-09  9.23429808e-08
141.658 -5.05186767e-08  6.88693369e-08
141.875 -8.26874734e-08  2.11683021e-08
142.093 -7.63814743e-08 -3.67670133e-08
142.310 -4.07441637e-08 -8.30251098e-08
142.528  1.28364144e-08 -9.55690332e-08
142.746  6.61990843e-08 -7.61312047e-08
142.963  9.34478033e-08 -3.30447861e-08
143.181  8.88406728e-08  2.04870308e-08
143.398  5.75765282e-08  5.77378925e-08
143.616  7.73470364e-09  6.58912550e-08
143.834 -3.57811857e-08  4.66360774e-08
144.051 -5.40031056e-08  3.10212379e-09
144.269 -4.45694793e-08 -4.40887586e-08
144.486 -6.11994044e-09 -7.15807926e-08
144.704  4.68851948e-08 -7.25986425e-08
144.922  8.90124228e-08 -4.19128937e-08
145.139  1.08904699e-07  1.34397549e-08
145.357  9.79767509e-08  6.88708046e-08
145.574  5.51659945e-08  1.09100224e-07
145.792  9.11588532e-10  1.23139737e-07
146.010 -4.72331188e-08  1.02482115e-07
146.227 -7.73116886e-08  6.09343046e-08
146.445 -7.53390574e-08  1.65707189e-08
146.662 -4.72859594e-08 -1.87648395e-08
146.880 -1.01665811e-08 -2.79546009e-08
147.098  2.48765222e-08 -8.88462609e-09
147.315  3.99021537e-08  2.40547197e-08
147.533  2.54066476e-08  6.06990420e-08
147.750 -8.20433187e-09  8.42065053e-08
147.968 -5.17744341e-08  7.90096306e-08
148.186 -9.08301518e-08  5.02066340e-08
148.403 -1.05456872e-07  5.57628366e-09
148.621 -9.43279556e-08 -4.38579990e-08
148.838 -6.30780294e-08 -7.63331776e-08
149.056 -1.84466534e-08 -8.40456388e-08
149.274  1.88538545e-08 -7.00447247e-08
149.491  3.55367655e-08 -3.68476518e-08
149.709  3.19002193e-08 -1.78830438e-09
149.926  6.96294121e-09  1.77992574e-08
150.144 -2.69050969e-08  1.92033244e-08
150.362 -5.01482972e-08 -1.17027114e-09
150.579 -5.68671598e-08 -3.67688635e-08
150.797 -4.17504929e-08 -6.78614139e-08
151.014 -5.46333059e-09 -8.52898653e-08
151.232  3.41485027e-08 -8.25724741e-08
151.450  6.49083342e-08 -5.48299451e-08
151.667  7.94394830e-08 -1.58212551e-08
151.885  6.81440719e-08  2.03177754e-08
152.102  3.88575723e-08  4.58114686e-08
152.320  6.10247760e-09  4.79611171e-08
152.538 -2.24271846e-08  2.78989666e-08
152.755 -3.28324467e-08 -9.95739512e-10
152.973 -1.96739893e-08 -3.12962634e-08
153.190  6.34378562e-09 -4.95894392e-08
153.408  3.82423772e-08 -4.47489328e-08
153.626  6.45300229e-08 -2.34481281e-08
153.843  7.00352913e-08  7.98432396e-09
154.061  5.65237851e-08  4.08924540e-08
154.278  2.94436928e-08  5.80457814e-08
154.496 -5.73880671e-09  5.58532937e-08
154.714 -3.18596242e-08  3.83840228e-08
154.931 -4.01922512e-08  7.86515782e-09
155.149 -3.29116460e-08 -2.07775306e-08
155.366 -9.42802309e-09 -3.47518516e-08
155.584  1.92113739e-08 -3.40302042e-08
155.802  3.76352264e-08 -1.60500840e-08
156.019  4.32798970e-08  1.28759984e-08
156.237  3.23892742e-08  3.65022747e-08
156.454  6.27724497e-09  4.95074138e-08
156.672 -1.98450207e-08  4.75709059e-08
156.890 -3.80353031e-08  2.74146250e-08
157.107 -4.38596037e-08  1.48839815e-09
157.325 -3.03962978e-08 -2.00408475e-08
157.542 -5.93976949e-09 -3.26917786e-08
157.760  1.79318850e-08 -2.70234238e-08
157.978  3.66187182e-08 -6.12691344e-09
158.195  3.94931865e-08  1.83355788e-08
158.413  2.41282627e-08  4.16661067e-08
158.630  8.34753406e-10  5.34905166e-08
158.848 -2.55673180e-08  4.63804010e-08
159.066 -4.61185840e-08  2.79710772e-08
159.283 -4.95096028e-08  3.15814515e-09
159.501 -3.96041685e-08 -2.13341460e-08
159.718 -2.11693210e-08 -3.19767098e-08
159.936  1.67900443e-09 -2.83184577e-08
160.154  1.50405514e-08 -1.47835704e-08
160.371  1.41011578e-08  6.87879180e-09
160.589  2.50831517e-09  2.39747442e-08
160.806 -1.98668634e-08  2.76227807e-08
161.024 -4.29042428e-08  1.99269960e-08
161.242 -5.45636832e-08 -6.94657214e-10
161.459 -5.47203181e-08 -2.78235963e-08
161.677 -4.08204595e-08 -4.77912894e-08
161.894 -1.50167794e-08 -5.78790172e-08
162.112  9.20105407e-09 -5.50520685e-08
162.330  2.65220801e-08 -3.72634860e-08
162.547  3.38572895e-08 -1.59933858e-08
162.765  2.56883928e-08  1.31294792e-09
162.982  1.00583804e-08  1.18831684e-08
163.200 -4.12297525e-09  8.04332674e-09
163.418 -1.44142102e-08 -6.32440374e-09
163.635 -1.23320302e-08 -2.15615354e-08
163.853  2.66992851e-09 -3.51563634e-08
164.070  2.12144202e-08 -3.88560371e-08
164.288  4.03625783e-08 -2.77903542e-08
164.506  5.29650407e-08 -9.75291128e-09
164.723  5.05203035e-08  1.17854691e-08
164.941  3.80429981e-08  3.14398060e-08
165.158  1.94244949e-08  3.82830889e-08
165.376 -2.06026150e-09  3.36728769e-08
165.594 -1.46115589e-08  2.15586555e-08
165.811 -1.56052465e-08  3.05118598e-09
166.029 -8.59764093e-09 -1.08714089e-08
166.246  7.10772547e-09 -1.39350399e-08
166.464  2.27379279e-08 -8.84912057e-09
166.682  2.91053955e-08  6.23334531e-09
166.899  2.74689845e-08  2.56447022e-08
167.117  1.53994047e-08  3.83744237e-08
167.334 -5.08125494e-09  4.36685861e-08
167.552 -2.26527124e-08  3.89564586e-08
167.770 -3.43582304e-08  2.25732389e-08
167.987 -3.78897263e-08  4.52497414e-09
168.205 -2.84580000e-08 -1.02079440e-08
168.422 -1.33544848e-08 -1.98314277e-08
168.640  9.40929201e-10 -1.74380843e-08
168.858  1.32488010e-08 -6.62644783e-09
169.075  1.58743597e-08  5.43599973e-09
169.293  8.42372532e-09  1.81318657e-08
169.510 -2.09923889e-09  2.43665481e-08
169.728 -1.53293556e-08  2.01177462e-08
169.946 -2.58326396e-08  1.13943431e-08
170.163 -2.67698498e-08 -1.29808175e-09
170.381 -2.23496527e-08 -1.48534952e-08
170.598 -1.34923225e-08 -2.08436099e-08
170.816 -7.19684665e-10 -2.11558556e-08
171.034  7.42912691e-09 -1.73371860e-08
171.251  1.03951276e-08 -7.62212333e-09
171.469  1.04483108e-08  7.03424719e-10
171.686  4.28674201e-09  4.84048492e-09
171.904 -3.11521424e-09  7.68303883e-09
172.122 -7.28061735e-09  5.42423690e-09
172.339 -1.15283251e-08  1.69984350e-10
172.557 -1.27595958e-08 -2.69011990e-09
172.774 -1.03613371e-08 -6.55970417e-09
172.992 -9.93279589e-09 -1.01292208e-08
173.210 -8.53326124e-09 -1.08021968e-08
173.427 -5.04223879e-09 -1.38074057e-08
173.645 -2.93035003e-09 -1.72806427e-08
173.862  2.29173776e-09 -1.75614507e-08
174.080  1.04521706e-08 -1.76968769e-08
174.298  1.58896378e-08 -1.39941546e-08
174.515  2.01119370e-08 -4.36513615e-09
174.733  2.00917225e-08  4.69400872e-09
174.950  1.11644524e-08  1.24999229e-08
175.168 -8.56769077e-10  1.64444038e-08
175.386 -1.30003643e-08  9.25725684e-09
175.603 -2.27464734e-08 -5.62746929e-09
175.821 -2.04347261e-08 -2.36038855e-08
176.038 -5.44722468e-09 -4.21149648e-08
176.256  1.74382100e-08 -4.97495406e-08
176.474  4.59674323e-08 -4.06432577e-08
176.691  6.81705409e-08 -1.77854988e-08
176.909  7.26266493e-08  1.77022822e-08
177.126  5.85157592e-08  5.50074449e-08
177.344  2.45865044e-08  7.80114146e-08
177.562 -2.16520741e-08  8.05762298e-08
177.779 -6.15636159e-08  5.77657961e-08
177.997 -8.32969002e-08  1.15846877e-08
178.214 -7.73404855e-08 -4.00332590e-08
178.432 -3.84463568e-08 -8.04750048e-08
178.650  1.98819105e-08 -9.54679951e-08
178.867  7.85733772e-08 -7.15210011e-08
179.085  1.19373370e-07 -1.39588483e-08
179.302  1.20651422e-07  5.92862793e-08
179.520  7.64642665e-08  1.28042376e-07
179.738 -8.30186077e-10  1.64158503e-07
179.955 -9.24990883e-08  1.48840780e-07
180.173 -1.67171695e-07  8.44469627e-08
180.390 -1.93815683e-07 -1.60084502e-08
180.608 -1.61389396e-07 -1.22785474e-07
180.826 -7.26960281e-08 -1.95867705e-07
181.043  5.00293898e-08 -2.09552785e-07
181.261  1.63632039e-07 -1.52819123e-07
181.478  2.29423542e-07 -3.45389877e-08
181.696  2.20892266e-07  1.06671959e-07
181.914  1.28870914e-07  2.23905474e-07
182.131 -2.09373437e-08  2.76177338e-07
182.349 -1.80949474e-07  2.33834906e-07
182.566 -2.99905622e-07  1.01962811e-07
182.784 -3.28467717e-07 -8.06644794e-08
183.002 -2.45710411e-07 -2.59918520e-07
183.219 -7.17098443e-08 -3.71499970e-07
183.437  1.46426593e-07 -3.66963124e-07
183.654  3.38101793e-07 -2.39327775e-07
183.872  4.30844058e-07 -1.77026873e-08
184.090  3.85851204e-07  2.32913844e-07
184.307  2.04182424e-07  4.24974655e-07
184.525 -6.82885383e-08  4.88527642e-07
184.742 -3.42704269e-07  3.89835881e-07
184.960 -5.25062634e-07  1.42868864e-07
185.178 -5.45479907e-07 -1.78993557e-07
185.395 -3.76594386e-07 -4.71059674e-07
185.613 -5.91002887e-08 -6.32757787e-07
185.830  3.09914167e-07 -5.91820347e-07
186.048  6.11915148e-07 -3.41841477e-07
186.266  7.33992206e-07  4.83062473e-08
186.483  6.14400193e-07  4.61156190e-07
186.701  2.74504573e-07  7.56058784e-07
186.918 -1.92181045e-07  8.16639758e-07
187.136 -6.38108068e-07  6.02803318e-07
187.354 -9.03552955e-07  1.61014937e-07
187.571 -8.82149300e-07 -3.80729592e-07
187.789 -5.54522600e-07 -8.41156895e-07
188.006 -1.02761350e-09 -1.05475526e-06
188.224  6.05646266e-07 -9.26419472e-07
188.442  1.06079203e-06 -4.64230554e-07
188.659  1.19625411e-06  2.01984092e-07
188.877  9.32012960e-07  8.59686187e-07
189.094  3.22328422e-07  1.28489697e-06
189.312 -4.51347797e-07  1.30723068e-06
189.530 -1.14051297e-06  8.80799004e-07
189.747 -1.49874834e-06  1.15613455e-07
189.965 -1.36971981e-06 -7.57287108e-07
190.182 -7.57653026e-07 -1.44672612e-06
190.400  1.70558429e-07 -1.69437985e-06
190.618  1.12446845e-06 -1.37790494e-06
190.835  1.77278846e-06 -5.56607710e-07
191.053  1.86579203e-06  5.33623289e-07
191.270  1.32383821e-06  1.53641399e-06
191.488  2.74679639e-07  2.09756557e-06
191.706 -9.61335870e-07  1.98733805e-06
191.923 -1.97205125e-06  1.18207400e-06
192.141 -2.39240082e-06 -9.91950431e-08
192.358 -2.02424643e-06 -1.45190841e-06
192.576 -9.27262311e-07 -2.41822496e-06
192.794  5.77194729e-07 -2.63052374e-06
193.011  2.00568085e-06 -1.95037159e-06
193.229  2.85800470e-06 -5.42674267e-07
193.446  2.78849056e-06  1.16697918e-06
193.664  1.74858342e-06  2.61317214e-06
193.882  1.88922786e-08  3.26996345e-06
194.099 -1.86049212e-06  2.84765197e-06
194.317 -3.24745835e-06  1.40641007e-06
194.534 -3.62265896e-06 -6.40093814e-07
194.752 -2.77776356e-06 -2.62915541e-06
194.970 -9.05043496e-07 -3.86668461e-06
195.187  1.42697129e-06 -3.86835914e-06
195.405  3.44469517e-06 -2.53438427e-06
195.622  4.42876217e-06 -2.22860155e-07
195.840  3.95760099e-06  2.33782124e-06
196.058  2.08190739e-06  4.28285837e-06
196.275 -6.51235525e-07  4.89190389e-06
196.493 -3.36115004e-06  3.85094503e-06
196.710 -5.10828761e-06  1.40096863e-06
196.928 -5.21243121e-06 -1.71376305e-06
197.146 -3.51895295e-06 -4.46491562e-06
197.363 -4.84426871e-07 -5.86887606e-06
197.581  2.93966468e-06 -5.34224643e-06
197.798  5.59169610e-06 -2.93068954e-06
198.016  6.49675933e-06  6.67837901e-07
198.234  5.22031591e-06  4.28850538e-06
198.451  2.04866358e-06  6.67602489e-06
198.669 -2.05064695e-06  6.92019628e-06
198.886 -5.71779025e-06  4.78647530e-06
199.104 -7.65485275e-06  8.50544712e-07
199.322 -7.07218271e-06 -3.64189607e-06
199.539 -3.99975827e-06 -7.17265606e-06
199.757  6.59897903e-07 -8.45382848e-06
199.974  5.39672697e-06 -6.88885565e-06
200.192  8.57481365e-06 -2.83610008e-06
200.410  8.98685547e-06  2.46031697e-06
200.627  6.31259909e-06  7.24639856e-06
200.845  1.28377559e-06  9.82633920e-06
201.062 -4.50779988e-06  9.16511509e-06
201.280 -9.09906068e-06  5.29090932e-06
201.498 -1.08209873e-05 -6.55462689e-07
201.715 -8.90210763e-06 -6.73837920e-06
201.933 -3.78322170e-06 -1.08531884e-05
202.150  2.95439224e-06 -1.14558620e-05
202.368  9.06690125e-06 -8.12530778e-06
202.586  1.23983513e-05 -1.78111172e-06
202.803  1.16290096e-05  5.54956497e-06
203.021  6.78342265e-06  1.13815737e-05
203.238 -6.89839084e-07  1.36058469e-05
203.456 -8.34763249e-06  1.12405374e-05
203.674 -1.35452974e-05  4.84800143e-06
203.891 -1.43378499e-05 -3.57783986e-06
204.109 -1.02059396e-05 -1.12285826e-05
204.326 -2.31539941e-06 -1.54039563e-05
204.544  6.80232676e-06 -1.44646538e-05
204.762  1.40473056e-05 -8.46439090e-06
204.979  1.68025596e-05  7.85800338e-07
205.197  1.38779270e-05  1.02462632e-05
205.414  5.99122781e-06  1.66405373e-05
205.632 -4.37703185e-06  1.75928743e-05
205.850 -1.37504452e-05  1.24947892e-05
206.067 -1.88258184e-05  2.80831272e-06
206.285 -1.76275862e-05 -8.32947977e-06
206.502 -1.02591281e-05 -1.71233440e-05
206.720  1.01998410e-06 -2.04078764e-05
206.938  1.24808891e-05 -1.67742152e-05
207.155  2.01555967e-05 -7.15567816e-06
207.373  2.11988815e-05  5.38703127e-06
207.590  1.49401973e-05  1.66370929e-05
207.808  3.22114078e-06  2.26271524e-05
208.026 -1.01379855e-05  2.10371427e-05
208.243 -2.05707163e-05  1.20835525e-05
208.461 -2.43217548e-05 -1.45029375e-06
208.678 -1.97998670e-05 -1.50643286e-05
208.896 -8.21969556e-06 -2.40301438e-05
209.114  6.69798739e-06 -2.50381228e-05
209.331  1.99080976e-05 -1.74060612e-05
209.549  2.67521967e-05 -3.42574750e-06
209.766  2.45959568e-05  1.23024088e-05
209.984  1.38248242e-05  2.43843738e-05
210.202 -2.15836148e-06  2.84818946e-05
210.419 -1.80020870e-05  2.28587281e-05
210.637 -2.81997664e-05  9.09632498e-06
210.854 -2.89942869e-05 -8.32804548e-06
211.072 -1.97596691e-05 -2.34988806e-05
211.290 -3.34154593e-06 -3.10624031e-05
211.507  1.48149085e-05 -2.81151385e-05
211.725  2.84627810e-05 -1.53129081e-05
211.942  3.27000379e-05  3.23830147e-06
212.160  2.57352003e-05  2.12897587e-05
212.378  9.61374612e-06  3.25484599e-05
212.595 -1.03655762e-05  3.28790671e-05
212.813 -2.73812271e-05  2.18152327e-05
213.030 -3.54251684e-05  2.83826010e-06
213.248 -3.14251434e-05 -1.77004351e-05
213.466 -1.64020545e-05 -3.27081067e-05
213.683  4.75065395e-06 -3.68057738e-05
213.901  2.48566636e-05 -2.82483771e-05
214.118  3.68989620e-05 -9.64796471e-06
214.336  3.64645005e-05  1.28069950e-05
214.554  2.33609779e-05  3.14166993e-05
214.771  1.80860441e-06  3.96080682e-05
214.989 -2.09199074e-05  3.42579973e-05
215.206 -3.69522915e-05  1.68841264e-05
215.424 -4.05436779e-05 -6.77011387e-06
215.642 -3.01450847e-05 -2.86324400e-05
215.859 -9.04473980e-06 -4.10540095e-05
216.077  1.56659966e-05 -3.94977930e-05
216.294  3.54697997e-05 -2.41957792e-05
216.512  4.33698831e-05 -1.71388404e-07
216.730  3.63704415e-05  2.43991201e-05
216.947  1.66019882e-05  4.09754524e-05
217.165 -9.30811637e-06  4.36345940e-05
217.382 -3.24568281e-05  3.11853627e-05
217.600 -4.47385819e-05  7.68177862e-06
217.818 -4.16860428e-05 -1.88876154e-05
218.035 -2.40984091e-05 -3.93267696e-05
218.253  2.13615877e-06 -4.64204738e-05
218.470  2.80183366e-05 -3.74867635e-05
218.688  4.45315354e-05 -1.53981907e-05
218.906  4.57877356e-05  1.23391309e-05
219.123  3.11422422e-05  3.61426269e-05
219.341  5.49390326e-06  4.76665596e-05
219.558 -2.23573139e-05  4.27447765e-05
219.776 -4.27296144e-05  2.29055125e-05
219.994 -4.84394665e-05 -5.09961772e-06
220.211 -3.73506443e-05 -3.15902094e-05
220.429 -1.31703961e-05 -4.73128301e-05
220.646  1.57834438e-05 -4.66930160e-05
220.864  3.94466663e-05 -2.98166149e-05
221.082  4.95267636e-05 -2.45181898e-06
221.299  4.24187831e-05  2.59178357e-05
221.517  2.05020920e-05  4.53965362e-05
221.734 -8.64409291e-06  4.91410908e-05
221.952 -3.48718056e-05  3.57742058e-05
222.170 -4.90117349e-05  9.90587659e-06
222.387 -4.60879561e-05 -1.94581201e-05
222.605 -2.70881994e-05 -4.20642412e-05
222.822  1.36217228e-06 -4.99993592e-05
223.040  2.93195208e-05 -4.04802929e-05
223.258  4.70027038e-05 -1.68455149e-05
223.475  4.82320505e-05  1.26191568e-05
223.693  3.26105397e-05  3.75875768e-05
223.910  5.65429767e-06  4.93239247e-05
224.128 -2.31536162e-05  4.37635425e-05
224.346 -4.37040324e-05  2.29303100e-05
224.563 -4.88324785e-05 -5.79379477e-06
224.781 -3.68321912e-05 -3.22811252e-05
224.998 -1.20289790e-05 -4.72475398e-05
225.216  1.67666569e-05 -4.55252039e-05
225.434  3.93991001e-05 -2.78573001e-05
225.651  4.79681144e-05 -6.04580684e-07
225.869  3.95980441e-05  2.65438170e-05
226.086  1.74199898e-05  4.40307964e-05
226.304 -1.05858364e-05  4.58065545e-05
226.522 -3.44708110e-05  3.14404461e-05
226.739 -4.58603239e-05  6.22204426e-06
226.957 -4.09067189e-05 -2.07861090e-05
227.174 -2.16102384e-05 -4.00091889e-05
227.392  4.97093438e-06 -4.47657909e-05
227.610  2.93000626e-05 -3.36150083e-05
227.827  4.27869453e-05 -1.07932038e-05
228.045  4.08439374e-05  1.53839865e-05
228.262  2.44618473e-05  3.55457937e-05
228.480 -2.40413217e-07  4.26371192e-05
228.698 -2.42850802e-05  3.44073468e-05
228.915 -3.91041530e-05  1.41252416e-05
229.133 -3.96120041e-05 -1.06894069e-05
229.350 -2.59600322e-05 -3.10463758e-05
229.568 -3.38239019e-06 -3.97563567e-05
229.786  1.97882602e-05 -3.39805187e-05
230.003  3.52008958e-05 -1.61646474e-05
230.221  3.75037895e-05  6.95110936e-06
230.438  2.62145977e-05  2.68743432e-05
230.656  5.79449000e-06  3.64822779e-05
230.874 -1.60909547e-05  3.25755785e-05
231.091 -3.14428332e-05  1.69607013e-05
231.309 -3.48514937e-05 -4.32851326e-06
231.526 -2.54205734e-05 -2.33456496e-05
231.744 -6.98973918e-06 -3.31865960e-05
231.962  1.33989121e-05 -3.05063133e-05
232.179  2.81697553e-05 -1.66708997e-05
232.397  3.20265628e-05  2.86877791e-06
232.614  2.38673338e-05  2.06932930e-05
232.832  7.08718445e-06  3.02160167e-05
233.050 -1.17938225e-05  2.81257423e-05
233.267 -2.56350458e-05  1.55439131e-05
233.485 -2.93730344e-05 -2.50028246e-06
233.702 -2.18777899e-05 -1.90411031e-05
233.920 -6.28831003e-06 -2.78497056e-05
234.138  1.12568305e-05 -2.57764645e-05
234.355  2.40098684e-05 -1.38774020e-05
234.573  2.71969025e-05  3.06171598e-06
234.790  1.97969738e-05  1.84165084e-05
235.008  4.87362986e-06  2.62949425e-05
235.226 -1.16583283e-05  2.37802813e-05
235.443 -2.33535387e-05  1.20120625e-05
235.661 -2.57232582e-05 -4.29650511e-06
235.878 -1.79462214e-05 -1.87234894e-05
236.096 -3.16132909e-06 -2.56385231e-05
236.314  1.27823814e-05 -2.23759260e-05
236.531  2.36143731e-05 -1.02616862e-05
236.749  2.50771271e-05  5.91806823e-06
236.966  1.65868609e-05  1.97914907e-05
237.184  1.46304595e-06  2.58781685e-05
237.402 -1.43651497e-05  2.17322924e-05
237.619 -2.46575039e-05  8.91266917e-06
237.837 -2.52974176e-05 -7.61087628e-06
238.054 -1.59199786e-05 -2.13696543e-05
238.272 -8.04118588e-08 -2.69049094e-05
238.490  1.60922279e-05 -2.19142125e-05
238.707  2.62495267e-05 -8.18027727e-06
238.925  2.62998685e-05  9.07373096e-06
239.142  1.60289475e-05  2.31622120e-05
239.360 -7.64686466e-07  2.85183314e-05
239.578 -1.76742370e-05  2.28719960e-05
239.795 -2.81270262e-05  8.17634255e-06
240.013 -2.79272891e-05 -1.00708000e-05
240.230 -1.69101567e-05 -2.48882200e-05
240.448  9.20015353e-07 -3.04813901e-05
240.666  1.88526524e-05 -2.44863754e-05
240.883  3.00056096e-05 -8.94018607e-06
241.101  2.99549827e-05  1.04153189e-05
241.318  1.84694185e-05  2.62697256e-05
241.536 -3.20360256e-07  3.25051174e-05
241.754 -1.94241509e-05  2.65437123e-05
241.971 -3.16026342e-05  1.03960407e-05
242.189 -3.21052683e-05 -1.00278958e-05
242.406 -2.05169698e-05 -2.70981307e-05
242.624 -9.83879162e-07 -3.43169957e-05
242.842  1.92885103e-05 -2.87938084e-05
243.059  3.27010207e-05 -1.23903510e-05
243.277  3.41165931e-05  8.92031318e-06
243.494  2.28286772e-05  2.72399176e-05
243.712  2.87520838e-06  3.56829866e-05
243.930 -1.84173254e-05  3.09753995e-05
244.147 -3.31354982e-05  1.47138771e-05
244.365 -3.57373210e-05 -7.18309370e-06
244.582 -2.51400128e-05 -2.66389804e-05
244.800 -5.15676244e-06 -3.64184092e-05
245.018  1.68810077e-05 -3.28283311e-05
245.235  3.28325121e-05 -1.71091248e-05
245.453  3.67722502e-05  4.99363361e-06
245.670  2.71941563e-05  2.53436682e-05
245.888  7.59030202e-06  3.64301000e-05
246.106 -1.48293294e-05  3.41480773e-05
246.323 -3.18093193e-05  1.93270404e-05
246.541 -3.71009508e-05 -2.56916892e-06
246.758 -2.87734532e-05 -2.34732503e-05
246.976 -9.92841746e-06 -3.57005791e-05
247.194  1.24648002e-05 -3.47870003e-05
247.411  3.01593902e-05 -2.11351712e-05
247.629  3.66798295e-05  1.58852166e-07
247.846  2.97117706e-05  2.12172398e-05
248.064  1.19304326e-05  3.43032226e-05
248.282 -1.00295610e-05  3.46836517e-05
248.499 -2.80531261e-05  2.23557801e-05
248.717 -3.55599869e-05  1.99853293e-06
248.934 -2.99267319e-05 -1.88004525e-05
249.152 -1.34071398e-05 -3.23824772e-05
249.370  7.75779515e-06 -3.38585725e-05
249.587  2.56980317e-05 -2.28786658e-05
249.805  3.38584860e-05 -3.69865174e-06
250.022  2.94064458e-05  1.64588297e-05
250.240  1.42221261e-05  3.01349069e-05
250.458 -5.86943303e-06  3.24067963e-05
250.675 -2.33336991e-05  2.26690897e-05
250.893 -3.17615138e-05  4.78847346e-06
251.110 -2.82288847e-05 -1.44198191e-05
251.328 -1.43252189e-05 -2.77932809e-05
251.546  4.52749690e-06 -3.04965175e-05
251.763  2.11847078e-05 -2.17839489e-05
251.981  2.94844975e-05 -5.19775795e-06
252.198  2.65367041e-05  1.28571952e-05
252.416  1.37430630e-05  2.55773971e-05
252.634 -3.82961657e-06  2.83259674e-05
252.851 -1.94397293e-05  2.03382621e-05
253.069 -2.72489886e-05  4.92025839e-06
253.286 -2.45166865e-05 -1.18957170e-05
253.504 -1.25676365e-05 -2.36931928e-05
253.722  3.80658270e-06 -2.61221064e-05
253.939  1.82430933e-05 -1.85101000e-05
254.157  2.52722384e-05 -4.03234307e-06
254.374  2.23933577e-05  1.15811819e-05
254.592  1.09640390e-05  2.22955998e-05
254.810 -4.39827483e-06  2.41008242e-05
255.027 -1.76564094e-05  1.65094112e-05
255.245 -2.37162143e-05  2.67708797e-06
255.462 -2.03752721e-05 -1.18799373e-05
255.680 -9.12358226e-06 -2.14694678e-05
255.898  5.48999782e-06 -2.24350958e-05
256.115  1.76787248e-05 -1.45431812e-05
256.333  2.26921753e-05 -1.03125985e-06
256.550  1.86519261e-05  1.27028885e-05
256.768  7.25759447e-06  2.12405260e-05
256.986 -6.91484759e-06  2.12580528e-05
257.203 -1.82376795e-05  1.28144490e-05
257.421 -2.22426082e-05 -6.94021425e-07
257.638 -1.73693965e-05 -1.38936331e-05
257.856 -5.57068734e-06 -2.15506439e-05
258.074  8.47231870e-06 -2.06267259e-05
258.291  1.91944260e-05 -1.14758887e-05
258.509  2.23313923e-05  2.30036591e-06
258.726  1.66036347e-05  1.52677149e-05
258.944  4.22325979e-06  2.22857658e-05
259.162 -9.96739527e-06  2.05331145e-05
259.379 -2.03796327e-05  1.06250964e-05
259.597 -2.28692151e-05 -3.61498999e-06
259.814 -1.63714892e-05 -1.66292988e-05
260.032 -3.33290323e-06 -2.32889372e-05
260.250  1.12155474e-05 -2.09061620e-05
260.467  2.15989810e-05 -1.02970572e-05
260.685  2.37101183e-05  4.50591862e-06
260.902  1.66165396e-05  1.77904913e-05
261.120  2.94982099e-06  2.43737755e-05
261.338 -1.20770230e-05  2.16144621e-05
261.555 -2.26683710e-05  1.04545903e-05
261.773 -2.46803205e-05 -4.90629659e-06
261.990 -1.72283272e-05 -1.86046364e-05
262.208 -3.06096792e-06 -2.53586625e-05
262.426  1.24664328e-05 -2.24972305e-05
262.643  2.34302301e-05 -1.10087465e-05
262.861  2.55973851e-05  4.80779743e-06
263.078  1.80568851e-05  1.89689504e-05
263.296  3.59301505e-06  2.60758357e-05
263.514 -1.23598266e-05  2.33737428e-05
263.731 -2.37693698e-05  1.18193888e-05
263.949 -2.62912219e-05 -4.27060941e-06
264.166 -1.89291088e-05 -1.88455448e-05
264.384 -4.41946689e-06 -2.64030138e-05
264.602  1.17990062e-05 -2.40771137e-05
264.819  2.36317068e-05 -1.27245756e-05
265.037  2.66318557e-05  3.40184662e-06
265.254  1.96785725e-05  1.82534640e-05
265.472  5.38881572e-06  2.62678330e-05
265.690 -1.08723915e-05  2.44651407e-05
265.907 -2.30170648e-05  1.35547020e-05
266.125 -2.65301348e-05 -2.34539677e-06
266.342 -2.01521285e-05 -1.72687920e-05
266.560 -6.33109357e-06 -2.56566813e-05
266.778  9.71704125e-06 -2.44371523e-05
266.995  2.19910957e-05 -1.41537132e-05
267.213  2.59604240e-05  1.26570840e-06
267.430  2.02428550e-05  1.60175700e-05
267.648  7.09277795e-06  2.46193136e-05
267.866 -8.48779229e-06  2.39533866e-05
268.083 -2.06621795e-05  1.44079628e-05
268.301 -2.49513829e-05 -3.15744194e-07
268.518 -1.98935731e-05 -1.46442790e-05
268.736 -7.54791774e-06 -2.32455076e-05
268.954  7.34116998e-06 -2.30227078e-05
269.171  1.91677032e-05 -1.42417720e-05
269.389  2.35805403e-05 -3.65250203e-07
269.606  1.90985756e-05  1.33086154e-05
269.824  7.60717078e-06  2.16686645e-05
270.042 -6.42236897e-06  2.17140986e-05
270.259 -1.76656450e-05  1.36381964e-05
270.477 -2.19738741e-05  6.81353250e-07
270.694 -1.79139186e-05 -1.21548983e-05
270.912 -7.24172564e-06 -2.00394289e-05
271.130  5.83297764e-06 -2.01382354e-05
271.347  1.62995837e-05 -1.26345813e-05
271.565  2.02718358e-05 -5.88155614e-07
271.782  1.64322300e-05  1.12958042e-05
272.000  6.46958683e-06  1.85038437e-05
272.218 -5.63583482e-06  1.84276147e-05
272.435 -1.51953517e-05  1.13103857e-05
272.653 -1.86235074e-05  8.76579894e-08
272.870 -1.47817682e-05 -1.08094051e-05
273.088 -5.36069585e-06 -1.71953774e-05
273.306  5.84168706e-06 -1.67314382e-05
273.523  1.44395853e-05 -9.78777381e-06
273.741  1.71641796e-05  7.62376627e-07
273.958  1.31072626e-05  1.07180864e-05
274.176  4.02467820e-06  1.62070735e-05
274.394 -6.40873818e-06  1.51856963e-05
274.611 -1.40681124e-05  8.20310427e-06
274.829 -1.59964989e-05 -1.86799092e-06
275.046 -1.15460946e-05 -1.09969566e-05
275.264 -2.58959712e-06 -1.55910479e-05
275.482  7.25605577e-06 -1.39041527e-05
275.699  1.40718748e-05 -6.69525401e-06
275.917  1.51874429e-05  3.10635350e-06
276.134  1.02194183e-05  1.15755110e-05
276.352  1.19462548e-06  1.53516736e-05
276.570 -8.26673259e-06  1.29629963e-05
276.787 -1.43923323e-05  5.38828493e-06
277.005 -1.47528203e-05 -4.34155734e-06
277.222 -9.21024263e-06 -1.23481170e-05
277.440  3.45616334e-08 -1.54449929e-05
277.658  9.31195652e-06 -1.23906402e-05
277.875  1.49377043e-05 -4.37468101e-06
278.093  1.46638403e-05  5.44607963e-06
278.310  8.56205749e-06  1.31928975e-05
278.528 -9.95082649e-07  1.57903994e-05
278.746 -1.02624720e-05  1.21724064e-05
278.963 -1.55902232e-05  3.71125408e-06
279.181 -1.48489428e-05 -6.31047654e-06
279.398 -8.27206284e-06 -1.39801227e-05
279.616  1.62216625e-06 -1.62753668e-05
279.834  1.10062897e-05 -1.22476064e-05
280.051  1.62231970e-05 -3.40545641e-06
280.269  1.52061530e-05  6.86366882e-06
280.486  8.29305106e-06  1.45960903e-05
280.704 -1.89643395e-06  1.67796878e-05
280.922 -1.14629214e-05  1.25269230e-05
281.139 -1.67206321e-05  3.42420192e-06
281.357 -1.56210213e-05 -7.07166055e-06
281.574 -8.54553659e-06 -1.49498419e-05
281.792  1.83771867e-06 -1.71846792e-05
282.010  1.15853790e-05 -1.28984689e-05
282.227  1.69843542e-05 -3.69565847e-06
282.445  1.59726922e-05  6.94349288e-06
282.662  8.92081843e-06  1.49867199e-05
282.880 -1.50917435e-06  1.73886940e-05
283.098 -1.13743516e-05  1.32427684e-05
283.315 -1.69543029e-05  4.11951031e-06
283.533 -1.61579114e-05 -6.53124437e-06
283.750 -9.30539154e-06 -1.46973128e-05
283.968  9.99549243e-07 -1.73234191e-05
284.186  1.08687013e-05 -1.34549092e-05
284.403  1.66068521e-05 -4.58797242e-06
284.621  1.60979319e-05  5.91394290e-06
284.838  9.59106494e-06  1.41069067e-05
285.056 -4.14901631e-07  1.69515728e-05
285.274 -1.01402338e-05  1.34476098e-05
285.491 -1.59565207e-05  4.98881635e-06
285.709 -1.57470812e-05 -5.19617839e-06
285.926 -9.68541943e-06 -1.32800836e-05
286.144 -1.31907918e-07 -1.62801917e-05
286.362  9.28731733e-06 -1.31695904e-05
286.579  1.50588983e-05 -5.22710040e-06
286.797  1.51036183e-05  4.48626464e-06
287.014  9.52955642e-06  1.23055219e-05
287.232  5.44389734e-07  1.53532907e-05
287.450 -8.41311296e-06  1.26061260e-05
287.667 -1.39936504e-05  5.23446271e-06
287.885 -1.41984915e-05 -3.88355154e-06
288.102 -9.09557193e-06 -1.12844785e-05
288.320 -7.45767129e-07 -1.42429318e-05
288.538  7.62116989e-06 -1.17769706e-05
288.755  1.28605055e-05 -4.97385659e-06
288.973  1.30963570e-05  3.47118281e-06
289.190  8.39523339e-06  1.03223520e-05
289.408  6.92195351e-07  1.30438326e-05
289.626 -6.99866150e-06  1.07388897e-05
289.843 -1.17620709e-05  4.44873261e-06
290.061 -1.18842813e-05 -3.30065027e-06
290.278 -7.47547079e-06 -9.50829592e-06
290.496 -3.75496527e-07 -1.18545036e-05
290.714  6.60548890e-06 -9.57114713e-06
290.931  1.07899913e-05 -3.69407041e-06
291.149  1.06589485e-05  3.39218045e-06
291.366  6.40814417e-06  8.90992958e-06
291.584 -1.80066179e-07  1.07705498e-05
291.802 -6.47066129e-06  8.36877819e-06
292.019 -1.00182663e-05  2.77451040e-06
292.237 -9.51789309e-06 -3.72925901e-06
292.454 -5.28360241e-06 -8.56319487e-06
292.672  9.17249680e-07 -9.87027653e-06
292.890  6.58584148e-06 -7.22706750e-06
293.107  9.49059629e-06 -1.77366161e-06
293.325  8.54182606e-06  4.26374137e-06
293.542  4.19405122e-06  8.47088954e-06
293.760 -1.75909422e-06  9.20556633e-06
293.978 -6.91377280e-06  6.22969240e-06
294.195 -9.22084554e-06  7.82827049e-07
294.413 -7.78997946e-06 -4.92501498e-06
294.630 -3.22739225e-06 -8.60522625e-06
294.848  2.61537020e-06 -8.79815780e-06
295.066  7.39005993e-06 -5.44199008e-06
295.283  9.18795940e-06  1.08058134e-07
295.501  7.29049947e-06  5.62688361e-06
295.718  2.45308863e-06  8.90821080e-06
295.936 -3.39803560e-06  8.63444107e-06
296.154 -7.93431653e-06  4.89937150e-06
296.371 -9.34213960e-06 -8.27216631e-07
296.589 -7.04013760e-06 -6.28381728e-06
296.806 -1.91419612e-06 -9.30538183e-06
297.024  4.03222338e-06 -8.67484950e-06
297.242  8.46145085e-06 -4.60911237e-06
297.459  9.61478732e-06  1.32414637e-06
297.677  7.00828475e-06  6.81606620e-06
297.894  1.62587313e-06  9.71186274e-06
298.112 -4.46060403e-06  8.85589649e-06
298.330 -8.88856614e-06  4.54647089e-06
298.547 -9.92346595e-06 -1.57745977e-06
298.765 -7.13611206e-06 -7.16187108e-06
298.982 -1.56954191e-06 -1.00457278e-05
299.200  4.65539815e-06 -9.09950654e-06
299.418  9.15189943e-06 -4.65947994e-06
299.635  1.01883482e-05  1.59651412e-06
299.853  7.35087999e-06  7.28663620e-06
300.070  1.70288844e-06  1.02402815e-05
300.288 -4.61596241e-06  9.32615428e-06
300.506 -9.20941014e-06  4.88110554e-06
300.723 -1.03375003e-05 -1.41487657e-06
300.941 -7.57290123e-06 -7.18161439e-06
301.158 -1.96351077e-06 -1.02459378e-05
301.376  4.37014647e-06 -9.45989623e-06
301.594  9.04564593e-06 -5.13299494e-06
301.811  1.03160986e-05  1.09132018e-06
302.029  7.72595607e-06  6.86895718e-06
302.246  2.27586590e-06  1.00409229e-05
302.464 -3.97114319e-06  9.44346478e-06
302.682 -8.67457418e-06  5.33998148e-06
302.899 -1.00962523e-05 -6.97173553e-07
303.117 -7.74990330e-06 -6.39331217e-06
303.334 -2.56488858e-06 -9.63027810e-06
303.552  3.48486639e-06 -9.24213814e-06
303.770  8.13255949e-06 -5.43702331e-06
303.987  9.67509420e-06  3.07375990e-07
304.205  7.60238995e-06  5.81589394e-06
304.422  2.76143023e-06  9.04443874e-06
304.640 -2.98523584e-06  8.84579566e-06
304.858 -7.47748262e-06  5.37592352e-06
305.075 -9.07729027e-06  7.79083186e-09
305.293 -7.26676220e-06 -5.20884387e-06
305.510 -2.81434051e-06 -8.33646817e-06
305.728  2.54240292e-06 -8.27153871e-06
305.946  6.77816679e-06 -5.13428276e-06
306.163  8.34824836e-06 -1.94123519e-07
306.381  6.75205661e-06  4.64260939e-06
306.598  2.69479048e-06  7.57032892e-06
306.816 -2.21537213e-06  7.55729330e-06
307.034 -6.10502250e-06  4.71381673e-06
307.251 -7.54771933e-06  2.15502408e-07
307.469 -6.09077555e-06 -4.18006284e-06
307.686 -2.39757079e-06 -6.81557248e-06
307.904  2.04578776e-06 -6.75981686e-06
308.122  5.52206596e-06 -4.14147094e-06
308.339  6.74379202e-06 -6.04397169e-08
308.557  5.33511249e-06  3.86578429e-06
308.774  1.94239028e-06  6.13647439e-06
308.992 -2.05067504e-06  5.94431564e-06
309.210 -5.07718460e-06  3.46234029e-06
309.427 -6.00147438e-06 -2.58823513e-07
309.645 -4.54603909e-06 -3.72305482e-06
309.862 -1.36772480e-06 -5.58583835e-06
310.080  2.22451943e-06 -5.17611821e-06
310.298  4.80067199e-06 -2.73396244e-06
310.515  5.37740082e-06  7.08486041e-07
310.733  3.78852255e-06  3.75278511e-06
310.950  7.28856080e-07  5.19914854e-06
311.168 -2.53843945e-06  4.51320047e-06
311.386 -4.69909708e-06  2.02049409e-06
311.603 -4.90975690e-06 -1.23711098e-06
311.821 -3.12110358e-06 -3.93246815e-06
312.038 -8.75414813e-08 -4.98780538e-06
312.256  2.94737854e-06 -3.99685774e-06
312.474  4.75664071e-06 -1.38124442e-06
312.691  4.61583855e-06  1.78688218e-06
312.909  2.58990893e-06  4.22313735e-06
313.126 -4.96421924e-07  4.94247893e-06
313.344 -3.39641444e-06  3.65146854e-06
313.562 -4.93859035e-06  8.66483092e-07
313.779 -4.49262728e-06 -2.29757220e-06
313.997 -2.22462059e-06 -4.57122945e-06
314.214  9.70760579e-07 -5.03270718e-06
314.432  3.82509778e-06 -3.47916080e-06
314.650  5.19423555e-06 -5.08598687e-07
314.867  4.51503159e-06  2.71576322e-06
315.085  2.03151000e-06  4.91794374e-06
315.302 -1.30006713e-06  5.21320249e-06
315.520 -4.17905754e-06  3.46059160e-06
315.738 -5.46823957e-06  3.19276869e-07
315.955 -4.64315758e-06 -3.00143444e-06
316.173 -1.99731286e-06 -5.20839231e-06
316.390  1.46574885e-06 -5.43116345e-06
316.608  4.41413639e-06 -3.55991392e-06
316.826  5.70491819e-06 -2.91609412e-07
317.043  4.82521184e-06  3.13050244e-06
317.261  2.09034244e-06  5.39580671e-06
317.478 -1.46951995e-06  5.62989006e-06
317.696 -4.50305145e-06  3.72756111e-06
317.914 -5.85545332e-06  3.98714433e-07
318.131 -5.00521794e-06 -3.10075587e-06
318.349 -2.26543160e-06 -5.44957609e-06
318.566  1.33342664e-06 -5.75912482e-06
318.784  4.43862726e-06 -3.91030858e-06
319.002  5.88485389e-06 -5.99955518e-07
319.219  5.13240328e-06  2.92873525e-06
319.437  2.47157931e-06  5.35601763e-06
319.654 -1.09425170e-06  5.78000484e-06
319.872 -4.23111073e-06  4.05650347e-06
320.090 -5.77398285e-06  8.45254816e-07
320.307 -5.16501692e-06 -2.64701362e-06
320.525 -2.65574058e-06 -5.12015927e-06
320.742  8.00081396e-07 -5.66989213e-06
320.960  3.90854439e-06 -4.12181512e-06
321.178  5.52399488e-06 -1.08183699e-06
321.395  5.07679503e-06  2.29982403e-06
321.613  2.77180588e-06  4.76567269e-06
321.830 -5.01453703e-07  5.42507901e-06
322.048 -3.51127291e-06  4.07558862e-06
322.266 -5.15344977e-06  1.26286855e-06
322.483 -4.85781765e-06 -1.93599056e-06
322.701 -2.78541937e-06 -4.32947394e-06
322.918  2.46278645e-07 -5.05820966e-06
323.136  3.08745079e-06 -3.90283003e-06
323.354  4.69530033e-06 -1.35115411e-06
323.571  4.51587873e-06  1.60492221e-06
323.789  2.67822360e-06  3.85784054e-06
324.006 -7.44088820e-08  4.59802278e-06
324.224 -2.68630637e-06  3.60767683e-06
324.442 -4.19229739e-06  1.32468616e-06
324.659 -4.07571884e-06 -1.34829249e-06
324.877 -2.44964173e-06 -3.39804121e-06
325.094  1.21183646e-08 -4.08384836e-06
325.312  2.35030972e-06 -3.21006388e-06
325.530  3.69037670e-06 -1.17695918e-06
325.747  3.57356365e-06  1.19592085e-06
325.965  2.11401096e-06  2.99385164e-06
326.182 -7.06986060e-08  3.56126278e-06
326.400 -2.11222464e-06  2.74260413e-06
326.618 -3.23513360e-06  9.17914674e-07
326.835 -3.05353475e-06 -1.16231001e-06
327.053 -1.70039975e-06 -2.68083128e-06
327.270  2.43320430e-07 -3.07595236e-06
327.488  1.98994177e-06 -2.24650806e-06
327.706  2.86380130e-06 -5.73318677e-07
327.923  2.55956975e-06  1.24485862e-06
328.141  1.24706516e-06  2.48070981e-06
328.358 -5.08663551e-07  2.66580684e-06
328.576 -1.98642579e-06  1.76460355e-06
328.794 -2.60145808e-06  1.78535082e-07
329.011 -2.13106712e-06 -1.42759875e-06
329.229 -7.96754812e-07 -2.40104099e-06
329.446  8.34654458e-07 -2.35905269e-06
329.664  2.08972921e-06 -1.33850006e-06
329.882  2.45885509e-06  2.24671855e-07
330.099  1.79933969e-06  1.68135484e-06
330.317  3.91607862e-07  2.43257564e-06
330.534 -1.18168739e-06  2.16976470e-06
330.752 -2.27323817e-06  1.00130135e-06
330.970 -2.43051181e-06 -5.95398426e-07
331.187 -1.58197601e-06 -1.96874234e-06
331.405 -6.54198228e-08 -2.55255894e-06
331.622  1.50956634e-06 -2.09747867e-06
331.840  2.50208048e-06 -7.73621222e-07
332.058  2.49861016e-06  8.98257083e-07
332.275  1.48276034e-06  2.24950263e-06
332.493 -1.58002195e-07  2.72921699e-06
332.710 -1.78051557e-06  2.12816756e-06
332.928 -2.73675585e-06  6.62556796e-07
333.146 -2.63392173e-06 -1.10601335e-06
333.363 -1.49027390e-06 -2.48491259e-06
333.581  2.68024891e-07 -2.92456404e-06
333.798  1.96517809e-06 -2.23462707e-06
334.016  2.93913195e-06 -6.60223335e-07
334.234  2.79993724e-06  1.20463160e-06
334.451  1.58063980e-06  2.64470305e-06
334.669 -2.67982486e-07  3.10067143e-06
334.886 -2.04671088e-06  2.38243606e-06
335.104 -3.07719386e-06  7.47237576e-07
335.322 -2.95848498e-06 -1.19354841e-06
335.539 -1.72228938e-06 -2.70883444e-06
335.757  1.73767003e-07 -3.22304978e-06
335.974  2.02125030e-06 -2.53404291e-06
336.192  3.12735895e-06 -8.94294673e-07
336.410  3.07398700e-06  1.08611938e-06
336.627  1.87884642e-06  2.66979377e-06
336.845 -1.28939163e-08  3.26585795e-06
337.062 -1.89863620e-06  2.65408477e-06
337.280 -3.07870645e-06  1.06607856e-06
337.498 -3.11943892e-06 -9.06761317e-07
337.715 -2.01471296e-06 -2.53310007e-06
337.933 -1.81080273e-07 -3.21541076e-06
338.150  1.69916580e-06 -2.71357090e-06
338.368  2.93316272e-06 -1.22653057e-06
338.586  3.07796385e-06  6.86476313e-07
338.803  2.09838591e-06  2.31592591e-06
339.021  3.72597823e-07  3.07045456e-06
339.238 -1.45187877e-06  2.69212125e-06
339.456 -2.70551540e-06  1.34305141e-06
339.674 -2.94471307e-06 -4.59901286e-07
339.891 -2.10728623e-06 -2.04574128e-06
340.109 -5.29079081e-07 -2.84238367e-06
340.326  1.19062408e-06 -2.58166343e-06
340.544  2.42032345e-06 -1.39187425e-06
340.762  2.72705311e-06  2.60041250e-07
340.979  2.03074614e-06  1.75476295e-06
341.197  6.24716046e-07  2.55189108e-06
341.414 -9.48894307e-07  2.38620579e-06
341.632 -2.10740487e-06  1.35913044e-06
341.850 -2.44280351e-06 -1.15243017e-07
342.067 -1.86963294e-06 -1.47612638e-06
342.285 -6.42120410e-07 -2.22718121e-06
342.502  7.56235668e-07 -2.12140355e-06
342.720  1.79936335e-06 -1.24224253e-06
342.938  2.11898222e-06  4.49752834e-08
343.155  1.63653910e-06  1.23955204e-06
343.373  5.75871521e-07  1.90038716e-06
343.590 -6.33186579e-07  1.81166979e-06
343.808 -1.52643986e-06  1.05022361e-06
344.026 -1.78620541e-06 -5.69469350e-08
344.243 -1.35232775e-06 -1.06755107e-06
344.461 -4.31941150e-07 -1.60219132e-06
344.678  5.90562455e-07 -1.48537311e-06
344.896  1.31361057e-06 -8.01331487e-07
345.114  1.47488080e-06  1.48250823e-07
345.331  1.04404285e-06  9.74423865e-07
345.549  2.26576741e-07  1.35884887e-06
345.766 -6.28816034e-07  1.17275394e-06
345.984 -1.17724263e-06  5.21758389e-07
346.202 -1.21176010e-06 -3.05431195e-07
346.419 -7.41885840e-07 -9.63196198e-07
346.637  1.62182698e-08 -1.18784384e-06
346.854  7.37553943e-07 -9.01357466e-07
347.072  1.12234347e-06 -2.40500981e-07
347.290  1.01626514e-06  5.07529416e-07
347.507  4.73868076e-07  1.02606354e-06
347.725 -2.69444452e-07  1.09708910e-06
347.942 -8.98079242e-07  6.92919011e-07
348.160 -1.14403169e-06 -1.46612441e-08
348.378 -8.99694760e-07 -7.28631496e-07
348.595 -2.63039455e-07 -1.14624313e-06
348.813  5.05190148e-07 -1.08502135e-06
349.030  1.08509395e-06 -5.60838464e-07
349.248  1.22814786e-06  2.19841336e-07
349.466  8.62909672e-07  9.40477691e-07
349.683  1.24078933e-07  1.30029065e-06
349.901 -6.98444082e-07  1.14015527e-06
350.118 -1.27121693e-06  5.07820093e-07
350.336 -1.35382694e-06 -3.58307933e-07
350.554 -8.96666910e-07 -1.11743673e-06
350.771 -6.25140344e-08 -1.46246908e-06
350.989  8.30194726e-07 -1.24349785e-06
351.206  1.43088579e-06 -5.27374436e-07
351.424  1.49609359e-06  4.21279913e-07
351.642  9.83719623e-07  1.23917358e-06
351.859  7.50386539e-08  1.60683894e-06
352.077 -8.89625145e-07  1.37052816e-06
352.294 -1.54272250e-06  6.04757830e-07
352.512 -1.62845163e-06 -4.09759029e-07
352.730 -1.10123785e-06 -1.29344342e-06
352.947 -1.49356772e-07 -1.71065262e-06
353.165  8.75899033e-07 -1.49541861e-06
353.382  1.59225987e-06 -7.19387374e-07
353.600  1.72737825e-06  3.34003931e-07
353.818  1.22472001e-06  1.27657631e-06
354.035  2.66443361e-07  1.75715082e-06
354.253 -7.96629018e-07  1.59453446e-06
354.470 -1.57267526e-06  8.47224419e-07
354.688 -1.77475843e-06 -2.11434636e-07
354.906 -1.32991291e-06 -1.19313950e-06
355.123 -4.02557158e-07 -1.73755008e-06
355.341  6.66891029e-07 -1.64854226e-06
355.558  1.48641528e-06 -9.63289886e-07
355.776  1.76032848e-06  6.42711680e-08
355.994  1.39599998e-06  1.05603691e-06
356.211  5.33285664e-07  1.65255882e-06
356.429 -5.06920210e-07  1.64494451e-06
356.646 -1.34452155e-06  1.04600863e-06
356.864 -1.68199774e-06  8.42371100e-08
357.082 -1.40826812e-06 -8.84122145e-07
357.299 -6.36854870e-07 -1.51060375e-06
357.517  3.39699419e-07 -1.57857754e-06
357.734  1.16431526e-06 -1.07927391e-06
357.952  1.54526660e-06 -2.11472723e-07
358.170  1.35966036e-06  7.00230581e-07
358.387  6.95773017e-07  1.32685538e-06
358.605 -1.88734082e-07  1.45304670e-06
358.822 -9.67319035e-07  1.05454320e-06
359.040 -1.36347012e-06  2.98393028e-07
359.258 -1.25221552e-06 -5.27410810e-07
359.475 -6.99338576e-07 -1.12116851e-06
359.693  7.37619028e-08 -1.28008511e-06
359.910  7.75588722e-07 -9.71219411e-07
360.128  1.15530351e-06 -3.32283184e-07
360.346  1.09518881e-06  3.85597396e-07
360.563  6.44099012e-07  9.15464057e-07
360.781 -8.80398126e-09  1.07691491e-06
360.998 -6.10004834e-07  8.35784237e-07
361.216 -9.42594494e-07  3.07900011e-07
361.434 -9.03792371e-07 -2.90319330e-07
361.651 -5.34815318e-07 -7.31633138e-07
361.869  6.42671768e-10 -8.64253400e-07
362.086  4.87760049e-07 -6.61942930e-07
362.304  7.46964271e-07 -2.28590653e-07
362.522  6.97476995e-07  2.50463202e-07
362.739  3.83920799e-07  5.87558718e-07
362.957 -4.83346319e-08  6.62987451e-07
363.174 -4.19519602e-07  4.68295813e-07
363.392 -5.86504811e-07  1.04548686e-07
363.610 -4.97155613e-07 -2.67636622e-07
363.827 -2.08661817e-07 -4.95079744e-07
364.045  1.44230198e-07 -4.92226920e-07
364.262  4.08522769e-07 -2.75713357e-07
364.480  4.74628755e-07  4.88206633e-08
364.698  3.23017447e-07  3.35714927e-07
364.915  2.89687383e-08  4.58999142e-07
365.133 -2.74146839e-07  3.67114839e-07
365.350 -4.49957273e-07  1.04263276e-07
365.568 -4.18224343e-07 -2.12511467e-07
365.786 -1.90934541e-07 -4.41545605e-07
366.003  1.35536512e-07 -4.76763884e-07
366.221  4.19627494e-07 -2.96188352e-07
366.438  5.32689946e-07  2.98489964e-08
366.656  4.17025155e-07  3.66631647e-07
366.874  1.10552225e-07  5.67832821e-07
367.091 -2.67504896e-07  5.39495892e-07
367.309 -5.60720562e-07  2.80627411e-07
367.526 -6.41042784e-07 -1.15368535e-07
367.744 -4.63451250e-07 -4.92717180e-07
367.962 -8.46018163e-08 -6.95414148e-07
368.179  3.53939355e-07 -6.32487986e-07
368.397  6.78984965e-07 -3.14088751e-07
368.614  7.56502827e-07  1.47505249e-07
368.832  5.43659918e-07  5.77022445e-07
369.050  1.08901964e-07  8.06053564e-07
369.267 -3.88498953e-07  7.37557904e-07
369.485 -7.60212799e-07  3.84605380e-07
369.702 -8.60365970e-07 -1.28345241e-07
369.920 -6.40498272e-07 -6.12099042e-07
370.138 -1.73521121e-07 -8.84253223e-07
370.355  3.71926094e-07 -8.35841039e-07
370.573  7.95254185e-07 -4.76427773e-07
370.790  9.35947089e-07  6.67175357e-08
371.008  7.35701804e-07  5.97132336e-07
371.226  2.63408781e-07  9.19111940e-07
371.443 -3.11916433e-07  9.10572903e-07
371.661 -7.81318295e-07  5.71673659e-07
371.878 -9.71632797e-07  2.30309942e-08
372.096 -8.12537153e-07 -5.37784713e-07
372.314 -3.60869784e-07 -9.06430253e-07
372.531  2.21044212e-07 -9.49609467e-07
372.749  7.22145742e-07 -6.53029960e-07
372.966  9.62118910e-07 -1.24171732e-07
373.184  8.57467649e-07  4.44765511e-07
373.402  4.48379953e-07  8.48670047e-07
373.619 -1.14806598e-07  9.45856794e-07
373.837 -6.27489848e-07  7.05725049e-07
374.054 -9.08279639e-07  2.19614066e-07
374.272 -8.61633965e-07 -3.33105141e-07
374.490 -5.10972289e-07 -7.54521686e-07
374.707  1.01819026e-08 -8.98279084e-07
374.925  5.11841645e-07 -7.20191292e-07
375.142  8.16925103e-07 -2.94213636e-07
375.360  8.22746287e-07  2.19774709e-07
375.578  5.38483178e-07  6.36872540e-07
375.795  7.69970716e-08  8.12006331e-07
376.013 -3.91298299e-07  6.93097602e-07
376.230 -6.99295496e-07  3.36380400e-07
376.448 -7.44766075e-07 -1.20823791e-07
376.666 -5.25766820e-07 -5.10739252e-07
376.883 -1.33914260e-07 -6.97446755e-07
377.101  2.81605943e-07 -6.26783899e-07
377.318  5.70128041e-07 -3.39192661e-07
377.536  6.37071157e-07  4.93924859e-08
377.754  4.73288986e-07  3.92025096e-07
377.971  1.52891587e-07  5.68953104e-07
378.189 -1.96338955e-07  5.28892171e-07
378.406 -4.45534005e-07  3.01975745e-07
378.624 -5.12615770e-07 -1.38794419e-08
378.842 -3.87255783e-07 -2.95158290e-07
379.059 -1.32243211e-07 -4.41924974e-07
379.277  1.45399582e-07 -4.10999196e-07
379.494  3.40232921e-07 -2.29891821e-07
379.712  3.85943232e-07  1.78083655e-08
379.930  2.78580047e-07  2.31282181e-07
380.147  7.55103572e-08  3.30950894e-07
380.365 -1.34080743e-07  2.87575116e-07
380.582 -2.65826691e-07  1.32862473e-07
380.800 -2.72053622e-07 -5.94819885e-08
381.018 -1.61464967e-07 -2.06527799e-07
381.235  9.02982500e-09 -2.48344109e-07
381.453  1.61803336e-07 -1.74032300e-07
381.670  2.29387893e-07 -2.38640556e-08
381.888  1.84347536e-07  1.31899002e-07
382.106  5.08182940e-08  2.21414449e-07
382.323 -1.09519351e-07  2.02865185e-07
382.541 -2.22555275e-07  8.42333994e-08
382.758 -2.33382095e-07 -8.27747399e-08
382.976 -1.32935943e-07 -2.23713980e-07
383.194  3.93797832e-08 -2.71601299e-07
383.411  2.11483247e-07 -1.98816860e-07
383.629  3.05972662e-07 -2.89631261e-08
383.846  2.75340804e-07  1.72376776e-07
384.064  1.23122346e-07  3.20618770e-07
384.282 -9.73114894e-08  3.48328407e-07
384.499 -2.99639112e-07  2.34914037e-07
384.717 -3.98857146e-07  1.47574018e-08
384.934 -3.47729467e-07 -2.31791923e-07
385.152 -1.54929544e-07 -4.07670521e-07
385.370  1.14491570e-07 -4.39372191e-07
385.587  3.60180109e-07 -3.04723151e-07
385.805  4.86625188e-07 -4.38451733e-08
386.022  4.38828113e-07  2.50960425e-07
386.240  2.23811655e-07  4.70652832e-07
386.458 -8.66285335e-08  5.29842771e-07
386.675 -3.82045021e-07  3.97614343e-07
386.893 -5.54065795e-07  1.13721481e-07
387.110 -5.33883759e-07 -2.24297324e-07
387.328 -3.20819699e-07 -4.97100058e-07
387.546  1.48378307e-08 -6.03773837e-07
387.763  3.58035778e-07 -4.99935364e-07
387.981  5.87139073e-07 -2.16772244e-07
388.198  6.17186814e-07  1.51257214e-07
388.416  4.33293316e-07  4.77544045e-07
388.634  9.46660221e-08  6.46304344e-07
388.851 -2.85012746e-07  5.96249524e-07
389.069 -5.74536841e-07  3.41041116e-07
389.286 -6.73248902e-07 -3.57537649e-08
389.504 -5.45524518e-07 -4.06422357e-07
389.722 -2.31365082e-07 -6.44767082e-07
389.939  1.64458716e-07 -6.69891289e-07
390.157  5.08959880e-07 -4.71139068e-07
390.374  6.87617456e-07 -1.13696827e-07
390.592  6.40064865e-07  2.83399691e-07
390.810  3.81161858e-07  5.89757918e-07
391.027 -3.21408487e-09  7.04625490e-07
391.245 -3.87891500e-07  5.89935884e-07
391.462 -6.48265566e-07  2.84229821e-07
391.680 -6.99791792e-07 -1.13401677e-07
391.898 -5.27329487e-07 -4.75669345e-07
392.115 -1.87031849e-07 -6.86346549e-07
392.333  2.13334230e-07 -6.79638599e-07
392.550  5.46715636e-07 -4.59173504e-07
392.768  7.08956655e-07 -9.39644041e-08
392.986  6.50959797e-07  3.01470473e-07
393.203  3.90434986e-07  6.04329837e-07
393.421  7.73616552e-09  7.22465514e-07
393.638 -3.79478894e-07  6.19096148e-07
393.856 -6.54217737e-07  3.24682689e-07
394.074 -7.32458328e-07 -7.18003778e-08
394.291 -5.88248762e-07 -4.52208970e-07
394.509 -2.63134541e-07 -7.02131901e-07
394.726  1.48480839e-07 -7.43657129e-07
394.944  5.25523084e-07 -5.60869602e-07
395.162  7.53324099e-07 -2.03141111e-07
395.379  7.59698386e-07  2.28160573e-07
395.597  5.35734511e-07  6.05262418e-07
395.814  1.39120808e-07  8.12637749e-07
396.032 -3.17262303e-07  7.81084993e-07
396.250 -6.97497986e-07  5.07988311e-07
396.467 -8.82600520e-07  6.42430168e-08
396.685 -8.04287488e-07 -4.23021968e-07
396.902 -4.70774511e-07 -8.06995139e-07
397.120  2.96903428e-08 -9.61678358e-07
397.338  5.52506284e-07 -8.23021114e-07
397.555  9.34869925e-07 -4.15325307e-07
397.773  1.04495651e-06  1.51895616e-07
397.990  8.28581968e-07  7.10010046e-07
398.208  3.30723224e-07  1.07851015e-06
398.426 -3.10098470e-07  1.12468620e-06
398.643 -8.96143174e-07  8.09159484e-07
398.861 -1.23220337e-06  2.05992151e-07
399.078 -1.18931901e-06 -5.08829350e-07
399.296 -7.51233880e-07 -1.10834347e-06
399.514 -3.24041919e-08 -1.38605596e-06
399.731  7.49626850e-07 -1.22401325e-06
