0.202  7.22406190e-03 -1.14417900e-03
0.405  4.15006871e-03  1.06224449e-03
0.607  2.20755508e-03  2.04850409e-03
0.810  6.34837161e-04  2.22871459e-03
1.012 -5.37709203e-04  1.77140988e-03
1.215 -1.20277418e-03  1.00992867e-03
1.417 -1.33523649e-03  1.45168985e-04
1.619 -1.00976539e-03 -5.62112100e-04
1.822 -4.57037561e-04 -9.27750088e-04
2.024  1.49446046e-04 -9.10554284e-04
2.227  5.83580553e-04 -5.91123997e-04
2.429  7.58620566e-04 -1.55100146e-04
2.631  6.41805889e-04  2.93476856e-04
2.834  3.38294036e-04  5.57426958e-04
3.036 -5.85299849e-05  6.00363452e-04
3.239 -4.00839004e-04  4.22209909e-04
3.441 -5.39410495e-04  1.14181268e-04
3.644 -4.74689970e-04 -1.97594128e-04
3.846 -2.51413437e-04 -4.12153134e-04
4.048  4.40000884e-05 -4.49351332e-04
4.251  3.00282613e-04 -3.22037579e-04
4.453  4.17881639e-04 -8.76943772e-05
4.656  3.63335024e-04  1.54240376e-04
4.858  1.88000428e-04  3.27818444e-04
5.060 -3.97294803e-05  3.59437172e-04
5.263 -2.33306232e-04  2.57480517e-04
5.465 -3.28367484e-04  6.83225557e-05
5.668 -2.94331618e-04 -1.29808448e-04
5.870 -1.60061833e-04 -2.59090010e-04
6.073  2.13425673e-05 -2.82172979e-04
6.275  1.84787543e-04 -1.98711564e-04
6.477  2.66855902e-04 -5.13368708e-05
6.680  2.46377591e-04  1.04560432e-04
6.882  1.35447945e-04  2.13549115e-04
7.085 -1.78216722e-05  2.37549089e-04
7.287 -1.56741443e-04  1.71062811e-04
7.489 -2.25775469e-04  4.39613915e-05
7.692 -2.04221618e-04 -9.22889244e-05
7.894 -1.03534492e-04 -1.88955189e-04
8.097  2.96781767e-05 -2.09272240e-04
8.299  1.46269044e-04 -1.49338039e-04
8.502  2.02471372e-04 -3.57058146e-05
8.704  1.80885143e-04  8.64856580e-05
8.906  9.59628784e-05  1.72369549e-04
9.109 -1.96720293e-05  1.90551318e-04
9.311 -1.22715348e-04  1.36088147e-04
9.514 -1.75319688e-04  3.22784159e-05
9.716 -1.57527568e-04 -7.94830743e-05
9.919 -8.16480204e-05 -1.55090752e-04
10.121  2.02377896e-05 -1.68582588e-04
10.323  1.10291181e-04 -1.19491402e-04
10.526  1.54604652e-04 -3.03256352e-05
10.728  1.38623126e-04  6.40792914e-05
10.931  7.12887211e-05  1.28897941e-04
11.133 -1.98987889e-05  1.39841533e-04
11.335 -9.89456401e-05  9.49021360e-05
11.538 -1.36447557e-04  1.40100657e-05
11.740 -1.21893456e-04 -7.04284439e-05
11.943 -6.36846524e-05 -1.27911384e-04
12.145  1.50000749e-05 -1.38645348e-04
12.348  8.36298408e-05 -9.92076306e-05
12.550  1.16378360e-04 -2.51421740e-05
12.752  1.01928783e-04  5.41450974e-05
12.955  4.72980488e-05  1.08603103e-04
13.157 -2.53515192e-05  1.19220170e-04
13.360 -8.76903989e-05  8.43408406e-05
13.562 -1.16685861e-04  2.00874225e-05
13.764 -1.02319551e-04 -4.77086779e-05
13.967 -5.09272509e-05 -9.35831897e-05
14.169  1.69495934e-05 -1.00804537e-04
14.372  7.50178955e-05 -6.75808608e-05
14.574  1.01516327e-04 -8.24920404e-06
14.777  8.76068965e-05  5.37201762e-05
14.979  4.05819608e-05  9.50328290e-05
15.181 -2.00816276e-05  1.00616537e-04
15.384 -7.07503794e-05  6.96667888e-05
15.586 -9.20145052e-05  1.51743124e-05
15.789 -7.69492987e-05 -4.14165135e-05
15.991 -3.28861782e-05 -7.86833982e-05
16.193  2.27853856e-05 -8.33597563e-05
16.396  6.88064703e-05 -5.48029916e-05
16.598  8.78078395e-05 -4.46017936e-06
16.801  7.31666974e-05  4.78290893e-05
17.003  3.11324035e-05  8.16565327e-05
17.206 -2.17036398e-05  8.45562066e-05
17.408 -6.48448507e-05  5.62459139e-05
17.610 -8.24641413e-05  8.20857519e-06
17.813 -6.88013646e-05 -4.08080046e-05
18.015 -2.98937960e-05 -7.23453587e-05
18.218  1.84133463e-05 -7.52976830e-05
18.420  5.72284209e-05 -4.96014342e-05
18.623  7.20874082e-05 -6.32902507e-06
18.825  5.80393722e-05  3.70678054e-05
19.027  2.14394152e-05  6.40829546e-05
19.230 -2.29225911e-05  6.48696085e-05
19.432 -5.81103069e-05  3.98034103e-05
19.635 -7.10501851e-05 -7.35805057e-07
19.837 -5.71827721e-05 -4.09913848e-05
20.039 -2.23890872e-05 -6.57287745e-05
20.242  1.97955102e-05 -6.57905732e-05
20.444  5.34826201e-05 -4.19193606e-05
20.647  6.62477919e-05 -4.03139239e-06
20.849  5.41431273e-05  3.30633612e-05
21.052  2.28851567e-05  5.52069831e-05
21.254 -1.50318114e-05  5.45591247e-05
21.456 -4.49464195e-05  3.22972550e-05
21.659 -5.56103374e-05 -2.50837424e-06
21.861 -4.35324978e-05 -3.61662965e-05
22.064 -1.39123513e-05 -5.56127223e-05
22.266  2.13672876e-05 -5.37343546e-05
22.468  4.83729602e-05 -3.17539230e-05
22.671  5.69586509e-05  1.52766038e-06
22.873  4.44312903e-05  3.31108085e-05
23.076  1.60946363e-05  5.12284477e-05
23.278 -1.67341918e-05  4.96597472e-05
23.481 -4.14120347e-05  2.96566588e-05
23.683 -4.88575246e-05 -3.86836458e-07
23.885 -3.66092609e-05 -2.84060940e-05
24.088 -9.83657973e-06 -4.36208603e-05
24.290  2.07431219e-05 -4.03337493e-05
24.493  4.34343013e-05 -2.01086028e-05
24.695  4.98121310e-05  8.82121062e-06
24.897  3.78189313e-05  3.51835174e-05
25.100  1.26240742e-05  4.89318306e-05
25.302 -1.57917947e-05  4.49208111e-05
25.505 -3.65681058e-05  2.50440632e-05
25.707 -4.18963904e-05 -2.86009879e-06
25.910 -3.01700002e-05 -2.82442315e-05
26.112 -6.36077183e-06 -4.16303643e-05
26.314  2.02499706e-05 -3.83516049e-05
26.517  3.94276866e-05 -2.02819020e-05
26.719  4.39844560e-05  5.29687612e-06
26.922  3.26014564e-05  2.83832079e-05
27.124  9.92465139e-06  4.00981206e-05
27.327 -1.52258720e-05  3.62951425e-05
27.529 -3.31735182e-05  1.88275208e-05
27.731 -3.73955127e-05 -5.27926765e-06
27.934 -2.68279635e-05 -2.64512863e-05
28.136 -6.02582346e-06 -3.65722846e-05
28.339  1.65022237e-05 -3.20542510e-05
28.541  3.18574355e-05 -1.49052007e-05
28.743  3.42493574e-05  7.97505984e-06
28.946  2.28869326e-05  2.76477812e-05
29.148  2.31760483e-06  3.67756834e-05
29.351 -1.94255336e-05  3.21298655e-05
29.553 -3.41897941e-05  1.57878094e-05
29.756 -3.66161301e-05 -5.67239860e-06
29.958 -2.60998634e-05 -2.40228900e-05
30.160 -7.09116699e-06 -3.24350047e-05
30.363  1.29361654e-05 -2.79348507e-05
30.565  2.63926705e-05 -1.26507383e-05
30.768  2.82878669e-05  7.27281350e-06
30.970  1.82669075e-05  2.41755592e-05
31.172  5.76764940e-07  3.16152995e-05
31.375 -1.78185943e-05  2.69506822e-05
31.577 -2.97617182e-05  1.23062811e-05
31.780 -3.07323249e-05 -6.54583265e-06
31.982 -2.06475859e-05 -2.23176771e-05
32.185 -3.58037216e-06 -2.90277707e-05
32.387  1.38074789e-05 -2.44478170e-05
32.589  2.47968002e-05 -1.06886271e-05
32.792  2.54012131e-05  6.70798713e-06
32.994  1.57169087e-05  2.08272897e-05
33.197 -2.82285072e-07  2.62632792e-05
33.399 -1.61788507e-05  2.11226030e-05
33.601 -2.57776853e-05  7.51989205e-06
33.804 -2.55220568e-05 -9.15485443e-06
34.006 -1.56051238e-05 -2.24487587e-05
34.209  5.78038252e-08 -2.74549460e-05
34.411  1.54036971e-05 -2.24539340e-05
34.614  2.47484680e-05 -9.56917680e-06
34.816  2.47812341e-05  6.04070433e-06
35.018  1.57731757e-05  1.84008862e-05
35.221  1.53544311e-06  2.29155062e-05
35.423 -1.22849809e-05  1.80202630e-05
35.626 -2.03784744e-05  5.88370516e-06
35.828 -1.96683462e-05 -8.63043623e-06
36.031 -1.06052214e-05 -1.99370429e-05
36.233  3.13675241e-06 -2.37194494e-05
36.435  1.62471783e-05 -1.86817475e-05
36.638  2.36812530e-05 -6.99743779e-06
36.840  2.26594160e-05  6.75673986e-06
37.043  1.37752907e-05  1.72713731e-05
37.245  5.32613130e-07  2.05595388e-05
37.447 -1.19733571e-05  1.55962302e-05
37.650 -1.89781661e-05  4.49579418e-06
37.852 -1.80263944e-05 -8.35348398e-06
38.055 -9.75400599e-06 -1.79048660e-05
38.257  2.47743622e-06 -2.05528929e-05
38.460  1.37846372e-05 -1.54382057e-05
38.662  1.97869227e-05 -4.60550168e-06
38.864  1.82979181e-05  7.69939850e-06
39.067  9.96758007e-06  1.67693236e-05
39.269 -1.91353749e-06  1.93344975e-05
39.472 -1.27355954e-05  1.46252272e-05
39.674 -1.84932130e-05  4.67488152e-06
39.876 -1.71681090e-05 -6.46556824e-06
40.079 -9.46487473e-06 -1.44765228e-05
40.281  1.41209287e-06 -1.63423146e-05
40.484  1.11824824e-05 -1.14290562e-05
40.686  1.61222428e-05 -1.81083448e-06
40.889  1.43794877e-05  8.69095822e-06
41.091  6.77961492e-06  1.60422640e-05
41.293 -3.60293043e-06  1.74194120e-05
41.496 -1.27571890e-05  1.23775842e-05
41.698 -1.71574254e-05  2.97839232e-06
41.901 -1.51698582e-05 -7.17373677e-06
42.103 -7.70287552e-06 -1.42264129e-05
42.305  2.33019084e-06 -1.55697925e-05
42.508  1.10919196e-05 -1.09162215e-05
42.710  1.52639654e-05 -2.23387561e-06
42.913  1.34341336e-05  7.03450239e-06
43.115  6.50044544e-06  1.32348211e-05
43.318 -2.75991800e-06  1.40357242e-05
43.520 -1.06807337e-05  9.24944761e-06
43.722 -1.42330684e-05  7.73514310e-07
43.925 -1.21812889e-05 -8.06120656e-06
44.127 -5.40036771e-06 -1.38583196e-05
44.330  3.40314386e-06 -1.45226597e-05
44.532  1.07769108e-05 -9.90982961e-06
44.735  1.39649099e-05 -1.90620890e-06
44.937  1.18356062e-05  6.29346363e-06
45.139  5.29931009e-06  1.15587342e-05
45.342 -2.99806818e-06  1.19400042e-05
45.544 -9.84304452e-06  7.35789646e-06
45.747 -1.26630794e-05 -2.95194714e-07
45.949 -1.04228859e-05 -8.01376738e-06
46.151 -4.10284314e-06 -1.28699380e-05
46.354  3.77080431e-06 -1.30288239e-05
46.556  1.01897675e-05 -8.52484900e-06
46.759  1.27132553e-05 -1.20598992e-06
46.961  1.04517147e-05  6.11072660e-06
47.164  4.41779515e-06  1.06388124e-05
47.366 -3.01752136e-06  1.07052137e-05
47.568 -8.99397152e-06  6.44945615e-06
47.771 -1.12385211e-05 -3.78216218e-07
47.973 -9.02791372e-06 -7.09667635e-06
48.176 -3.34717707e-06 -1.10725843e-05
48.378  3.54716354e-06 -1.08362421e-05
48.580  8.92637272e-06 -6.57565039e-06
48.783  1.07376626e-05  3.33010353e-08
48.985  8.38027743e-06  6.39833940e-06
49.188  2.81412797e-06  1.00805854e-05
49.390 -3.74979237e-06  9.77253483e-06
49.593 -8.73717588e-06  5.67129843e-06
49.795 -1.02860949e-05 -5.65551158e-07
49.997 -7.84872055e-06 -6.45526975e-06
50.200 -2.39756459e-06 -9.75810954e-06
50.402  3.91146254e-06 -9.25668400e-06
50.605  8.68958846e-06 -5.18072880e-06
50.807  1.01978804e-05  8.21499167e-07
51.009  7.94015904e-06  6.42761898e-06
51.212  2.92132900e-06  9.55168489e-06
51.414 -2.82203658e-06  9.05336643e-06
51.617 -7.07323686e-06  5.23870928e-06
51.819 -8.19558712e-06 -2.99066390e-07
52.022 -5.80656469e-06 -5.39708982e-06
52.224 -9.29813577e-07 -8.07730225e-06
52.426  4.52107065e-06 -7.32241238e-06
52.629  8.43047523e-06 -3.51135841e-06
52.831  9.27765596e-06  1.84815577e-06
53.034  6.79466941e-06  6.69113259e-06
53.236  1.96890642e-06  9.14408527e-06
53.439 -3.36988197e-06  8.33032503e-06
53.641 -7.18868908e-06  4.64113495e-06
53.843 -8.11283995e-06 -4.86992304e-07
54.046 -5.93230185e-06 -5.05667721e-06
54.248 -1.58262654e-06 -7.33968291e-06
54.451  3.15815435e-06 -6.56575879e-06
54.653  6.38784240e-06 -3.10943682e-06
54.855  6.87684601e-06  1.61948477e-06
55.058  4.44138154e-06  5.71901834e-06
55.260  1.95446522e-08  7.61746144e-06
55.463 -4.65825149e-06  6.60195452e-06
55.665 -7.83422745e-06  3.06369640e-06
55.868 -8.35926182e-06 -1.60040929e-06
56.070 -6.07574541e-06 -5.61790296e-06
56.272 -1.93912525e-06 -7.52613324e-06
56.475  2.42058617e-06 -6.65639428e-06
56.677  5.37191766e-06 -3.44743208e-06
56.880  5.82609261e-06  7.62529070e-07
57.082  3.69629355e-06  4.33184921e-06
57.284 -7.10181327e-08  5.87512055e-06
57.487 -3.96138596e-06  4.81383762e-06
57.689 -6.42678302e-06  1.63309388e-06
57.892 -6.47149047e-06 -2.40730202e-06
58.094 -4.09585720e-06 -5.74034433e-06
58.297 -2.09216032e-07 -7.05784101e-06
58.499  3.73751278e-06 -5.88584755e-06
58.701  6.25308180e-06 -2.70687368e-06
58.904  6.44797638e-06  1.27788358e-06
59.106  4.35087297e-06  4.54741509e-06
59.309  8.18217939e-07  5.89961292e-06
59.511 -2.73980793e-06  4.92613522e-06
59.713 -4.93247374e-06  2.07673034e-06
59.916 -4.97126763e-06 -1.47773658e-06
60.118 -2.88410360e-06 -4.29974709e-06
60.321  4.85099704e-07 -5.31227636e-06
60.523  3.77788142e-06 -4.14361668e-06
60.726  5.72886633e-06 -1.25300093e-06
60.928  5.61277059e-06  2.20104611e-06
61.130  3.47963953e-06  4.88642873e-06
61.333  1.91588364e-07  5.80546139e-06
61.535 -2.97043737e-06  4.61529524e-06
61.738 -4.82989196e-06  1.81424086e-06
61.940 -4.69446414e-06 -1.48395346e-06
62.143 -2.66262861e-06 -4.03850711e-06
62.345  4.18002472e-07 -4.89009100e-06
62.547  3.35692947e-06 -3.74771228e-06
62.750  5.02758820e-06 -1.12549738e-06
62.952  4.79351111e-06  1.94202557e-06
63.155  2.80075290e-06  4.27445500e-06
63.357 -1.56852896e-07  4.96942549e-06
63.559 -2.95148414e-06  3.81034875e-06
63.762 -4.50770956e-06  1.29282569e-06
63.964 -4.27731889e-06 -1.60484763e-06
64.167 -2.42329427e-06 -3.74262667e-06
64.369  3.05889682e-07 -4.30752745e-06
64.572  2.81199794e-06 -3.13313870e-06
64.774  4.09972688e-06 -6.87950010e-07
64.976  3.69685521e-06  2.06540076e-06
65.179  1.75974786e-06  4.04477831e-06
65.381 -9.68932666e-07  4.52356103e-06
65.584 -3.42553613e-06  3.34530246e-06
65.786 -4.70409905e-06  9.75074762e-07
65.988 -4.36246187e-06 -1.64048583e-06
66.191 -2.55791041e-06 -3.50583848e-06
66.393 -3.54804159e-08 -3.94712642e-06
66.596  2.21445293e-06 -2.81770787e-06
66.798  3.35648824e-06 -6.03291090e-07
67.001  2.96813324e-06  1.79883555e-06
67.203  1.24087716e-06  3.47218399e-06
67.405 -1.10097157e-06  3.77211428e-06
67.608 -3.14555683e-06  2.59492017e-06
67.810 -4.09589681e-06  4.37126151e-07
68.013 -3.57595327e-06 -1.86888599e-06
68.215 -1.81638635e-06 -3.44757111e-06
68.417  5.01844226e-07 -3.69380309e-06
68.620  2.50807088e-06 -2.55841578e-06
68.822  3.43564729e-06 -5.15317091e-07
69.025  2.97077700e-06  1.64690984e-06
69.227  1.34541813e-06  3.07783448e-06
69.430 -8.01185073e-07  3.23739325e-06
69.632 -2.61857909e-06  2.10363632e-06
69.834 -3.40039251e-06  1.17190308e-07
70.037 -2.88265610e-06 -1.94909291e-06
70.239 -1.27756810e-06 -3.29425005e-06
70.442  7.87675356e-07 -3.44498108e-06
70.644  2.49758166e-06 -2.37807457e-06
70.847  3.22195341e-06 -5.27160243e-07
71.049  2.71737868e-06  1.35149834e-06
71.251  1.19651290e-06  2.53058131e-06
71.454 -7.09676791e-07  2.57556691e-06
71.656 -2.24483631e-06  1.46910748e-06
71.859 -2.82901522e-06 -3.36115035e-07
72.061 -2.22762382e-06 -2.12286258e-06
72.263 -6.80206493e-07 -3.22016205e-06
72.466  1.19994857e-06 -3.20506564e-06
72.668  2.71452229e-06 -2.08783341e-06
72.871  3.30055910e-06 -3.22243783e-07
73.073  2.74903116e-06  1.43103677e-06
73.276  1.31795351e-06  2.52796179e-06
73.478 -4.27786521e-07  2.57058814e-06
73.680 -1.82683622e-06  1.60464631e-06
73.883 -2.34150597e-06  5.27215459e-08
74.085 -1.81277020e-06 -1.46646254e-06
74.288 -4.92821290e-07 -2.33254174e-06
74.490  1.09106129e-06 -2.20502009e-06
74.692  2.29407735e-06 -1.15083074e-06
74.895  2.63074914e-06  4.34071002e-07
75.097  1.98231358e-06  1.93801913e-06
75.300  5.84804592e-07  2.77780899e-06
75.502 -1.03696804e-06  2.66211424e-06
75.705 -2.25940246e-06  1.64988034e-06
75.907 -2.64978257e-06  1.32194500e-07
76.109 -2.09198116e-06 -1.28942972e-06
76.312 -8.13990868e-07 -2.08645541e-06
76.514  6.60721350e-07 -1.98616026e-06
76.717  1.75989675e-06 -1.04087876e-06
76.919  2.08598844e-06  3.50699915e-07
77.121  1.52159349e-06  1.62797420e-06
77.324  3.10487190e-07  2.31064419e-06
77.526 -1.04779695e-06  2.13317877e-06
77.729 -2.03455789e-06  1.17079843e-06
77.931 -2.26721715e-06 -1.79875841e-07
78.134 -1.65352381e-06 -1.40697616e-06
78.336 -4.55060555e-07 -2.04943395e-06
78.538  8.66609853e-07 -1.86261894e-06
78.741  1.81549566e-06 -9.52314777e-07
78.943  2.02364090e-06  3.10163744e-07
79.146  1.43629772e-06  1.44021393e-06
79.348  3.05117527e-07  1.98711341e-06
79.551 -9.37764711e-07  1.74650460e-06
79.753 -1.80313510e-06  8.31710794e-07
79.955 -1.95989854e-06 -4.13616887e-07
80.158 -1.37582705e-06 -1.50961465e-06
80.360 -2.78810407e-07 -2.03511259e-06
80.563  9.05204797e-07 -1.82069361e-06
80.765  1.70860631e-06 -9.64390299e-07
80.967  1.84480748e-06  1.97782643e-07
81.170  1.27943278e-06  1.19776313e-06
81.372  2.32779082e-07  1.66198567e-06
81.575 -8.70684256e-07  1.43304519e-06
81.777 -1.60741073e-06  6.02252665e-07
81.980 -1.71636152e-06 -4.87289192e-07
82.182 -1.15937178e-06 -1.40258975e-06
82.384 -1.70693989e-07 -1.80666445e-06
82.587  8.45959005e-07 -1.54345976e-06
82.789  1.50862228e-06 -7.22882012e-07
82.992  1.56239165e-06  3.15317103e-07
83.194  9.87532136e-07  1.17775155e-06
83.396  3.01343665e-08  1.53731628e-06
83.599 -9.39611987e-07  1.25187430e-06
83.801 -1.55421766e-06  4.53654356e-07
84.004 -1.56714185e-06 -5.42204245e-07
84.206 -9.86790468e-07 -1.36195772e-06
84.409 -4.56930948e-08 -1.68231902e-06
84.611  9.10488550e-07 -1.39070084e-06
84.813  1.51653273e-06 -6.18033901e-07
85.016  1.55426974e-06  3.48132145e-07
85.218  1.04445814e-06  1.13808603e-06
85.421  1.93751993e-07  1.45435224e-06
85.623 -6.58881700e-07  1.21097015e-06
85.825 -1.16913387e-06  5.21459908e-07
86.028 -1.15690679e-06 -3.33648862e-07
86.230 -6.38770790e-07 -9.96388406e-07
86.433  1.83611495e-07 -1.21108785e-06
86.635  9.71127273e-07 -9.00337073e-07
86.838  1.41637453e-06 -1.73998546e-07
87.040  1.35713060e-06  6.77375739e-07
87.242  8.05709867e-07  1.32255832e-06
87.445 -2.16348449e-08  1.53000686e-06
87.647 -8.01100944e-07  1.21712980e-06
87.850 -1.25395767e-06  5.07638155e-07
88.052 -1.21426054e-06 -3.12734092e-07
88.255 -7.04569187e-07 -9.44389377e-07
88.457  5.45041869e-08 -1.15721944e-06
88.659  7.71095657e-07 -8.75157082e-07
88.862  1.17626058e-06 -2.34625779e-07
89.064  1.10884499e-06  5.06256646e-07
89.267  6.12184046e-07  1.06604395e-06
89.469 -1.10336631e-07  1.21876617e-06
89.671 -7.89639645e-07  9.14592006e-07
89.874 -1.15954913e-06  2.86535510e-07
90.076 -1.08555077e-06 -4.30789134e-07
90.279 -6.21108045e-07 -9.57537374e-07
90.481  5.14788413e-08 -1.09047558e-06
90.684  6.64638956e-07 -8.01475873e-07
90.886  9.67994423e-07 -2.08291847e-07
91.088  8.56529223e-07  4.56242088e-07
91.291  3.76496832e-07  9.18751468e-07
91.493 -2.92654869e-07  1.00742000e-06
91.696 -8.80782442e-07  6.94752732e-07
91.898 -1.16600610e-06  9.27482302e-08
92.100 -1.05161717e-06 -5.57664557e-07
92.303 -5.75329564e-07 -1.00631109e-06
92.505  7.32012880e-08 -1.09769330e-06
92.708  6.39784210e-07 -7.95290711e-07
92.910  9.25684069e-07 -2.20833240e-07
93.113  8.27398175e-07  3.92445076e-07
93.315  3.90011530e-07  8.22337483e-07
93.517 -1.96224894e-07  9.12219372e-07
93.720 -7.06746116e-07  6.30890422e-07
93.922 -9.49747587e-07  1.09522395e-07
94.125 -8.26079191e-07 -4.44426630e-07
94.327 -3.98726479e-07 -8.22661501e-07
94.529  1.58440615e-07 -8.71454045e-07
94.732  6.38578649e-07 -5.82540877e-07
94.934  8.50348636e-07 -8.25622812e-08
95.137  7.17637095e-07  4.39841621e-07
95.339  3.10468470e-07  7.74794516e-07
95.542 -2.14744805e-07  7.87445828e-07
95.744 -6.48550707e-07  4.85994658e-07
95.946 -8.10933585e-07 -1.70585293e-08
96.149 -6.47524588e-07 -5.31300173e-07
96.351 -2.18078711e-07 -8.49683881e-07
96.554  3.23037528e-07 -8.60516136e-07
96.756  7.63150336e-07 -5.66491972e-07
96.959  9.44943325e-07 -7.26828749e-08
97.161  8.15682876e-07  4.24627232e-07
97.363  4.24013240e-07  7.39403822e-07
97.566 -6.91195712e-08  7.70853461e-07
97.768 -4.68117816e-07  5.10692100e-07
97.971 -6.35523431e-07  7.08303423e-08
98.173 -5.11396023e-07 -3.62617945e-07
98.375 -1.51409941e-07 -6.29319743e-07
98.578  2.84292183e-07 -6.27157165e-07
98.780  6.26483732e-07 -3.54570960e-07
98.983  7.42091462e-07  6.73015453e-08
99.185  5.75907255e-07  4.73935004e-07
99.388  2.00393932e-07  7.13400773e-07
99.590 -2.37894445e-07  6.84306957e-07
99.792 -5.80958211e-07  4.04660620e-07
99.995 -6.92212613e-07 -9.51284162e-09
100.197 -5.34296411e-07 -4.07501153e-07
100.400 -1.82291197e-07 -6.31759917e-07
100.602  2.33035593e-07 -5.94464006e-07
100.804  5.48917774e-07 -3.23161206e-07
101.007  6.37016124e-07  8.19701025e-08
101.209  4.75100898e-07  4.68601609e-07
101.412  1.24782069e-07  6.82106570e-07
101.614 -2.86234717e-07  6.53503009e-07
101.817 -5.94047708e-07  4.01898096e-07
102.019 -6.91117970e-07  1.97995227e-08
102.221 -5.54646968e-07 -3.36704347e-07
102.424 -2.36221361e-07 -5.33360129e-07
102.626  1.30584521e-07 -5.09861723e-07
102.829  3.98297769e-07 -2.75874377e-07
103.031  4.75944437e-07  6.85465663e-08
103.233  3.33900553e-07  3.76500320e-07
103.436  3.17725354e-08  5.34856757e-07
103.638 -2.97092513e-07  4.80125047e-07
103.841 -5.26721500e-07  2.28760650e-07
104.043 -5.66579020e-07 -1.10713601e-07
104.246 -3.90458666e-07 -4.09265530e-07
104.448 -7.22474851e-08 -5.57130225e-07
104.650  2.66996821e-07 -4.89067529e-07
104.853  5.07923827e-07 -2.37073210e-07
105.055  5.53862807e-07  9.71787416e-08
105.258  3.92153218e-07  3.95670587e-07
105.460  9.52799907e-08  5.41350110e-07
105.663 -2.30752207e-07  4.79435663e-07
105.865 -4.61404768e-07  2.46611378e-07
106.067 -5.07193347e-07 -7.21428106e-08
106.270 -3.66437571e-07 -3.57707545e-07
106.472 -9.68044651e-08 -4.97081598e-07
106.675  1.99053782e-07 -4.52078841e-07
106.877  3.97529149e-07 -2.50322181e-07
107.079  4.29204726e-07  2.94440155e-08
107.282  2.91692005e-07  2.65135450e-07
107.484  3.56927600e-08  3.63053350e-07
107.687 -2.28927729e-07  2.92162445e-07
107.889 -3.92568279e-07  7.31483929e-08
108.092 -3.98233253e-07 -2.05616558e-07
108.294 -2.36536328e-07 -4.28494932e-07
108.496  3.30067284e-08 -5.16946202e-07
108.699  2.99648094e-07 -4.33438483e-07
108.901  4.69786844e-07 -2.03841075e-07
109.104  4.81899709e-07  7.70587181e-08
109.306  3.26807351e-07  3.09094516e-07
109.508  7.35984032e-08  4.13235451e-07
109.711 -1.80695648e-07  3.47923502e-07
109.913 -3.47804220e-07  1.50015822e-07
110.116 -3.60320067e-07 -9.57373425e-08
110.318 -2.20624732e-07 -3.00231617e-07
110.521  6.07041863e-09 -3.78888677e-07
110.723  2.37165414e-07 -3.01139474e-07
110.925  3.80191456e-07 -1.07451279e-07
111.128  3.76238457e-07  1.32143811e-07
111.330  2.38041084e-07  3.26254094e-07
111.533  1.84010946e-08  3.94673372e-07
111.735 -2.00254214e-07  3.21788845e-07
111.937 -3.25059317e-07  1.39957187e-07
112.140 -3.13805783e-07 -8.36363723e-08
112.342 -1.76570030e-07 -2.52750497e-07
112.545  3.92351938e-08 -3.02492606e-07
112.747  2.43252130e-07 -2.20071730e-07
112.950  3.54006783e-07 -3.02320605e-08
113.152  3.36914141e-07  1.91202209e-07
113.354  1.93143698e-07  3.54287662e-07
113.557 -2.29600395e-08  4.05715296e-07
113.759 -2.22150220e-07  3.24346580e-07
113.962 -3.37251341e-07  1.38666109e-07
114.164 -3.28046337e-07 -7.18951378e-08
114.367 -1.95832698e-07 -2.32548796e-07
114.569 -2.35182917e-09 -2.88821326e-07
114.771  1.76914996e-07 -2.16661488e-07
114.974  2.78939744e-07 -5.45938971e-08
115.176  2.58792826e-07  1.27847356e-07
115.379  1.29120449e-07  2.64687328e-07
115.581 -5.22307965e-08  2.96023099e-07
115.783 -2.21310485e-07  2.08474357e-07
115.986 -3.09652177e-07  4.32771319e-08
116.188 -2.79968824e-07 -1.42260699e-07
116.391 -1.53079030e-07 -2.77811238e-07
116.593  2.45262786e-08 -3.06691930e-07
116.796  1.87079277e-07 -2.27348527e-07
116.998  2.64888879e-07 -7.21517513e-08
117.200  2.34168014e-07  1.03155211e-07
117.403  1.10846645e-07  2.23349501e-07
117.605 -6.35835048e-08  2.44720206e-07
117.808 -2.16255786e-07  1.65616465e-07
118.010 -2.88057337e-07  1.05780440e-08
118.212 -2.60172737e-07 -1.57269712e-07
118.415 -1.39392649e-07 -2.69672778e-07
118.617  2.66698638e-08 -2.92600887e-07
118.820  1.67623649e-07 -2.16054646e-07
119.022  2.37276275e-07 -6.84976519e-08
119.225  2.11015283e-07  8.45726672e-08
119.427  9.67300410e-08  1.88812763e-07
119.629 -5.13525536e-08  2.08121743e-07
119.832 -1.75397373e-07  1.30672874e-07
120.034 -2.31398565e-07 -5.50540594e-09
120.237 -1.90457249e-07 -1.43907115e-07
120.439 -7.11573029e-08 -2.36185270e-07
120.641  7.62322911e-08 -2.40150431e-07
120.844  2.02662463e-07 -1.53461903e-07
121.046  2.57363823e-07 -1.53234328e-08
121.249  2.17765705e-07  1.28352764e-07
121.451  1.08001409e-07  2.23639559e-07
121.654 -3.27817396e-08  2.30833753e-07
121.856 -1.52896649e-07  1.56614975e-07
122.058 -2.00491504e-07  3.04594525e-08
122.261 -1.64276720e-07 -1.02800974e-07
122.463 -6.20247946e-08 -1.85253234e-07
122.666  7.17201117e-08 -1.89036569e-07
122.868  1.79376253e-07 -1.19218103e-07
123.071  2.19634435e-07  1.86996419e-09
123.273  1.84869823e-07  1.22724703e-07
123.475  8.47284879e-08  1.92854858e-07
123.678 -3.98663296e-08  1.92678808e-07
123.880 -1.34165216e-07  1.19657756e-07
124.083 -1.67976168e-07  9.99435761e-10
124.285 -1.27660896e-07 -1.09620289e-07
124.487 -2.49551219e-08 -1.73560693e-07
124.690  9.29409512e-08 -1.67702324e-07
124.892  1.82063735e-07 -8.80840830e-08
125.095  2.11974915e-07  2.94179730e-08
125.297  1.64350854e-07  1.39446901e-07
125.500  6.00588902e-08  2.06878122e-07
125.702 -5.85809234e-08  2.01793778e-07
125.904 -1.54804414e-07  1.28128545e-07
126.107 -1.91092903e-07  2.08619809e-08
126.309 -1.54763569e-07 -8.46932404e-08
126.512 -7.00840247e-08 -1.47973097e-07
126.714  3.16557861e-08 -1.42058286e-07
126.916  1.11023972e-07 -7.84328288e-08
127.119  1.30560132e-07  1.75131900e-08
127.321  8.80597270e-08  1.10731532e-07
127.524  1.53688554e-09  1.57558744e-07
127.726 -1.00711997e-07  1.42292755e-07
127.929 -1.73478060e-07  7.43362766e-08
128.131 -1.89022769e-07 -2.63431170e-08
128.333 -1.47305141e-07 -1.17567078e-07
128.536 -5.91757821e-08 -1.62268957e-07
128.738  4.02531169e-08 -1.50678506e-07
128.941  1.08360897e-07 -8.44169352e-08
129.143  1.26124618e-07  1.16299727e-08
129.345  8.64860185e-08  9.38323546e-08
129.548  2.20796237e-09  1.35348510e-07
129.750 -8.67755306e-08  1.21649490e-07
129.953 -1.48080720e-07  5.29988010e-08
130.155 -1.61345696e-07 -3.85495979e-08
130.358 -1.15341970e-07 -1.17938402e-07
130.560 -3.10096812e-08 -1.60805533e-07
130.762  5.72244654e-08 -1.46540561e-07
130.965  1.23004369e-07 -8.30566701e-08
131.167  1.39335171e-07 -7.63930621e-10
131.370  1.00883186e-07  7.39894554e-08
131.572  3.11403844e-08  1.11187899e-07
131.775 -4.52329596e-08  9.35913237e-08
131.977 -9.82555087e-08  3.55726620e-08
132.179 -1.01196462e-07 -4.13194781e-08
132.382 -5.78159630e-08 -1.09640110e-07
132.584  1.48446416e-08 -1.36357821e-07
132.787  9.38493066e-08 -1.14049830e-07
132.989  1.43590019e-07 -5.39151413e-08
133.191  1.46061063e-07  2.70176236e-08
133.394  1.05530427e-07  9.44201821e-08
133.596  3.23287394e-08  1.21513781e-07
133.799 -4.40569791e-08  1.04983503e-07
134.001 -9.09929352e-08  4.82618296e-08
134.204 -9.76183423e-08 -2.68563468e-08
134.406 -6.09092374e-08 -8.55736475e-08
134.608  6.70970290e-09 -1.10302862e-07
134.811  7.21029840e-08 -9.25286279e-08
135.013  1.12356641e-07 -3.49475828e-08
135.216  1.14592352e-07  3.44156571e-08
135.418  7.24865232e-08  8.91820844e-08
135.620  6.13281345e-09  1.13221044e-07
135.823 -5.69543494e-08  9.27054544e-08
136.025 -9.85243378e-08  3.78886638e-08
136.228 -9.93695565e-08 -2.52062780e-08
136.430 -5.91717483e-08 -7.73560275e-08
136.633  1.47730250e-10 -9.63737220e-08
136.835  5.95253337e-08 -7.18422771e-08
137.037  9.61383970e-08 -1.92367584e-08
137.240  9.10283992e-08  4.37384985e-08
137.442  5.14265287e-08  9.57447603e-08
137.645 -7.58587289e-09  1.11791112e-07
137.847 -6.78769728e-08  8.99735131e-08
138.049 -1.01545647e-07  4.15873626e-08
138.252 -9.77250200e-08 -1.95646888e-08
138.454 -6.29572469e-08 -6.59001768e-08
138.657 -6.20552370e-09 -7.87583291e-08
138.859  4.81931182e-08 -5.91938317e-08
139.062  7.58317379e-08 -1.12975477e-08
139.264  7.19007367e-08  4.61726324e-08
139.466  3.59511302e-08  8.57908004e-08
139.669 -2.03267731e-08  9.70005513e-08
139.871 -6.95380839e-08  7.53898533e-08
140.074 -9.60270263e-08  2.50454907e-08
140.276 -9.20729310e-08 -2.96731373e-08
140.479 -5.44940265e-08 -6.92220413e-08
140.681 -1.97517424e-09 -8.32545105e-08
140.883  4.38141944e-08 -6.24265816e-08
141.086  7.06231467e-08 -1.78542374e-08
141.288  6.46352441e-08  2.87621897e-08
141.491  2.85039638e-08  6.39462766e-08
141.693 -1.82173864e-08  7.13111171e-08
141.895 -6.14643935e-08  4.51346834e-08
142.098 -8.40961701e-08  7.03222782e-10
142.300 -7.30033228e-08 -4.80921797e-08
142.503 -3.73810335e-08 -8.49944104e-08
142.705  9.99474470e-09 -9.13519243e-08
142.908  5.50932001e-08 -6.91122637e-08
143.110  7.61836717e-08 -2.89504308e-08
143.312  6.76850825e-08  1.81977469e-08
143.515  3.72327787e-08  5.01788011e-08
143.717 -7.71297906e-09  5.44810137e-08
143.920 -4.70679903e-08  3.48650180e-08
144.122 -6.28161310e-08 -4.67262290e-09
144.324 -5.42450532e-08 -4.81435593e-08
144.527 -2.21938926e-08 -7.41007617e-08
144.729  2.27627233e-08 -7.70918484e-08
144.932  5.81777926e-08 -5.52250506e-08
145.134  7.39892741e-08 -1.31002395e-08
145.337  6.59674629e-08  2.83768635e-08
145.539  3.28730997e-08  5.51943196e-08
145.741 -8.30508394e-09  6.11542882e-08
145.944 -4.08348388e-08  3.99773375e-08
146.146 -5.69244380e-08  2.90147294e-09
146.349 -4.65648528e-08 -3.22498234e-08
146.551 -1.41995814e-08 -5.64148572e-08
146.753  2.31071464e-08 -5.73675853e-08
146.956  5.53520011e-08 -3.25404413e-08
147.158  6.95876607e-08  3.68973625e-09
147.361  5.68641938e-08  4.08498274e-08
147.563  2.71447105e-08  6.66295511e-08
147.766 -9.25263636e-09  6.71224132e-08
147.968 -4.17022421e-08  4.66640595e-08
148.170 -5.33070976e-08  1.47030966e-08
148.373 -4.22276861e-08 -2.04265095e-08
148.575 -1.62494143e-08 -4.09985881e-08
148.778  1.87838084e-08 -3.91652600e-08
148.980  4.63854591e-08 -2.02157562e-08
149.183  5.35847389e-08  1.23898967e-08
149.385  4.24165755e-08  4.51236945e-08
149.587  1.42434044e-08  6.13858417e-08
149.790 -2.15495230e-08  5.93836667e-08
149.992 -4.66590551e-08  3.86819758e-08
150.195 -5.52213355e-08  3.91731299e-09
150.397 -4.52302500e-08 -2.70811988e-08
150.599 -1.65582861e-08 -4.46460977e-08
150.802  1.55859765e-08 -4.53903524e-08
151.004  3.85557289e-08 -2.50071212e-08
151.207  4.77496348e-08  5.66846989e-09
151.409  3.57372941e-08  3.22680178e-08
151.612  7.86997228e-09  4.90890254e-08
151.814 -2.13067906e-08  4.68536204e-08
152.016 -4.50991284e-08  2.50550154e-08
152.219 -5.36683834e-08 -3.25695743e-09
152.421 -4.10470530e-08 -3.05972685e-08
152.624 -1.72349834e-08 -4.76957126e-08
152.826  9.80553687e-09 -4.42157174e-08
153.028  3.21652447e-08 -2.58998522e-08
153.231  3.66830409e-08 -7.35280997e-10
153.433  2.41014153e-08  2.51173839e-08
153.636  1.78138237e-09  3.74124453e-08
153.838 -2.59332766e-08  3.17123836e-08
154.041 -4.54480605e-08  1.39346305e-08
154.243 -4.76156117e-08 -1.32504825e-08
154.445 -3.60687452e-08 -3.84217546e-08
154.648 -1.20696714e-08 -4.88127995e-08
154.850  1.62493975e-08 -4.50605660e-08
155.053  3.40788310e-08 -2.72963533e-08
155.255  3.86374585e-08  2.43340304e-10
155.457  2.91488671e-08  2.25744185e-08
155.660  5.91472976e-09  3.35119134e-08
155.862 -1.77754955e-08  3.15307028e-08
156.065 -3.28024430e-08  1.35187726e-08
156.267 -3.69370808e-08 -1.04837764e-08
156.470 -2.45635033e-08 -2.92727202e-08
156.672 -1.40959923e-09 -3.98171922e-08
156.874  2.04131775e-08 -3.50572596e-08
157.077  3.69306279e-08 -1.59203705e-08
157.279  4.06864692e-08  5.98129532e-09
157.482  2.79614394e-08  2.56710032e-08
157.684  8.44406675e-09  3.61938004e-08
157.887 -1.19699450e-08  2.99404808e-08
158.089 -2.74348563e-08  1.34386831e-08
158.291 -2.76426960e-08 -6.78851021e-09
158.494 -1.50600984e-08 -2.62914656e-08
158.696  3.71482656e-09 -3.35129606e-08
158.899  2.56586529e-08 -2.64585603e-08
159.101  3.94948741e-08 -1.10543463e-08
159.303  3.89816412e-08  1.09293969e-08
159.506  2.85673417e-08  2.98764047e-08
159.708  9.07449317e-09  3.60994986e-08
159.911 -1.25685760e-08  3.18335045e-08
160.113 -2.45042994e-08  1.72824694e-08
160.316 -2.62301583e-08 -3.86869429e-09
160.518 -1.76050707e-08 -1.91548576e-08
160.720  9.48628109e-10 -2.51394494e-08
160.923  1.79441796e-08 -2.14881110e-08
161.125  2.71660245e-08 -5.83223034e-09
161.328  2.80380483e-08  1.26892336e-08
161.530  1.61789690e-08  2.55889891e-08
161.732 -2.64100876e-09  3.18062190e-08
161.935 -1.85386471e-08  2.58392006e-08
162.137 -2.96607075e-08  9.51981019e-09
162.340 -3.02666933e-08 -7.04395311e-09
162.542 -1.82269824e-08 -2.09647412e-08
162.745 -2.58987825e-09 -2.70108890e-08
162.947  1.26316442e-08 -1.96069636e-08
163.149  2.32162541e-08 -5.53565284e-09
163.352  2.10898756e-08  1.02009446e-08
163.554  9.82173968e-09  2.46161376e-08
163.757 -4.99402119e-09  2.83746361e-08
163.959 -2.15733528e-08  2.13202167e-08
164.161 -3.06580310e-08  9.04109641e-09
164.364 -2.83881196e-08 -7.62288649e-09
164.566 -1.96376720e-08 -2.06938995e-08
164.769 -4.70175721e-09 -2.31391042e-08
164.971  1.06045567e-08 -1.83871485e-08
165.174  1.70257100e-08 -6.59451951e-09
165.376  1.59080217e-08  9.04790985e-09
165.578  7.56818530e-09  1.82905913e-08
165.781 -7.43421882e-09  1.99720528e-08
165.983 -1.91689162e-08  1.46723174e-08
166.186 -2.38292682e-08  7.04618171e-10
166.388 -2.21094908e-08 -1.35410325e-08
166.591 -1.07048067e-08 -2.18330175e-08
166.793  4.53431444e-09 -2.46232472e-08
166.995  1.55738031e-08 -1.77241412e-08
167.198  2.21905769e-08 -3.80510418e-09
167.400  2.00508292e-08  8.25507433e-09
167.603  8.47075150e-09  1.71646337e-08
167.805 -3.96162268e-09  1.90533099e-08
168.007 -1.46218672e-08  1.01825956e-08
168.210 -2.04766673e-08 -2.30393558e-09
168.412 -1.54178004e-08 -1.44177265e-08
168.615 -4.13612396e-09 -2.40761317e-08
168.817  8.27526866e-09 -2.37607343e-08
169.020  2.05633860e-08 -1.50189271e-08
169.222  2.48711176e-08 -3.51950959e-09
169.424  1.93327742e-08  1.00106065e-08
169.627  9.44550613e-09  1.83709016e-08
169.829 -4.22103588e-09  1.64557136e-08
170.032 -1.59116471e-08  8.70601529e-09
170.234 -1.78834735e-08 -4.17780888e-09
170.436 -1.26473162e-08 -1.84037566e-08
170.639 -1.14094216e-09 -2.45652580e-08
170.841  1.50274160e-08 -2.25539125e-08
171.044  2.60105179e-08 -1.34214468e-08
171.246  2.87340173e-08  3.36138571e-09
171.449  2.40277689e-08  1.88393154e-08
171.651  9.47978240e-09  2.71075844e-08
171.853 -8.12017737e-09  2.83432174e-08
172.056 -2.07086103e-08  1.86847558e-08
172.258 -2.74315355e-08  1.76011439e-09
172.461 -2.35473244e-08 -1.33205905e-08
172.663 -8.98579826e-09 -2.44444593e-08
172.865  7.46577848e-09 -2.65970616e-08
173.068  2.24322739e-08 -1.60031592e-08
173.270  3.11842927e-08  3.02633948e-10
173.473  2.67577772e-08  1.79762313e-08
173.675  1.31709974e-08  3.30509089e-08
173.878 -4.85911598e-09  3.63615207e-08
174.080 -2.45127310e-08  2.80512259e-08
174.282 -3.57601044e-08  1.23910857e-08
174.485 -3.45981700e-08 -9.23030984e-09
174.687 -2.39467494e-08 -2.74317014e-08
174.890 -3.56901968e-09 -3.44874451e-08
175.092  1.93073213e-08 -3.11689075e-08
175.295  3.43721496e-08 -1.55268047e-08
175.497  3.97898131e-08  8.65024481e-09
175.699  3.19785792e-08  3.02006569e-08
175.902  1.04462521e-08  4.47436058e-08
176.104 -1.48611750e-08  4.73737914e-08
176.307 -3.76810723e-08  3.30997878e-08
176.509 -5.23692647e-08  8.59935129e-09
176.711 -4.99561912e-08 -1.92128539e-08
176.914 -3.22189051e-08 -4.48364574e-08
177.116 -5.12362153e-09 -5.66222072e-08
177.319  2.70846541e-08 -5.06397680e-08
177.521  5.20417939e-08 -3.02837847e-08
177.724  6.04039144e-08  2.61178032e-09
177.926  5.17404851e-08  3.73203806e-08
178.128  2.45105875e-08  6.05389447e-08
178.331 -1.45626195e-08  6.74705191e-08
178.533 -5.06848961e-08  5.26670550e-08
178.736 -7.51178341e-08  1.68824945e-08
178.938 -7.86395994e-08 -2.67306810e-08
179.140 -5.48927423e-08 -6.69774460e-08
179.343 -1.21308112e-08 -9.18290615e-08
179.545  3.84021672e-08 -8.78519443e-08
179.748  8.36999775e-08 -5.56639696e-08
179.950  1.04665329e-07 -3.59001210e-09
180.153  9.27022072e-08  5.69454846e-08
180.355  5.02408082e-08  1.03979593e-07
180.557 -1.58466054e-08  1.19823818e-07
180.760 -8.46820759e-08  9.87304400e-08
180.962 -1.31617878e-07  4.01672083e-08
181.165 -1.41850599e-07 -4.06501931e-08
181.367 -1.05380652e-07 -1.16201446e-07
181.569 -2.73343633e-08 -1.63694285e-07
181.772  6.74535016e-08 -1.63064825e-07
181.974  1.51428332e-07 -1.05989407e-07
182.177  1.95871222e-07 -8.46846062e-09
182.379  1.77633341e-07  1.02340202e-07
182.582  9.83366991e-08  1.92714864e-07
182.784 -2.16143747e-08  2.26009653e-07
182.986 -1.49166654e-07  1.85827766e-07
183.189 -2.38504125e-07  7.94219951e-08
183.391 -2.54594064e-07 -6.78009002e-08
183.594 -1.86470735e-07 -2.07938832e-07
183.796 -4.47295485e-08 -2.90441795e-07
183.999  1.29683523e-07 -2.83761131e-07
184.201  2.77683387e-07 -1.77745577e-07
184.403  3.48595599e-07  3.27106397e-09
184.606  3.08333347e-07  2.01896903e-07
184.808  1.56113152e-07  3.54170712e-07
185.011 -6.44400515e-08  4.02936113e-07
185.213 -2.86059213e-07  3.16852259e-07
185.415 -4.34216941e-07  1.13904309e-07
185.618 -4.46359948e-07 -1.48313216e-07
185.820 -3.05581709e-07 -3.88411325e-07
186.023 -4.58424828e-08 -5.17909990e-07
186.225  2.58912654e-07 -4.80774043e-07
186.428  5.05724343e-07 -2.75038334e-07
186.630  6.02067609e-07  4.88761184e-08
186.832  5.02285678e-07  3.90187105e-07
187.035  2.18229676e-07  6.30250022e-07
187.237 -1.71204311e-07  6.78991689e-07
187.440 -5.38861054e-07  4.98881740e-07
187.642 -7.58188119e-07  1.27359406e-07
187.844 -7.38740333e-07 -3.22739957e-07
188.047 -4.60888489e-07 -7.05184171e-07
188.249  1.45438322e-09 -8.82575794e-07
188.452  5.06488442e-07 -7.70358553e-07
188.654  8.86089701e-07 -3.81586072e-07
188.857  9.93673860e-07  1.74510946e-07
189.059  7.66886481e-07  7.24486276e-07
189.261  2.54910081e-07  1.07489930e-06
189.464 -3.95006816e-07  1.08499944e-06
189.666 -9.69481069e-07  7.22537824e-07
189.869 -1.26066714e-06  7.57671197e-08
190.071 -1.14487535e-06 -6.57774740e-07
190.273 -6.23292846e-07 -1.22922924e-06
190.476  1.61966919e-07 -1.42888536e-06
190.678  9.59665361e-07 -1.15374918e-06
190.881  1.49675860e-06 -4.53865505e-07
191.083  1.56520755e-06  4.63325180e-07
191.286  1.09668073e-06  1.30027660e-06
191.488  2.08427190e-07  1.76246977e-06
191.690 -8.28058214e-07  1.65400836e-06
191.893 -1.66982139e-06  9.63996858e-07
192.095 -2.00607957e-06 -1.16971982e-07
192.298 -1.67682408e-06 -1.25140585e-06
192.500 -7.42110175e-07 -2.04965686e-06
192.703  5.28547716e-07 -2.20543242e-06
192.905  1.72338481e-06 -1.61398557e-06
193.107  2.41997518e-06 -4.15813164e-07
193.310  2.33886719e-06  1.02576235e-06
193.512  1.44351223e-06  2.22867381e-06
193.715 -2.49498988e-08  2.75915253e-06
193.917 -1.60162231e-06  2.37961477e-06
194.119 -2.75036260e-06  1.14503953e-06
194.322 -3.04098213e-06 -5.83257357e-07
194.524 -2.30131681e-06 -2.24591260e-06
194.727 -7.07269185e-07 -3.26476343e-06
194.929  1.25490026e-06 -3.23366440e-06
195.132  2.93763254e-06 -2.08142612e-06
195.334  3.73478576e-06 -1.22482655e-07
195.536  3.30087069e-06  2.02991302e-06
195.739  1.69486913e-06  3.64471758e-06
195.941 -6.18330175e-07  4.11964399e-06
196.144 -2.89186999e-06  3.20711331e-06
196.346 -4.33256953e-06  1.11814266e-06
196.548 -4.38184948e-06 -1.51334071e-06
196.751 -2.92011348e-06 -3.81307015e-06
196.953 -3.39975465e-07 -4.96150863e-06
197.156  2.54385957e-06 -4.47849189e-06
197.358  4.75455687e-06 -2.41017808e-06
197.561  5.48045431e-06  6.39304365e-07
197.763  4.36136654e-06  3.68250009e-06
197.965  1.65469064e-06  5.66778120e-06
198.168 -1.81140920e-06  5.83106809e-06
198.370 -4.89212227e-06  3.98785614e-06
198.573 -6.49266112e-06  6.40559586e-07
198.775 -5.95489419e-06 -3.15681765e-06
198.977 -3.32221942e-06 -6.11972412e-06
199.180  6.36258826e-07 -7.16240253e-06
199.382  4.63958790e-06 -5.79703510e-06
199.585  7.30061049e-06 -2.33615385e-06
199.787  7.60998291e-06  2.16208238e-06
199.990  5.30730223e-06  6.20432136e-06
200.192  1.01750572e-06  8.36045511e-06
200.394 -3.89927471e-06  7.76358871e-06
200.597 -7.77843362e-06  4.44131694e-06
200.799 -9.21239196e-06 -6.27435462e-07
201.002 -7.54782784e-06 -5.79415800e-06
201.204 -3.16749234e-06 -9.27711267e-06
201.407  2.57612771e-06 -9.76356762e-06
201.609  7.77842933e-06 -6.89914983e-06
201.811  1.06032256e-05 -1.47540805e-06
202.014  9.92526229e-06  4.78370321e-06
202.216  5.77233697e-06  9.75970040e-06
202.419 -6.22541663e-07  1.16485436e-05
202.621 -7.17653724e-06  9.61551176e-06
202.823 -1.16240164e-05  4.13749978e-06
203.026 -1.23019747e-05 -3.08818073e-06
203.228 -8.76130801e-06 -9.65437294e-06
203.431 -1.98739303e-06 -1.32465607e-05
203.633  5.85179766e-06 -1.24546076e-05
203.836  1.20958753e-05 -7.30661175e-06
204.038  1.44945132e-05  6.52783658e-07
204.240  1.20044104e-05  8.81478989e-06
204.443  5.22325662e-06  1.43624975e-05
204.645 -3.72454145e-06  1.52316601e-05
204.848 -1.18526339e-05  1.08704245e-05
205.050 -1.62999932e-05  2.51912103e-06
205.252 -1.53301104e-05 -7.13408051e-06
205.455 -9.00250010e-06 -1.48101613e-05
205.657  7.60657891e-07 -1.77434086e-05
205.860  1.07488746e-05 -1.46783911e-05
206.062  1.75067894e-05 -6.38063102e-06
206.265  1.85308812e-05  4.53267272e-06
206.467  1.31885006e-05  1.44024167e-05
206.669  3.02310581e-06  1.97534608e-05
206.872 -8.66906900e-06  1.85167198e-05
207.074 -1.79020229e-05  1.08087508e-05
207.277 -2.13606945e-05 -9.99298711e-07
207.479 -1.75784411e-05 -1.29974898e-05
207.681 -7.53558985e-06 -2.10339900e-05
207.884  5.56295144e-06 -2.21428961e-05
208.086  1.73096767e-05 -1.56288215e-05
208.289  2.35713230e-05 -3.41898719e-06
208.491  2.19347204e-05  1.04973347e-05
208.694  1.26305731e-05  2.13671851e-05
208.896 -1.43588575e-06  2.52878837e-05
209.098 -1.55853494e-05  2.06091075e-05
209.301 -2.49099727e-05  8.60221172e-06
209.503 -2.59770764e-05 -6.86674210e-06
209.706 -1.80878777e-05 -2.05681746e-05
209.908 -3.62409954e-06 -2.76756678e-05
210.111  1.26518481e-05 -2.54682013e-05
210.313  2.51587860e-05 -1.43529889e-05
210.515  2.94155393e-05  2.15145314e-06
210.718  2.36371630e-05  1.85156669e-05
210.920  9.45799082e-06  2.90562408e-05
211.123 -8.50252721e-06  2.99053392e-05
211.325 -2.41453947e-05  2.04203951e-05
211.527 -3.19618983e-05  3.53277278e-06
211.730 -2.89665545e-05 -1.51500789e-05
211.932 -1.58328250e-05 -2.92064321e-05
212.135  3.21640417e-06 -3.36008611e-05
212.337  2.17646913e-05 -2.64905602e-05
212.540  3.33559403e-05 -9.97586813e-06
212.742  3.37443770e-05  1.05092160e-05
212.944  2.24498209e-05  2.79761602e-05
213.147  3.03659904e-06  3.62662310e-05
213.349 -1.79987674e-05  3.22288868e-05
213.552 -3.33972643e-05  1.69046656e-05
213.754 -3.76514366e-05 -4.71147915e-06
213.956 -2.89715081e-05 -2.52878869e-05
214.159 -1.00131258e-05 -3.76507146e-05
214.361  1.29149206e-05 -3.72870381e-05
214.564  3.19534638e-05 -2.39854376e-05
214.766  4.03921308e-05 -2.03350491e-06
214.969  3.50312846e-05  2.11597779e-05
215.171  1.73940322e-05  3.75707628e-05
215.373 -6.68434146e-06  4.13350281e-05
215.576 -2.89911681e-05  3.08483958e-05
215.778 -4.17360599e-05  9.43288770e-06
215.981 -4.02772396e-05 -1.57135380e-05
216.183 -2.48185630e-05 -3.59342001e-05
216.385 -4.39426318e-07 -4.40970514e-05
216.588  2.45701265e-05 -3.71226568e-05
216.790  4.15277942e-05 -1.71386789e-05
216.993  4.43870009e-05  9.15810426e-06
217.195  3.18965689e-05  3.27404666e-05
217.398  8.12436978e-06  4.53614415e-05
217.600 -1.88560667e-05  4.24478010e-05
217.802 -3.97144281e-05  2.47552258e-05
218.005 -4.71026798e-05 -1.79700536e-06
218.207 -3.82458552e-05 -2.81061954e-05
218.410 -1.59881870e-05 -4.50195810e-05
218.612  1.21103460e-05 -4.65229547e-05
218.815  3.63520037e-05 -3.18883375e-05
219.017  4.82537990e-05 -6.00853400e-06
219.219  4.35252108e-05  2.22434965e-05
219.422  2.36281571e-05  4.30620674e-05
219.624 -4.66936402e-06  4.91193499e-05
219.827 -3.15991680e-05  3.81624393e-05
220.029 -4.77686966e-05  1.38531641e-05
220.231 -4.74552116e-05 -1.54563141e-05
220.434 -3.06424539e-05 -3.95928703e-05
220.636 -3.07051590e-06 -5.01089066e-05
220.839  2.57192831e-05 -4.32555675e-05
221.041  4.56961656e-05 -2.13227879e-05
221.244  4.98538092e-05  8.11687638e-06
221.446  3.66754749e-05  3.48254443e-05
221.648  1.06967183e-05  4.94781380e-05
221.851 -1.90502986e-05  4.69296969e-05
222.053 -4.21913558e-05  2.80331667e-05
222.256 -5.06402401e-05 -6.32676545e-07
222.458 -4.14365273e-05 -2.90614022e-05
222.660 -1.78010186e-05 -4.73233833e-05
222.863  1.19907918e-05 -4.90446926e-05
223.065  3.75151275e-05 -3.36528970e-05
223.268  4.98547099e-05 -6.57607943e-06
223.470  4.47350018e-05  2.26759223e-05
223.673  2.40213926e-05  4.38549962e-05
223.875 -4.95859045e-06  4.95824371e-05
224.077 -3.20059885e-05  3.79411907e-05
224.280 -4.76507964e-05  1.31226969e-05
224.482 -4.64908781e-05 -1.60753919e-05
224.685 -2.90685372e-05 -3.93705278e-05
224.887 -1.64243261e-06 -4.86374398e-05
225.089  2.60540867e-05 -4.07572638e-05
225.292  4.42823168e-05 -1.86774610e-05
225.494  4.67389466e-05  9.67343911e-06
225.697  3.27481872e-05  3.42387238e-05
225.899  7.45195002e-06  4.64156440e-05
226.102 -2.00740755e-05  4.20800374e-05
226.304 -4.00866679e-05  2.30021830e-05
226.506 -4.56330061e-05 -3.85074411e-06
226.709 -3.49860829e-05 -2.88614711e-05
226.911 -1.21920244e-05 -4.32113938e-05
227.114  1.44584366e-05 -4.20061700e-05
227.316  3.54433100e-05 -2.59662050e-05
227.519  4.34205719e-05 -1.07598063e-06
227.721  3.58202266e-05  2.36382309e-05
227.923  1.56776773e-05  3.93811156e-05
228.126 -9.55453542e-06  4.07382603e-05
228.328 -3.07523371e-05  2.75532690e-05
228.531 -4.04311391e-05  4.87902707e-06
228.733 -3.54055787e-05 -1.89344460e-05
228.935 -1.78430295e-05 -3.53149215e-05
229.138  5.62421275e-06 -3.85679590e-05
229.340  2.63893031e-05 -2.78659829e-05
229.543  3.70345901e-05 -7.44434593e-06
229.745  3.39889315e-05  1.50439003e-05
229.948  1.87377593e-05  3.13925524e-05
230.150 -2.82921005e-06  3.58388005e-05
230.352 -2.26759660e-05  2.71057821e-05
230.555 -3.36083852e-05  8.76941303e-06
230.757 -3.18858644e-05 -1.21726864e-05
230.960 -1.85185603e-05 -2.79561020e-05
231.162  1.22138411e-06 -3.29215905e-05
231.364  1.98536875e-05 -2.55587550e-05
231.567  3.05061145e-05 -8.96612807e-06
231.769  2.94538446e-05  1.04151120e-05
231.972  1.74350662e-05  2.52725986e-05
232.174 -7.34894491e-07  3.01729920e-05
232.377 -1.80559609e-05  2.35587057e-05
232.579 -2.80177687e-05  8.24081204e-06
232.781 -2.70472101e-05 -9.75277390e-06
232.984 -1.57929803e-05 -2.35160168e-05
233.186  1.20555134e-06 -2.79043755e-05
233.389  1.73098870e-05 -2.14544842e-05
233.591  2.63534301e-05 -6.87275079e-06
233.793  2.49907289e-05  1.00605551e-05
233.996  1.39311597e-05  2.27542651e-05
234.198 -2.38291538e-06  2.63521933e-05
234.401 -1.75309438e-05  1.95758970e-05
234.603 -2.56173979e-05  5.18468696e-06
234.806 -2.35414115e-05 -1.11231948e-05
235.008 -1.21801333e-05 -2.29443034e-05
235.210  3.96651961e-06 -2.56544875e-05
235.413  1.85418858e-05 -1.81987451e-05
235.615  2.58066299e-05 -3.50337190e-06
235.818  2.28703936e-05  1.26660115e-05
236.020  1.08314549e-05  2.39457507e-05
236.223 -5.63724610e-06  2.58473804e-05
236.425 -2.00928956e-05  1.75245099e-05
236.627 -2.68158742e-05  2.13059175e-06
236.830 -2.30496391e-05 -1.43793463e-05
237.032 -1.01089791e-05 -2.55340353e-05
237.235  7.08951438e-06 -2.68605154e-05
237.437  2.18887957e-05 -1.76554460e-05
237.639  2.84516621e-05 -1.30644093e-06
237.842  2.40448788e-05  1.59585846e-05
238.044  1.01441589e-05  2.74351846e-05
238.247 -8.06677965e-06  2.85350144e-05
238.449 -2.36283171e-05  1.85933100e-05
238.652 -3.04623411e-05  1.19257410e-06
238.854 -2.57288340e-05 -1.71323561e-05
239.056 -1.09725406e-05 -2.93536878e-05
239.259  8.38143962e-06 -3.06398885e-05
239.461  2.50320128e-05 -2.02408882e-05
239.664  3.25614288e-05 -1.85551994e-06
239.866  2.78937328e-05  1.76939428e-05
240.068  1.25290387e-05  3.10069590e-05
240.271 -7.93893294e-06  3.29016414e-05
240.473 -2.58772580e-05  2.24184687e-05
240.676 -3.44656180e-05  3.26264341e-06
240.878 -3.02838819e-05 -1.75221980e-05
241.081 -1.46639507e-05 -3.21568752e-05
241.283  6.74009338e-06 -3.50395604e-05
241.485  2.60155375e-05 -2.48902499e-05
241.688  3.59230758e-05 -5.29290025e-06
241.890  3.26233107e-05  1.65864093e-05
242.093  1.71596421e-05  3.26300224e-05
242.295 -4.87866091e-06  3.67928747e-05
242.497 -2.53875718e-05  2.73865969e-05
242.700 -3.67424431e-05  7.74838745e-06
242.902 -3.46475213e-05 -1.49518453e-05
243.105 -1.97577741e-05 -3.23420145e-05
243.307  2.52678109e-06 -3.79555418e-05
243.510  2.40284051e-05 -2.96420145e-05
243.712  3.68137150e-05 -1.03871026e-05
243.914  3.61344670e-05  1.27629201e-05
244.117  2.21936063e-05  3.12979950e-05
244.319  9.03128788e-08  3.83911217e-05
244.522 -2.20571971e-05  3.14206567e-05
244.724 -3.61133176e-05  1.29476409e-05
244.927 -3.69248422e-05 -1.02288171e-05
245.129 -2.42230349e-05 -2.95917285e-05
245.331 -2.71700546e-06 -3.80488919e-05
245.534  1.96643449e-05 -3.25455543e-05
245.736  3.47075917e-05 -1.51810129e-05
245.939  3.69433547e-05  7.59580978e-06
246.141  2.56537625e-05  2.73903058e-05
246.343  5.10182421e-06  3.69674251e-05
246.546 -1.70818827e-05  3.29173325e-05
246.748 -3.27383548e-05  1.68795053e-05
246.951 -3.62005328e-05 -5.11486192e-06
247.153 -2.63608995e-05 -2.49101184e-05
247.356 -7.02327398e-06 -3.52644846e-05
247.558  1.45586083e-05 -3.25185187e-05
247.760  3.04077660e-05 -1.78955605e-05
247.963  3.47905100e-05  3.01650581e-06
248.165  2.63014280e-05  2.23957585e-05
248.368  8.31701736e-06  3.31251350e-05
248.570 -1.23300107e-05  3.14174923e-05
248.772 -2.79515545e-05  1.81627284e-05
248.975 -3.28758292e-05 -1.48035330e-06
249.177 -2.55167075e-05 -2.00858895e-05
249.380 -8.89249619e-06 -3.07722160e-05
249.582  1.05918265e-05 -2.97533979e-05
249.785  2.56092049e-05 -1.76959230e-05
249.987  3.06657480e-05  6.21341323e-07
250.189  2.41239290e-05  1.81893473e-05
250.392  8.73837642e-06  2.84431745e-05
250.594 -9.48025836e-06  2.77217821e-05
250.797 -2.35980383e-05  1.65891482e-05
250.999 -2.83937069e-05 -4.75951194e-07
251.201 -2.23020069e-05 -1.68592673e-05
251.404 -7.92368390e-06 -2.63611968e-05
251.606  9.05456147e-06 -2.55484573e-05
251.809  2.20864088e-05 -1.50004184e-05
252.011  2.62863453e-05  1.00043365e-06
252.214  2.02645721e-05  1.61778066e-05
252.416  6.58416540e-06  2.47100222e-05
252.618 -9.29654318e-06  2.34607176e-05
252.821 -2.11803034e-05  1.31304421e-05
253.023 -2.45403669e-05 -2.08005241e-06
253.226 -1.82376169e-05 -1.61520401e-05
253.428 -4.90810808e-06 -2.36159194e-05
253.631  1.01131438e-05 -2.16633616e-05
253.833  2.09101866e-05 -1.12014130e-05
254.035  2.32975874e-05  3.54265603e-06
254.238  1.64311140e-05  1.67129669e-05
254.440  3.10986178e-06  2.31312673e-05
254.643 -1.13526231e-05  2.03131737e-05
254.845 -2.12313908e-05  9.42700961e-06
255.047 -2.26325668e-05 -5.18504328e-06
255.250 -1.50167803e-05 -1.77292736e-05
255.452 -1.40388711e-06 -2.32349879e-05
255.655  1.28236488e-05 -1.95066490e-05
255.857  2.20321471e-05 -7.99040064e-06
256.060  2.25478912e-05  6.79455800e-06
256.262  1.41098770e-05  1.90217640e-05
256.464 -1.92004237e-08  2.38361930e-05
256.667 -1.43170411e-05  1.92685478e-05
256.869 -2.31483347e-05  7.02155656e-06
257.072 -2.29748828e-05 -8.17543840e-06
257.274 -1.37551299e-05 -2.03884329e-05
257.476  1.01580202e-06 -2.47895957e-05
257.679  1.56340016e-05 -1.95524718e-05
257.881  2.43887294e-05 -6.58569824e-06
258.084  2.37873528e-05  9.17024898e-06
258.286  1.39282590e-05  2.16297532e-05
258.489 -1.50002323e-06  2.59145639e-05
258.691 -1.66062171e-05  2.02498272e-05
258.893 -2.55548739e-05  6.68003240e-06
259.096 -2.48151195e-05 -9.67627965e-06
259.298 -1.45393597e-05 -2.25708060e-05
259.501  1.45483250e-06 -2.70158050e-05
259.703  1.71177903e-05 -2.12043822e-05
259.905  2.64669593e-05 -7.23509405e-06
260.108  2.58692308e-05  9.65803869e-06
260.310  1.54490858e-05  2.30825444e-05
260.513 -9.29778292e-07  2.79098965e-05
260.715 -1.71145317e-05  2.22361188e-05
260.918 -2.69830692e-05  8.12788451e-06
261.120 -2.67652779e-05 -9.14558242e-06
261.322 -1.64864772e-05 -2.30921477e-05
261.525  3.21951088e-08 -2.84449978e-05
261.727  1.66067716e-05 -2.31611146e-05
261.930  2.70146387e-05 -9.19636663e-06
262.132  2.73444459e-05  8.22942633e-06
262.335  1.74691851e-05  2.25918621e-05
262.537  1.08756633e-06  2.85200260e-05
262.739 -1.56671566e-05  2.38150488e-05
262.942 -2.65373505e-05  1.02630237e-05
263.144 -2.74931137e-05 -7.04524415e-06
263.347 -1.82287714e-05 -2.16364861e-05
263.549 -2.25930851e-06 -2.80930054e-05
263.751  1.44171676e-05 -2.40713744e-05
263.954  2.55881817e-05 -1.11571196e-05
264.156  2.71515567e-05  5.75651387e-06
264.359  1.86285621e-05  2.03342034e-05
264.561  3.31134276e-06  2.71830815e-05
264.764 -1.30132421e-05  2.38556645e-05
264.966 -2.42602211e-05  1.17347068e-05
265.168 -2.63220243e-05 -4.53452713e-06
265.371 -1.85815571e-05 -1.88312082e-05
265.573 -4.09300579e-06 -2.58668649e-05
265.776  1.16236579e-05 -2.31541474e-05
265.978  2.26871802e-05 -1.18956483e-05
266.180  2.50650942e-05  3.53541129e-06
266.383  1.80571428e-05  1.72904446e-05
266.585  4.49123023e-06  2.42659288e-05
266.788 -1.04076882e-05  2.20108930e-05
266.990 -2.10266892e-05  1.15921201e-05
267.193 -2.34901638e-05 -2.88270594e-06
267.395 -1.70821770e-05 -1.58733809e-05
267.597 -4.44345991e-06 -2.25322596e-05
267.800  9.49710759e-06 -2.05213886e-05
268.002  1.94411888e-05 -1.08349066e-05
268.205  2.17403084e-05  2.65156285e-06
268.407  1.57368578e-05  1.47191519e-05
268.609  3.94494423e-06  2.08261072e-05
268.812 -8.98050178e-06  1.88171995e-05
269.014 -1.80759687e-05  9.68878619e-06
269.217 -1.99715665e-05 -2.86365833e-06
269.419 -1.41418006e-05 -1.39297656e-05
269.622 -3.04468643e-06 -1.92968936e-05
269.824  8.89633408e-06 -1.70503831e-05
270.026  1.70435110e-05 -8.26329234e-06
270.229  1.83360895e-05  3.48633524e-06
270.431  1.24439724e-05  1.35578740e-05
270.634  1.83879413e-06  1.80654379e-05
270.836 -9.22762296e-06  1.53744594e-05
271.039 -1.64092011e-05  6.69701134e-06
271.241 -1.69625930e-05 -4.43803112e-06
271.443 -1.07954416e-05 -1.36015528e-05
271.646 -4.55467316e-07 -1.72104482e-05
271.848  9.90711427e-06 -1.39243749e-05
272.051  1.61872396e-05 -5.13834418e-06
272.253  1.59425796e-05  5.60068671e-06
272.455  9.33516748e-06  1.40086516e-05
272.658 -9.60440486e-07  1.67622808e-05
272.860 -1.08272582e-05  1.28018345e-05
273.063 -1.63410588e-05  3.72935620e-06
273.265 -1.53198851e-05 -6.83384836e-06
273.468 -8.17303144e-06 -1.46840291e-05
273.670  2.26527246e-06 -1.66988184e-05
273.872  1.18553711e-05 -1.20625859e-05
274.075  1.67890072e-05 -2.58745409e-06
274.277  1.50865496e-05  7.99521675e-06
274.480  7.37760558e-06  1.55045898e-05
274.682 -3.33545874e-06  1.69516867e-05
274.884 -1.28520725e-05  1.17139343e-05
275.087 -1.74168147e-05  1.79337299e-06
275.289 -1.51879104e-05 -8.95712481e-06
275.492 -6.97096872e-06 -1.63336582e-05
275.694  4.08091456e-06 -1.74159901e-05
275.897  1.36865659e-05 -1.17154628e-05
276.099  1.80916466e-05 -1.38158760e-06
276.301  1.55304573e-05  9.62155156e-06
276.504  6.92598053e-06  1.70383925e-05
276.706 -4.45583955e-06  1.79655574e-05
276.909 -1.42532180e-05  1.19855181e-05
277.111 -1.86812473e-05  1.33772391e-06
277.313 -1.59960587e-05 -9.93069642e-06
277.516 -7.17259390e-06 -1.75071727e-05
277.718  4.46063044e-06 -1.84702734e-05
277.921  1.44828331e-05 -1.24134773e-05
278.123  1.90696851e-05 -1.60418506e-06
278.326  1.64562193e-05  9.87121658e-06
278.528  7.60819050e-06  1.76617245e-05
278.730 -4.14010182e-06  1.88103730e-05
278.933 -1.43507041e-05  1.28734814e-05
279.135 -1.91708449e-05  2.08821477e-06
279.338 -1.67885624e-05 -9.47606893e-06
279.540 -8.11248843e-06 -1.74666274e-05
279.743  3.57651164e-06 -1.88919681e-05
279.945  1.38778804e-05 -1.32428959e-05
280.147  1.89374555e-05 -2.67608985e-06
280.350  1.68926822e-05  8.81730637e-06
280.552  8.56362897e-06  1.69298502e-05
280.755 -2.87773326e-06  1.86567412e-05
280.957 -1.31253525e-05  1.34164795e-05
281.159 -1.83647592e-05  3.24643870e-06
281.362 -1.67013953e-05 -7.99594091e-06
281.564 -8.85190556e-06 -1.61006184e-05
281.767  2.16344332e-06 -1.80890285e-05
281.969  1.21853698e-05 -1.33187826e-05
282.172  1.74910189e-05 -3.68602512e-06
282.374  1.61884758e-05  7.12733261e-06
282.576  8.89368506e-06  1.50620577e-05
282.779 -1.54798354e-06  1.72160257e-05
282.981 -1.11679698e-05  1.29119882e-05
283.184 -1.63901545e-05  3.90446681e-06
283.386 -1.53685560e-05 -6.32589999e-06
283.588 -8.64019987e-06 -1.39193407e-05
283.791  1.12716283e-06 -1.61013173e-05
283.993  1.01880879e-05 -1.21985035e-05
284.196  1.51614312e-05 -3.84406596e-06
284.398  1.42943673e-05  5.69253286e-06
284.601  8.08348209e-06  1.27864298e-05
284.803 -9.67029724e-07  1.48362313e-05
285.005 -9.35049235e-06  1.12207725e-05
285.208 -1.39150996e-05  3.48640114e-06
285.410 -1.30488630e-05 -5.30171016e-06
285.613 -7.25529511e-06 -1.17697801e-05
285.815  1.09752844e-06 -1.35266633e-05
286.017  8.73662940e-06 -1.00534015e-05
286.220  1.27584085e-05 -2.85130192e-06
286.422  1.17339139e-05  5.19388384e-06
286.625  6.22063273e-06  1.09563448e-05
286.827 -1.51038338e-06  1.22808065e-05
287.030 -8.39564701e-06  8.79283027e-06
287.232 -1.17836451e-05  1.99352833e-06
287.434 -1.04571845e-05 -5.37074119e-06
287.637 -5.06874788e-06 -1.04036809e-05
287.839  2.16030846e-06 -1.11951223e-05
288.042  8.33923413e-06 -7.54367407e-06
288.244  1.10565860e-05 -9.94914344e-07
288.447  9.31698777e-06  5.79692058e-06
288.649  3.90056767e-06  1.01344485e-05
288.851 -2.97310030e-06  1.03421226e-05
289.054 -8.54331381e-06  6.40543652e-06
289.256 -1.06098883e-05 -4.69332385e-08
289.459 -8.39140943e-06 -6.40701971e-06
289.661 -2.81706325e-06 -1.01352202e-05
289.863  3.85583871e-06 -9.76265857e-06
290.066  8.95169779e-06 -5.46155008e-06
290.268  1.04392495e-05  1.03125624e-06
290.471  7.72937889e-06  7.11456155e-06
290.673  1.90587284e-06  1.03584378e-05
290.876 -4.71024473e-06  9.46196152e-06
291.078 -9.48435804e-06  4.76902305e-06
291.280 -1.05062096e-05 -1.86817755e-06
291.483 -7.34648182e-06 -7.82396040e-06
291.685 -1.23053379e-06 -1.07306112e-05
291.888  5.44475135e-06 -9.41183505e-06
292.090  1.00481962e-05 -4.35265861e-06
292.292  1.07451486e-05  2.48866332e-06
292.495  7.22424741e-06  8.44172013e-06
292.697  8.23666429e-07  1.11625858e-05
292.900 -5.98473369e-06  9.55487344e-06
293.102 -1.05492985e-05  4.20238026e-06
293.305 -1.10722805e-05 -2.85217359e-06
293.507 -7.31280152e-06 -8.88875999e-06
293.709 -6.84084829e-07 -1.15621363e-05
293.912  6.28182109e-06 -9.81264385e-06
294.114  1.09060163e-05 -4.27657507e-06
294.317  1.13971780e-05  2.95006830e-06
294.519  7.53933582e-06  9.11020661e-06
294.721  7.79661023e-07  1.18452403e-05
294.924 -6.31862991e-06  1.00962509e-05
295.126 -1.10577618e-05  4.50931002e-06
295.329 -1.16332308e-05 -2.80566660e-06
295.531 -7.81806723e-06 -9.08120500e-06
295.734 -1.05171202e-06 -1.19455157e-05
295.936  6.11068137e-06 -1.03181729e-05
296.138  1.09717891e-05 -4.81934456e-06
296.341  1.17092748e-05  2.47086223e-06
296.543  8.06237570e-06  8.80866502e-06
296.746  1.42336414e-06  1.18223366e-05
296.948 -5.70230331e-06  1.04041551e-05
297.151 -1.06456210e-05  5.12092151e-06
297.353 -1.15782104e-05 -2.01774461e-06
297.555 -8.19510504e-06 -8.32811215e-06
297.758 -1.80973771e-06 -1.14648844e-05
297.960  5.15934954e-06 -1.03011896e-05
298.163  1.01065392e-05 -5.33378848e-06
298.365  1.12218228e-05  1.52870740e-06
298.567  8.15712929e-06  7.69891107e-06
298.770  2.12916354e-06  1.08931066e-05
298.972 -4.56045256e-06  9.98322792e-06
299.175 -9.40781763e-06  5.39388937e-06
299.377 -1.06517880e-05 -1.08502924e-06
299.580 -7.91465990e-06 -6.99598978e-06
299.782 -2.31424955e-06 -1.01531469e-05
299.984  3.98663206e-06 -9.45286913e-06
300.187  8.62015744e-06 -5.26097685e-06
300.389  9.90599162e-06  7.57444126e-07
300.592  7.46236961e-06  6.30003328e-06
300.794  2.31881169e-06  9.31008608e-06
300.996 -3.51195823e-06  8.74041289e-06
301.199 -7.82213243e-06  4.92262702e-06
301.401 -9.04361029e-06 -5.98239430e-07
301.604 -6.82361880e-06 -5.68669113e-06
301.806 -2.12270850e-06 -8.43924913e-06
302.009  3.19369012e-06 -7.89948859e-06
302.211  7.08944253e-06 -4.39427512e-06
302.413  8.13693376e-06  6.35034639e-07
302.616  6.04548736e-06  5.21665321e-06
302.818  1.73287908e-06  7.61654718e-06
303.021 -3.06557885e-06  6.99867085e-06
303.223 -6.48625436e-06  3.71535656e-06
303.425 -7.26185444e-06 -8.68282695e-07
303.628 -5.19145640e-06 -4.92951051e-06
303.830 -1.18184070e-06 -6.90965072e-06
304.033  3.13480630e-06 -6.11217369e-06
304.235  6.05816628e-06 -2.94420567e-06
304.438  6.48777872e-06  1.27176385e-06
304.640  4.33308791e-06  4.83975826e-06
304.842  5.23067415e-07  6.36893316e-06
305.045 -3.38254487e-06  5.30975337e-06
305.247 -5.82673661e-06  2.14995545e-06
305.450 -5.86855245e-06 -1.79795780e-06
305.652 -3.54085632e-06 -4.93644479e-06
305.855  1.77379667e-07 -6.02177023e-06
306.057  3.76811158e-06 -4.64893513e-06
306.259  5.78769950e-06 -1.40350712e-06
306.462  5.43716433e-06  2.38518779e-06
306.664  2.87587969e-06  5.18498058e-06
306.867 -8.49858518e-07  5.87015954e-06
307.069 -4.23422986e-06  4.16858521e-06
307.271 -5.91217301e-06  7.67925790e-07
307.474 -5.20261395e-06 -2.96577107e-06
307.676 -2.38176417e-06 -5.53218309e-06
307.879  1.43045367e-06 -5.89202044e-06
308.081  4.71486686e-06 -3.88434610e-06
308.284  6.15220054e-06 -2.90374501e-07
308.486  5.15001420e-06  3.47454218e-06
308.688  2.07967948e-06  5.91446099e-06
308.891 -1.86807010e-06  6.04549839e-06
309.093 -5.14394157e-06  3.78747190e-06
309.296 -6.44784752e-06 -2.38952976e-09
309.498 -5.24283050e-06 -3.85652993e-06
309.700 -1.96677050e-06 -6.26640369e-06
309.903  2.13012103e-06 -6.27422122e-06
310.105  5.46426860e-06 -3.84653027e-06
310.308  6.73499106e-06  1.06524245e-07
310.510  5.42813572e-06  4.07443075e-06
310.713  2.01797560e-06  6.52950418e-06
310.915 -2.20636354e-06  6.51504908e-06
311.117 -5.63475028e-06  4.01324639e-06
311.320 -6.95327901e-06 -4.04143223e-08
311.522 -5.64460903e-06 -4.11262170e-06
311.725 -2.19043498e-06 -6.65843618e-06
311.927  2.10952042e-06 -6.70628659e-06
312.129  5.63419836e-06 -4.22936395e-06
312.332  7.05331769e-06 -1.57820459e-07
312.534  5.83080046e-06  3.97813271e-06
312.737  2.42884518e-06  6.62613667e-06
312.939 -1.87298536e-06  6.79604047e-06
313.142 -5.46310309e-06  4.43411119e-06
313.344 -7.00329663e-06  4.35775785e-07
313.546 -5.93307702e-06 -3.69836286e-06
313.749 -2.67289610e-06 -6.42696025e-06
313.951  1.54493458e-06 -6.74858809e-06
314.154  5.14259928e-06 -4.57163936e-06
314.356  6.79230537e-06 -7.34592210e-07
314.559  5.91126518e-06  3.31654229e-06
314.761  2.86509999e-06  6.07670927e-06
314.963 -1.18163674e-06  6.54744779e-06
315.166 -4.71168509e-06  4.59759261e-06
315.368 -6.43068729e-06  9.96713135e-07
315.571 -5.74312054e-06 -2.88648677e-06
315.773 -2.95853244e-06 -5.60998754e-06
315.975  8.40342612e-07 -6.19664713e-06
316.178  4.22162622e-06 -4.48508360e-06
316.380  5.94734367e-06 -1.17322519e-06
316.583  5.42681461e-06  2.46535207e-06
316.785  2.92236004e-06  5.07420199e-06
316.988 -5.72428983e-07  5.71929341e-06
317.190 -3.72842225e-06  4.22728145e-06
317.392 -5.38521969e-06  1.22884403e-06
317.595 -4.98054486e-06 -2.10623372e-06
317.797 -2.74434727e-06 -4.52309038e-06
318.000  4.17286068e-07 -5.15453750e-06
318.202  3.28541951e-06 -3.83717958e-06
318.404  4.79604172e-06 -1.14576383e-06
318.607  4.43943881e-06  1.85109946e-06
318.809  2.43152676e-06  4.01005137e-06
319.012 -3.97110074e-07  4.55196188e-06
319.214 -2.93669694e-06  3.34464186e-06
319.417 -4.23340069e-06  9.25616515e-07
319.619 -3.84959762e-06 -1.72596762e-06
319.821 -2.00849752e-06 -3.58175845e-06
320.024  5.14948936e-07 -3.96427210e-06
320.226  2.71268085e-06 -2.79184942e-06
320.429  3.74579554e-06 -5.88602046e-07
320.631  3.26190318e-06  1.73902109e-06
320.833  1.51422910e-06  3.27259931e-06
321.036 -7.55386417e-07  3.44040335e-06
321.238 -2.62678679e-06  2.22815529e-06
321.441 -3.37012931e-06  1.70102412e-07
321.643 -2.72568540e-06 -1.88038545e-06
321.846 -9.96361676e-07 -3.10012443e-06
322.048  1.08780986e-06 -3.01954671e-06
322.250  2.67405994e-06 -1.70346228e-06
322.453  3.12766888e-06  2.85214046e-07
322.655  2.28290382e-06  2.12406765e-06
322.858  5.04258803e-07  3.06366841e-06
323.060 -1.47086208e-06  2.72729727e-06
323.263 -2.83238114e-06  1.26166764e-06
323.465 -3.02263862e-06 -7.29345519e-07
323.667 -1.96304132e-06 -2.43135044e-06
323.870 -8.25467430e-08 -3.14551565e-06
324.072  1.85750236e-06 -2.57284619e-06
324.275  3.06613015e-06 -9.34814880e-07
324.477  3.04242074e-06  1.11684118e-06
324.679  1.77918989e-06  2.75642995e-06
324.882 -2.34243741e-07  3.31431417e-06
325.084 -2.20133848e-06  2.54806833e-06
325.287 -3.33200694e-06  7.39689472e-07
325.489 -3.15973300e-06 -1.41016508e-06
325.692 -1.72725704e-06 -3.05306510e-06
325.894  4.24962891e-07 -3.52947055e-06
326.096  2.46269591e-06 -2.62908582e-06
326.299  3.58463198e-06 -6.76896158e-07
326.501  3.33608542e-06  1.58432167e-06
326.704  1.78745053e-06  3.28056673e-06
326.906 -4.84244517e-07  3.74608088e-06
327.108 -2.61392909e-06  2.78013998e-06
327.311 -3.78208100e-06  7.31425380e-07
327.513 -3.52740660e-06 -1.63015867e-06
327.716 -1.92786128e-06 -3.40854517e-06
327.918  4.22950843e-07 -3.92092821e-06
328.121  2.64218372e-06 -2.95924854e-06
328.323  3.89077621e-06 -8.74966047e-07
328.525  3.69035072e-06  1.55470175e-06
328.728  2.10875871e-06  3.41975703e-06
328.930 -2.66299311e-07  4.01816391e-06
329.133 -2.54988122e-06  3.12354150e-06
329.335 -3.88963719e-06  1.06949731e-06
329.537 -3.78779441e-06 -1.37930058e-06
329.740 -2.28734614e-06 -3.31203796e-06
329.942  4.98678250e-08 -4.01400485e-06
330.145  2.35387795e-06 -3.23436477e-06
330.347  3.77285585e-06 -1.27279483e-06
330.550  3.79305709e-06  1.13598897e-06
330.752  2.42347768e-06  3.09837130e-06
330.954  1.85928631e-07  3.89893441e-06
331.157 -2.08298363e-06  3.26174072e-06
331.359 -3.54974748e-06  1.44438850e-06
331.562 -3.69227380e-06 -8.63316989e-07
331.764 -2.48488144e-06 -2.80476286e-06
331.967 -4.00827886e-07 -3.67782486e-06
332.169  1.77433235e-06 -3.18810248e-06
332.371  3.24264233e-06 -1.55061828e-06
332.574  3.48594944e-06  6.01729521e-07
332.776  2.45131119e-06  2.46610784e-06
332.979  5.59440702e-07  3.36879969e-06
333.181 -1.46799496e-06  3.01050347e-06
333.383 -2.88321111e-06  1.56828411e-06
333.586 -3.18867945e-06 -3.88207660e-07
333.788 -2.31623112e-06 -2.12090358e-06
333.991 -6.35313106e-07 -3.00068525e-06
334.193  1.20135951e-06 -2.74009797e-06
334.396  2.50841012e-06 -1.48664484e-06
334.598  2.82676792e-06  2.51439894e-07
334.800  2.08657050e-06  1.80655776e-06
335.003  6.14206709e-07  2.60932267e-06
335.205 -1.00456928e-06  2.39978432e-06
335.408 -2.15606611e-06  1.30859271e-06
335.610 -2.43406010e-06 -2.08218964e-07
335.812 -1.78138972e-06 -1.55505528e-06
336.015 -4.95832972e-07 -2.23232654e-06
336.217  8.97358731e-07 -2.02052275e-06
336.420  1.85982659e-06 -1.05003750e-06
336.622  2.04686698e-06  2.62266637e-07
336.825  1.42924529e-06  1.38932111e-06
337.027  2.92961551e-07  1.90386736e-06
337.229 -8.87436397e-07  1.63746935e-06
337.432 -1.64475922e-06  7.37367675e-07
337.634 -1.69960942e-06 -4.04739959e-07
337.837 -1.06449535e-06 -1.32031296e-06
338.039 -2.88797515e-08 -1.65053549e-06
338.241  9.69650177e-07 -1.28572194e-06
338.444  1.52427607e-06 -4.03238210e-07
338.646  1.42087356e-06  6.15769936e-07
338.849  7.22252466e-07  1.34577140e-06
339.051 -2.66229168e-07  1.48866970e-06
339.254 -1.12686389e-06  9.95614452e-07
339.456 -1.49937765e-06  8.17586907e-08
339.658 -1.23012748e-06 -8.67132839e-07
339.861 -4.33520183e-07 -1.45142272e-06
340.063  5.59005862e-07 -1.42307815e-06
340.266  1.33267414e-06 -7.88735816e-07
340.468  1.55943535e-06  1.95519327e-07
340.671  1.13522441e-06  1.12591283e-06
340.873  2.21527481e-07  1.61363804e-06
341.075 -8.16945712e-07  1.44648613e-06
341.278 -1.55557762e-06  6.75326006e-07
341.480 -1.68385260e-06 -4.03204220e-07
341.683 -1.13156393e-06 -1.35936771e-06
341.885 -9.94873231e-08 -1.80299923e-06
342.087  1.01278018e-06 -1.54067800e-06
342.290  1.76350968e-06 -6.53937220e-07
342.492  1.84474701e-06  5.24969504e-07
342.695  1.20355360e-06  1.53938629e-06
342.897  6.96066613e-08  1.98781036e-06
343.100 -1.12806718e-06  1.67930437e-06
343.302 -1.92753726e-06  7.12400959e-07
343.504 -2.01058081e-06 -5.55707001e-07
343.707 -1.32736769e-06 -1.64573713e-06
343.909 -1.22811542e-07 -2.13792840e-06
344.112  1.15532195e-06 -1.83198692e-06
344.314  2.02509913e-06 -8.29584171e-07
344.516  2.15078558e-06  5.01993085e-07
344.719  1.47438215e-06  1.66792472e-06
344.921  2.40068538e-07  2.22883795e-06
345.124 -1.09803879e-06  1.96858619e-06
345.326 -2.04261079e-06  9.78077737e-07
345.529 -2.23986677e-06 -3.80393323e-07
345.731 -1.61451652e-06 -1.60590630e-06
345.933 -3.95286756e-07 -2.24484426e-06
346.136  9.69550105e-07 -2.06255874e-06
346.338  1.97727729e-06 -1.12774790e-06
346.541  2.26024407e-06  2.14675625e-07
346.743  1.71985823e-06  1.47015614e-06
346.945  5.59329669e-07  2.18080217e-06
347.148 -7.91201967e-07  2.09389632e-06
347.350 -1.83721576e-06  1.25014686e-06
347.553 -2.20374780e-06 -3.24910935e-08
347.755 -1.76842230e-06 -1.28016324e-06
347.958 -7.03983231e-07 -2.04183788e-06
348.160  5.89704129e-07 -2.05143289e-06
348.362  1.63960037e-06 -1.32225378e-06
348.565  2.07213538e-06 -1.37782797e-07
348.767  1.74700741e-06  1.06147539e-06
348.970  8.05035341e-07  1.84208050e-06
349.172 -3.93627243e-07  1.93434969e-06
349.375 -1.40783920e-06  1.32893783e-06
349.577 -1.87693593e-06  2.70467086e-07
349.779 -1.65252575e-06 -8.41806201e-07
349.982 -8.44913030e-07 -1.60280334e-06
350.184  2.29231404e-07 -1.75200602e-06
350.387  1.16839955e-06 -1.26415806e-06
350.589  1.63780532e-06 -3.46070734e-07
350.791  1.49147767e-06  6.47327287e-07
350.994  8.14727703e-07  1.34978070e-06
351.196 -1.17065204e-07  1.52191695e-06
351.399 -9.47820323e-07  1.13126965e-06
351.601 -1.37953091e-06  3.53793757e-07
351.804 -1.27858232e-06 -4.99878055e-07
352.006 -7.15498183e-07 -1.10986497e-06
352.208  6.98406836e-08 -1.26693739e-06
352.411  7.69456937e-07 -9.42685235e-07
352.613  1.12824354e-06 -2.92503097e-07
352.816  1.03486529e-06  4.14592086e-07
353.018  5.57679726e-07  9.07039982e-07
353.220 -9.15358193e-08  1.01222106e-06
353.423 -6.50287139e-07  7.18090141e-07
353.625 -9.07996927e-07  1.69981004e-07
353.828 -7.85053845e-07 -3.98102726e-07
354.030 -3.59024359e-07 -7.59349360e-07
354.233  1.77257124e-07 -7.82387517e-07
354.435  5.98728474e-07 -4.81410284e-07
354.637  7.38233087e-07 -1.45529169e-09
354.840  5.54222446e-07  4.47611870e-07
355.042  1.41773442e-07  6.77114565e-07
355.245 -3.13763316e-07  5.98458401e-07
355.447 -6.14004062e-07  2.57167964e-07
355.649 -6.31662026e-07 -1.92332073e-07
355.852 -3.64075585e-07 -5.51617374e-07
356.054  7.02520693e-08 -6.62290984e-07
356.257  4.81388378e-07 -4.74928037e-07
356.459  6.87111943e-07 -6.73183675e-08
356.662  5.92727557e-07  3.87716241e-07
356.864  2.30219337e-07  6.92177751e-07
357.066 -2.54314867e-07  7.08515381e-07
357.269 -6.57076221e-07  4.17920964e-07
357.471 -8.02364146e-07 -7.10177729e-08
357.674 -6.16946455e-07 -5.61370791e-07
357.876 -1.60695846e-07 -8.47687165e-07
358.079  3.91645379e-07 -8.01806188e-07
358.281  8.17881188e-07 -4.24890119e-07
358.483  9.39346502e-07  1.47414698e-07
358.686  6.91895466e-07  6.93766196e-07
358.888  1.55599719e-07  9.95626544e-07
359.091 -4.70078144e-07  9.22589692e-07
359.293 -9.43846814e-07  4.85762960e-07
359.495 -1.07546618e-06 -1.59436662e-07
359.698 -7.99562208e-07 -7.71570296e-07
359.900 -2.07291038e-07 -1.11506853e-06
360.103  4.85559171e-07 -1.04873071e-06
360.305  1.02000438e-06 -5.84551006e-07
360.508  1.18909231e-06  1.13014420e-07
360.710  9.19052866e-07  7.88783278e-07
360.912  3.01245823e-07  1.18934659e-06
361.115 -4.42146448e-07  1.15884035e-06
361.317 -1.03798952e-06  7.01297096e-07
361.520 -1.26275073e-06 -2.12433278e-08
361.722 -1.02918170e-06 -7.46894043e-07
361.924 -4.18174200e-07 -1.20840222e-06
362.127  3.50699691e-07 -1.23486556e-06
362.329  9.97085995e-07 -8.14560983e-07
362.532  1.28517405e-06 -9.80189073e-08
362.734  1.11078517e-06  6.54522935e-07
362.937  5.36993143e-07  1.16996934e-06
363.139 -2.27247263e-07  1.26382570e-06
363.341 -9.04352073e-07  9.04421237e-07
363.544 -1.25213502e-06  2.24770634e-07
363.746 -1.14917554e-06 -5.26433014e-07
363.949 -6.37920280e-07 -1.07928577e-06
364.151  9.10730326e-08 -1.23917446e-06
364.353  7.73236380e-07 -9.55367820e-07
364.556  1.16639984e-06 -3.39249902e-07
364.758  1.13619663e-06  3.81379363e-07
364.961  7.04764003e-07  9.47681320e-07
365.163  3.76804315e-08  1.16162946e-06
365.366 -6.21167019e-07  9.58025116e-07
365.568 -1.03725324e-06  4.24061419e-07
365.770 -1.07109892e-06 -2.39221946e-07
365.973 -7.26396848e-07 -7.90951161e-07
366.175 -1.40838081e-07 -1.03907554e-06
366.378  4.67074617e-07 -9.09709522e-07
366.580  8.79426479e-07 -4.66411524e-07
366.783  9.60026008e-07  1.18070080e-07
366.985  6.97906342e-07  6.27506536e-07
367.187  2.04798772e-07  8.85044220e-07
367.390 -3.29210229e-07  8.14218181e-07
367.592 -7.10935183e-07  4.59884424e-07
367.795 -8.14534163e-07 -3.22929930e-08
367.997 -6.21228645e-07 -4.76094942e-07
368.199 -2.21943340e-07 -7.16348674e-07
368.402  2.23211757e-07 -6.81286660e-07
368.604  5.50315411e-07 -4.05056694e-07
368.807  6.50014244e-07 -8.72951083e-09
369.009  5.04872175e-07  3.53144948e-07
369.212  1.90959856e-07  5.50760676e-07
369.414 -1.60075031e-07  5.25456273e-07
369.616 -4.14019212e-07  3.08797071e-07
369.819 -4.83934782e-07  1.56994412e-09
370.021 -3.62317353e-07 -2.70445518e-07
370.224 -1.16526920e-07 -4.05041618e-07
370.426  1.44614872e-07 -3.63941629e-07
370.628  3.14691609e-07 -1.82774771e-07
370.831  3.33672889e-07  5.07621617e-08
371.033  2.09720469e-07  2.34009477e-07
371.236  8.72958617e-09  2.93181019e-07
371.438 -1.75078434e-07  2.14006294e-07
371.641 -2.60118297e-07  4.19609895e-08
371.843 -2.14036017e-07 -1.39228716e-07
372.045 -6.37689507e-08 -2.43920870e-07
372.248  1.18092063e-07 -2.24535196e-07
372.450  2.43966741e-07 -9.05897885e-08
372.653  2.52394147e-07  9.70386219e-08
372.855  1.35187385e-07  2.50413560e-07
373.057 -6.01006924e-08  2.94719263e-07
373.260 -2.47435198e-07  2.02495643e-07
373.462 -3.39502175e-07  4.82301209e-09
373.665 -2.87548342e-07 -2.18042886e-07
373.867 -1.01731517e-07 -3.68719344e-07
374.070  1.49329568e-07 -3.75985965e-07
374.272  3.63126519e-07 -2.24274281e-07
374.474  4.47042319e-07  3.68839273e-08
374.677  3.56059653e-07  3.07626542e-07
374.879  1.12692719e-07  4.78348080e-07
375.082 -1.95955622e-07  4.73506016e-07
375.284 -4.51476059e-07  2.81807359e-07
375.487 -5.50654136e-07 -3.35813557e-08
375.689 -4.44518282e-07 -3.56982852e-07
375.891 -1.61915322e-07 -5.64925054e-07
376.094  1.97789963e-07 -5.71317779e-07
376.296  5.02579360e-07 -3.63174851e-07
376.499  6.35094026e-07 -9.92534694e-09
376.701  5.37725701e-07  3.62659728e-07
376.903  2.38641728e-07  6.17023923e-07
377.106 -1.58493814e-07  6.54078449e-07
377.308 -5.11131921e-07  4.53921073e-07
377.511 -6.88017076e-07  8.36635485e-08
377.713 -6.20526819e-07 -3.26506068e-07
377.916 -3.28680539e-07 -6.27791522e-07
378.118  8.66261328e-08 -7.09041563e-07
378.320  4.77112598e-07 -5.38565576e-07
378.523  7.01662838e-07 -1.74162696e-07
378.725  6.79308588e-07  2.55273644e-07
378.928  4.16416542e-07  5.95993904e-07
379.130  5.70980368e-09  7.27213087e-07
379.332 -4.06026245e-07  6.02523430e-07
379.535 -6.73461668e-07  2.66456031e-07
379.737 -7.03467513e-07 -1.60056267e-07
379.940 -4.87074607e-07 -5.25987075e-07
380.142 -1.04112338e-07 -7.04106921e-07
380.345  3.08247182e-07 -6.34215778e-07
380.547  6.05929101e-07 -3.45782810e-07
380.749  6.86957121e-07  5.51153723e-08
380.952  5.28538637e-07  4.26742745e-07
381.154  1.93338780e-07  6.40400531e-07
381.357 -1.97359291e-07  6.26611467e-07
381.559 -5.06293344e-07  3.98996470e-07
381.761 -6.29230714e-07  4.41019068e-08
381.964 -5.32397438e-07 -3.10561711e-07
382.166 -2.59184204e-07 -5.42131036e-07
382.369  8.82508418e-08 -5.77724846e-07
382.571  3.85955471e-07 -4.15988871e-07
382.774  5.35129782e-07 -1.23123765e-07
382.976  4.94669518e-07  1.91905785e-07
383.178  2.90508428e-07  4.19990376e-07
383.381  4.47326271e-09  4.90490261e-07
383.583 -2.59305356e-07  3.91181151e-07
383.786 -4.13901998e-07  1.70133960e-07
383.988 -4.16438662e-07 -8.59820805e-08
384.191 -2.80640858e-07 -2.87684731e-07
384.393 -6.78156388e-08 -3.72425104e-07
384.595  1.41782277e-07 -3.24373157e-07
384.798  2.78000127e-07 -1.76923552e-07
385.000  3.04018863e-07  6.90617728e-09
385.203  2.27792583e-07  1.60135184e-07
385.405  9.17768413e-08  2.35115456e-07
385.607 -4.78225890e-08  2.20561571e-07
385.810 -1.41995490e-07  1.39588381e-07
386.012 -1.68214304e-07  3.42250308e-08
386.215 -1.34923674e-07 -5.20214497e-08
386.417 -7.07820366e-08 -9.30479984e-08
386.620 -1.06699267e-08 -8.89821956e-08
386.822  2.12225892e-08 -5.91573186e-08
387.024  2.27290840e-08 -3.06035222e-08
387.227  9.45795435e-09 -2.34522249e-08
387.429  4.43824260e-09 -3.82609100e-08
387.632  2.51739060e-08 -5.79842018e-08
387.834  6.99827617e-08 -5.82670217e-08
388.036  1.17485936e-07 -1.99627982e-08
388.239  1.37177441e-07  5.58890605e-08
388.441  1.02693898e-07  1.44166070e-07
388.644  8.77875220e-09  2.05780656e-07
388.846 -1.20082600e-07  2.02249582e-07
389.049 -2.37525939e-07  1.15174745e-07
389.251 -2.90667761e-07 -3.90412426e-08
389.453 -2.42004514e-07 -2.12236176e-07
389.656 -9.09884136e-08 -3.38920816e-07
389.858  1.21442136e-07 -3.59508221e-07
390.061  3.23628757e-07 -2.48448688e-07
390.263  4.35547017e-07 -2.85276465e-08
390.465  4.01771692e-07  2.32976592e-07
390.668  2.16451815e-07  4.42619321e-07
390.870 -7.05652869e-08  5.15361827e-07
391.073 -3.64400540e-07  4.09287889e-07
391.275 -5.56875687e-07  1.43704653e-07
391.478 -5.67950409e-07 -2.00443044e-07
391.680 -3.76056507e-07 -5.04391555e-07
391.882 -3.20107825e-08 -6.54781326e-07
392.085  3.52031189e-07 -5.84269878e-07
392.287  6.41330887e-07 -2.99627707e-07
392.490  7.25232280e-07  1.12837441e-07
392.692  5.57888332e-07  5.14948394e-07
392.895  1.81818384e-07  7.63274089e-07
393.097 -2.82838883e-07  7.58555261e-07
393.299 -6.77739173e-07  4.86400199e-07
393.502 -8.58442683e-07  2.73420241e-08
393.704 -7.48375470e-07 -4.68315174e-07
393.907 -3.70678893e-07 -8.27924130e-07
394.109  1.56995140e-07 -9.17238730e-07
394.311  6.57591493e-07 -6.91614517e-07
394.514  9.53848522e-07 -2.13893571e-07
394.716  9.32997551e-07  3.61741514e-07
394.919  5.87473116e-07  8.38408986e-07
395.121  2.21256325e-08  1.04608159e-06
395.324 -5.75592819e-07  9.01108805e-07
395.526 -9.99762450e-07  4.37945326e-07
395.728 -1.09684549e-06 -1.95732569e-07
395.931 -8.19301673e-07 -7.87390834e-07
396.133 -2.48363869e-07 -1.13176751e-06
396.336  4.29833748e-07 -1.10000497e-06
396.538  9.86490053e-07 -6.88684635e-07
396.740  1.22535754e-06 -2.59624039e-08
396.943  1.05237057e-06  6.70223552e-07
397.145  5.12925337e-07  1.16223667e-06
397.348 -2.21357154e-07  1.27358998e-06
397.550 -9.06233954e-07  9.53592594e-07
397.753 -1.30503828e-06  2.96800090e-07
397.955 -1.27223564e-06 -4.84488691e-07
398.157 -8.04705349e-07 -1.12713443e-06
398.360 -4.65127029e-08 -1.40751450e-06
398.562  7.53260476e-07 -1.21853484e-06
398.765  1.32361941e-06 -6.08117909e-07
398.967  1.46364967e-06  2.29943950e-07
399.169  1.11080837e-06  1.01798951e-06
399.372  3.68362405e-07  1.48748089e-06
399.574 -5.24142152e-07  1.46804581e-06
399.777 -1.26971462e-06  9.49403826e-07
