0.198  7.39196909e-03 -1.17077289e-03
0.396  4.24437820e-03  1.07884550e-03
0.593  2.25929761e-03  2.09418004e-03
0.791  6.42604321e-04  2.28417671e-03
0.989 -5.37443743e-04  1.83650206e-03
1.187 -1.23795615e-03  1.03861568e-03
1.385 -1.36123276e-03  1.36976254e-04
1.583 -1.03524783e-03 -5.83673736e-04
1.780 -4.48001109e-04 -9.65091841e-04
1.978  1.42289799e-04 -9.46885330e-04
2.176  5.92770670e-04 -6.18564270e-04
2.374  7.72015861e-04 -1.39996047e-04
2.572  6.63851040e-04  3.19741130e-04
2.769  3.26339520e-04  5.85994138e-04
2.967 -7.57761906e-05  6.21821088e-04
3.165 -3.97600612e-04  4.30746018e-04
3.363 -5.40512567e-04  9.68670450e-05
3.561 -4.84074746e-04 -2.14829645e-04
3.759 -2.57125097e-04 -4.14841745e-04
3.956  4.92920730e-05 -4.50031567e-04
4.154  3.02646033e-04 -3.21107214e-04
4.352  4.14092320e-04 -8.57395488e-05
4.550  3.64015157e-04  1.57911027e-04
4.748  1.99123629e-04  3.22897061e-04
4.945 -2.87564982e-05  3.59471161e-04
5.143 -2.27577682e-04  2.64620708e-04
5.341 -3.27215399e-04  8.14443791e-05
5.539 -2.94401528e-04 -1.20838107e-04
5.737 -1.57483060e-04 -2.59659837e-04
5.935  2.34873848e-05 -2.93335972e-04
6.132  1.83550342e-04 -2.18655839e-04
6.330  2.67092377e-04 -6.58256863e-05
6.528  2.45559922e-04  1.02165457e-04
6.726  1.36154161e-04  2.23324929e-04
6.924 -1.70395216e-05  2.53371846e-04
7.121 -1.53089713e-04  1.83474936e-04
7.319 -2.24151352e-04  4.41834878e-05
7.517 -2.06774911e-04 -1.03596444e-04
7.715 -1.11510989e-04 -2.02290139e-04
7.913  2.17058049e-05 -2.22883523e-04
8.111  1.38242359e-04 -1.59346701e-04
8.308  1.98299615e-04 -4.38413868e-05
8.506  1.81629465e-04  8.12044282e-05
8.704  9.72516045e-05  1.68927713e-04
8.902 -1.86536633e-05  1.89444552e-04
9.100 -1.23641611e-04  1.38607696e-04
9.297 -1.76983394e-04  3.76905034e-05
9.495 -1.60638070e-04 -7.29728587e-05
9.693 -8.46930608e-05 -1.51258486e-04
9.891  1.97333841e-05 -1.67537167e-04
10.089  1.11545782e-04 -1.19022284e-04
10.287  1.55313968e-04 -2.79166801e-05
10.484  1.35774234e-04  7.00764342e-05
10.682  6.39432286e-05  1.37452073e-04
10.880 -3.00740465e-05  1.49359783e-04
11.078 -1.10277977e-04  1.03479515e-04
11.276 -1.47332250e-04  1.99641280e-05
11.473 -1.29132481e-04 -6.79424717e-05
11.671 -6.46455960e-05 -1.26462626e-04
11.869  1.94672212e-05 -1.36085136e-04
12.067  9.15949128e-05 -9.56553261e-05
12.265  1.26135991e-04 -2.12346110e-05
12.463  1.11363633e-04  5.81392185e-05
12.660  5.41374159e-05  1.12008178e-04
12.858 -2.16977867e-05  1.21454065e-04
13.056 -8.67436014e-05  8.50861358e-05
13.254 -1.17509445e-04  1.86484977e-05
13.452 -1.03307692e-04 -5.12696820e-05
13.649 -5.10340913e-05 -9.81781316e-05
13.847  1.82590285e-05 -1.05272302e-04
14.045  7.82312996e-05 -7.09134560e-05
14.243  1.06439568e-04 -9.40988988e-06
14.441  9.29543363e-05  5.53308708e-05
14.639  4.47449294e-05  9.86075846e-05
14.836 -1.82526095e-05  1.04533178e-04
15.034 -7.15882940e-05  7.26344989e-05
15.232 -9.50749982e-05  1.68143491e-05
15.430 -8.05977915e-05 -4.10230361e-05
15.628 -3.50319024e-05 -7.88359051e-05
15.825  2.36099776e-05 -8.30290744e-05
16.023  7.27642476e-05 -5.36692699e-05
16.221  9.41550244e-05 -2.91068331e-06
16.419  8.04272038e-05  4.94691586e-05
16.617  3.74164841e-05  8.31773112e-05
16.815 -1.79733250e-05  8.56611075e-05
17.012 -6.42358864e-05  5.64637028e-05
17.210 -8.43819317e-05  7.24811178e-06
17.408 -7.20142839e-05 -4.27279796e-05
17.606 -3.29377954e-05 -7.46907565e-05
17.804  1.68896672e-05 -7.73963143e-05
18.001  5.80689586e-05 -5.07523472e-05
18.199  7.53695517e-05 -5.95613445e-06
18.397  6.29946632e-05  3.90852409e-05
18.595  2.67558450e-05  6.72679382e-05
18.793 -1.85489050e-05  6.83272267e-05
18.991 -5.54622543e-05  4.25914096e-05
19.188 -7.02000409e-05  7.67761526e-07
19.386 -5.76172878e-05 -4.08610640e-05
19.584 -2.32592540e-05 -6.65055724e-05
19.782  1.93292608e-05 -6.66003509e-05
19.980  5.39177044e-05 -4.17851093e-05
20.177  6.74749515e-05 -2.22064378e-06
20.375  5.55006008e-05  3.67200926e-05
20.573  2.36056354e-05  6.01061943e-05
20.771 -1.52654497e-05  5.95214950e-05
20.969 -4.58340260e-05  3.61888286e-05
21.167 -5.65020853e-05 -2.87438950e-07
21.364 -4.38432772e-05 -3.55892886e-05
21.562 -1.32641987e-05 -5.61301603e-05
21.760  2.31370229e-05 -5.44793744e-05
21.958  5.10488138e-05 -3.17787603e-05
22.156  5.99247798e-05  2.91331886e-06
22.353  4.69085198e-05  3.59697330e-05
22.551  1.74703196e-05  5.49113006e-05
22.749 -1.66556424e-05  5.31317626e-05
22.947 -4.23507128e-05  3.18725831e-05
23.145 -5.02455815e-05 -1.91841719e-07
23.343 -3.78151534e-05 -3.04945252e-05
23.540 -1.03096778e-05 -4.76493358e-05
23.738  2.13408469e-05 -4.54406232e-05
23.936  4.50928848e-05 -2.51765638e-05
24.134  5.21359276e-05  4.77826758e-06
24.332  4.01638237e-05  3.26866776e-05
24.529  1.44036198e-05  4.78687698e-05
24.727 -1.48280955e-05  4.46371919e-05
24.925 -3.62333100e-05  2.46953169e-05
25.123 -4.16548067e-05 -3.87250664e-06
25.321 -2.93920470e-05 -3.00443955e-05
25.519 -4.62350139e-06 -4.38853798e-05
25.716  2.29688858e-05 -4.04835847e-05
25.914  4.27557645e-05 -2.17516311e-05
26.112  4.73215541e-05  4.78254548e-06
26.310  3.53790898e-05  2.87990487e-05
26.508  1.17993326e-05  4.11423066e-05
26.705 -1.42823834e-05  3.74992125e-05
26.903 -3.28716015e-05  1.96970242e-05
27.101 -3.72171390e-05 -5.14956956e-06
27.299 -2.61875916e-05 -2.72529072e-05
27.497 -4.45891429e-06 -3.82017523e-05
27.695  1.91761886e-05 -3.41361825e-05
27.892  3.54565362e-05 -1.69011776e-05
28.090  3.83105628e-05  6.57992937e-06
28.288  2.68450525e-05  2.71588650e-05
28.486  5.69439657e-06  3.71887658e-05
28.684 -1.68583911e-05  3.31536342e-05
28.881 -3.23574462e-05  1.69841984e-05
29.079 -3.51943692e-05 -4.67065619e-06
29.277 -2.46466384e-05 -2.33344095e-05
29.475 -5.23426372e-06 -3.18831310e-05
29.673  1.53387171e-05 -2.71242109e-05
29.871  2.91845066e-05 -1.11503167e-05
30.068  3.10553643e-05  9.71891760e-06
30.266  2.04884177e-05  2.75421177e-05
30.464  1.82568423e-06  3.56080492e-05
30.662 -1.77202041e-05  3.11170712e-05
30.860 -3.06820470e-05  1.62036237e-05
31.057 -3.22657524e-05 -3.21159946e-06
31.255 -2.22575137e-05 -1.96124517e-05
31.453 -4.79174372e-06 -2.67784744e-05
31.651  1.32468188e-05 -2.23292251e-05
31.849  2.48227515e-05 -8.36566150e-06
32.047  2.56620491e-05  9.44654720e-06
32.244  1.57141803e-05  2.39737282e-05
32.442 -1.01789985e-06  2.95723655e-05
32.640 -1.79139817e-05  2.41887202e-05
32.838 -2.84669976e-05  9.91664211e-06
33.036 -2.88330853e-05 -7.70973246e-06
33.233 -1.90505636e-05 -2.19679914e-05
33.431 -3.07028810e-06 -2.76711166e-05
33.629  1.28226041e-05 -2.29204630e-05
33.827  2.26382738e-05 -9.82372299e-06
34.025  2.28005518e-05  6.29932963e-06
34.223  1.34478604e-05  1.92036599e-05
34.420 -1.54637075e-06  2.40291091e-05
34.618 -1.63033864e-05  1.90471788e-05
34.816 -2.52177151e-05  6.43052717e-06
35.014 -2.49582331e-05 -8.78285446e-06
35.212 -1.58576448e-05 -2.07477206e-05
35.409 -1.65369392e-06 -2.49045291e-05
35.607  1.21482267e-05 -1.98233057e-05
35.805  2.02600634e-05 -7.70958301e-06
36.003  1.96971654e-05  6.68938098e-06
36.201  1.09679789e-05  1.78303136e-05
36.399 -2.37304032e-06  2.15052425e-05
36.596 -1.50799132e-05  1.65646422e-05
36.794 -2.21875384e-05  5.13807389e-06
36.992 -2.10746678e-05 -8.24952739e-06
37.190 -1.23208168e-05 -1.83393398e-05
37.388  6.46671461e-07 -2.13222185e-05
37.585  1.27767160e-05 -1.62314413e-05
37.783  1.94793899e-05 -5.12993899e-06
37.981  1.84096111e-05  7.60185155e-06
38.179  1.01638867e-05  1.70498223e-05
38.377 -1.89697657e-06  1.97544873e-05
38.575 -1.29849488e-05  1.48479572e-05
38.772 -1.88878074e-05  4.39296761e-06
38.970 -1.74387613e-05 -7.39967660e-06
39.168 -9.30193303e-06 -1.59836256e-05
39.366  2.22728118e-06 -1.81425329e-05
39.564  1.26819706e-05 -1.31333126e-05
39.761  1.81381931e-05 -3.05604363e-06
39.959  1.65970380e-05  8.11457364e-06
40.157  8.84258964e-06  1.61342078e-05
40.355 -1.96520564e-06  1.79858073e-05
40.553 -1.16473471e-05  1.31149451e-05
40.751 -1.64910222e-05  3.60340013e-06
40.948 -1.47183213e-05 -6.81640838e-06
41.146 -7.19693841e-06 -1.41137793e-05
41.344  3.08897643e-06 -1.55108553e-05
41.542  1.21567423e-05 -1.06331452e-05
41.740  1.65157945e-05 -1.47642997e-06
41.937  1.46260193e-05  8.39380789e-06
42.135  7.35899137e-06  1.51422865e-05
42.333 -2.42929432e-06  1.62658289e-05
42.531 -1.09123720e-05  1.14892528e-05
42.729 -1.48790680e-05  2.73291084e-06
42.927 -1.29725086e-05 -6.54777705e-06
43.124 -6.04912480e-06 -1.27722684e-05
43.322  3.09775452e-06 -1.36824215e-05
43.520  1.08497878e-05 -9.05182365e-06
43.718  1.42779464e-05 -7.89062382e-07
43.916  1.21397019e-05  7.78622414e-06
44.113  5.32963698e-06  1.33701811e-05
44.311 -3.41473505e-06  1.38662564e-05
44.509 -1.07175683e-05  9.12326570e-06
44.707 -1.38454691e-05  1.06884254e-06
44.905 -1.16575495e-05 -7.15982504e-06
45.103 -5.12313470e-06 -1.24683233e-05
45.300  3.13907250e-06 -1.28793693e-05
45.498  9.97129103e-06 -8.35902815e-06
45.696  1.27828503e-05 -7.93748012e-07
45.894  1.05843002e-05  6.87756912e-06
46.092  4.38438419e-06  1.17136295e-05
46.289 -3.35647274e-06  1.19047528e-05
46.487 -9.63659149e-06  7.53078507e-06
46.685 -1.20361419e-05  3.81687253e-07
46.883 -9.74105987e-06 -6.74766573e-06
47.081 -3.74206243e-06 -1.10741705e-05
47.279  3.61260454e-06 -1.10014153e-05
47.476  9.44649520e-06 -6.67032019e-06
47.674  1.15558055e-05  2.01491882e-07
47.872  9.25112640e-06  6.90770003e-06
48.070  3.49237895e-06  1.08618194e-05
48.268 -3.42592860e-06  1.06407703e-05
48.465 -8.78836886e-06  6.39907226e-06
48.663 -1.05958871e-05 -1.66897666e-07
48.861 -8.22096594e-06 -6.46272092e-06
49.059 -2.63470325e-06 -1.01118870e-05
49.257  3.92496086e-06 -9.79303687e-06
49.455  8.93759415e-06 -5.69552481e-06
49.652  1.05430687e-05  4.90678337e-07
49.850  8.17484268e-06  6.33327655e-06
50.048  2.84679235e-06  9.62042574e-06
50.246 -3.31277513e-06  9.11394457e-06
50.444 -7.95530161e-06  5.08497845e-06
50.641 -9.31933336e-06 -8.23881076e-07
50.839 -6.94435992e-06 -6.34103417e-06
51.037 -1.85844361e-06 -9.36306058e-06
51.235  3.94447927e-06 -8.76966660e-06
51.433  8.22913044e-06 -4.90361654e-06
51.631  9.35318675e-06  6.84100809e-07
51.828  6.97452008e-06  5.83147758e-06
52.026  2.08410720e-06  8.54589161e-06
52.224 -3.41915574e-06  7.85635278e-06
52.422 -7.39213211e-06  4.12718148e-06
52.620 -8.35076893e-06 -1.16336478e-06
52.817 -6.02801095e-06 -5.92407577e-06
53.015 -1.37172796e-06 -8.31315988e-06
53.213  3.76522369e-06 -7.48001199e-06
53.411  7.36475968e-06 -3.78082067e-06
53.609  8.09087876e-06  1.32936829e-06
53.807  5.70349565e-06  5.84996726e-06
54.004  1.14688935e-06  8.09909849e-06
54.202 -3.77802151e-06  7.28820760e-06
54.400 -7.20811613e-06  3.78717466e-06
54.598 -7.90257131e-06 -9.63412570e-07
54.796 -5.65417364e-06 -5.09818358e-06
54.993 -1.43051895e-06 -7.05790355e-06
55.191  3.06449566e-06 -6.10746808e-06
55.389  6.10116784e-06 -2.67428160e-06
55.587  6.50535051e-06  1.84670554e-06
55.785  4.14695835e-06  5.71572990e-06
55.983 -3.01011320e-09  7.44595807e-06
56.180 -4.34868517e-06  6.38537854e-06
56.378 -7.23739789e-06  3.00754177e-06
56.576 -7.57594932e-06 -1.37295956e-06
56.774 -5.31336714e-06 -5.09532613e-06
56.972 -1.37435778e-06 -6.74697626e-06
57.169  2.72393806e-06 -5.77837468e-06
57.367  5.39589587e-06 -2.65781141e-06
57.565  5.66446053e-06  1.37095761e-06
57.763  3.51847378e-06  4.70523539e-06
57.961 -1.69044570e-07  6.05108398e-06
58.159 -3.92467703e-06  4.94273812e-06
58.356 -6.26735916e-06  1.82735331e-06
58.554 -6.33373596e-06 -2.07483960e-06
58.752 -4.12288073e-06 -5.23637260e-06
58.950 -5.01305892e-07 -6.48751434e-06
59.148  3.10025688e-06 -5.39958986e-06
59.345  5.32229077e-06 -2.42439778e-06
59.543  5.36468306e-06  1.23090746e-06
59.741  3.24273331e-06  4.14586979e-06
59.939 -1.62562674e-07  5.23525263e-06
60.137 -3.50094176e-06  4.09682546e-06
60.335 -5.51036477e-06  1.21715077e-06
60.532 -5.42721657e-06 -2.24476917e-06
60.730 -3.31503462e-06 -4.97069986e-06
60.928 -4.19990836e-08 -5.92337021e-06
61.126  3.13815829e-06 -4.75755204e-06
61.324  5.02244290e-06 -1.98369397e-06
61.521  4.90815481e-06  1.31631863e-06
61.719  2.91521902e-06  3.88856170e-06
61.917 -1.36056458e-07  4.75343721e-06
62.115 -3.05661818e-06  3.64456208e-06
62.313 -4.69479713e-06  1.05921419e-06
62.511 -4.43945385e-06 -1.97926533e-06
62.708 -2.43529633e-06 -4.25847324e-06
62.906  5.40916618e-07 -4.88968077e-06
63.104  3.32775110e-06 -3.66339693e-06
63.302  4.84947961e-06 -1.05088346e-06
63.500  4.57219048e-06  1.94200718e-06
63.697  2.63176521e-06  4.15970548e-06
63.895 -2.07733921e-07  4.80386297e-06
64.093 -2.82271904e-06  3.67780862e-06
64.291 -4.23363160e-06  1.24546155e-06
64.489 -3.94478726e-06 -1.50513213e-06
64.687 -2.09367836e-06 -3.50960977e-06
64.884  5.52289152e-07 -4.03161250e-06
65.082  2.94357596e-06 -2.88746233e-06
65.280  4.17946645e-06 -5.63979933e-07
65.478  3.78948818e-06  1.99742113e-06
65.676  1.94983705e-06  3.81663708e-06
65.873 -5.84854873e-07  4.19151984e-06
66.071 -2.84162872e-06  2.98406215e-06
66.269 -3.95783282e-06  6.99251531e-07
66.467 -3.50546268e-06 -1.78299409e-06
66.665 -1.70045496e-06 -3.52373374e-06
66.863  7.46514183e-07 -3.85634408e-06
67.060  2.90887252e-06 -2.69660997e-06
67.258  3.95470912e-06 -5.26999230e-07
67.456  3.51895521e-06  1.82230841e-06
67.654  1.82109711e-06  3.44049484e-06
67.852 -4.75057265e-07  3.72780905e-06
68.049 -2.46865163e-06  2.63220180e-06
68.247 -3.39185719e-06  6.01114821e-07
68.445 -2.93806142e-06 -1.55603679e-06
68.643 -1.31160073e-06 -2.98113740e-06
68.841  8.35928845e-07 -3.15024891e-06
69.039  2.63636805e-06 -2.01871356e-06
69.236  3.40072241e-06 -3.04761292e-08
69.434  2.84825419e-06  2.01529298e-06
69.632  1.18420926e-06  3.33053427e-06
69.830 -9.32742216e-07  3.43109709e-06
70.028 -2.68981126e-06  2.27469629e-06
70.225 -3.44916601e-06  3.22185465e-07
70.423 -2.93518720e-06 -1.66590609e-06
70.621 -1.37441277e-06 -2.96236111e-06
70.819  5.95196439e-07 -3.09600578e-06
71.017  2.22750822e-06 -2.04931947e-06
71.215  2.91048814e-06 -2.83679754e-07
71.412  2.39800714e-06  1.50306755e-06
71.610  9.41227168e-07  2.62082568e-06
71.808 -8.68113438e-07  2.63007784e-06
72.006 -2.32546194e-06  1.55851242e-06
72.204 -2.84674057e-06 -1.54178599e-07
72.401 -2.24160361e-06 -1.84931703e-06
72.599 -7.64590628e-07 -2.85633193e-06
72.797  1.02618737e-06 -2.79024915e-06
72.995  2.43753299e-06 -1.70238008e-06
73.193  2.93051364e-06 -4.60186394e-09
73.391  2.35276841e-06  1.65239417e-06
73.588  9.37414083e-07  2.63176291e-06
73.786 -7.67551987e-07  2.59753740e-06
73.984 -2.09316200e-06  1.59059613e-06
74.182 -2.55847554e-06  1.01780153e-08
74.380 -2.01840945e-06 -1.50795174e-06
74.577 -6.95537574e-07 -2.38828301e-06
74.775  8.65425356e-07 -2.32254910e-06
74.973  2.05061149e-06 -1.34772081e-06
75.171  2.42373206e-06  1.27429593e-07
75.369  1.84427125e-06  1.50644875e-06
75.567  5.55306788e-07  2.26749509e-06
75.764 -9.15671244e-07  2.11403151e-06
75.962 -2.00794641e-06  1.10886686e-06
76.160 -2.30112727e-06 -3.34370994e-07
76.358 -1.67845647e-06 -1.66503044e-06
76.556 -4.04195273e-07 -2.38013913e-06
76.753  1.02995319e-06 -2.20016805e-06
76.951  2.08704455e-06 -1.21833311e-06
77.149  2.35785696e-06  1.76239747e-07
77.347  1.76089553e-06  1.46330571e-06
77.545  5.50056204e-07  2.14906779e-06
77.743 -8.17997569e-07  1.99163080e-06
77.940 -1.81664951e-06  1.09118939e-06
78.138 -2.07431717e-06 -1.97255710e-07
78.336 -1.53555526e-06 -1.36581336e-06
78.534 -4.28920892e-07 -1.95497185e-06
78.732  8.00781157e-07 -1.76608261e-06
78.929  1.65208362e-06 -8.89575161e-07
79.127  1.80585289e-06  3.27413807e-07
79.325  1.21340614e-06  1.38766665e-06
79.523  9.94088063e-08  1.88231394e-06
79.721 -1.08752627e-06  1.63222364e-06
79.919 -1.88663713e-06  7.25101444e-07
80.116 -2.00693154e-06 -4.78811031e-07
80.314 -1.39639096e-06 -1.50986965e-06
80.512 -2.95472901e-07 -1.99348231e-06
80.710  8.61900822e-07 -1.74782101e-06
80.908  1.65393507e-06 -8.74215255e-07
81.105  1.79168987e-06  2.70553369e-07
81.303  1.23363542e-06  1.25866933e-06
81.501  2.27591877e-07  1.72733518e-06
81.699 -8.32244141e-07  1.50462674e-06
81.897 -1.54703308e-06  7.11266841e-07
82.095 -1.63908104e-06 -3.25314486e-07
82.292 -1.09747039e-06 -1.20722196e-06
82.490 -1.58116408e-07 -1.58284779e-06
82.688  8.15044346e-07 -1.31680544e-06
82.886  1.43151123e-06 -5.37263213e-07
83.084  1.44818929e-06  4.53710083e-07
83.281  8.77539974e-07  1.26233828e-06
83.479 -6.26702985e-08  1.56263134e-06
83.677 -1.00991218e-06  1.25192652e-06
83.875 -1.58708622e-06  4.47301219e-07
84.073 -1.58668868e-06 -5.51845986e-07
84.271 -1.01673781e-06 -1.35480932e-06
84.468 -8.74452319e-08 -1.67058352e-06
84.666  8.36228867e-07 -1.40069149e-06
84.864  1.41043938e-06 -6.50401854e-07
85.062  1.44389409e-06  2.76162060e-07
85.260  9.33421104e-07  1.01752037e-06
85.457  9.61313758e-08  1.31165140e-06
85.655 -7.23667720e-07  1.05477926e-06
85.853 -1.21997189e-06  3.62036370e-07
86.051 -1.20469833e-06 -4.69935759e-07
86.249 -6.87019135e-07 -1.11906096e-06
86.447  1.08242991e-07 -1.33427049e-06
86.644  8.69897493e-07 -1.02400345e-06
86.842  1.30769957e-06 -3.23927056e-07
87.040  1.24198242e-06  4.91054456e-07
87.238  7.09072013e-07  1.11698967e-06
87.436 -7.55886211e-08  1.30557030e-06
87.633 -8.20784894e-07  9.92311133e-07
87.831 -1.23510899e-06  3.14571917e-07
88.029 -1.16176051e-06 -4.74400319e-07
88.227 -6.48567849e-07 -1.06931129e-06
88.425  1.10571353e-07 -1.23899104e-06
88.623  8.26204349e-07 -9.39147952e-07
88.820  1.21833668e-06 -2.89159752e-07
89.018  1.15750461e-06  4.64076154e-07
89.216  6.81393585e-07  1.02154616e-06
89.414 -2.60802525e-08  1.18401898e-06
89.612 -6.76806924e-07  9.08580842e-07
89.809 -1.02308373e-06  3.03896078e-07
90.007 -9.49416624e-07 -3.79216620e-07
90.205 -4.84982298e-07 -8.68796482e-07
90.403  1.77551238e-07 -9.89763803e-07
90.601  7.66996189e-07 -6.94435600e-07
90.799  1.06533318e-06 -1.02969036e-07
90.996  9.56391737e-07  5.38285121e-07
91.194  4.80457828e-07  9.87467385e-07
91.392 -1.62493522e-07  1.07274820e-06
91.590 -7.27465270e-07  7.54038763e-07
91.788 -1.00350775e-06  1.67160393e-07
91.985 -8.76684882e-07 -4.61360624e-07
92.183 -4.06618127e-07 -9.01251412e-07
92.381  2.19266061e-07 -9.78437689e-07
92.579  7.72892251e-07 -6.72201831e-07
92.777  1.03977538e-06 -1.13948683e-07
92.975  9.23638338e-07  4.91175928e-07
93.172  4.89059766e-07  9.11443150e-07
93.370 -9.90557750e-08  9.87976996e-07
93.568 -6.15042232e-07  7.15061227e-07
93.766 -8.56324435e-07  2.05351502e-07
93.964 -7.50560681e-07 -3.41858046e-07
94.161 -3.52083319e-07 -7.01925117e-07
94.359  1.81496828e-07 -7.45048880e-07
94.557  6.24954687e-07 -4.66087591e-07
94.755  8.03905080e-07  2.93324279e-08
94.953  6.56243262e-07  5.35435282e-07
95.151  2.29611240e-07  8.49178811e-07
95.348 -3.07600158e-07  8.57532894e-07
95.546 -7.42394111e-07  5.48432430e-07
95.744 -9.20910604e-07  3.81969124e-08
95.942 -7.74558514e-07 -4.70675976e-07
96.140 -3.57983893e-07 -7.97790519e-07
96.337  1.56725137e-07 -8.26605407e-07
96.535  5.79922739e-07 -5.47380469e-07
96.733  7.60336268e-07 -8.54486332e-08
96.931  6.28481554e-07  3.78166335e-07
97.129  2.52481774e-07  6.73248956e-07
97.327 -2.11277379e-07  6.81270726e-07
97.524 -5.89554052e-07  4.09308443e-07
97.722 -7.29172208e-07 -2.36539741e-08
97.920 -5.78306405e-07 -4.55827065e-07
98.118 -2.09392738e-07 -7.15430040e-07
98.316  2.39708868e-07 -6.98990678e-07
98.513  5.94921558e-07 -4.27123726e-07
98.711  7.12707248e-07 -3.60140659e-09
98.909  5.60867510e-07  4.10686154e-07
99.107  2.01686296e-07  6.47128619e-07
99.305 -2.30718249e-07  6.24419063e-07
99.503 -5.59766713e-07  3.59359844e-07
99.700 -6.63438245e-07 -5.11990033e-08
99.898 -5.12952764e-07 -4.40074785e-07
100.096 -1.61406694e-07 -6.56834239e-07
100.294  2.49118377e-07 -6.30878323e-07
100.492  5.54690558e-07 -3.69417424e-07
100.689  6.50115905e-07  2.30127393e-08
100.887  4.98791944e-07  3.84951228e-07
101.085  1.59652585e-07  5.86610058e-07
101.283 -2.23687492e-07  5.53309085e-07
101.481 -5.08714059e-07  2.95271212e-07
101.679 -5.91213587e-07 -7.49831429e-08
101.876 -4.34465654e-07 -4.14953329e-07
102.074 -1.09991361e-07 -6.01325087e-07
102.272  2.52342638e-07 -5.56608240e-07
102.470  5.21537430e-07 -3.05748197e-07
102.668  5.89067329e-07  4.53650482e-08
102.865  4.32582561e-07  3.69392901e-07
103.063  1.24984365e-07  5.38758987e-07
103.261 -2.20409537e-07  4.87796532e-07
103.459 -4.69838215e-07  2.50460353e-07
103.657 -5.22419191e-07 -8.26747243e-08
103.855 -3.70814272e-07 -3.84144156e-07
104.052 -7.63510208e-08 -5.29095627e-07
104.250  2.50712451e-07 -4.70361201e-07
104.448  4.74591697e-07 -2.36049855e-07
104.646  5.13336433e-07  8.93337205e-08
104.844  3.60470680e-07  3.72569145e-07
105.041  6.89671999e-08  5.05162746e-07
105.239 -2.43235109e-07  4.47398658e-07
105.437 -4.51903199e-07  2.18008928e-07
105.635 -4.88166332e-07 -9.09895138e-08
105.833 -3.36966858e-07 -3.51882150e-07
106.031 -5.69089307e-08 -4.73102876e-07
106.228  2.33223265e-07 -4.09053205e-07
106.426  4.27475182e-07 -1.81096612e-07
106.624  4.55264951e-07  1.12304984e-07
106.822  3.00756051e-07  3.60411056e-07
107.020  3.29428464e-08  4.75024184e-07
107.217 -2.42670962e-07  4.06909934e-07
107.415 -4.28672326e-07  1.89775963e-07
107.613 -4.49300866e-07 -8.55173861e-08
107.811 -3.01002677e-07 -3.20904710e-07
108.009 -5.20603672e-08 -4.23003562e-07
108.207  2.06839139e-07 -3.52895327e-07
108.404  3.74517607e-07 -1.50533272e-07
108.602  3.82069143e-07  1.07682798e-07
108.800  2.38038453e-07  3.22381761e-07
108.998 -8.65133671e-10  4.02664928e-07
109.196 -2.45561927e-07  3.25348332e-07
109.393 -3.92788303e-07  1.23582556e-07
109.591 -3.90053545e-07 -1.30818707e-07
109.789 -2.44709092e-07 -3.32698706e-07
109.987 -6.14453020e-09 -4.05490989e-07
110.185  2.28957476e-07 -3.30499046e-07
110.383  3.67681986e-07 -1.31757534e-07
110.580  3.67223781e-07  1.11629990e-07
110.778  2.25725762e-07  2.99824662e-07
110.976 -2.16074516e-09  3.69953308e-07
111.174 -2.19775844e-07  2.96033061e-07
111.372 -3.50040884e-07  1.04324675e-07
111.569 -3.46634079e-07 -1.21270577e-07
111.767 -2.06764025e-07 -2.96555281e-07
111.965  6.31245664e-09 -3.60077558e-07
112.163  2.08812989e-07 -2.82361386e-07
112.361  3.30048068e-07 -1.00587041e-07
112.559  3.18569746e-07  1.09224232e-07
112.756  1.82843674e-07  2.73185440e-07
112.954 -1.55216267e-08  3.24179271e-07
113.152 -2.05283461e-07  2.42223769e-07
113.350 -3.10792558e-07  6.90751059e-08
113.548 -2.86632781e-07 -1.32042093e-07
113.745 -1.50921473e-07 -2.84218811e-07
113.943  4.58813006e-08 -3.21998787e-07
114.141  2.32503678e-07 -2.38155445e-07
114.339  3.30775243e-07 -6.65184569e-08
114.537  3.08955424e-07  1.33284875e-07
114.735  1.81734177e-07  2.78879003e-07
114.932 -7.38410024e-09  3.17484263e-07
115.130 -1.80374865e-07  2.43854687e-07
115.328 -2.69071798e-07  8.28555244e-08
115.526 -2.49186091e-07 -9.93161376e-08
115.724 -1.26363417e-07 -2.26152510e-07
115.921  5.06741348e-08 -2.56667095e-07
116.119  2.04720342e-07 -1.78309235e-07
116.317  2.81648014e-07 -1.88595345e-08
116.515  2.52927863e-07  1.51295263e-07
116.713  1.24154127e-07  2.69460488e-07
116.911 -4.78799849e-08  2.94210739e-07
117.108 -1.97357060e-07  2.09808970e-07
117.306 -2.73768189e-07  5.40308609e-08
117.504 -2.42882572e-07 -1.10208918e-07
117.702 -1.20080043e-07 -2.27732810e-07
117.900  4.05971036e-08 -2.50370755e-07
118.097  1.83958114e-07 -1.70306344e-07
118.295  2.53556476e-07 -2.75805104e-08
118.493  2.20219989e-07  1.27014745e-07
118.691  1.06317618e-07  2.34715058e-07
118.889 -4.55428851e-08  2.49077067e-07
119.087 -1.79776097e-07  1.72933719e-07
119.284 -2.38308844e-07  3.77597224e-08
119.482 -2.04472381e-07 -1.08529266e-07
119.680 -9.65435342e-08 -2.02622447e-07
119.878  4.84792178e-08 -2.10166928e-07
120.076  1.68466615e-07 -1.35008473e-07
120.273  2.14795808e-07 -1.16985997e-09
120.471  1.76504379e-07  1.36322185e-07
120.669  6.36350208e-08  2.19405196e-07
120.867 -8.08791292e-08  2.22989600e-07
121.065 -1.95474573e-07  1.43162197e-07
121.263 -2.42905904e-07  7.16402981e-09
121.460 -2.06405669e-07 -1.26397155e-07
121.658 -9.57558991e-08 -2.11405781e-07
121.856  3.95199983e-08 -2.20374833e-07
122.054  1.48730820e-07 -1.45916526e-07
122.252  1.96576014e-07 -2.35502622e-08
122.449  1.60680308e-07  9.62095101e-08
122.647  5.94701972e-08  1.73491392e-07
122.845 -6.13641324e-08  1.74462520e-07
123.043 -1.60564895e-07  9.93975043e-08
123.241 -1.97027953e-07 -1.49915956e-08
123.439 -1.53720841e-07 -1.29021549e-07
123.636 -5.49759200e-08 -1.98605836e-07
123.834  6.38466558e-08 -1.91913890e-07
124.032  1.59717981e-07 -1.18531522e-07
124.230  1.89891882e-07 -6.96880040e-09
124.428  1.48194940e-07  1.04345646e-07
124.625  5.41082747e-08  1.66606385e-07
124.823 -6.13711893e-08  1.58464156e-07
125.021 -1.48670547e-07  8.87550270e-08
125.219 -1.73486434e-07 -2.09051791e-08
125.417 -1.33172333e-07 -1.25281487e-07
125.615 -3.89750796e-08 -1.80774138e-07
125.812  7.25358377e-08 -1.73350955e-07
126.010  1.53144248e-07 -1.03837463e-07
126.208  1.78530788e-07  2.94388069e-09
126.406  1.39866587e-07  9.92949558e-08
126.604  4.86682540e-08  1.52657964e-07
126.801 -5.28417426e-08  1.45940417e-07
126.999 -1.26701066e-07  7.73482180e-08
127.197 -1.49336644e-07 -2.05820998e-08
127.395 -1.06991940e-07 -1.07876101e-07
127.593 -1.94785912e-08 -1.56471008e-07
127.791  7.49138362e-08 -1.43016022e-07
127.988  1.45740611e-07 -7.30044251e-08
128.186  1.63081464e-07  2.06542074e-08
128.384  1.18102883e-07  1.07320139e-07
128.582  3.50208335e-08  1.53831650e-07
128.780 -5.75397363e-08  1.38593641e-07
128.977 -1.26462012e-07  7.46180841e-08
129.175 -1.40325013e-07 -1.35928360e-08
129.373 -9.95939655e-08 -9.58700687e-08
129.571 -2.28072403e-08 -1.34851438e-07
129.769  6.50536955e-08 -1.18464006e-07
129.967  1.24957557e-07 -5.78336821e-08
130.164  1.33630726e-07  2.87033755e-08
130.362  9.38073209e-08  1.04563363e-07
130.560  1.64565472e-08  1.37782630e-07
130.758 -6.78130370e-08  1.22286736e-07
130.956 -1.21779460e-07  6.15763739e-08
131.153 -1.30822416e-07 -2.23271809e-08
131.351 -9.13663890e-08 -9.09288914e-08
131.549 -1.53518384e-08 -1.22081026e-07
131.747  6.15459140e-08 -1.05888038e-07
131.945  1.11437122e-07 -4.38813647e-08
132.143  1.19132741e-07  3.48271784e-08
132.340  7.65191135e-08  9.90891348e-08
132.538  3.19371209e-09  1.29674229e-07
132.736 -6.94157599e-08  1.10510912e-07
132.934 -1.19468866e-07  4.98963725e-08
133.132 -1.25270993e-07 -2.36154843e-08
133.329 -8.34061517e-08 -8.71208262e-08
133.527 -1.66024191e-08 -1.15942456e-07
133.725  5.27662020e-08 -9.59228017e-08
133.923  9.96353623e-08 -4.15864809e-08
134.121  1.01270022e-07  2.67768271e-08
134.319  6.24831070e-08  8.59482608e-08
134.516  3.39829879e-11  1.07595635e-07
134.714 -6.63759165e-08  8.63307698e-08
134.912 -1.06171648e-07  3.40730241e-08
135.110 -1.04337933e-07 -3.40820348e-08
135.308 -6.68420424e-08 -8.86522670e-08
135.505 -3.59861986e-09 -1.06615410e-07
135.703  5.99695078e-08 -8.72197133e-08
135.901  9.53619648e-08 -3.50587080e-08
136.099  9.48510198e-08  3.07912919e-08
136.297  5.79103726e-08  7.95068643e-08
136.495 -4.13187970e-09  9.67597469e-08
136.692 -6.15396798e-08  7.73507010e-08
136.890 -9.44575142e-08  2.44247869e-08
137.088 -9.36408021e-08 -3.66166885e-08
137.286 -5.45513119e-08 -8.21282308e-08
137.484  4.41112468e-09 -9.95788207e-08
137.681  5.80612159e-08 -7.80223611e-08
137.879  9.14319923e-08 -2.70981248e-08
138.077  8.89642764e-08  2.90032121e-08
138.275  5.08735592e-08  7.38114658e-08
138.473 -2.18005842e-09  8.91828421e-08
138.671 -5.32382517e-08  6.63837405e-08
138.868 -8.35520692e-08  2.03161922e-08
139.066 -7.69259285e-08 -3.26608613e-08
139.264 -4.08527849e-08 -7.48883224e-08
139.462  1.00651966e-08 -8.49479684e-08
139.660  6.05482866e-08 -6.20508247e-08
139.857  8.66384928e-08 -1.78460738e-08
140.055  7.93192802e-08  3.56241971e-08
140.253  4.61654691e-08  7.46523396e-08
140.451 -4.45467702e-09  8.30176737e-08
140.649 -5.16193876e-08  6.33293259e-08
140.847 -7.37757335e-08  2.02125112e-08
141.044 -6.80388076e-08 -3.01685154e-08
141.242 -3.54747607e-08 -6.34051435e-08
141.440  1.37323763e-08 -7.10620423e-08
141.638  5.50918925e-08 -5.09607586e-08
141.836  7.51147377e-08 -6.88848834e-09
142.033  6.87335666e-08  3.93148271e-08
142.231  3.36698703e-08  7.01836943e-08
142.429 -1.32560978e-08  7.81238120e-08
142.627 -5.22216846e-08  5.57287142e-08
142.825 -7.35049008e-08  1.30765753e-08
143.023 -6.59402468e-08 -2.96789991e-08
143.220 -3.20138097e-08 -6.11784727e-08
143.418  9.97402892e-09 -6.80881145e-08
143.616  4.76289201e-08 -4.54278155e-08
143.814  6.70167370e-08 -7.59963349e-09
144.012  5.67220833e-08  3.26858650e-08
144.209  2.56039339e-08  6.22228709e-08
144.407 -1.41562257e-08  6.48891615e-08
144.605 -5.10498743e-08  4.29603497e-08
144.803 -6.64002732e-08  7.12639884e-09
145.001 -5.56076722e-08 -3.33857643e-08
145.199 -2.68516149e-08 -5.96206895e-08
145.396  1.31696447e-08 -6.06181560e-08
145.594  4.73332941e-08 -4.10836163e-08
145.792  5.96020639e-08 -5.18423622e-09
145.990  5.04532187e-08  3.34952826e-08
146.188  2.16686143e-08  5.57516320e-08
146.385 -1.78240352e-08  5.74527698e-08
146.583 -4.79474905e-08  3.82108033e-08
146.781 -6.00689836e-08  1.86206989e-09
146.979 -5.18509674e-08 -3.29979308e-08
147.177 -2.22739547e-08 -5.38739175e-08
147.375  1.36464952e-08 -5.66581134e-08
147.572  4.06853198e-08 -3.62565700e-08
147.770  5.30959051e-08 -2.53048583e-09
147.968  4.28377570e-08  2.80912355e-08
148.166  1.37393322e-08  4.83450797e-08
148.364 -1.83344111e-08  4.84947847e-08
148.561 -4.47994131e-08  2.62191689e-08
148.759 -5.54095881e-08 -4.99920698e-09
148.957 -4.23174279e-08 -3.56269743e-08
149.155 -1.49888973e-08 -5.59084653e-08
149.353  1.66958408e-08 -5.37390030e-08
149.551  4.42148585e-08 -3.33735663e-08
149.748  5.29417749e-08 -4.23196923e-09
149.946  4.13757099e-08  2.68412162e-08
150.144  1.75585860e-08  4.46348733e-08
150.342 -1.34817460e-08  4.20927049e-08
150.540 -3.77843204e-08  2.49693431e-08
150.737 -4.36427909e-08 -3.41515892e-09
150.935 -3.37363448e-08 -3.18164221e-08
151.133 -9.91812092e-09 -4.53396166e-08
151.331  2.02172969e-08 -4.30265260e-08
151.529  4.03985348e-08 -2.54969102e-08
151.727  4.58012533e-08  3.66011955e-09
151.924  3.59346644e-08  2.87326246e-08
152.122  1.05541207e-08  4.12331256e-08
152.320 -1.70152091e-08  3.95422842e-08
152.518 -3.53124919e-08  2.01716170e-08
152.716 -4.14756714e-08 -7.43546047e-09
152.913 -2.96427620e-08 -2.99993042e-08
153.111 -4.40614276e-09 -4.32992809e-08
153.309  2.06366425e-08 -4.01045372e-08
153.507  3.98924557e-08 -1.98464875e-08
153.705  4.57557542e-08  5.19986588e-09
153.903  3.28872399e-08  2.82301566e-08
154.100  1.07143415e-08  4.21085727e-08
154.298 -1.31091669e-08  3.77357004e-08
154.496 -3.24947767e-08  2.05188803e-08
154.694 -3.60179331e-08 -1.59070447e-09
154.892 -2.44086354e-08 -2.38029962e-08
155.089 -5.20058512e-09 -3.39638431e-08
155.287  1.80694129e-08 -2.80507933e-08
155.485  3.40189140e-08 -1.23434012e-08
155.683  3.43728363e-08  1.06529035e-08
155.881  2.32814353e-08  3.15525557e-08
156.079  2.46591068e-09  3.88522558e-08
156.276 -2.15289576e-08  3.38078377e-08
156.474 -3.54195378e-08  1.75189668e-08
156.672 -3.70947969e-08 -6.71500937e-09
156.870 -2.70729155e-08 -2.55227524e-08
157.068 -5.46401481e-09 -3.33907096e-08
157.265  1.59596834e-08 -3.01831346e-08
157.463  2.87334763e-08 -1.32999544e-08
157.661  3.19123365e-08  8.50108618e-09
157.859  2.09756405e-08  2.46920834e-08
158.057  7.36619567e-10  3.33184940e-08
158.255 -1.74125343e-08  2.88638483e-08
158.452 -3.03153080e-08  1.18608255e-08
158.650 -3.23244623e-08 -6.78603228e-09
158.848 -1.99436850e-08 -2.26142043e-08
159.046 -2.25025204e-09 -3.04989472e-08
159.244  1.50683073e-08 -2.36617334e-08
159.441  2.77805140e-08 -8.19321751e-09
159.639  2.69260141e-08  9.33392030e-09
159.837  1.47934257e-08  2.56795193e-08
160.035 -1.77117475e-09  3.09871535e-08
160.233 -2.04116360e-08  2.34068785e-08
160.431 -3.16710060e-08  9.23738378e-09
160.628 -2.97837446e-08 -9.83027878e-09
160.826 -1.96069659e-08 -2.58741026e-08
161.024 -2.41198089e-09 -2.99910627e-08
161.222  1.62332325e-08 -2.48004381e-08
161.420  2.55085971e-08 -1.13585507e-08
161.617  2.52482953e-08  7.50947031e-09
161.815  1.63981482e-08  2.05251740e-08
162.013 -8.88900353e-10  2.45352324e-08
162.211 -1.63364840e-08  2.03287641e-08
162.409 -2.39887220e-08  5.84611130e-09
162.607 -2.42655364e-08 -1.08883084e-08
162.804 -1.35991724e-08 -2.16856618e-08
163.002  3.12143577e-09 -2.62568764e-08
163.200  1.63841314e-08 -2.03032477e-08
163.398  2.48210073e-08 -5.14919315e-09
163.596  2.41019905e-08  9.52872551e-09
163.793  1.20406569e-08  2.10159039e-08
163.991 -2.78598461e-09  2.54763983e-08
164.189 -1.62709261e-08  1.77264401e-08
164.387 -2.53813094e-08  4.06570600e-09
164.585 -2.28301516e-08 -1.02459130e-08
164.783 -1.17483766e-08 -2.30680908e-08
164.980  1.96696200e-09 -2.61482135e-08
165.178  1.69661101e-08 -1.90060335e-08
165.376  2.52316297e-08 -7.46012591e-09
165.574  2.27636924e-08  7.68686027e-09
165.772  1.45064811e-08  1.97182725e-08
165.969  1.03118364e-09  2.17212147e-08
166.167 -1.30006933e-08  1.70158262e-08
166.365 -1.87672938e-08  6.23654795e-09
166.563 -1.73707024e-08 -8.35204058e-09
166.761 -9.67920804e-09 -1.72502888e-08
166.959  4.36771081e-09 -1.90000707e-08
167.156  1.58716017e-08 -1.46790764e-08
167.354  2.08074205e-08 -2.30863468e-09
167.552  2.02396557e-08  1.09721727e-08
167.750  1.08969398e-08  1.89507028e-08
167.948 -2.72434476e-09  2.23257780e-08
168.145 -1.29745991e-08  1.72562444e-08
168.343 -1.98144987e-08  5.11763969e-09
168.541 -1.95418961e-08 -6.02530759e-09
168.739 -1.04224092e-08 -1.51086368e-08
168.937  1.81304498e-10 -1.91579206e-08
169.135  1.00476613e-08 -1.38293343e-08
169.332  1.72993765e-08 -4.77132194e-09
169.530  1.58717913e-08  4.68756583e-09
169.728  8.96104247e-09  1.38510587e-08
169.926  7.62464528e-10  1.60302924e-08
170.124 -9.00232995e-09  1.16117544e-08
170.321 -1.41148691e-08  5.24343642e-09
170.519 -1.22137182e-08 -3.89436266e-09
170.717 -7.85476412e-09 -1.09521110e-08
170.915 -2.22581198e-10 -1.12727429e-08
171.113  7.76328124e-09 -8.71582914e-09
171.311  9.90930019e-09 -2.99089104e-09
171.508  8.81036967e-09  5.06704281e-09
171.706  5.07432866e-09  8.66836050e-09
171.904 -2.29922267e-09  8.71319042e-09
172.102 -6.88999336e-09  6.85264744e-09
172.300 -7.69178804e-09  8.37500921e-10
172.497 -7.28144255e-09 -4.10422150e-09
172.695 -2.96191661e-09 -5.09958183e-09
172.893  1.76655695e-09 -5.27819151e-09
173.091  2.43361235e-09 -2.34181989e-09
173.289  2.13456961e-09  2.10051361e-09
173.487 -3.31316050e-10  2.41883369e-09
173.684 -5.04257810e-09  9.47247140e-10
173.882 -5.74359931e-09 -2.04785869e-09
174.080 -3.25152180e-09 -7.86041763e-09
174.278  7.79420981e-10 -1.01821206e-08
174.476  8.28013693e-09 -7.67459625e-09
174.673  1.34656152e-08 -2.83610490e-09
174.871  1.24778167e-08  6.39179498e-09
175.069  7.75104900e-09  1.53032613e-08
175.267 -2.60262196e-09  1.75636077e-08
175.465 -1.54722188e-08  1.44695952e-08
175.663 -2.25711130e-08  4.31428874e-09
175.860 -2.30760448e-08 -1.18385115e-08
176.058 -1.51920688e-08 -2.47517855e-08
176.256  2.42141425e-09 -3.08556934e-08
176.454  2.09624205e-08 -2.78126712e-08
176.652  3.40621116e-08 -1.16587260e-08
176.849  3.83636779e-08  1.08349268e-08
177.047  2.72554133e-08  3.11471688e-08
177.245  3.90809668e-09  4.46063466e-08
177.443 -2.23466727e-08  4.21925183e-08
177.641 -4.56064233e-08  2.22054623e-08
177.839 -5.50211152e-08 -7.09795638e-09
178.036 -4.33265520e-08 -3.91899573e-08
178.234 -1.55748798e-08 -6.23696672e-08
178.432  2.22377159e-08 -6.39384116e-08
178.630  5.89572134e-08 -4.37869085e-08
178.828  7.75642787e-08 -5.79707461e-09
179.025  7.14806089e-08  4.11695113e-08
179.223  4.07570637e-08  7.78915753e-08
179.421 -9.94059799e-09  9.10997947e-08
179.619 -6.21455125e-08  7.55800419e-08
179.817 -9.70483686e-08  3.00491751e-08
180.015 -1.03476543e-07 -3.12075605e-08
180.212 -7.29811839e-08 -8.64124316e-08
180.410 -1.23009596e-08 -1.18873580e-07
180.608  5.75698098e-08 -1.12692840e-07
180.806  1.16216636e-07 -6.43897354e-08
181.004  1.41268816e-07  1.02304865e-08
181.201  1.17679705e-07  9.01581866e-08
181.399  5.17683459e-08  1.48960159e-07
181.597 -3.89875939e-08  1.60527953e-07
181.795 -1.27871210e-07  1.18402730e-07
181.993 -1.80365778e-07  3.20428939e-08
182.191 -1.75828693e-07 -7.63359357e-08
182.388 -1.11733770e-07 -1.68569212e-07
182.586 -6.76305679e-10 -2.10989065e-07
182.784  1.21944839e-07 -1.86624772e-07
182.982  2.13456699e-07 -9.39197798e-08
183.180  2.42381476e-07  4.16896299e-08
183.377  1.90107538e-07  1.75184956e-07
183.575  6.53350171e-08  2.63501495e-07
183.773 -9.30715622e-08  2.70668542e-07
183.971 -2.36449099e-07  1.83681591e-07
184.169 -3.14443776e-07  2.62427577e-08
184.367 -2.90505822e-07 -1.55900851e-07
184.564 -1.65355014e-07 -3.04447631e-07
184.762  2.80281006e-08 -3.61583388e-07
184.960  2.32811957e-07 -3.00210313e-07
185.158  3.76719624e-07 -1.31080491e-07
185.356  4.04537746e-07  1.01660736e-07
185.553  2.97727620e-07  3.22202860e-07
185.751  7.65403349e-08  4.52411440e-07
185.949 -1.93466717e-07  4.41736651e-07
186.147 -4.21980575e-07  2.77533952e-07
186.345 -5.29528280e-07  5.37483349e-10
186.543 -4.66012299e-07 -3.02027274e-07
186.740 -2.34631219e-07 -5.31257450e-07
186.938  9.81533643e-08 -6.01324935e-07
187.136  4.29336851e-07 -4.69846234e-07
187.334  6.46343536e-07 -1.65425057e-07
187.532  6.60286535e-07  2.24139071e-07
187.729  4.48847512e-07  5.75516205e-07
187.927  6.43529680e-08  7.61080982e-07
188.125 -3.80438622e-07  7.01866987e-07
188.323 -7.35802183e-07  3.97296796e-07
188.521 -8.70230869e-07 -7.40434630e-08
188.719 -7.19618913e-07 -5.64359305e-07
188.916 -3.06604632e-07 -9.04594222e-07
189.114  2.51193261e-07 -9.66685290e-07
189.312  7.72181600e-07 -7.01913854e-07
189.510  1.07614165e-06 -1.69834274e-07
189.708  1.03813284e-06  4.67515476e-07
189.905  6.37457345e-07  1.00183007e-06
190.103 -1.77442249e-08  1.24056391e-06
190.301 -7.25089080e-07  1.07151442e-06
190.499 -1.24742574e-06  5.18448370e-07
190.697 -1.38483753e-06 -2.61461248e-07
190.895 -1.05656727e-06 -1.02216043e-06
191.092 -3.36523584e-07 -1.49685540e-06
191.290  5.64345852e-07 -1.49607607e-06
191.488  1.34940383e-06 -9.81079684e-07
191.686  1.73583987e-06 -8.21583500e-08
191.884  1.55863954e-06  9.23395048e-07
192.081  8.28610660e-07  1.69489549e-06
192.279 -2.50617458e-07  1.94854902e-06
192.477 -1.33289042e-06  1.55201310e-06
192.675 -2.04651565e-06  5.84988125e-07
192.873 -2.11454701e-06 -6.63389314e-07
193.071 -1.45652286e-06 -1.78606030e-06
193.268 -2.41864888e-07 -2.38632784e-06
193.466  1.15510719e-06 -2.21040288e-06
193.664  2.26898403e-06 -1.25661105e-06
193.862  2.68880528e-06  2.07167710e-07
194.060  2.21303041e-06  1.71904216e-06
194.257  9.36440434e-07  2.75822956e-06
194.455 -7.66291922e-07  2.92609993e-06
194.653 -2.33954906e-06  2.09808372e-06
194.851 -3.22649254e-06  4.79863531e-07
195.049 -3.06909043e-06 -1.43156001e-06
195.247 -1.83937084e-06 -2.99478660e-06
195.444  1.22216722e-07 -3.64402499e-06
195.642  2.19023354e-06 -3.08452242e-06
195.840  3.65823120e-06 -1.41471804e-06
196.038  3.97400390e-06  8.69333931e-07
196.236  2.93827562e-06  3.02331591e-06
196.433  8.09807170e-07  4.29422254e-06
196.631 -1.75464534e-06  4.17361116e-06
196.829 -3.90229948e-06  2.60070062e-06
197.027 -4.85702521e-06  1.56782781e-08
197.225 -4.20038197e-06 -2.76289718e-06
197.423 -2.04589325e-06 -4.78606314e-06
197.620  9.70114423e-07 -5.29695082e-06
197.818  3.86503938e-06 -4.01356262e-06
198.016  5.62500995e-06 -1.25217311e-06
198.214  5.56300059e-06  2.13629144e-06
198.412  3.57339727e-06  5.01902729e-06
198.609  2.09413289e-07  6.36389188e-06
198.807 -3.45556995e-06  5.60051523e-06
199.005 -6.17275399e-06  2.84665021e-06
199.203 -6.93880768e-06 -1.07667986e-06
199.401 -5.35451411e-06 -4.88792912e-06
199.599 -1.81272649e-06 -7.26189750e-06
199.796  2.58700363e-06 -7.27890869e-06
199.994  6.37930636e-06 -4.77782653e-06
200.192  8.20953988e-06 -4.63883212e-07
200.390  7.31512585e-06  4.28749066e-06
200.588  3.83417592e-06  7.85799794e-06
200.785 -1.19284257e-06  8.93284710e-06
200.983 -6.12259353e-06  6.98466394e-06
201.181 -9.23778222e-06  2.49932480e-06
201.379 -9.34793909e-06 -3.12822191e-06
201.577 -6.23101433e-06 -8.01522560e-06
201.775 -7.67828180e-07 -1.04233582e-05
201.972  5.28798072e-06 -9.37001406e-06
202.170  9.87237576e-06 -5.01011660e-06
202.368  1.13114481e-05  1.34063368e-06
202.566  8.91891202e-06  7.59653209e-06
202.764  3.30020654e-06  1.15862361e-05
202.961 -3.78126350e-06  1.17942937e-05
203.159 -9.95693260e-06  7.93040262e-06
203.357 -1.30342615e-05  1.10533243e-06
203.555 -1.17697773e-05 -6.48319936e-06
203.753 -6.36213138e-06 -1.22479529e-05
203.951  1.54345074e-06 -1.40869110e-05
204.148  9.34482598e-06 -1.11494397e-05
204.346  1.43289719e-05 -4.19554890e-06
204.544  1.46174141e-05  4.58201537e-06
204.742  9.86204073e-06  1.22348109e-05
204.940  1.44338729e-06  1.60499480e-05
205.137 -7.90931080e-06  1.45068731e-05
205.335 -1.49999863e-05  7.86178373e-06
205.533 -1.72570496e-05 -1.84169451e-06
205.731 -1.36519308e-05 -1.13913193e-05
205.929 -5.14041618e-06 -1.74703781e-05
206.127  5.56630161e-06 -1.77985252e-05
206.324  1.48646974e-05 -1.19783251e-05
206.522  1.94626338e-05 -1.73271502e-06
206.720  1.75377945e-05  9.59815004e-06
206.918  9.45051873e-06  1.81378347e-05
207.116 -2.28304820e-06  2.07913081e-05
207.313 -1.37648781e-05  1.63666538e-05
207.511 -2.09991060e-05  6.07550277e-06
207.709 -2.12844280e-05 -6.78112582e-06
207.907 -1.42130764e-05 -1.78574843e-05
208.105 -1.91005897e-06 -2.32320954e-05
208.303  1.15854540e-05 -2.07942703e-05
208.500  2.16419999e-05 -1.10508226e-05
208.698  2.46272690e-05  2.93056736e-06
208.896  1.92075352e-05  1.64760119e-05
209.094  6.91207014e-06  2.48707239e-05
209.292 -8.27332690e-06  2.49919209e-05
209.489 -2.11988999e-05  1.64606095e-05
209.687 -2.72919456e-05  1.89315857e-06
209.885 -2.41672785e-05 -1.38944400e-05
210.083 -1.25524716e-05 -2.54746857e-05
210.281  3.84684470e-06 -2.86668130e-05
210.479  1.95241402e-05 -2.20473110e-05
210.676  2.90118247e-05 -7.54998492e-06
210.874  2.87907353e-05  1.00861436e-05
211.072  1.85898198e-05  2.48545396e-05
211.270  1.59224224e-06  3.15274836e-05
211.468 -1.65421378e-05  2.75090329e-05
211.665 -2.95576682e-05  1.38247756e-05
211.863 -3.27667408e-05 -5.10531516e-06
212.061 -2.47294406e-05 -2.28843780e-05
212.259 -7.86481844e-06 -3.33062650e-05
212.457  1.22561496e-05 -3.25187166e-05
212.655  2.87536801e-05 -2.04385116e-05
212.852  3.57916397e-05 -9.09425529e-07
213.050  3.06369700e-05  1.95166001e-05
213.248  1.47150716e-05  3.37791430e-05
213.446 -6.76145631e-06  3.67452789e-05
213.644 -2.64997807e-05  2.70604337e-05
213.841 -3.75983140e-05  7.73258644e-06
214.039 -3.59646567e-05 -1.47965577e-05
214.237 -2.18247254e-05 -3.27922854e-05
214.435  2.43839759e-07 -3.98851111e-05
214.633  2.27847535e-05 -3.33330999e-05
214.831  3.79810623e-05 -1.50667618e-05
215.028  4.03766687e-05  8.86171700e-06
215.226  2.88327799e-05  3.02770113e-05
215.424  7.02918636e-06  4.16838181e-05
215.622 -1.76945113e-05  3.88936864e-05
215.820 -3.68158334e-05  2.25576458e-05
216.017 -4.35742098e-05 -1.94233476e-06
216.215 -3.53602206e-05 -2.62660725e-05
216.413 -1.47215526e-05 -4.19625066e-05
216.611  1.14154895e-05 -4.34065243e-05
216.809  3.40772497e-05 -2.98219483e-05
217.007  4.53247237e-05 -5.65250767e-06
217.204  4.10428169e-05  2.08940203e-05
217.402  2.24531091e-05  4.06337293e-05
217.600 -4.22219481e-06  4.65899457e-05
217.798 -2.98419606e-05  3.64728459e-05
217.996 -4.54811885e-05  1.35525875e-05
218.193 -4.55559401e-05 -1.43929964e-05
218.391 -2.98220406e-05 -3.77157274e-05
218.589 -3.53610697e-06 -4.82423890e-05
218.787  2.42934696e-05 -4.21499110e-05
218.985  4.40036515e-05 -2.13537336e-05
219.183  4.86462318e-05  7.07985006e-06
219.380  3.64414774e-05  3.33380058e-05
219.578  1.14649210e-05  4.82627058e-05
219.776 -1.77087288e-05  4.65514162e-05
219.974 -4.09618743e-05  2.86519393e-05
220.172 -5.01506399e-05  6.67549004e-07
220.369 -4.19685207e-05 -2.77316816e-05
220.567 -1.91504140e-05 -4.66579320e-05
220.765  1.04419972e-05 -4.94580974e-05
220.963  3.65347799e-05 -3.50715165e-05
221.161  5.00152726e-05 -8.43440841e-06
221.359  4.61345517e-05  2.12167455e-05
221.556  2.61924290e-05  4.35503603e-05
221.754 -2.89663690e-06  5.07572847e-05
221.952 -3.09987054e-05  4.02989025e-05
222.150 -4.83031782e-05  1.58061614e-05
222.348 -4.87680224e-05 -1.41743077e-05
222.545 -3.22383874e-05 -3.91675741e-05
222.743 -4.50846653e-06 -5.04499951e-05
222.941  2.47062943e-05 -4.41061614e-05
223.139  4.51889304e-05 -2.24004007e-05
223.337  4.98074884e-05  7.01986384e-06
223.535  3.70117414e-05  3.38274914e-05
223.732  1.13701811e-05  4.86534499e-05
223.930 -1.80611421e-05  4.63734764e-05
224.128 -4.09468498e-05  2.79001276e-05
224.326 -4.93110541e-05 -1.68592850e-07
224.524 -4.03385796e-05 -2.79104665e-05
224.721 -1.73368251e-05 -4.55914419e-05
224.919  1.14803138e-05 -4.70997162e-05
225.117  3.59249037e-05 -3.20792900e-05
225.315  4.74492545e-05 -6.00024192e-06
225.513  4.21581330e-05  2.18260090e-05
225.711  2.21347580e-05  4.15751855e-05
225.908 -5.36092396e-06  4.64001702e-05
226.106 -3.05182538e-05  3.48195352e-05
226.304 -4.44919089e-05  1.11746457e-05
226.502 -4.25283590e-05 -1.59800548e-05
226.700 -2.55939428e-05 -3.69779685e-05
226.897  4.47834667e-08 -4.44963413e-05
227.095  2.51336534e-05 -3.61218751e-05
227.293  4.07809508e-05 -1.51382176e-05
227.491  4.16182184e-05  1.07384668e-05
227.689  2.76604557e-05  3.21984358e-05
227.887  4.20856368e-06  4.16922506e-05
228.084 -2.01537109e-05  3.61026429e-05
228.282 -3.66988751e-05  1.77837984e-05
228.480 -3.96915000e-05 -6.39800198e-06
228.678 -2.83978848e-05 -2.76264064e-05
228.876 -7.24232771e-06 -3.83487431e-05
229.073  1.59029239e-05 -3.49822163e-05
229.271  3.26348256e-05 -1.91216730e-05
229.469  3.70815067e-05  3.15855295e-06
229.667  2.79783146e-05  2.36064423e-05
229.865  9.01553557e-06  3.48479153e-05
230.063 -1.26186974e-05  3.30591987e-05
230.260 -2.89483578e-05  1.92739281e-05
230.458 -3.41559351e-05 -1.10887977e-06
230.656 -2.66614028e-05 -2.04097857e-05
230.854 -9.60194578e-06 -3.15574748e-05
231.052  1.04350116e-05 -3.06804409e-05
231.249  2.59385566e-05 -1.84605620e-05
231.447  3.12823442e-05  2.22721149e-07
231.645  2.47694178e-05  1.82116698e-05
231.843  9.18010596e-06  2.87957719e-05
232.041 -9.37261825e-06  2.82073086e-05
232.239 -2.38153992e-05  1.69751489e-05
232.436 -2.87919356e-05 -3.66179658e-07
232.634 -2.26527166e-05 -1.70768656e-05
232.832 -8.00946625e-06 -2.68023519e-05
233.030  9.34253144e-06 -2.59798208e-05
233.228  2.26840016e-05 -1.51511333e-05
233.425  2.69507704e-05  1.31652468e-06
233.623  2.06544585e-05  1.69588869e-05
233.821  6.40186537e-06  2.57202525e-05
234.019 -1.01581869e-05  2.42852625e-05
234.217 -2.25391336e-05  1.33280433e-05
234.415 -2.59359565e-05 -2.78576818e-06
234.612 -1.90756303e-05 -1.77083724e-05
234.810 -4.68862798e-06 -2.55847268e-05
235.008  1.15585872e-05 -2.33289396e-05
235.206  2.32712043e-05 -1.18156016e-05
235.404  2.58203587e-05  4.45433494e-06
235.601  1.81457312e-05  1.90956453e-05
235.799  3.18549794e-06  2.63255783e-05
235.997 -1.32405036e-05  2.32181126e-05
236.195 -2.46832822e-05  1.08653353e-05
236.393 -2.65705719e-05 -6.00513851e-06
236.591 -1.80044508e-05 -2.08373481e-05
236.788 -2.16140467e-06 -2.77776242e-05
236.986  1.48911917e-05 -2.39552541e-05
237.184  2.65134071e-05 -1.06461158e-05
237.382  2.80542591e-05  7.15818847e-06
237.580  1.86897231e-05  2.26284470e-05
237.777  1.80949995e-06  2.97029155e-05
237.975 -1.62232157e-05  2.54432043e-05
238.173 -2.84669383e-05  1.12287796e-05
238.371 -3.00612101e-05 -7.69908879e-06
238.569 -2.01389862e-05 -2.41760354e-05
238.767 -2.23091169e-06 -3.18212681e-05
238.964  1.70024450e-05 -2.75005733e-05
239.162  3.02496657e-05 -1.25832248e-05
239.360  3.23286902e-05  7.49762414e-06
239.558  2.21988248e-05  2.52302018e-05
239.756  3.42773152e-06  3.38419950e-05
239.953 -1.70722038e-05  2.98832135e-05
240.151 -3.16013162e-05  1.45853488e-05
240.349 -3.45721674e-05 -6.51962948e-06
240.547 -2.46462057e-05 -2.56120515e-05
240.745 -5.30753066e-06 -3.54972878e-05
240.943  1.63684468e-05 -3.23151902e-05
241.140  3.23230591e-05 -1.70368635e-05
241.338  3.65178998e-05  4.82631603e-06
241.536  2.72176524e-05  2.52296142e-05
241.734  7.69772431e-06  3.65694226e-05
241.932 -1.49228474e-05  3.45207395e-05
242.129 -3.22957176e-05  1.96894495e-05
242.327 -3.79329644e-05 -2.56515511e-06
242.525 -2.96398099e-05 -2.40847809e-05
242.723 -1.03663164e-05 -3.69143197e-05
242.921  1.28559634e-05 -3.62566163e-05
243.119  3.14911796e-05 -2.22744570e-05
243.316  3.86520237e-05 -5.08809486e-08
243.514  3.16612932e-05  2.22687233e-05
243.712  1.30516405e-05  3.64757328e-05
243.910 -1.03582887e-05  3.73379210e-05
244.108 -2.99717606e-05  2.45337612e-05
244.305 -3.85923328e-05  2.77082014e-06
244.503 -3.30786205e-05 -1.99486745e-05
244.701 -1.54928159e-05 -3.52885345e-05
244.899  7.66745576e-06 -3.76559574e-05
245.097  2.78816533e-05 -2.62490294e-05
245.295  3.77606164e-05 -5.33530378e-06
245.492  3.37592238e-05  1.73475791e-05
245.690  1.74610875e-05  3.34716300e-05
245.888 -5.03927506e-06  3.71888535e-05
246.086 -2.54263041e-05  2.72670176e-05
246.284 -3.62480807e-05  7.50687014e-06
246.481 -3.36543955e-05 -1.47154741e-05
246.679 -1.87839207e-05 -3.12096737e-05
246.877  2.71845505e-06 -3.60007382e-05
247.075  2.28462382e-05 -2.75135762e-05
247.273  3.42178340e-05 -9.09470409e-06
247.471  3.28022418e-05  1.23002424e-05
247.668  1.93620532e-05  2.87311090e-05
247.866 -9.10425987e-07  3.42330979e-05
248.064 -2.03885303e-05  2.69997722e-05
248.262 -3.18848883e-05  9.97641513e-06
248.460 -3.13202049e-05 -1.03178541e-05
248.657 -1.91791234e-05 -2.62803722e-05
248.855 -2.42302823e-07 -3.20846142e-05
249.053  1.82781810e-05 -2.58167308e-05
249.251  2.94886964e-05 -1.01099436e-05
249.449  2.93874219e-05  8.92975622e-06
249.647  1.83006032e-05  2.40899132e-05
249.844  6.73139542e-07  2.97860175e-05
250.042 -1.66945042e-05  2.41233799e-05
250.240 -2.72650234e-05  9.53593013e-06
250.438 -2.72234506e-05 -8.22678271e-06
250.636 -1.68649242e-05 -2.23531724e-05
250.833 -3.96713896e-07 -2.75725813e-05
251.031  1.57505635e-05 -2.21266647e-05
251.229  2.54176223e-05 -8.36970559e-06
251.427  2.50613700e-05  8.22064256e-06
251.625  1.50634562e-05  2.12026394e-05
251.823 -4.96805755e-07  2.56570874e-05
252.020 -1.54826409e-05  2.00550974e-05
252.218 -2.40973473e-05  6.78408465e-06
252.416 -2.31212546e-05 -8.84547565e-06
252.614 -1.31164501e-05 -2.06980651e-05
252.812  1.85368344e-06 -2.42074942e-05
253.009  1.58485221e-05 -1.81318237e-05
253.207  2.33871057e-05 -4.98874473e-06
253.405  2.15843949e-05  9.96705941e-06
253.603  1.12466034e-05  2.08221232e-05
253.801 -3.47617331e-06  2.33277973e-05
253.999 -1.67360336e-05  1.65479570e-05
254.196 -2.32945020e-05  3.20445956e-06
254.394 -2.05731152e-05 -1.14024100e-05
254.592 -9.65367756e-06 -2.14863302e-05
254.790  5.14784249e-06 -2.30485707e-05
254.988  1.79796649e-05 -1.54430784e-05
255.185  2.37536967e-05 -1.63770336e-06
255.383  2.01399337e-05  1.29430512e-05
255.581  8.49314398e-06  2.25430129e-05
255.779 -6.65963538e-06  2.33261121e-05
255.977 -1.93808925e-05  1.48913618e-05
256.175 -2.46352762e-05  4.56188740e-07
256.372 -2.02644690e-05 -1.43803924e-05
256.570 -7.85870602e-06 -2.38047034e-05
256.768  7.83473292e-06 -2.40515822e-05
256.966  2.07327584e-05 -1.48954663e-05
257.164  2.57654347e-05  2.29495701e-07
257.361  2.08596698e-05  1.55294632e-05
257.559  7.77402683e-06  2.50683822e-05
257.757 -8.54656142e-06  2.50671645e-05
257.955 -2.18440248e-05  1.53888972e-05
258.153 -2.69483719e-05 -3.75548539e-07
258.351 -2.17837598e-05 -1.62490182e-05
258.548 -8.19274552e-06 -2.61403784e-05
258.746  8.73143707e-06 -2.61858234e-05
258.944  2.25622090e-05 -1.62462768e-05
259.142  2.79904975e-05  7.04842035e-09
259.340  2.28593331e-05  1.64575477e-05
259.537  9.00805885e-06  2.68595977e-05
259.735 -8.39356558e-06  2.72148444e-05
259.933 -2.27902679e-05  1.73022073e-05
260.131 -2.87226656e-05  7.88674310e-07
260.329 -2.38966324e-05 -1.61403001e-05
260.527 -1.00685246e-05 -2.71140272e-05
260.724  7.60208797e-06 -2.79787470e-05
260.922  2.24950478e-05 -1.83728198e-05
261.120  2.90190224e-05 -1.87401181e-06
261.318  2.47173110e-05  1.53483606e-05
261.516  1.11973405e-05  2.68521211e-05
261.713 -6.48030342e-06  2.83408677e-05
261.911 -2.17082570e-05  1.92788292e-05
262.109 -2.88114026e-05  3.07992389e-06
262.307 -2.51759067e-05 -1.41885640e-05
262.505 -1.22147411e-05 -2.60865918e-05
262.703  5.18722776e-06 -2.82182691e-05
262.900  2.05195017e-05 -1.98661843e-05
263.098  2.80951469e-05 -4.22815871e-06
263.296  2.51748849e-05  1.28081113e-05
263.494  1.29596831e-05  2.48908947e-05
263.692 -3.89688103e-06  2.75890008e-05
263.889 -1.90642541e-05  2.00236415e-05
264.087 -2.69272580e-05  5.15382403e-06
264.285 -2.46747326e-05 -1.13758339e-05
264.483 -1.33099082e-05 -2.33880505e-05
264.681  2.77646321e-06 -2.64920827e-05
264.879  1.75053864e-05 -1.96956725e-05
265.076  2.54159904e-05 -5.72524452e-06
265.274  2.36967400e-05  1.00608182e-05
265.472  1.31953127e-05  2.17325512e-05
265.670 -1.96702707e-06  2.50201541e-05
265.868 -1.60117651e-05  1.88870677e-05
266.065 -2.37056480e-05  5.85759170e-06
266.263 -2.23187064e-05 -9.01188946e-06
266.461 -1.26038585e-05 -2.00904034e-05
266.659  1.56731977e-06 -2.33072818e-05
266.857  1.47369839e-05 -1.76600887e-05
267.055  2.19584578e-05 -5.52159937e-06
267.252  2.06634190e-05  8.33916015e-06
267.450  1.15805951e-05  1.86185970e-05
267.648 -1.62238172e-06  2.15109328e-05
267.846 -1.38011537e-05  1.61237845e-05
268.044 -2.03342774e-05  4.74533959e-06
268.241 -1.88810038e-05 -8.10222250e-06
268.439 -1.02200108e-05 -1.74471663e-05
268.637  2.12007269e-06 -1.97915184e-05
268.835  1.32786177e-05 -1.44191359e-05
269.033  1.89712421e-05 -3.60933946e-06
269.231  1.71297643e-05  8.30537506e-06
269.428  8.65375868e-06  1.66642628e-05
269.626 -2.99479036e-06  1.82922832e-05
269.824 -1.31904704e-05  1.27014173e-05
270.022 -1.79687933e-05  2.23465614e-06
270.220 -1.55568127e-05 -8.89958286e-06
270.417 -7.03297595e-06 -1.63062766e-05
270.615  4.13848163e-06 -1.71227332e-05
270.813  1.35038409e-05 -1.11209859e-05
271.011  1.73774624e-05 -7.65695152e-07
271.209  1.42815423e-05  9.79041855e-06
271.407  5.50882420e-06  1.63554850e-05
271.604 -5.41512312e-06  1.63476922e-05
271.802 -1.41373482e-05  9.80513017e-06
272.000 -1.71952268e-05 -6.48107237e-07
272.198 -1.33819786e-05 -1.08503699e-05
272.396 -4.21362322e-06 -1.67445820e-05
272.593  6.67775569e-06 -1.59810343e-05
272.791  1.49732715e-05 -8.84260720e-06
272.989  1.73702919e-05  1.87042665e-06
273.187  1.28862944e-05  1.19360460e-05
273.385  3.24580913e-06  1.73678493e-05
273.583 -7.78666671e-06  1.59858607e-05
273.780 -1.58742571e-05  8.27484837e-06
273.978 -1.78092971e-05 -2.79330998e-06
274.176 -1.27715273e-05 -1.29067288e-05
274.374 -2.66027028e-06 -1.80953218e-05
274.572  8.62636613e-06 -1.62805551e-05
274.769  1.67007991e-05 -8.09343786e-06
274.967  1.83896437e-05  3.34953664e-06
275.165  1.29688676e-05  1.36419735e-05
275.363  2.46324813e-06  1.87891953e-05
275.561 -9.11957000e-06  1.67511436e-05
275.759 -1.73281866e-05  8.24366438e-06
275.956 -1.89762258e-05 -3.51973918e-06
276.154 -1.33749769e-05 -1.40551460e-05
276.352 -2.61341330e-06 -1.93209696e-05
276.550  9.23456541e-06 -1.72674811e-05
276.748  1.76604571e-05 -8.63295025e-06
276.945  1.94389846e-05  3.33266504e-06
277.143  1.38657363e-05  1.41018412e-05
277.341  3.02840583e-06  1.95872285e-05
277.539 -8.98672940e-06  1.76998456e-05
277.737 -1.76415430e-05  9.14312326e-06
277.935 -1.96692761e-05 -2.85923746e-06
278.132 -1.43120223e-05 -1.37839004e-05
278.330 -3.59731689e-06 -1.95221964e-05
278.528  8.43429459e-06 -1.79347111e-05
278.726  1.72611058e-05 -9.64662286e-06
278.924  1.95919773e-05  2.20119007e-06
279.121  1.45958353e-05  1.31475493e-05
279.319  4.19632545e-06  1.91038104e-05
279.517 -7.66974730e-06  1.78875144e-05
279.715 -1.65538615e-05  1.00231341e-05
279.913 -1.91727511e-05 -1.47767400e-06
280.111 -1.46249415e-05 -1.22763441e-05
280.308 -4.70445178e-06 -1.83542305e-05
280.506  6.80758876e-06 -1.75125529e-05
280.704  1.55929982e-05 -1.01746702e-05
280.902  1.84209691e-05  8.10185764e-07
281.100  1.43439647e-05  1.12786775e-05
281.297  5.01809385e-06  1.73350257e-05
281.495 -5.96876884e-06  1.68076091e-05
281.693 -1.44789023e-05  1.00363009e-05
281.891 -1.73871924e-05 -3.07464082e-07
282.089 -1.37392854e-05 -1.02727608e-05
282.287 -5.06267617e-06 -1.61384891e-05
282.484  5.26497937e-06 -1.58124512e-05
282.682  1.33261718e-05 -9.58235869e-06
282.880  1.61557022e-05  5.19523414e-08
283.078  1.28386661e-05  9.37172322e-06
283.276  4.80139216e-06  1.48754987e-05
283.473 -4.78479247e-06  1.46017290e-05
283.671 -1.22492246e-05  8.82838975e-06
283.869 -1.48320366e-05 -9.00613104e-08
284.067 -1.17059256e-05 -8.67022027e-06
284.265 -4.23868705e-06 -1.36605585e-05
284.463  4.58424056e-06 -1.32737953e-05
284.660  1.13481948e-05 -7.82798847e-06
284.858  1.35286047e-05  4.28415267e-07
285.056  1.04321916e-05  8.23390133e-06
285.254  3.41797692e-06  1.25970591e-05
285.452 -4.68163607e-06  1.19381760e-05
285.649 -1.06965129e-05  6.66498836e-06
285.847 -1.23506748e-05 -1.03503155e-06
286.045 -9.12393026e-06 -8.09178711e-06
286.243 -2.41412009e-06 -1.17646356e-05
286.441  5.05652275e-06 -1.07019002e-05
286.639  1.03324834e-05 -5.44112516e-06
286.836  1.13841241e-05  1.84505732e-06
287.034  7.88866014e-06  8.23383893e-06
287.232  1.32243459e-06  1.12109806e-05
287.430 -5.65337560e-06  9.65637942e-06
287.628 -1.02565537e-05  4.26231837e-06
287.825 -1.06859369e-05 -2.76951929e-06
288.023 -6.82114618e-06 -8.61393029e-06
288.221 -2.46620957e-07 -1.09476075e-05
288.419  6.38971118e-06 -8.86606638e-06
288.617  1.04332387e-05 -3.22553615e-06
288.815  1.02776675e-05  3.70709348e-06
289.012  5.99195983e-06  9.15772333e-06
289.210 -7.14169537e-07  1.09496314e-05
289.408 -7.16822758e-06  8.36128106e-06
289.606 -1.07971851e-05  2.40763525e-06
289.804 -1.01439748e-05 -4.55771876e-06
290.001 -5.44043830e-06 -9.77343205e-06
290.199  1.47751812e-06 -1.11599727e-05
290.397  7.88986810e-06 -8.13645618e-06
290.595  1.12619252e-05 -1.85687345e-06
290.793  1.02362614e-05  5.23544525e-06
290.991  5.17138042e-06  1.03634055e-05
291.188 -1.98796908e-06  1.14976935e-05
291.386 -8.46602470e-06  8.15272366e-06
291.584 -1.17313485e-05  1.58740989e-06
291.782 -1.04807657e-05 -5.67869400e-06
291.980 -5.15553879e-06 -1.08362985e-05
292.177  2.22305768e-06 -1.18698573e-05
292.375  8.82867527e-06 -8.34420630e-06
292.573  1.21126404e-05 -1.57869865e-06
292.771  1.07890607e-05  5.85625335e-06
292.969  5.33425506e-06  1.11183634e-05
293.167 -2.19418747e-06  1.21839353e-05
293.364 -8.93793240e-06  8.62673866e-06
293.562 -1.23282087e-05  1.77971182e-06
293.760 -1.10691523e-05 -5.76973827e-06
293.958 -5.62798168e-06 -1.11626317e-05
294.156  1.94344788e-06 -1.23591234e-05
294.353  8.78655642e-06 -8.90904229e-06
294.551  1.23248066e-05 -2.11720859e-06
294.749  1.12368988e-05  5.45242170e-06
294.947  5.94782056e-06  1.09538303e-05
295.145 -1.53714628e-06  1.23354708e-05
295.343 -8.39975988e-06  9.10494921e-06
295.540 -1.20785361e-05  2.50590463e-06
295.738 -1.12264117e-05 -4.96424779e-06
295.936 -6.20723407e-06 -1.05084738e-05
296.134  1.05718294e-06 -1.20805446e-05
296.332  7.83049732e-06 -9.14441560e-06
296.529  1.15965471e-05 -2.85906060e-06
296.727  1.09982334e-05  4.38320189e-06
296.925  6.33248865e-06  9.87118398e-06
297.123 -5.90217652e-07  1.15930331e-05
297.321 -7.15111205e-06  8.98156645e-06
297.519 -1.09152882e-05  3.09916267e-06
297.716 -1.05432383e-05 -3.79414027e-06
297.914 -6.27084811e-06 -9.10811389e-06
298.112  2.16145361e-07 -1.09018332e-05
298.310  6.44351152e-06 -8.59879307e-06
298.508  1.00952082e-05 -3.16747345e-06
298.705  9.88200287e-06  3.27776922e-06
298.903  5.99638778e-06  8.29844013e-06
299.101  2.00353947e-09  1.00609123e-05
299.299 -5.78911403e-06  8.00774323e-06
299.497 -9.21208911e-06  3.03122684e-06
299.695 -9.06071237e-06 -2.90107290e-06
299.892 -5.51275393e-06 -7.52391640e-06
300.090 -2.50829882e-08 -9.14095038e-06
300.288  5.25889588e-06 -7.24706536e-06
300.486  8.34628309e-06 -2.68658682e-06
300.684  8.14452706e-06  2.71001113e-06
300.881  4.85159564e-06  6.85806023e-06
301.079 -1.58922551e-07  8.21989868e-06
301.277 -4.90468446e-06  6.37685937e-06
301.475 -7.57241027e-06  2.15737249e-06
301.673 -7.20924956e-06 -2.72450934e-06
301.871 -4.06709205e-06 -6.35695620e-06
302.068  5.34532004e-07 -7.37347896e-06
302.266  4.75288989e-06 -5.47003907e-06
302.464  6.95062423e-06 -1.49063535e-06
302.662  6.33128270e-06  2.93647543e-06
302.860  3.22764626e-06  6.05320210e-06
303.057 -1.06147125e-06  6.66594091e-06
303.255 -4.80242229e-06  4.60200881e-06
303.453 -6.52015501e-06  7.50016253e-07
303.651 -5.57753056e-06 -3.31195414e-06
303.849 -2.40685319e-06 -5.95344291e-06
304.047  1.68042154e-06 -6.14216759e-06
304.244  5.02653892e-06 -3.84107414e-06
304.442  6.29505635e-06 -7.60729837e-09
304.640  4.99708332e-06  3.79687885e-06
304.838  1.67455384e-06  6.03858047e-06
305.036 -2.32157947e-06  5.82230634e-06
305.233 -5.37753443e-06  3.24053426e-06
305.431 -6.26294749e-06 -6.65648081e-07
305.629 -4.61608362e-06 -4.32525443e-06
305.827 -1.08829667e-06 -6.26685091e-06
306.025  2.91450031e-06 -5.70047967e-06
306.223  5.79333687e-06 -2.83301046e-06
306.420  6.38767550e-06  1.20935155e-06
306.618  4.43596147e-06  4.82776721e-06
306.816  6.86215594e-07  6.57972803e-06
307.014 -3.39698808e-06  5.74713599e-06
307.212 -6.20543276e-06  2.62690366e-06
307.409 -6.61528643e-06 -1.58110828e-06
307.607 -4.43416158e-06 -5.24017576e-06
307.805 -4.82515954e-07 -6.91035702e-06
308.003  3.72220626e-06 -5.91394149e-06
308.201  6.54800770e-06 -2.60579980e-06
308.399  6.88203447e-06  1.76080088e-06
308.596  4.56753803e-06  5.51116765e-06
308.794  4.66909357e-07  7.19289612e-06
308.992 -3.86361298e-06  6.14029056e-06
309.190 -6.76664391e-06  2.73157603e-06
309.388 -7.12255002e-06 -1.75171956e-06
309.585 -4.77835948e-06 -5.60873848e-06
309.783 -6.07390823e-07 -7.37071294e-06
309.981  3.81784928e-06 -6.36099028e-06
310.179  6.82495849e-06 -2.95052246e-06
310.377  7.27768539e-06  1.57938387e-06
310.575  5.00257697e-06  5.52390590e-06
310.772  8.55275292e-07  7.40273851e-06
310.970 -3.60472609e-06  6.51493239e-06
311.168 -6.70807392e-06  3.20113548e-06
311.366 -7.30170774e-06 -1.28788276e-06
311.564 -5.17864011e-06 -5.27061858e-06
311.761 -1.15158099e-06 -7.26771385e-06
311.959  3.26374337e-06 -6.55309862e-06
312.157  6.42318407e-06 -3.42182894e-06
312.355  7.16797164e-06  9.33815885e-07
312.553  5.25501483e-06  4.88262338e-06
312.751  1.43445501e-06  6.96647425e-06
312.948 -2.84787501e-06  6.44441105e-06
313.146 -5.99797942e-06  3.55823998e-06
313.344 -6.87187801e-06 -5.78235520e-07
313.542 -5.19581076e-06 -4.40834366e-06
313.740 -1.64735845e-06 -6.52138874e-06
313.937  2.41604027e-06 -6.17846064e-06
314.135  5.47678129e-06 -3.56978143e-06
314.333  6.43020308e-06  2.78370939e-07
314.531  4.98439505e-06  3.90465554e-06
314.729  1.74639619e-06  5.97256599e-06
314.927 -2.02585319e-06  5.76557128e-06
315.124 -4.91446860e-06  3.43463872e-06
315.322 -5.87767078e-06 -8.07774472e-08
315.520 -4.62511542e-06 -3.42974366e-06
315.718 -1.70540928e-06 -5.37160671e-06
315.916  1.72685262e-06 -5.23488823e-06
316.113  4.36867199e-06 -3.15202887e-06
316.311  5.26180321e-06  1.63927042e-08
316.509  4.14225438e-06  3.03540509e-06
316.707  1.51802781e-06  4.77436910e-06
316.905 -1.55455870e-06  4.63034783e-06
317.103 -3.89204016e-06  2.74101012e-06
317.300 -4.63687396e-06 -9.75123539e-08
317.498 -3.57596869e-06 -2.76038401e-06
317.696 -1.19728161e-06 -4.23418382e-06
317.894  1.52612937e-06 -4.00462791e-06
318.092  3.52604725e-06 -2.23681713e-06
318.289  4.05706825e-06  3.16587408e-07
318.487  2.97606673e-06  2.62600649e-06
318.685  7.73406167e-07  3.79561414e-06
318.883 -1.63875018e-06  3.41163276e-06
319.081 -3.29669462e-06  1.68573547e-06
319.279 -3.56928279e-06 -6.47696724e-07
319.476 -2.39510120e-06 -2.63474034e-06
319.674 -2.89696950e-07 -3.48909295e-06
319.872  1.87127281e-06 -2.89930485e-06
320.070  3.21202066e-06 -1.13925443e-06
320.268  3.20709873e-06  1.05081766e-06
320.465  1.88204002e-06  2.77097659e-06
320.663 -2.03489476e-07  3.32719237e-06
320.861 -2.18806751e-06  2.50406056e-06
321.059 -3.26137933e-06  6.47533767e-07
321.257 -2.98710699e-06 -1.47798683e-06
321.455 -1.47654161e-06 -3.00346807e-06
321.652  6.55934167e-07 -3.30362028e-06
321.850  2.54408730e-06 -2.24710292e-06
322.048  3.41729193e-06 -2.52703990e-07
322.246  2.90802658e-06  1.87985491e-06
322.444  1.20414910e-06  3.28955113e-06
322.641 -1.02419567e-06  3.39524671e-06
322.839 -2.89049604e-06  2.13242257e-06
323.037 -3.63987697e-06 -1.65386356e-08
323.235 -2.95182602e-06 -2.21156005e-06
323.433 -1.07314224e-06 -3.58105681e-06
323.631  1.27656541e-06 -3.56608681e-06
323.828  3.18087925e-06 -2.14651059e-06
324.026  3.88289740e-06  1.47959611e-07
324.224  3.08635194e-06  2.43795536e-06
324.422  1.07407928e-06  3.83116822e-06
324.620 -1.39619555e-06  3.77226361e-06
324.817 -3.37745438e-06  2.26053404e-06
325.015 -4.09995151e-06 -1.46174263e-07
325.213 -3.26959509e-06 -2.53789283e-06
325.411 -1.18215418e-06 -4.00052306e-06
325.609  1.38265171e-06 -3.96740862e-06
325.807  3.45587753e-06 -2.43488115e-06
326.004  4.24990018e-06  3.12351010e-08
326.202  3.45548592e-06  2.50682362e-06
326.400  1.36126209e-06  4.06158807e-06
326.598 -1.25180684e-06  4.10854550e-06
326.796 -3.40766650e-06  2.62505910e-06
326.993 -4.30161753e-06  1.64148812e-07
327.191 -3.60039351e-06 -2.35675732e-06
327.389 -1.56883235e-06 -4.00126582e-06
327.587  1.03338543e-06 -4.16181238e-06
327.785  3.24014601e-06 -2.78750407e-06
327.983  4.23777453e-06 -3.98885972e-07
328.180  3.66869059e-06  2.11363289e-06
328.378  1.76098215e-06  3.82204426e-06
328.576 -7.66356428e-07  4.10669290e-06
328.774 -2.97479949e-06  2.88456922e-06
328.972 -4.05693273e-06  6.29150682e-07
329.169 -3.63658024e-06 -1.81322203e-06
329.367 -1.89807060e-06 -3.54154496e-06
329.565  4.93219956e-07 -3.93788548e-06
329.763  2.64437794e-06 -2.88882552e-06
329.961  3.77306059e-06 -8.14512880e-07
330.159  3.49423159e-06  1.49645047e-06
330.356  1.94994976e-06  3.18983209e-06
330.554 -2.54578059e-07  3.66486271e-06
330.752 -2.28863918e-06  2.78637907e-06
330.950 -3.41267910e-06  9.22984474e-07
331.148 -3.24656267e-06 -1.20448953e-06
331.345 -1.89964409e-06 -2.80477499e-06
331.543  8.45717152e-08 -3.31002222e-06
331.741  1.94886702e-06 -2.57848451e-06
331.939  3.01077013e-06 -9.34322438e-07
332.137  2.91247565e-06  9.73537787e-07
332.335  1.74470455e-06  2.42655123e-06
332.532 -7.01239481e-09  2.90571991e-06
332.730 -1.66212495e-06  2.28066637e-06
332.928 -2.60627539e-06  8.41734114e-07
333.126 -2.52197340e-06 -8.30031949e-07
333.324 -1.49643358e-06 -2.09260243e-06
333.521  3.25031920e-08 -2.49004833e-06
333.719  1.45671466e-06 -1.91968931e-06
333.917  2.23743871e-06 -6.52332273e-07
334.115  2.11153057e-06  7.87490585e-07
334.313  1.17787780e-06  1.83347921e-06
334.511 -1.57267902e-07  2.10154221e-06
334.708 -1.34935959e-06  1.52950658e-06
334.906 -1.93691633e-06  3.86094054e-07
335.104 -1.71883103e-06 -8.45628834e-07
335.302 -8.20809777e-07 -1.66937728e-06
335.500  3.64382247e-07 -1.77381550e-06
335.697  1.34389108e-06 -1.14694534e-06
335.895  1.72743633e-06 -7.28153943e-08
336.093  1.37810424e-06  9.91426207e-07
336.291  4.61561461e-07  1.60767396e-06
336.489 -6.26940824e-07  1.53150934e-06
336.687 -1.43109268e-06  8.07299591e-07
336.884 -1.61914273e-06 -2.52479990e-07
337.082 -1.11636345e-06 -1.20126234e-06
337.280 -1.35933072e-07 -1.64217384e-06
337.478  9.12040182e-07 -1.38793654e-06
337.676  1.58998942e-06 -5.39772066e-07
337.873  1.60914301e-06  5.54545135e-07
338.071  9.50330857e-07  1.44395881e-06
338.269 -1.25775852e-07  1.75464849e-06
338.467 -1.18488830e-06  1.34412271e-06
338.665 -1.79101498e-06  3.63571808e-07
338.863 -1.68282002e-06 -8.02193361e-07
339.060 -8.84360770e-07 -1.68486808e-06
339.258  3.02348795e-07 -1.91809623e-06
339.456  1.41296190e-06 -1.38891459e-06
339.654  2.00053461e-06 -2.85728325e-07
339.852  1.81606386e-06  9.71686686e-07
340.049  9.10069526e-07  1.89074794e-06
340.247 -3.83580009e-07  2.10063088e-06
340.445 -1.57023755e-06  1.50048843e-06
340.643 -2.18557696e-06  3.01032019e-07
340.841 -1.97831656e-06 -1.04944293e-06
341.039 -1.00814528e-06 -2.03433524e-06
341.236  3.70910245e-07 -2.26937809e-06
341.434  1.64066524e-06 -1.64960893e-06
341.632  2.31773979e-06 -3.93553701e-07
341.830  2.13656413e-06  1.03374348e-06
342.028  1.15166217e-06  2.09746931e-06
342.225 -2.77081504e-07  2.39437507e-06
342.423 -1.61990655e-06  1.80404810e-06
342.621 -2.37621501e-06  5.38937566e-07
342.819 -2.25997113e-06 -9.34753009e-07
343.017 -1.30984127e-06 -2.07262314e-06
343.215  1.24446764e-07 -2.45247450e-06
343.412  1.51504692e-06 -1.93302405e-06
343.610  2.35015148e-06 -7.07419968e-07
343.808  2.32405817e-06  7.72487312e-07
344.006  1.45172180e-06  1.96325554e-06
344.204  5.83428527e-08  2.43040631e-06
344.401 -1.34291413e-06  2.01073657e-06
344.599 -2.24002281e-06  8.67705611e-07
344.797 -2.31339010e-06 -5.73485232e-07
344.995 -1.54980591e-06 -1.78326224e-06
345.193 -2.40625709e-07 -2.32610030e-06
345.391  1.12775401e-06 -2.01904908e-06
345.588  2.05733060e-06 -9.91350367e-07
345.786  2.22274399e-06  3.67198334e-07
345.984  1.58363962e-06  1.55513429e-06
346.182  3.93862113e-07  2.14809348e-06
346.380 -8.98260536e-07  1.94952947e-06
346.577 -1.82239366e-06  1.05654390e-06
346.775 -2.05721479e-06 -1.82553798e-07
346.973 -1.54248055e-06 -1.30662666e-06
347.171 -4.94808921e-07 -1.91372901e-06
347.369  6.83833754e-07 -1.80450653e-06
347.567  1.56104511e-06 -1.05038732e-06
347.764  1.83149595e-06  4.45622680e-08
347.962  1.42623987e-06  1.06662998e-06
348.160  5.27881208e-07  1.64683315e-06
348.358 -5.10458877e-07  1.59649682e-06
348.556 -1.30119561e-06  9.69738812e-07
348.753 -1.56792237e-06  2.89527407e-08
348.951 -1.24463501e-06 -8.61349046e-07
349.149 -4.86903732e-07 -1.37481300e-06
349.347  3.97303458e-07 -1.34585971e-06
349.545  1.06962681e-06 -8.21114373e-07
349.743  1.29314691e-06 -2.96562395e-08
349.940  1.01530711e-06  7.11467261e-07
350.138  3.75887012e-07  1.12505471e-06
350.336 -3.54817625e-07  1.07754780e-06
350.534 -8.88839314e-07  6.19825699e-07
350.732 -1.03418702e-06 -4.07004930e-08
350.929 -7.61520190e-07 -6.30077020e-07
351.127 -2.08211777e-07 -9.21064465e-07
351.325  3.84171885e-07 -8.17853957e-07
351.523  7.74076550e-07 -3.87932833e-07
351.721  8.14910759e-07  1.71339964e-07
351.919  5.09336937e-07  6.21189154e-07
352.116  4.18608973e-09  7.79428897e-07
352.314 -4.77526352e-07  5.91428082e-07
352.512 -7.31363395e-07  1.50950804e-07
352.710 -6.53516595e-07 -3.44388866e-07
352.908 -2.84160107e-07 -6.79207188e-07
353.105  2.12127431e-07 -7.08257886e-07
353.303  6.19010074e-07 -4.18348197e-07
353.501  7.57214615e-07  6.59206586e-08
353.699  5.60723393e-07  5.37142752e-07
353.897  1.07127325e-07  7.89954416e-07
354.095 -4.15980805e-07  7.06866877e-07
354.292 -7.86841807e-07  3.11417807e-07
354.490 -8.39871509e-07 -2.41017082e-07
354.688 -5.38513642e-07 -7.24812491e-07
354.886  7.58749409e-09 -9.33189245e-07
355.084  5.84717278e-07 -7.66189905e-07
355.281  9.56583281e-07 -2.74520915e-07
355.479  9.61260918e-07  3.58440576e-07
355.677  5.79838953e-07  8.83844502e-07
355.875 -5.40175025e-08  1.08569057e-06
356.073 -7.00492381e-07  8.69864120e-07
356.271 -1.10472338e-06  3.02610126e-07
356.468 -1.09921862e-06 -4.09633401e-07
356.666 -6.69837662e-07 -9.95276851e-07
356.864  3.45046211e-08 -1.22414563e-06
357.062  7.52716551e-07 -9.96412572e-07
357.260  1.21161521e-06 -3.83092355e-07
357.457  1.23015972e-06  3.94419663e-07
357.655  7.88402898e-07  1.04711409e-06
357.853  4.08395541e-08  1.32773425e-06
358.051 -7.39400817e-07  1.12244892e-06
358.249 -1.26344021e-06  4.97802958e-07
358.447 -1.33226320e-06 -3.21081429e-07
358.644 -9.13172546e-07 -1.03528007e-06
358.842 -1.55316083e-07 -1.38065363e-06
359.040  6.66910141e-07 -1.22607369e-06
359.238  1.25356299e-06 -6.25187277e-07
359.436  1.38858242e-06  2.04965410e-07
359.633  1.02224168e-06  9.63523722e-07
359.831  2.87878201e-07  1.37430767e-06
360.029 -5.48446325e-07  1.28953724e-06
360.227 -1.18336565e-06  7.42897981e-07
360.425 -1.38910474e-06 -6.58753744e-08
360.623 -1.09656230e-06 -8.42761242e-07
360.820 -4.16277907e-07 -1.30836009e-06
361.018  4.02066982e-07 -1.30094787e-06
361.216  1.06211039e-06 -8.30838504e-07
361.414  1.33142700e-06 -7.48126429e-08
361.612  1.12227251e-06  6.89800531e-07
361.809  5.20264995e-07  1.19024326e-06
362.007 -2.48550175e-07  1.25541503e-06
362.205 -9.05384691e-07  8.74021629e-07
362.403 -1.22047887e-06  1.96684643e-07
362.601 -1.09263083e-06 -5.25056720e-07
362.799 -5.83976148e-07 -1.03352839e-06
362.996  1.08876158e-07 -1.15568058e-06
363.194  7.32473364e-07 -8.64317249e-07
363.392  1.06775579e-06 -2.82504962e-07
363.590  1.00878267e-06  3.69479104e-07
363.788  5.97393981e-07  8.55949015e-07
363.985 -1.33551512e-09  1.01177458e-06
364.183 -5.63591731e-07  8.00861790e-07
364.381 -8.89956862e-07  3.20345188e-07
364.579 -8.79038877e-07 -2.41563211e-07
364.777 -5.57281889e-07 -6.77319930e-07
364.975 -6.10660411e-08 -8.39315253e-07
365.172  4.17537612e-07 -6.89611158e-07
365.370  7.06672160e-07 -3.05258236e-07
365.568  7.17152757e-07  1.55240766e-07
365.766  4.67614833e-07  5.17111495e-07
365.964  7.20430021e-08  6.56885053e-07
366.161 -3.09665598e-07  5.42475510e-07
366.359 -5.37407913e-07  2.39763361e-07
366.557 -5.40367211e-07 -1.18668007e-07
366.755 -3.39040644e-07 -3.91728542e-07
366.953 -3.21860038e-08 -4.83404564e-07
367.151  2.49966155e-07 -3.75888386e-07
367.348  3.98829200e-07 -1.32917200e-07
367.546  3.67405334e-07  1.33492244e-07
367.744  1.87062191e-07  3.12189522e-07
367.942 -5.16353068e-08  3.35982553e-07
368.140 -2.41651595e-07  2.08490559e-07
368.337 -3.02932428e-07 -1.47402019e-09
368.535 -2.16154249e-07 -1.94610653e-07
368.733 -2.94477100e-08 -2.82997695e-07
368.931  1.67216747e-07 -2.28086444e-07
369.129  2.80938185e-07 -5.82798049e-08
369.327  2.56073542e-07  1.46760532e-07
369.524  1.01131706e-07  2.90883439e-07
369.722 -1.16231744e-07  3.02218946e-07
369.920 -2.98497253e-07  1.67832707e-07
370.118 -3.58154037e-07 -5.98984485e-08
370.316 -2.58423978e-07 -2.85367220e-07
370.513 -3.14462873e-08 -4.07037097e-07
370.711  2.34542555e-07 -3.62203338e-07
370.909  4.27849435e-07 -1.56826361e-07
371.107  4.59557412e-07  1.35897043e-07
371.305  3.03900244e-07  4.00982739e-07
371.503  9.96097085e-09  5.26185498e-07
371.700 -3.13821049e-07  4.50582452e-07
371.898 -5.38779881e-07  1.90185879e-07
372.096 -5.69169273e-07 -1.65015147e-07
372.294 -3.81022828e-07 -4.80894608e-07
372.492 -3.35747882e-08 -6.32108752e-07
372.689  3.47678314e-07 -5.51767957e-07
372.887  6.18181941e-07 -2.57792787e-07
373.085  6.70584123e-07  1.48375598e-07
373.283  4.74869629e-07  5.17753553e-07
373.481  9.40357351e-08  7.10982137e-07
373.679 -3.35925656e-07  6.49192350e-07
373.876 -6.57613886e-07  3.46106234e-07
374.074 -7.49024609e-07 -9.28499340e-08
374.272 -5.69501163e-07 -5.10143082e-07
374.470 -1.78965682e-07 -7.52822135e-07
374.668  2.84337319e-07 -7.27844503e-07
374.865  6.53848944e-07 -4.39902245e-07
375.063  7.93479083e-07  1.00824726e-08
375.261  6.50046180e-07  4.62129229e-07
375.459  2.73359150e-07  7.52802739e-07
375.657 -2.03296561e-07  7.76269752e-07
375.855 -6.09114105e-07  5.23970687e-07
376.052 -7.98207276e-07  8.54829406e-08
376.250 -7.04229658e-07 -3.82389454e-07
376.448 -3.61759241e-07 -7.11971524e-07
376.646  1.06013938e-07 -7.87605606e-07
376.844  5.30897368e-07 -5.85039628e-07
377.041  7.63077501e-07 -1.78915072e-07
377.239  7.23655106e-07  2.83181562e-07
377.437  4.30627494e-07  6.36834789e-07
377.635 -6.89012651e-09  7.59969520e-07
377.833 -4.30880264e-07  6.13730907e-07
378.031 -6.92987069e-07  2.56694251e-07
378.228 -7.04959926e-07 -1.78853904e-07
378.426 -4.70111965e-07 -5.37931768e-07
378.624 -8.00769156e-08 -6.96590677e-07
378.822  3.22962636e-07 -6.05836414e-07
379.020  5.96960079e-07 -3.08066417e-07
379.217  6.50351844e-07  8.37329272e-08
379.415  4.74877978e-07  4.28101549e-07
379.613  1.43106485e-07  6.05521952e-07
379.811 -2.21063498e-07  5.62461603e-07
380.009 -4.87119173e-07  3.26195565e-07
380.207 -5.67047254e-07 -9.90327744e-09
380.404 -4.44372957e-07 -3.20940363e-07
380.602 -1.74435845e-07 -4.98496061e-07
380.800  1.37385926e-07 -4.89352506e-07
380.998  3.77199897e-07 -3.09190857e-07
381.196  4.65797106e-07 -3.43618491e-08
381.393  3.82881582e-07  2.29288041e-07
381.591  1.71404650e-07  3.88952746e-07
381.789 -8.11964877e-08  3.95981551e-07
381.987 -2.80484914e-07  2.60495111e-07
382.185 -3.59204198e-07  4.52737834e-08
382.383 -2.99158808e-07 -1.63488645e-07
382.580 -1.36446640e-07 -2.89936015e-07
382.778  5.77584147e-08 -2.94518441e-07
382.976  2.07702493e-07 -1.88202370e-07
383.174  2.60251313e-07 -2.37130050e-08
383.372  2.05213875e-07  1.29705380e-07
383.569  7.63547534e-08  2.12483411e-07
383.767 -6.73952907e-08  1.98329009e-07
383.965 -1.65608401e-07  1.03548253e-07
384.163 -1.80826461e-07 -2.47654479e-08
384.361 -1.14329782e-07 -1.28984479e-07
384.559 -1.36422369e-09 -1.64486404e-07
384.756  1.05220212e-07 -1.19924756e-07
384.954  1.56417556e-07 -1.92659755e-08
385.152  1.30013255e-07  9.03682763e-08
385.350  3.90266184e-08  1.57373020e-07
385.548 -7.58914525e-08  1.49659104e-07
385.745 -1.61916731e-07  6.89370678e-08
385.943 -1.77655029e-07 -5.18498661e-08
386.141 -1.12474524e-07 -1.60355122e-07
386.339  1.04748172e-08 -2.06686515e-07
386.537  1.41925529e-07 -1.66651139e-07
386.735  2.25276832e-07 -5.07949147e-08
386.932  2.22173398e-07  9.84284249e-08
387.130  1.27614359e-07  2.21043879e-07
387.328 -2.73726341e-08  2.65422449e-07
387.526 -1.84472292e-07  2.08860734e-07
387.724 -2.81823288e-07  6.62008714e-08
387.921 -2.78648508e-07 -1.12256278e-07
388.119 -1.69758251e-07 -2.59819115e-07
388.317  9.33689855e-09 -3.19835935e-07
388.515  1.94488234e-07 -2.65289525e-07
388.713  3.18250699e-07 -1.10968185e-07
388.911  3.32948703e-07  8.98794357e-08
389.108  2.28920658e-07  2.66650563e-07
389.306  4.06045894e-08  3.55558542e-07
389.504 -1.67440921e-07  3.22099271e-07
389.702 -3.22972836e-07  1.76028068e-07
389.900 -3.70180657e-07 -3.34007413e-08
390.097 -2.91703765e-07 -2.35257809e-07
390.295 -1.13920818e-07 -3.59735169e-07
390.493  1.03855739e-07 -3.64225032e-07
390.691  2.87935987e-07 -2.47965409e-07
390.889  3.76704101e-07 -4.97051643e-08
391.087  3.42411750e-07  1.64248473e-07
391.284  1.97468546e-07  3.23052143e-07
391.482 -9.55335704e-09  3.76853885e-07
391.680 -2.10267259e-07  3.10454789e-07
391.878 -3.41686715e-07  1.47311853e-07
392.076 -3.64761588e-07 -5.80626827e-08
392.273 -2.75041810e-07 -2.41060060e-07
392.471 -1.04298080e-07 -3.47080135e-07
392.669  9.31010426e-08 -3.46347827e-07
392.867  2.58380089e-07 -2.43494687e-07
393.065  3.44111185e-07 -7.28622316e-08
393.263  3.28969982e-07  1.14819838e-07
393.460  2.21716536e-07  2.65851055e-07
393.658  5.45356677e-08  3.39714591e-07
393.856 -1.25412728e-07  3.19667310e-07
394.054 -2.69559331e-07  2.12956601e-07
394.252 -3.41647226e-07  4.87083921e-08
394.449 -3.23370137e-07 -1.29725691e-07
394.647 -2.18323216e-07 -2.77476941e-07
394.845 -5.21316199e-08 -3.56376732e-07
395.043  1.35369044e-07 -3.43004585e-07
395.241  2.97322125e-07 -2.36478316e-07
395.439  3.88676473e-07 -5.81870134e-08
395.636  3.79394129e-07  1.50855041e-07
395.834  2.62443093e-07  3.35626795e-07
396.032  5.82019864e-08  4.41686362e-07
396.230 -1.84215992e-07  4.29810956e-07
396.428 -3.97861388e-07  2.88173352e-07
396.625 -5.15435883e-07  4.31117980e-08
396.823 -4.87726078e-07 -2.43076841e-07
397.021 -3.04264225e-07 -4.87135203e-07
397.219 -3.54543355e-09 -6.05805081e-07
397.417  3.33687642e-07 -5.44287791e-07
397.615  6.02520510e-07 -3.00261743e-07
397.812  7.05521906e-07  6.96233984e-08
398.010  5.88866697e-07  4.58855239e-07
398.208  2.64789203e-07  7.39373245e-07
398.406 -1.83113760e-07  8.04881068e-07
398.604 -6.17488216e-07  6.08817192e-07
398.801 -8.90105437e-07  1.87497824e-07
398.999 -8.91248165e-07 -3.40026625e-07
399.197 -5.90948458e-07 -8.05263201e-07
399.395 -6.08908400e-08 -1.04356073e-06
399.593  5.40237879e-07 -9.49860557e-07
399.791  1.01399454e-06 -5.23713804e-07
