0.196  7.47592025e-03 -1.18406945e-03
0.391  4.28958848e-03  1.08740248e-03
0.587  2.28238334e-03  2.11966993e-03
0.782  6.51815154e-04  2.31214587e-03
0.978 -5.34458210e-04  1.86992711e-03
1.174 -1.24543393e-03  1.04191694e-03
1.369 -1.37667865e-03  1.30152555e-04
1.565 -1.05847098e-03 -5.97946528e-04
1.760 -4.68804954e-04 -9.65379863e-04
1.956  1.43725032e-04 -9.59180544e-04
2.152  6.06842209e-04 -6.30563347e-04
2.347  7.96233536e-04 -1.36888127e-04
2.543  6.72295165e-04  3.14952675e-04
2.738  3.28523969e-04  6.00927385e-04
2.934 -8.64976764e-05  6.30857161e-04
3.130 -4.10262985e-04  4.38597493e-04
3.325 -5.48104358e-04  1.19980230e-04
3.521 -4.80688801e-04 -2.22783186e-04
3.716 -2.49164299e-04 -4.39309356e-04
3.912  4.27330303e-05 -4.61942892e-04
4.108  2.93955274e-04 -3.16464084e-04
4.303  4.20474009e-04 -8.45027319e-05
4.499  3.83333675e-04  1.62431988e-04
4.694  2.06439279e-04  3.29441498e-04
4.890 -3.05018536e-05  3.65802959e-04
5.085 -2.30367399e-04  2.61943130e-04
5.281 -3.28513975e-04  7.81778228e-05
5.477 -3.01850819e-04 -1.22085414e-04
5.672 -1.62376281e-04 -2.66413432e-04
5.868  2.57380201e-05 -3.04848633e-04
6.063  1.91388429e-04 -2.24443363e-04
6.259  2.75442987e-04 -6.24169647e-05
6.455  2.49920425e-04  1.09348563e-04
6.650  1.33220974e-04  2.24790209e-04
6.846 -2.44137917e-05  2.49972903e-04
7.041 -1.63470429e-04  1.80483869e-04
7.237 -2.31861953e-04  4.78285405e-05
7.433 -2.10582091e-04 -9.60646346e-05
7.628 -1.12948004e-04 -1.98108706e-04
7.824  2.21308727e-05 -2.25719545e-04
8.019  1.39821608e-04 -1.68980304e-04
8.215  1.99984710e-04 -5.15201366e-05
8.411  1.79387642e-04  7.93678481e-05
8.606  9.35620453e-05  1.72058469e-04
8.802 -2.22433703e-05  1.94910101e-04
8.997 -1.25141458e-04  1.41827518e-04
9.193 -1.76862362e-04  3.92980626e-05
9.389 -1.59646216e-04 -7.02241565e-05
9.584 -8.27639793e-05 -1.46752407e-04
9.780  2.18174942e-05 -1.62667567e-04
9.975  1.12298364e-04 -1.16196668e-04
10.171  1.56095910e-04 -2.78906570e-05
10.367  1.38412495e-04  6.89424862e-05
10.562  6.85756522e-05  1.36628899e-04
10.758 -2.58035936e-05  1.50563146e-04
10.953 -1.08655797e-04  1.07337159e-04
11.149 -1.48267791e-04  2.47804750e-05
11.345 -1.31668459e-04 -6.41991047e-05
11.540 -6.76960909e-05 -1.25406277e-04
11.736  1.87335703e-05 -1.37214379e-04
11.931  9.39778978e-05 -9.68876014e-05
12.127  1.29640697e-04 -2.15452444e-05
12.323  1.13668104e-04  5.87517099e-05
12.518  5.38852067e-05  1.13467436e-04
12.714 -2.46805795e-05  1.22960633e-04
12.909 -9.07251530e-05  8.50590942e-05
13.105 -1.19656292e-04  1.64502582e-05
13.300 -1.02171864e-04 -5.48197712e-05
13.496 -4.70479168e-05 -1.02080876e-04
13.692  2.37578386e-05 -1.08616002e-04
13.887  8.37827779e-05 -7.30776519e-05
14.083  1.10881818e-04 -1.01477328e-05
14.278  9.58125136e-05  5.58045900e-05
14.474  4.60840378e-05  9.98622790e-05
14.670 -1.82423710e-05  1.06035856e-04
14.865 -7.26861978e-05  7.39591263e-05
15.061 -9.68043945e-05  1.74849801e-05
15.256 -8.23650174e-05 -4.10051964e-05
15.452 -3.65899385e-05 -7.89988949e-05
15.648  2.19820816e-05 -8.27876706e-05
15.843  7.07544047e-05 -5.25215811e-05
16.039  9.16475522e-05 -7.67062010e-07
16.234  7.79951281e-05  5.19952493e-05
16.430  3.61262832e-05  8.52374712e-05
16.626 -1.70754703e-05  8.66332426e-05
16.821 -6.06459356e-05  5.62552903e-05
17.017 -7.83731447e-05  5.99586866e-06
17.212 -6.43497648e-05 -4.47625426e-05
17.408 -2.47488775e-05 -7.71113718e-05
17.604  2.44613642e-05 -7.98180637e-05
17.799  6.41795271e-05 -5.28258056e-05
17.995  7.96544866e-05 -7.49832068e-06
18.190  6.55873330e-05  3.81614029e-05
18.386  2.80661460e-05  6.69888596e-05
18.582 -1.79946895e-05  6.85400666e-05
18.777 -5.51535690e-05  4.29241694e-05
18.973 -6.97109206e-05  8.26258988e-07
19.168 -5.66993080e-05 -4.12217689e-05
19.364 -2.20684891e-05 -6.71908073e-05
19.560  2.02524789e-05 -6.75346057e-05
19.755  5.40189529e-05 -4.30139125e-05
19.951  6.65360868e-05 -3.84988744e-06
20.146  5.37048635e-05  3.46918365e-05
20.342  2.12110974e-05  5.79081587e-05
20.538 -1.81868118e-05  5.73447765e-05
20.733 -4.92014509e-05  3.39800065e-05
20.929 -6.00326258e-05 -2.68996317e-06
21.124 -4.71498016e-05 -3.82499125e-05
21.320 -1.60399400e-05 -5.89484209e-05
21.516  2.10179272e-05 -5.73238557e-05
21.711  4.96189712e-05 -3.46121651e-05
21.907  5.92223475e-05  9.67242196e-08
22.102  4.68851787e-05  3.32228131e-05
22.298  1.78768247e-05  5.23024287e-05
22.493 -1.61913875e-05  5.06500183e-05
22.689 -4.21297662e-05  2.93873857e-05
22.885 -5.03174414e-05 -2.84329318e-06
23.080 -3.79302601e-05 -3.33791967e-05
23.276 -1.01151517e-05 -5.06738834e-05
23.471  2.20173530e-05 -4.83856774e-05
23.667  4.61330662e-05 -2.77552697e-05
23.863  5.32227373e-05  2.82844911e-06
24.058  4.09116064e-05  3.15176424e-05
24.254  1.44479740e-05  4.74852839e-05
24.449 -1.57814705e-05  4.48920283e-05
24.645 -3.83327671e-05  2.52707434e-05
24.841 -4.47748559e-05 -3.40389530e-06
25.036 -3.31010603e-05 -3.00299136e-05
25.232 -8.32986855e-06 -4.43888642e-05
25.427  1.97971841e-05 -4.12628720e-05
25.623  4.04162350e-05 -2.24287005e-05
25.819  4.58062693e-05  4.50776146e-06
26.014  3.44506756e-05  2.90083072e-05
26.210  1.11617122e-05  4.16753832e-05
26.405 -1.48444014e-05  3.80615237e-05
26.601 -3.34408527e-05  1.99967175e-05
26.797 -3.77482026e-05 -5.30363246e-06
26.992 -2.65426906e-05 -2.78875303e-05
27.188 -4.44901905e-06 -3.91738125e-05
27.383  1.97189169e-05 -3.51796209e-05
27.579  3.65813398e-05 -1.77207418e-05
27.775  3.98851115e-05  6.18973428e-06
27.970  2.85725278e-05  2.72068163e-05
28.166  7.24550218e-06  3.74661724e-05
28.361 -1.56702562e-05  3.33226663e-05
28.557 -3.14811432e-05  1.67125142e-05
28.753 -3.43693185e-05 -5.57866142e-06
28.948 -2.35290913e-05 -2.48653591e-05
29.144 -3.56243027e-06 -3.38214408e-05
29.339  1.76213986e-05 -2.91214944e-05
29.535  3.19105848e-05 -1.28499338e-05
29.731  3.39092897e-05  8.55355332e-06
29.926  2.31320068e-05  2.69557629e-05
30.122  4.02446680e-06  3.54544579e-05
30.317 -1.60316058e-05  3.11302263e-05
30.513 -2.94026952e-05  1.61147921e-05
30.708 -3.11807743e-05 -3.56665678e-06
30.904 -2.11250156e-05 -2.02302050e-05
31.100 -3.42252336e-06 -2.74753964e-05
31.295  1.49342827e-05 -2.27894308e-05
31.491  2.67709698e-05 -8.24105497e-06
31.686  2.76918406e-05  1.04217024e-05
31.882  1.75894706e-05  2.58873452e-05
32.078  4.90977071e-07  3.23040476e-05
32.273 -1.68852728e-05  2.74621178e-05
32.469 -2.78905648e-05  1.33923953e-05
32.664 -2.85459554e-05 -4.33068109e-06
32.860 -1.88087457e-05 -1.88547040e-05
33.056 -2.64173607e-06 -2.48327122e-05
33.251  1.35581039e-05 -2.02424535e-05
33.447  2.36418004e-05 -7.14927835e-06
33.642  2.39061219e-05  9.07363676e-06
33.838  1.44465281e-05  2.20743534e-05
34.034 -8.09674468e-07  2.68932411e-05
34.229 -1.58650073e-05  2.17445577e-05
34.425 -2.49895253e-05  8.80676610e-06
34.620 -2.47685559e-05 -6.81790292e-06
34.816 -1.55200192e-05 -1.91966125e-05
35.012 -1.03997266e-06 -2.36858501e-05
35.207  1.30635532e-05 -1.87986056e-05
35.403  2.13903002e-05 -6.73475067e-06
35.598  2.08638621e-05  7.71131886e-06
35.794  1.19584352e-05  1.89083313e-05
35.990 -1.73172256e-06  2.25444343e-05
36.185 -1.48619731e-05  1.73989075e-05
36.381 -2.23398334e-05  5.59670460e-06
36.576 -2.14342913e-05 -8.27558579e-06
36.772 -1.26732950e-05 -1.88465730e-05
36.968  4.96227271e-07 -2.21833868e-05
37.163  1.29363534e-05 -1.72374774e-05
37.359  1.99321176e-05 -6.06114704e-06
37.554  1.90291248e-05  6.89811715e-06
37.750  1.07714001e-05  1.66052409e-05
37.946 -1.45919107e-06  1.94836285e-05
38.141 -1.27873497e-05  1.45988795e-05
38.337 -1.88889660e-05  4.01629444e-06
38.532 -1.75083148e-05 -7.98316441e-06
38.728 -9.27358432e-06 -1.67493043e-05
38.924  2.48562466e-06 -1.89751115e-05
39.119  1.32113944e-05 -1.38714668e-05
39.315  1.88734680e-05 -3.55896008e-06
39.510  1.73910681e-05  7.90353420e-06
39.706  9.52547275e-06  1.61616006e-05
39.901 -1.51318728e-06  1.81034683e-05
40.097 -1.14480446e-05  1.31312336e-05
40.293 -1.64606166e-05  3.35891814e-06
40.488 -1.46996219e-05 -7.38733840e-06
40.684 -7.02594690e-06 -1.49606788e-05
40.879  3.51760771e-06 -1.64855704e-05
41.075  1.28544964e-05 -1.15487085e-05
41.271  1.73991173e-05 -2.17928775e-06
41.466  1.55532945e-05  7.97261853e-06
41.662  8.18962630e-06  1.49663237e-05
41.857 -1.78489582e-06  1.62110528e-05
42.053 -1.04612011e-05  1.13967679e-05
42.249 -1.45419018e-05  2.46920059e-06
42.444 -1.26179036e-05 -7.03972688e-06
42.640 -5.54568054e-06 -1.34468095e-05
42.835  3.82990649e-06 -1.44092990e-05
43.031  1.18016828e-05 -9.66588756e-06
43.227  1.53513657e-05 -1.14895602e-06
43.422  1.31815758e-05  7.74540373e-06
43.618  6.18114282e-06  1.36161120e-05
43.813 -2.86524384e-06  1.42878044e-05
44.009 -1.04996545e-05  9.57058671e-06
44.205 -1.39061695e-05  1.40578695e-06
44.400 -1.18860383e-05 -7.00963142e-06
44.596 -5.39452589e-06 -1.25052578e-05
44.791  2.91371019e-06 -1.30386601e-05
44.987  9.81595754e-06 -8.54332667e-06
45.183  1.26544122e-05 -9.20858878e-07
45.378  1.03944041e-05  6.83782269e-06
45.574  4.04463773e-06  1.17262760e-05
45.769 -3.89000329e-06  1.18796727e-05
45.965 -1.03398175e-05  7.35971124e-06
46.161 -1.28161897e-05 -1.48791599e-08
46.356 -1.04649970e-05 -7.38692394e-06
46.552 -4.28517544e-06 -1.18960373e-05
46.747  3.32480012e-06 -1.18816678e-05
46.943  9.41170552e-06 -7.46128799e-06
47.139  1.16935105e-05 -3.74145280e-07
47.334  9.43289067e-06  6.61451717e-06
47.530  3.58524400e-06  1.08397321e-05
47.725 -3.51760021e-06  1.08125960e-05
47.921 -9.09148017e-06  6.65633255e-06
48.116 -1.10661078e-05  7.65872051e-08
48.312 -8.76719810e-06 -6.28451079e-06
48.508 -3.15543210e-06 -9.98653052e-06
48.703  3.49977741e-06 -9.65703235e-06
48.899  8.61807616e-06 -5.46345062e-06
49.094  1.02796853e-05  8.86399373e-07
49.290  7.87937993e-06  6.90790130e-06
49.486  2.42917638e-06  1.03280265e-05
49.681 -3.90310469e-06  9.86080965e-06
49.877 -8.70738448e-06  5.76065618e-06
50.072 -1.01622558e-05 -3.04145298e-07
50.268 -7.76932492e-06 -6.00624297e-06
50.464 -2.55977782e-06 -9.17892589e-06
50.659  3.43099635e-06 -8.65109430e-06
50.855  7.90712132e-06 -4.74926450e-06
51.050  9.16579734e-06  9.51311791e-07
51.246  6.82913591e-06  6.23776498e-06
51.442  1.89241468e-06  9.05643481e-06
51.637 -3.70780479e-06  8.38856628e-06
51.833 -7.77049277e-06  4.58570244e-06
52.028 -8.75449113e-06 -8.50887680e-07
52.224 -6.36266844e-06 -5.77996882e-06
52.420 -1.54866362e-06 -8.29906048e-06
52.615  3.79688815e-06 -7.51366194e-06
52.811  7.59703477e-06 -3.76879488e-06
53.006  8.46166084e-06  1.45769084e-06
53.202  6.12279164e-06  6.11374057e-06
53.398  1.52950163e-06  8.45923963e-06
53.593 -3.47905212e-06  7.66581419e-06
53.789 -6.98309387e-06  4.09339330e-06
53.984 -7.69226186e-06 -7.91667418e-07
54.180 -5.37240623e-06 -5.07031045e-06
54.376 -9.97324394e-07 -7.12585298e-06
54.571  3.68897652e-06 -6.18096919e-06
54.767  6.90172676e-06 -2.64999310e-06
54.962  7.41655515e-06  2.04803124e-06
55.158  5.07346724e-06  6.12464989e-06
55.354  8.47833633e-07  8.03927862e-06
55.549 -3.63027233e-06  7.09717114e-06
55.745 -6.66092548e-06  3.75798250e-06
55.940 -7.10546801e-06 -6.45205799e-07
56.136 -4.88821032e-06 -4.41348733e-06
56.332 -9.40334546e-07 -6.08962768e-06
56.527  3.19114169e-06 -5.09130918e-06
56.723  5.87817187e-06 -1.88224266e-06
56.918  6.10501007e-06  2.27178494e-06
57.114  3.84553420e-06  5.72732971e-06
57.309 -1.40656867e-08  7.14405998e-06
57.505 -3.96412630e-06  6.02605673e-06
57.701 -6.47375244e-06  2.81747856e-06
57.896 -6.63752043e-06 -1.23817054e-06
58.092 -4.43625482e-06 -4.56866302e-06
58.287 -7.45091023e-07 -5.95623154e-06
58.483  2.97023706e-06 -4.94060467e-06
58.679  5.30221766e-06 -1.96584106e-06
58.874  5.41082930e-06  1.74091661e-06
59.070  3.29052593e-06  4.71858364e-06
59.265 -1.72366274e-07  5.84060901e-06
59.461 -3.59679222e-06  4.67644581e-06
59.657 -5.68116603e-06  1.70675420e-06
59.852 -5.62882775e-06 -1.88785413e-06
60.048 -3.48753429e-06 -4.75186742e-06
60.243 -1.36732809e-07 -5.81076508e-06
60.439  3.13743074e-06 -4.69351248e-06
60.635  5.09328277e-06 -1.90923394e-06
60.830  4.99478739e-06  1.43648728e-06
61.026  2.94877156e-06  4.05350898e-06
61.221 -2.10440390e-07  4.92447137e-06
61.417 -3.26144061e-06  3.75865487e-06
61.613 -5.01180292e-06  1.05463885e-06
61.808 -4.81515950e-06 -2.14114435e-06
62.004 -2.80280193e-06 -4.57937273e-06
62.199  2.38313200e-07 -5.33190958e-06
62.395  3.11837953e-06 -4.16536840e-06
62.591  4.72326510e-06 -1.54977704e-06
62.786  4.48839911e-06  1.49014385e-06
62.982  2.53863812e-06  3.76448229e-06
63.177 -3.52723017e-07  4.44061288e-06
63.373 -3.03385935e-06  3.30295726e-06
63.569 -4.48981612e-06  8.15763040e-07
63.764 -4.19952373e-06 -2.01168983e-06
63.960 -2.29223652e-06 -4.08021651e-06
64.155  4.51499335e-07 -4.62239757e-06
64.351  2.94987601e-06 -3.43744170e-06
64.547  4.26630481e-06 -1.01532627e-06
64.742  3.90336902e-06  1.67647912e-06
64.938  2.02728403e-06  3.62094521e-06
65.133 -5.93214079e-07  4.08198698e-06
65.329 -2.95384087e-06  2.89980455e-06
65.524 -4.15693200e-06  5.80136079e-07
65.720 -3.74528560e-06 -1.97492134e-06
65.916 -1.92369629e-06 -3.79465638e-06
66.111  5.85604324e-07 -4.18031442e-06
66.307  2.83053501e-06 -3.02767191e-06
66.502  3.94809713e-06 -8.20737573e-07
66.698  3.54797762e-06  1.59206941e-06
66.894  1.84314059e-06  3.27220150e-06
67.089 -4.90808103e-07  3.59217318e-06
67.285 -2.52859855e-06  2.48689650e-06
67.480 -3.47250770e-06  4.09620291e-07
67.676 -2.99551781e-06 -1.80941304e-06
67.872 -1.29957212e-06 -3.28089442e-06
68.067  9.49471381e-07 -3.45304059e-06
68.263  2.85459895e-06 -2.26886570e-06
68.458  3.69431859e-06 -1.77086884e-07
68.654  3.16616338e-06  2.00082150e-06
68.850  1.46903551e-06  3.44409161e-06
69.045 -7.26718834e-07  3.64045876e-06
69.241 -2.58131179e-06  2.53158397e-06
69.436 -3.42823997e-06  5.78730285e-07
69.632 -2.97108112e-06 -1.43909671e-06
69.828 -1.42891068e-06 -2.76893763e-06
70.023  5.49338642e-07 -2.91747390e-06
70.219  2.19505515e-06 -1.85479688e-06
70.414  2.87348965e-06 -4.72485420e-08
70.610  2.32215633e-06  1.78749321e-06
70.806  7.91248579e-07  2.93531762e-06
71.001 -1.11099728e-06  2.93543500e-06
71.197 -2.65503816e-06  1.80654624e-06
71.392 -3.23037384e-06 -1.97073688e-09
71.588 -2.62804057e-06 -1.80911422e-06
71.784 -1.10171689e-06 -2.91603764e-06
71.979  7.75725892e-07 -2.91159624e-06
72.175  2.28640463e-06 -1.83522113e-06
72.370  2.86298016e-06 -1.03377874e-07
72.566  2.33372809e-06  1.61626961e-06
72.762  9.27639434e-07  2.66144181e-06
72.957 -7.98326418e-07  2.67391878e-06
73.153 -2.15492586e-06  1.68486633e-06
73.348 -2.63895195e-06  9.63363827e-08
73.544 -2.09250598e-06 -1.44055470e-06
73.740 -7.37039419e-07 -2.32865704e-06
73.935  8.70854630e-07 -2.24406491e-06
74.131  2.09541015e-06 -1.21871015e-06
74.326  2.48035563e-06  3.30737450e-07
74.522  1.87406383e-06  1.78673197e-06
74.717  5.20695177e-07  2.60340415e-06
74.913 -1.03572469e-06  2.46614792e-06
75.109 -2.20979686e-06  1.42993166e-06
75.304 -2.55824185e-06 -8.34974867e-08
75.500 -1.94825495e-06 -1.50279508e-06
75.695 -6.42259209e-07 -2.30147681e-06
75.891  8.54758727e-07 -2.17913658e-06
76.087  1.98577157e-06 -1.21863749e-06
76.282  2.32017062e-06  1.85902384e-07
76.478  1.76115799e-06  1.49983490e-06
76.673  5.61229303e-07  2.21080129e-06
76.869 -8.13381666e-07  2.06031154e-06
77.065 -1.82036379e-06  1.14348996e-06
77.260 -2.07093124e-06 -1.77914391e-07
77.456 -1.50107428e-06 -1.38171346e-06
77.651 -3.43030247e-07 -1.98974521e-06
77.847  9.45729792e-07 -1.79005226e-06
78.043  1.84401533e-06 -8.71803687e-07
78.238  2.01421960e-06  4.08729172e-07
78.434  1.39965344e-06  1.53556152e-06
78.629  2.27973557e-07  2.07751736e-06
78.825 -1.03783268e-06  1.84029635e-06
79.021 -1.91448450e-06  9.06583522e-07
79.216 -2.09102781e-06 -3.56776492e-07
79.412 -1.50332917e-06 -1.46205145e-06
79.607 -3.89907815e-07 -2.01432009e-06
79.803  8.04423090e-07 -1.81616988e-06
79.999  1.64076627e-06 -9.60947140e-07
80.194  1.81475974e-06  1.90302820e-07
80.390  1.27425217e-06  1.19665818e-06
80.585  2.66882230e-07  1.68143091e-06
80.781 -8.03002138e-07  1.46140378e-06
80.977 -1.52357844e-06  6.54391719e-07
81.172 -1.60512398e-06 -4.03776909e-07
81.368 -1.03103653e-06 -1.30171685e-06
81.563 -4.33894848e-08 -1.67355793e-06
81.759  9.79988376e-07 -1.37362900e-06
81.955  1.63164216e-06 -5.31274538e-07
82.150  1.65240219e-06  5.40025444e-07
82.346  1.04815074e-06  1.42933052e-06
82.541  4.16599399e-08  1.79065347e-06
82.737 -9.91527720e-07  1.50712022e-06
82.932 -1.65500117e-06  6.92619436e-07
83.128 -1.72304805e-06 -3.47690877e-07
83.324 -1.19417050e-06 -1.20888784e-06
83.519 -2.77461240e-07 -1.58249826e-06
83.715  6.54409822e-07 -1.35810405e-06
83.910  1.24365140e-06 -6.36055857e-07
84.106  1.28758188e-06  2.76512968e-07
84.302  7.77383882e-07  1.00731809e-06
84.497 -6.87128943e-08  1.28360135e-06
84.693 -8.96730647e-07  9.95710515e-07
84.888 -1.38867664e-06  2.58887966e-07
85.084 -1.34838593e-06 -6.20987612e-07
85.280 -7.82368249e-07 -1.30749553e-06
85.475  7.77656890e-08 -1.53731222e-06
85.671  9.05907534e-07 -1.21095795e-06
85.866  1.39608094e-06 -4.65060891e-07
86.062  1.35516583e-06  4.13987464e-07
86.258  8.12922352e-07  1.10653553e-06
86.453 -1.04606508e-08  1.34807581e-06
86.649 -8.11985569e-07  1.06154293e-06
86.844 -1.28534190e-06  3.81792366e-07
87.040 -1.25883408e-06 -4.31970328e-07
87.236 -7.72766252e-07 -1.06374843e-06
87.431 -2.20306893e-08 -1.26883338e-06
87.627  6.97648404e-07 -9.93648306e-07
87.822  1.09558005e-06 -3.56123547e-07
88.018  1.03310989e-06  3.93007875e-07
88.214  5.45746847e-07  9.45843388e-07
88.409 -1.79326761e-07  1.09350533e-06
88.605 -8.45336416e-07  7.89521244e-07
88.800 -1.19303851e-06  1.44922546e-07
88.996 -1.10004331e-06 -5.81223936e-07
89.192 -5.94949908e-07 -1.10357639e-06
89.387  1.23769190e-07 -1.23589725e-06
89.583  7.71784821e-07 -9.25221720e-07
89.778  1.11681411e-06 -2.92712049e-07
89.974  1.03264357e-06  4.05532201e-07
90.170  5.54681618e-07  9.13310375e-07
90.365 -1.13264012e-07  1.04617987e-06
90.561 -7.15139854e-07  7.54674919e-07
90.756 -1.02808554e-06  1.72467619e-07
90.952 -9.27385656e-07 -4.67591542e-07
91.148 -4.66738583e-07 -9.25992843e-07
91.343  1.63969037e-07 -1.01891540e-06
91.539  7.29936949e-07 -7.18314037e-07
91.734  1.00851444e-06 -1.55733339e-07
91.930  8.95774364e-07  4.58344851e-07
92.125  4.54920818e-07  8.84881786e-07
92.321 -1.44409037e-07  9.56854970e-07
92.517 -6.69125028e-07  6.65320331e-07
92.712 -9.07163583e-07  1.26662265e-07
92.908 -7.79793324e-07 -4.52306818e-07
93.103 -3.42201043e-07 -8.36030495e-07
93.299  2.42196586e-07 -8.84467590e-07
93.495  7.37690081e-07 -5.88737089e-07
93.690  9.57273882e-07 -5.63848430e-08
93.886  8.30802792e-07  4.99393944e-07
94.081  4.03369678e-07  8.63406132e-07
94.277 -1.53739741e-07  9.12341774e-07
94.473 -6.18246758e-07  6.28360537e-07
94.668 -8.26150525e-07  1.26558620e-07
94.864 -7.01907512e-07 -3.84974067e-07
95.059 -2.96554584e-07 -7.17185540e-07
95.255  2.15112138e-07 -7.46811551e-07
95.451  6.36062003e-07 -4.59709177e-07
95.646  8.08373735e-07  1.77999857e-08
95.842  6.57507682e-07  4.97825911e-07
96.037  2.50849298e-07  8.02639170e-07
96.233 -2.49232988e-07  8.07119591e-07
96.429 -6.61169532e-07  5.14832137e-07
96.624 -8.23471415e-07  4.82652896e-08
96.820 -6.77534717e-07 -4.23125621e-07
97.015 -2.95453674e-07 -7.18713536e-07
97.211  1.79663323e-07 -7.25897778e-07
97.407  5.66134949e-07 -4.61035398e-07
97.602  7.10830258e-07 -2.98423913e-08
97.798  5.74622545e-07  4.01677026e-07
97.993  2.18835963e-07  6.56641193e-07
98.189 -2.19791986e-07  6.45843356e-07
98.385 -5.58395887e-07  3.83324923e-07
98.580 -6.67057531e-07 -3.30613085e-08
98.776 -5.13047973e-07 -4.31426984e-07
98.971 -1.49404463e-07 -6.53471492e-07
99.167  2.78290716e-07 -6.23200634e-07
99.363  5.98263363e-07 -3.46351138e-07
99.558  6.98136439e-07  7.06202468e-08
99.754  5.37733606e-07  4.59150826e-07
99.949  1.75521967e-07  6.80891951e-07
100.145 -2.39841537e-07  6.55313753e-07
100.340 -5.57246034e-07  3.89292894e-07
100.536 -6.65176155e-07 -2.89557962e-09
100.732 -5.21210982e-07 -3.71853653e-07
100.927 -1.95140321e-07 -5.87054241e-07
101.123  1.79007966e-07 -5.64418539e-07
101.318  4.64296789e-07 -3.24705337e-07
101.514  5.46098563e-07  2.46182070e-08
101.710  3.96801776e-07  3.51731384e-07
101.905  8.90494280e-08  5.23925073e-07
102.101 -2.60346709e-07  4.70031071e-07
102.296 -5.13132809e-07  2.22430744e-07
102.492 -5.62745720e-07 -1.25438172e-07
102.688 -3.98834780e-07 -4.41774852e-07
102.883 -8.46119054e-08 -5.95598147e-07
103.079  2.65611892e-07 -5.34811647e-07
103.274  5.09671158e-07 -2.87500141e-07
103.470  5.58763518e-07  5.89216929e-08
103.666  4.03796950e-07  3.65540168e-07
103.861  9.86097105e-08  5.15977878e-07
104.057 -2.34982753e-07  4.65482701e-07
104.252 -4.65230582e-07  2.31307889e-07
104.448 -5.16716540e-07 -9.31562171e-08
104.644 -3.70960393e-07 -3.74355311e-07
104.839 -8.54711617e-08 -5.13917015e-07
105.035  2.17543090e-07 -4.61794124e-07
105.230  4.26113723e-07 -2.36554523e-07
105.426  4.65102961e-07  6.22107689e-08
105.622  3.15187062e-07  3.18913042e-07
105.817  4.48386174e-08  4.41038227e-07
106.013 -2.36617892e-07  3.75742106e-07
106.208 -4.27522946e-07  1.55067728e-07
106.404 -4.48396259e-07 -1.27230876e-07
106.600 -2.93012236e-07 -3.68704701e-07
106.795 -3.14183902e-08 -4.71905556e-07
106.991  2.41270622e-07 -3.94109060e-07
107.186  4.19321996e-07 -1.75382135e-07
107.382  4.28759493e-07  1.04015221e-07
107.578  2.75973858e-07  3.40028817e-07
107.773  1.99532614e-08  4.35800709e-07
107.969 -2.46332741e-07  3.63664508e-07
108.164 -4.13818865e-07  1.56780299e-07
108.360 -4.24021501e-07 -1.10745750e-07
108.556 -2.82154383e-07 -3.29187047e-07
108.751 -3.81351670e-08 -4.15645653e-07
108.947  2.08559780e-07 -3.47765898e-07
109.142  3.59327306e-07 -1.48662876e-07
109.338  3.66920788e-07  1.01534764e-07
109.533  2.27658948e-07  2.98522322e-07
109.729 -4.09502395e-09  3.74782773e-07
109.925 -2.28493192e-07  3.02050874e-07
110.120 -3.63780261e-07  1.05526387e-07
110.316 -3.60889428e-07 -1.28795107e-07
110.511 -2.15337548e-07 -3.12001065e-07
110.707  8.68930005e-09 -3.79178637e-07
110.903  2.22965564e-07 -2.98357981e-07
111.098  3.52639687e-07 -1.06183836e-07
111.294  3.42918621e-07  1.17790308e-07
111.489  2.00096022e-07  2.95222178e-07
111.685 -1.22674560e-08  3.55034675e-07
111.881 -2.18848839e-07  2.73576443e-07
112.076 -3.39959748e-07  9.25255020e-08
112.272 -3.25594777e-07 -1.21904998e-07
112.467 -1.91847908e-07 -2.89376577e-07
112.663  9.25892202e-09 -3.39828064e-07
112.859  2.04001073e-07 -2.62705827e-07
113.054  3.10265446e-07 -9.21686874e-08
113.250  2.92351319e-07  1.10517758e-07
113.445  1.64324591e-07  2.59824164e-07
113.641 -2.92009879e-08  2.98690827e-07
113.837 -2.07700253e-07  2.20289783e-07
114.032 -2.98523260e-07  5.00675464e-08
114.228 -2.74657817e-07 -1.43921964e-07
114.423 -1.41502176e-07 -2.80716937e-07
114.619  5.12599473e-08 -3.15411282e-07
114.815  2.22533109e-07 -2.34018737e-07
115.010  3.13453058e-07 -6.40053019e-08
115.206  2.92848226e-07  1.21676491e-07
115.401  1.64628316e-07  2.55635865e-07
115.597 -1.36730745e-08  2.93121778e-07
115.793 -1.72443427e-07  2.15815346e-07
115.988 -2.57847312e-07  6.05655440e-08
116.184 -2.32885649e-07 -1.07172443e-07
116.379 -1.10950908e-07 -2.29234561e-07
116.575  5.25187436e-08 -2.54930039e-07
116.771  1.99641331e-07 -1.73963693e-07
116.966  2.71696500e-07 -2.68455238e-08
117.162  2.36796240e-07  1.33080533e-07
117.357  1.16885486e-07  2.44756581e-07
117.553 -4.30787207e-08  2.58728309e-07
117.748 -1.85029919e-07  1.76276874e-07
117.944 -2.47517463e-07  3.05558421e-08
118.140 -2.10958891e-07 -1.28106503e-07
118.335 -9.39930817e-08 -2.32942152e-07
118.531  6.46276552e-08 -2.45515540e-07
118.726  1.99883170e-07 -1.68384882e-07
118.922  2.58620704e-07 -2.61842673e-08
119.118  2.27186604e-07  1.24352433e-07
119.313  1.15056488e-07  2.21110679e-07
119.509 -3.45066576e-08  2.35577824e-07
119.704 -1.57028221e-07  1.62496505e-07
119.900 -2.11790457e-07  2.83998913e-08
120.096 -1.80401135e-07 -1.06449654e-07
120.291 -7.14827567e-08 -1.92735315e-07
120.487  6.47474672e-08 -2.01249342e-07
120.682  1.74637639e-07 -1.23355760e-07
120.878  2.20880397e-07  5.41796950e-09
121.074  1.79706760e-07  1.31818017e-07
121.269  6.88487011e-08  2.13451779e-07
121.465 -6.37686684e-08  2.14699357e-07
121.660 -1.73951309e-07  1.34250211e-07
121.856 -2.18348845e-07  1.00282200e-08
122.052 -1.77427495e-07 -1.15419024e-07
122.247 -7.52984579e-08 -1.95581359e-07
122.443  5.04834680e-08 -1.95557719e-07
122.638  1.54744268e-07 -1.23288364e-07
122.834  1.91693458e-07 -8.45420270e-09
123.030  1.52507398e-07  1.08956138e-07
123.225  5.68117266e-08  1.77629185e-07
123.421 -6.34390944e-08  1.73114655e-07
123.616 -1.56913918e-07  1.03552606e-07
123.812 -1.86199088e-07 -8.92763647e-09
124.008 -1.47291885e-07 -1.18020338e-07
124.203 -5.16556088e-08 -1.77249263e-07
124.399  6.35682656e-08 -1.70636819e-07
124.594  1.47618804e-07 -9.89071517e-08
124.790  1.73633147e-07  1.29369345e-08
124.986  1.32157899e-07  1.15113514e-07
125.181  3.44201768e-08  1.72027623e-07
125.377 -7.60088595e-08  1.65254859e-07
125.572 -1.58007375e-07  9.21198700e-08
125.768 -1.86023583e-07 -1.45184454e-08
125.964 -1.44873219e-07 -1.11946372e-07
126.159 -5.35812533e-08 -1.69788895e-07
126.355  4.77113655e-08 -1.62984393e-07
126.550  1.26308509e-07 -9.53641457e-08
126.746  1.50651993e-07 -6.17114124e-10
126.941  1.09841343e-07  8.86801852e-08
127.137  2.79427994e-08  1.38013860e-07
127.333 -6.48008646e-08  1.23752567e-07
127.528 -1.34118876e-07  5.80857593e-08
127.724 -1.46731038e-07 -3.31123735e-08
127.919 -1.01705309e-07 -1.18486413e-07
128.115 -1.85842020e-08 -1.58914841e-07
128.311  7.63745587e-08 -1.40306673e-07
128.506  1.42458779e-07 -7.40983872e-08
128.702  1.53806841e-07  2.02229124e-08
128.897  1.12482623e-07  1.04643560e-07
129.093  3.01535956e-08  1.44341923e-07
129.289 -6.16718113e-08  1.31567937e-07
129.484 -1.23141576e-07  6.98538936e-08
129.680 -1.37253052e-07 -1.85968521e-08
129.875 -9.98340415e-08 -9.33712638e-08
130.071 -2.23600560e-08 -1.29708854e-07
130.267  5.85116076e-08 -1.16715211e-07
130.462  1.12440391e-07 -5.51037967e-08
130.658  1.23027673e-07  2.58750589e-08
130.853  8.12754718e-08  9.29659959e-08
131.049  6.30980007e-09  1.25549273e-07
131.245 -6.87417723e-08  1.06707652e-07
131.440 -1.20413696e-07  4.38458944e-08
131.636 -1.26135619e-07 -3.32684573e-08
131.831 -8.12604613e-08 -9.98711502e-08
132.027 -9.08720534e-09 -1.30252272e-07
132.223  6.60817351e-08 -1.08705578e-07
132.418  1.17960573e-07 -4.94916262e-08
132.614  1.22036031e-07  2.54403304e-08
132.809  8.19498626e-08  9.16033449e-08
133.005  1.55083397e-08  1.18896914e-07
133.201 -5.64867189e-08  1.00032524e-07
133.396 -1.01998959e-07  4.72006554e-08
133.592 -1.03751657e-07 -2.36926786e-08
133.787 -6.72496783e-08 -8.21906685e-08
133.983 -2.93707905e-09 -1.03026533e-07
134.179  6.32666926e-08 -8.43916419e-08
134.374  1.00891604e-07 -3.11828659e-08
134.570  1.00688305e-07  3.73691004e-08
134.765  6.22036943e-08  8.88651384e-08
134.961 -3.28569240e-09  1.07080236e-07
135.156 -6.49169075e-08  8.65536629e-08
135.352 -1.00674650e-07  3.02107064e-08
135.548 -1.00585968e-07 -3.59467644e-08
135.743 -5.96799795e-08 -8.60712847e-08
135.939  3.66284988e-09 -1.06405777e-07
136.134  6.23347538e-08 -8.53319007e-08
136.330  9.97713311e-08 -3.18293158e-08
136.526  9.95569608e-08  2.85813417e-08
136.721  6.07247617e-08  7.76918645e-08
136.917  4.48380815e-09  9.64340506e-08
137.112 -5.05681628e-08  7.46061853e-08
137.308 -8.47984842e-08  2.68654576e-08
137.504 -8.05304441e-08 -2.90625356e-08
137.699 -4.43524626e-08 -7.47157006e-08
137.895  8.13288871e-09 -8.73883736e-08
138.090  6.08850756e-08 -6.49244205e-08
138.286  8.89299976e-08 -1.95515765e-08
138.482  8.15960673e-08  3.59111780e-08
138.677  4.65375551e-08  7.69797856e-08
138.873 -7.10075628e-09  8.56189711e-08
139.068 -5.78131688e-08  6.39122708e-08
139.264 -8.22106444e-08  1.71227405e-08
139.460 -7.62247360e-08 -3.82148578e-08
139.655 -4.12254443e-08 -7.60472941e-08
139.851  1.25179555e-08 -8.62036544e-08
140.046  5.93214684e-08 -6.63524210e-08
140.242  8.36845395e-08 -2.00551836e-08
140.438  7.99485275e-08  3.02947303e-08
140.633  4.53820577e-08  6.52846029e-08
140.829 -3.29660608e-09  7.64086673e-08
141.024 -4.46485003e-08  5.57366593e-08
141.220 -6.78350842e-08  1.27484621e-08
141.416 -6.12134534e-08 -3.12386917e-08
141.611 -2.63986255e-08 -6.35865651e-08
141.807  1.76229204e-08 -7.05136172e-08
142.002  5.70299638e-08 -4.60453238e-08
142.198  7.73478831e-08 -4.75427911e-09
142.394  6.60865665e-08  3.91776390e-08
142.589  3.16798645e-08  7.18231178e-08
142.785 -1.24117744e-08  7.59353238e-08
142.980 -5.38207345e-08  5.27395704e-08
143.176 -7.27987842e-08  1.37361662e-08
143.372 -6.31877180e-08 -3.09977231e-08
143.567 -3.33276049e-08 -6.16509543e-08
143.763  9.39299275e-09 -6.54661105e-08
143.958  4.73482287e-08 -4.66517107e-08
144.154  6.27976789e-08 -9.83720417e-09
144.349  5.52089036e-08  3.12576421e-08
144.545  2.66217048e-08  5.60765541e-08
144.741 -1.41434570e-08  5.91514745e-08
144.936 -4.61005674e-08  4.01754805e-08
145.132 -5.90883132e-08  2.80176641e-09
145.327 -5.06202399e-08 -3.38861965e-08
145.523 -1.95015083e-08 -5.57678992e-08
145.719  1.91471305e-08 -5.82461763e-08
145.914  4.85114185e-08 -3.60295630e-08
146.110  6.19439163e-08  1.29509935e-09
146.305  5.11008374e-08  3.59534211e-08
146.501  1.91514082e-08  5.94253339e-08
146.697 -1.71832864e-08  6.15208226e-08
146.892 -4.79053453e-08  3.89344214e-08
147.088 -6.22137479e-08  5.34048248e-09
147.283 -5.11268766e-08 -2.84096289e-08
147.479 -2.36373370e-08 -5.20003624e-08
147.675  9.33543856e-09 -5.22766384e-08
147.870  3.87484727e-08 -3.25166415e-08
148.066  4.91752946e-08 -2.82503604e-09
148.261  3.78494359e-08  2.94353821e-08
148.457  1.31170236e-08  4.85370657e-08
148.653 -1.94268665e-08  4.60453862e-08
148.848 -4.55199509e-08  2.76019935e-08
149.044 -5.20822142e-08 -2.86950849e-09
149.239 -4.12077430e-08 -3.39500902e-08
149.435 -1.52745495e-08 -4.94720538e-08
149.631  1.80436012e-08 -4.73980409e-08
149.826  4.14336389e-08 -2.86170559e-08
150.022  4.85895260e-08  3.33492305e-09
150.217  3.88996921e-08  3.21030693e-08
150.413  1.18960999e-08  4.75472935e-08
150.609 -1.89824285e-08  4.75254905e-08
150.804 -4.07546361e-08  2.81843473e-08
151.000 -4.97383523e-08 -1.45685375e-09
151.195 -3.96653734e-08 -2.69923429e-08
151.391 -1.43073115e-08 -4.32368702e-08
151.587  1.21374813e-08 -4.26268234e-08
151.782  3.30842354e-08 -2.36173534e-08
151.978  4.07112572e-08  1.42195684e-09
152.173  2.87732139e-08  2.47114946e-08
152.369  6.38210457e-09  3.89390847e-08
152.564 -1.78697016e-08  3.42747830e-08
152.760 -3.76155186e-08  1.54728654e-08
152.956 -4.08578017e-08 -8.70195168e-09
153.151 -2.73586866e-08 -3.29968739e-08
153.347 -5.15916173e-09 -4.47947251e-08
153.542  2.16135846e-08 -3.88328043e-08
153.738  4.12392862e-08 -2.14007663e-08
153.934  4.40772671e-08  4.44180792e-09
154.129  3.37191025e-08  2.91780002e-08
154.325  1.22509899e-08  4.00693526e-08
154.520 -1.39147142e-08  3.73576251e-08
154.716 -3.06481088e-08  2.22741401e-08
154.912 -3.46052814e-08 -2.21982398e-09
155.107 -2.62551736e-08 -2.24219887e-08
155.303 -5.32851343e-09 -3.15944429e-08
155.498  1.65346892e-08 -2.94259767e-08
155.694  2.97849663e-08 -1.30615818e-08
155.890  3.31580566e-08  9.17335567e-09
156.085  2.20605715e-08  2.58520880e-08
156.281  7.29998680e-10  3.44797178e-08
156.476 -1.87674027e-08  2.95693178e-08
156.672 -3.24663930e-08  1.10098360e-08
156.868 -3.47070710e-08 -9.93736232e-09
157.063 -2.12958524e-08 -2.78063448e-08
157.259 -1.22828359e-09 -3.73227786e-08
157.454  1.88082400e-08 -3.09923460e-08
157.650  3.43069767e-08 -1.43298404e-08
157.846  3.56772276e-08  5.32699392e-09
158.041  2.42222784e-08  2.44179541e-08
158.237  7.16487084e-09  3.26829897e-08
158.432 -1.28434684e-08  2.70948837e-08
158.628 -2.62620684e-08  1.39207990e-08
158.824 -2.62171776e-08 -4.87758780e-09
159.019 -1.72084368e-08 -2.15836162e-08
159.215 -8.04298611e-10 -2.64422992e-08
159.410  1.77714383e-08 -2.14838369e-08
159.606  2.71602617e-08 -8.10747509e-09
159.802  2.64229887e-08  1.11698940e-08
159.997  1.68198476e-08  2.48157174e-08
160.193 -1.67063924e-09  2.87452929e-08
160.388 -1.87660067e-08  2.38918879e-08
160.584 -2.74920135e-08  8.14767988e-09
160.780 -2.81197314e-08 -1.06996524e-08
160.975 -1.70922050e-08 -2.35065714e-08
161.171  1.18364683e-09 -2.95198792e-08
161.366  1.65028377e-08 -2.44593772e-08
161.562  2.68156687e-08 -8.97362435e-09
161.757  2.78258447e-08  6.98481488e-09
161.953  1.66201732e-08  1.99570008e-08
162.149  1.60826590e-09  2.61902931e-08
162.344 -1.24176905e-08  1.99162528e-08
162.540 -2.25492454e-08  6.93190554e-09
162.735 -2.12059256e-08 -6.92395746e-09
162.931 -1.08550424e-08 -1.95920613e-08
163.127  2.13092227e-09 -2.28468097e-08
163.322  1.63090262e-08 -1.55344539e-08
163.518  2.39057164e-08 -3.83872977e-09
163.713  2.03072267e-08  1.10708141e-08
163.909  1.06475733e-08  2.27629212e-08
164.105 -3.87500317e-09  2.37697519e-08
164.300 -1.87813325e-08  1.73183429e-08
164.496 -2.47520692e-08  4.79030047e-09
164.691 -2.24430896e-08 -1.15751465e-08
164.887 -1.33962192e-08 -2.18820426e-08
165.083  2.33270696e-09 -2.39059342e-08
165.278  1.56155362e-08 -1.91673998e-08
165.474  2.14696494e-08 -5.91673226e-09
165.669  2.10922358e-08  8.67104467e-09
165.865  1.15391097e-08  1.73931761e-08
166.061 -2.80180779e-09  2.07487804e-08
166.256 -1.33738975e-08  1.52998388e-08
166.452 -1.95918235e-08  2.27196681e-09
166.647 -1.81471397e-08 -9.49616740e-09
166.843 -7.18982557e-09 -1.80255446e-08
167.039  5.30975945e-09 -2.05546523e-08
167.234  1.58645373e-08 -1.26371000e-08
167.430  2.24307630e-08 -2.84276150e-10
167.625  1.87438030e-08  1.16882695e-08
167.821  7.98821517e-09  2.19159777e-08
168.017 -4.18801100e-09  2.32846597e-08
168.212 -1.69224878e-08  1.56667135e-08
168.408 -2.32800211e-08  4.79804686e-09
168.603 -1.98276555e-08 -8.71979764e-09
168.799 -1.15335047e-08 -1.90688789e-08
168.995  1.01896434e-09 -2.00285342e-08
169.190  1.38269506e-08 -1.49941477e-08
169.386  1.88225197e-08 -4.71890967e-09
169.581  1.72148583e-08  8.95764013e-09
169.777  1.00015962e-08  1.73155838e-08
169.972 -3.11175033e-09  1.90574021e-08
170.168 -1.40108566e-08  1.53444267e-08
170.364 -1.89325393e-08  4.10121916e-09
170.559 -1.89709875e-08 -8.30052509e-09
170.755 -1.08456542e-08 -1.60619610e-08
170.950  1.67171466e-09 -1.98903541e-08
171.146  1.15337086e-08 -1.59840142e-08
171.342  1.87512485e-08 -5.06287598e-09
171.537  1.96885241e-08  5.61618239e-09
171.733  1.20473376e-08  1.51695220e-08
171.928  2.17948101e-09  2.07273667e-08
172.124 -8.11074099e-09  1.75047848e-08
172.320 -1.71497992e-08  9.97202180e-09
172.515 -1.86141284e-08  7.02364989e-10
172.711 -1.44449257e-08 -1.00177556e-08
172.906 -7.69036032e-09 -1.55220049e-08
173.102  2.66749957e-09 -1.50262239e-08
173.298  1.08425046e-08 -1.16761539e-08
173.493  1.36131171e-08 -3.49088983e-09
173.689  1.38330258e-08  5.64746761e-09
173.884  9.09499167e-09  1.07943931e-08
174.080  7.39483206e-10  1.41814392e-08
174.276 -5.57343649e-09  1.36088910e-08
174.471 -1.12488395e-08  7.74081890e-09
174.667 -1.49209411e-08  1.83988610e-09
174.862 -1.29834136e-08 -4.63769057e-09
175.058 -9.30588204e-09 -1.16834840e-08
175.254 -4.07589676e-09 -1.43203843e-08
175.449  4.38797140e-09 -1.43682679e-08
175.645  1.09910021e-08 -1.25142734e-08
175.840  1.53524980e-08 -5.32622996e-09
176.036  1.84288432e-08  3.36487793e-09
176.232  1.53098024e-08  1.13974130e-08
176.427  7.33428766e-09  1.98796255e-08
176.623 -2.47726538e-09  2.30572174e-08
176.818 -1.54582322e-08  1.89927305e-08
177.014 -2.59749403e-08  1.03429223e-08
177.210 -2.87088889e-08 -4.72372196e-09
177.405 -2.47277165e-08 -2.18849142e-08
177.601 -1.12988301e-08 -3.31355119e-08
177.796  9.81011454e-09 -3.70535185e-08
177.992  2.93685390e-08 -2.96098657e-08
178.188  4.31782305e-08 -8.94406134e-09
178.383  4.57064282e-08  1.65221935e-08
178.579  3.08031740e-08  4.03234818e-08
178.774  3.81178048e-09  5.55857735e-08
178.970 -2.78629462e-08  5.18416559e-08
179.165 -5.66763409e-08  2.92860056e-08
179.361 -6.86114714e-08 -5.72303163e-09
179.557 -5.73145511e-08 -4.62006176e-08
179.752 -2.57994010e-08 -7.62130076e-08
179.948  2.12169184e-08 -8.25609822e-08
180.143  6.83129624e-08 -6.28083710e-08
180.339  9.65538146e-08 -1.74710586e-08
180.535  9.67159552e-08  4.15212590e-08
180.730  6.33643986e-08  9.20915691e-08
180.926  1.83819373e-09  1.18187535e-07
181.121 -6.65034317e-08  1.07363229e-07
181.317 -1.20374038e-07  5.57288414e-08
181.513 -1.40441741e-07 -2.06676177e-08
181.708 -1.12053137e-07 -9.85668554e-08
181.904 -4.14170686e-08 -1.53412595e-07
182.099  5.08133201e-08 -1.59932248e-07
182.295  1.38141541e-07 -1.10972977e-07
182.491  1.86873308e-07 -1.93965563e-08
182.686  1.74894412e-07  9.10142247e-08
182.882  1.02472959e-07  1.82453968e-07
183.077 -1.47308343e-08  2.18886790e-07
183.273 -1.40890632e-07  1.84684599e-07
183.469 -2.30070657e-07  8.21546068e-08
183.664 -2.49986403e-07 -6.19719287e-08
183.860 -1.85673355e-07 -1.98692647e-07
184.055 -4.77517172e-08 -2.81588533e-07
184.251  1.20601492e-07 -2.76962778e-07
184.447  2.64860119e-07 -1.73780582e-07
184.642  3.34516414e-07  2.40439005e-10
184.838  2.94217745e-07  1.91541498e-07
185.033  1.47588599e-07  3.38549308e-07
185.229 -6.37065925e-08  3.82978078e-07
185.425 -2.76344731e-07  2.98632025e-07
185.620 -4.15165402e-07  1.04336200e-07
185.816 -4.23048671e-07 -1.46666610e-07
186.011 -2.87236144e-07 -3.72912510e-07
186.207 -3.83562280e-08 -4.91022784e-07
186.403  2.49822460e-07 -4.52334625e-07
186.598  4.78332577e-07 -2.53972137e-07
186.794  5.64479501e-07  5.34367859e-08
186.989  4.65150121e-07  3.71121925e-07
187.185  1.93603685e-07  5.91305162e-07
187.380 -1.70440232e-07  6.30268777e-07
187.576 -5.09797899e-07  4.53859769e-07
187.772 -7.07550406e-07  1.03853132e-07
187.967 -6.79031575e-07 -3.13831508e-07
188.163 -4.12748248e-07 -6.64409538e-07
188.358  1.92529743e-08 -8.18516384e-07
188.554  4.86225895e-07 -7.03244529e-07
188.750  8.29489263e-07 -3.36234371e-07
188.945  9.16662111e-07  1.81359393e-07
189.141  6.96894338e-07  6.85431598e-07
189.336  2.16753162e-07  9.97677050e-07
189.532 -3.83746199e-07  9.95061920e-07
189.728 -9.05113671e-07  6.50041010e-07
189.923 -1.16148887e-06  4.79190543e-08
190.119 -1.04195028e-06 -6.23929483e-07
190.314 -5.50934811e-07 -1.13985282e-06
190.510  1.73430576e-07 -1.31025858e-06
190.706  9.00529340e-07 -1.04276987e-06
190.901  1.38248197e-06 -3.91599718e-07
191.097  1.42921945e-06  4.49811552e-07
191.292  9.85775119e-07  1.21038069e-06
191.488  1.65611557e-07  1.61941411e-06
191.684 -7.82819297e-07  1.50326602e-06
191.879 -1.54322526e-06  8.59887757e-07
192.075 -1.83404940e-06 -1.34811333e-07
192.270 -1.51738163e-06 -1.16857920e-06
192.466 -6.51204682e-07 -1.88446542e-06
192.662  5.13873680e-07 -2.00993824e-06
192.857  1.59746170e-06 -1.45342995e-06
193.053  2.21867937e-06 -3.47595057e-07
193.248  2.12677345e-06  9.68814834e-07
193.444  1.29201080e-06  2.05722760e-06
193.640 -5.69353328e-08  2.52557011e-06
193.835 -1.49355082e-06  2.15930386e-06
194.031 -2.53112366e-06  1.01721192e-06
194.226 -2.77765202e-06 -5.65409392e-07
194.422 -2.08316271e-06 -2.07889784e-06
194.618 -6.16132904e-07 -2.99440828e-06
194.813  1.17848787e-06 -2.94571711e-06
195.009  2.70688710e-06 -1.87679464e-06
195.204  3.41678779e-06 -7.76384592e-08
195.400  3.00118183e-06  1.88805496e-06
195.596  1.51825814e-06  3.35027159e-06
195.791 -6.03176940e-07  3.76541401e-06
195.987 -2.67538367e-06  2.91236139e-06
196.182 -3.97710129e-06  9.87900535e-07
196.378 -4.00281813e-06 -1.42109164e-06
196.573 -2.64638033e-06 -3.51531722e-06
196.769 -2.75045347e-07 -4.54955971e-06
196.965  2.36243390e-06 -4.08661464e-06
197.160  4.37504939e-06 -2.17632910e-06
197.356  5.02059900e-06  6.21968013e-07
197.551  3.97512562e-06  3.40515338e-06
197.747  1.48253965e-06  5.20954076e-06
197.943 -1.69741546e-06  5.33832079e-06
198.138 -4.51405929e-06  3.63103206e-06
198.334 -5.96400859e-06  5.51098778e-07
198.529 -5.45144392e-06 -2.93280968e-06
198.725 -3.02039919e-06 -5.63983327e-06
198.921  6.21134364e-07 -6.57928377e-06
199.116  4.29277643e-06 -5.30835684e-06
199.312  6.72362623e-06 -2.11597290e-06
199.507  6.99161329e-06  2.02034325e-06
199.703  4.85883528e-06  5.72828239e-06
199.899  9.05117167e-07  7.69786383e-06
200.094 -3.61618446e-06  7.13272737e-06
200.290 -7.17753121e-06  4.06246630e-06
200.485 -8.48405154e-06 -6.07662475e-07
200.681 -6.93673179e-06 -5.36270314e-06
200.877 -2.89325123e-06 -8.56227554e-06
201.072  2.40189573e-06 -8.99749600e-06
201.268  7.19437305e-06 -6.34675171e-06
201.463  9.79024010e-06 -1.33930401e-06
201.659  9.15566945e-06  4.43676103e-06
201.855  5.31659233e-06  9.02505987e-06
202.050 -5.92094488e-07  1.07631300e-05
202.246 -6.64586542e-06  8.88116803e-06
202.441 -1.07534578e-05  3.81527656e-06
202.637 -1.13797837e-05 -2.86637026e-06
202.833 -8.10447768e-06 -8.93957633e-06
203.028 -1.83612788e-06 -1.22665235e-05
203.224  5.42107673e-06 -1.15375423e-05
203.419  1.12089781e-05 -6.77331343e-06
203.615  1.34403912e-05  5.98939089e-07
203.811  1.11415593e-05  8.16890511e-06
204.006  4.86134133e-06  1.33257005e-05
204.202 -3.43946864e-06  1.41477357e-05
204.397 -1.09952060e-05  1.01162591e-05
204.593 -1.51450097e-05  2.37098511e-06
204.788 -1.42690805e-05 -6.60245059e-06
204.984 -8.40978430e-06 -1.37569003e-05
205.180  6.62552935e-07 -1.65158567e-05
205.375  9.96831961e-06 -1.36992495e-05
205.571  1.62907995e-05 -5.99851282e-06
205.766  1.72897746e-05  4.16408477e-06
205.962  1.23532940e-05  1.33853161e-05
206.158  2.89774454e-06  1.84229548e-05
206.353 -8.01679373e-06  1.73270544e-05
206.549 -1.66767637e-05  1.01786899e-05
206.744 -1.99735917e-05 -8.31128638e-07
206.940 -1.65081450e-05 -1.20665784e-05
207.136 -7.16667684e-06 -1.96447071e-05
207.331  5.08144568e-06 -2.07667556e-05
207.527  1.61242588e-05 -1.47482406e-05
207.722  2.20769019e-05 -3.35605747e-06
207.918  2.06464749e-05  9.70112221e-06
208.114  1.20059083e-05  1.99686503e-05
208.309 -1.16376495e-06  2.37620377e-05
208.505 -1.44912571e-05  1.94892826e-05
208.700 -2.33586152e-05  8.28902480e-06
208.896 -2.45047878e-05 -6.24698380e-06
209.092 -1.72130103e-05 -1.92130979e-05
209.287 -3.66473999e-06 -2.60485826e-05
209.483  1.16916419e-05 -2.41367589e-05
209.678  2.36013169e-05 -1.37898611e-05
209.874  2.78001385e-05  1.73369652e-06
210.070  2.25308212e-05  1.72484850e-05
210.265  9.25927173e-06  2.73749212e-05
210.461 -7.71011464e-06  2.83961040e-05
210.656 -2.26302334e-05  1.96186708e-05
210.852 -3.02500942e-05  3.73158354e-06
211.048 -2.76613650e-05 -1.40113975e-05
211.243 -1.54022664e-05 -2.75215313e-05
211.439  2.61244932e-06 -3.19615560e-05
211.634  2.03322905e-05 -2.54810362e-05
211.830  3.15970182e-05 -9.95956707e-06
212.026  3.22843776e-05  9.52049067e-06
212.221  2.18113821e-05  2.63276376e-05
212.417  3.45082680e-06  3.45440097e-05
212.612 -1.66742480e-05  3.10493511e-05
212.808 -3.16339158e-05  1.66909382e-05
213.004 -3.60819741e-05 -3.87929756e-06
213.199 -2.81592109e-05 -2.37066032e-05
213.395 -1.02516240e-05 -3.58904863e-05
213.590  1.17105439e-05 -3.59822274e-05
213.786  3.02207501e-05 -2.36076121e-05
213.981  3.87596279e-05 -2.71996097e-06
214.177  3.40916790e-05  1.96614047e-05
214.373  1.74899237e-05  3.58084594e-05
214.568 -5.59094582e-06  3.99524751e-05
214.764 -2.73041793e-05  3.03526149e-05
214.959 -4.00758103e-05  1.00036035e-05
215.155 -3.92563610e-05 -1.42909053e-05
215.351 -2.48128886e-05 -3.41870068e-05
215.546 -1.44641693e-06 -4.26745691e-05
215.742  2.29276043e-05 -3.65541000e-05
215.937  3.98648705e-05 -1.76324653e-05
216.133  4.33284311e-05  7.78954102e-06
216.329  3.18384876e-05  3.10132723e-05
216.524  9.08731093e-06  4.39300582e-05
216.720 -1.72365739e-05  4.18545684e-05
216.915 -3.80557595e-05  2.52261366e-05
217.111 -4.60388577e-05 -4.38412848e-07
217.307 -3.81862551e-05 -2.63788864e-05
217.502 -1.69622161e-05 -4.35875270e-05
217.698  1.04722933e-05 -4.59406341e-05
217.893  3.46805246e-05 -3.23901483e-05
218.089  4.71980281e-05 -7.41131321e-06
218.285  4.35060501e-05  2.04770196e-05
218.480  2.46700158e-05  4.16173486e-05
218.676 -2.95800310e-06  4.85697150e-05
218.871 -2.98780585e-05  3.87440486e-05
219.067 -4.67164536e-05  1.53617543e-05
219.263 -4.75067813e-05 -1.35931048e-05
219.458 -3.18085953e-05 -3.81016134e-05
219.654 -4.92370955e-06 -4.95936033e-05
219.849  2.38891953e-05 -4.39536233e-05
220.045  4.46166381e-05 -2.30007381e-05
220.241  4.99822709e-05  6.08506901e-06
220.436  3.80092242e-05  3.32308576e-05
220.632  1.27603523e-05  4.89717769e-05
220.827 -1.70402138e-05  4.77593989e-05
221.023 -4.10325392e-05  2.99339957e-05
221.219 -5.08296972e-05  1.64189477e-06
221.414 -4.29666171e-05 -2.72911988e-05
221.610 -2.01399082e-05 -4.67778187e-05
221.805  9.71893130e-06 -5.00004998e-05
222.001  3.62017038e-05 -3.58166259e-05
222.196  5.00618173e-05 -9.16745234e-06
222.392  4.64647255e-05  2.06420562e-05
222.588  2.66843912e-05  4.31962175e-05
222.783 -2.34292077e-06  5.06285902e-05
222.979 -3.04480326e-05  4.03806333e-05
223.174 -4.78073315e-05  1.60904553e-05
223.370 -4.83941419e-05 -1.36890068e-05
223.566 -3.20814980e-05 -3.85099390e-05
223.761 -4.67379039e-06 -4.97127633e-05
223.957  2.41574742e-05 -4.34589328e-05
224.152  4.43009385e-05 -2.20631955e-05
224.348  4.87626585e-05  6.85106794e-06
224.544  3.61122456e-05  3.30764226e-05
224.739  1.09547538e-05  4.74336835e-05
224.935 -1.77452385e-05  4.50003681e-05
225.130 -3.98627988e-05  2.68197858e-05
225.326 -4.76954069e-05 -5.25571733e-07
225.522 -3.86689103e-05 -2.72962238e-05
225.717 -1.61925596e-05 -4.40685496e-05
225.913  1.16188277e-05 -4.50733098e-05
226.108  3.48703621e-05 -3.01973079e-05
226.304  4.54225238e-05 -4.94655853e-06
226.500  3.97608421e-05  2.15780684e-05
226.695  2.01736085e-05  3.99663398e-05
226.891 -6.14422875e-06  4.38563479e-05
227.086 -2.97273519e-05  3.21473774e-05
227.282 -4.22581549e-05  9.30857436e-06
227.478 -3.95125392e-05 -1.63059474e-05
227.673 -2.27967023e-05 -3.55176465e-05
227.869  1.61503503e-06 -4.16219124e-05
228.064  2.48276701e-05 -3.27408893e-05
228.260  3.85701673e-05 -1.24099599e-05
228.456  3.81510808e-05  1.18046298e-05
228.651  2.40795726e-05  3.11166872e-05
228.847  1.77148165e-06  3.87090423e-05
229.042 -2.05191583e-05  3.21578619e-05
229.238 -3.47454882e-05  1.42152152e-05
229.434 -3.59830646e-05 -8.31217498e-06
229.629 -2.41524845e-05 -2.71259722e-05
229.825 -3.92932464e-06 -3.54919851e-05
230.020  1.70730710e-05 -3.06672367e-05
230.216  3.11552712e-05 -1.48035632e-05
230.412  3.33635164e-05  5.95994431e-06
230.607  2.32419543e-05  2.38446606e-05
230.803  4.88871365e-06  3.23441673e-05
230.998 -1.46622931e-05  2.85977835e-05
231.194 -2.81213821e-05  1.43580025e-05
231.389 -3.06600794e-05 -4.76475518e-06
231.585 -2.16465261e-05 -2.14839017e-05
231.781 -4.78896838e-06 -2.96025052e-05
231.976  1.33498275e-05 -2.63053198e-05
232.172  2.58872813e-05 -1.31447610e-05
232.367  2.82176618e-05  4.63245263e-06
232.563  1.97065266e-05  2.01494912e-05
232.759  3.86041733e-06  2.75357918e-05
232.954 -1.30865529e-05  2.41380074e-05
233.150 -2.45961165e-05  1.14834868e-05
233.345 -2.63257308e-05 -5.37195530e-06
233.541 -1.77679068e-05 -1.98347214e-05
233.737 -2.39625858e-06 -2.63212099e-05
233.932  1.37208783e-05 -2.24017793e-05
234.128  2.42818466e-05 -9.71143145e-06
234.323  2.51930267e-05  6.71886359e-06
234.519  1.61468544e-05  2.04269167e-05
234.715  7.20903538e-07  2.60324037e-05
234.910 -1.50179987e-05  2.13315148e-05
235.106 -2.48715111e-05  8.14930548e-06
235.301 -2.49294022e-05 -8.36416302e-06
235.497 -1.50983438e-05 -2.17238481e-05
235.693  8.43990387e-07 -2.66358308e-05
235.888  1.66886271e-05 -2.10687210e-05
236.084  2.61981321e-05 -7.06901547e-06
236.279  2.55383160e-05  9.98929955e-06
236.475  1.47932648e-05  2.34602481e-05
236.671 -2.01263996e-06  2.79990907e-05
236.866 -1.84224056e-05  2.16521153e-05
237.062 -2.80216171e-05  6.66861297e-06
237.257 -2.69210479e-05 -1.13002363e-05
237.453 -1.53046539e-05 -2.53373688e-05
237.649  2.56486554e-06 -2.99080424e-05
237.844  1.99219756e-05 -2.30178727e-05
238.040  3.00570489e-05 -7.05268493e-06
238.235  2.88925267e-05  1.20594143e-05
238.431  1.66036429e-05  2.70569969e-05
238.627 -2.36806202e-06  3.20953059e-05
238.822 -2.09344198e-05  2.50122168e-05
239.018 -3.20086908e-05  8.22512743e-06
239.213 -3.12065937e-05 -1.21078096e-05
239.409 -1.85670406e-05 -2.83534864e-05
239.604  1.38665547e-06 -3.42722809e-05
239.800  2.12758945e-05 -2.74112565e-05
239.996  3.36030585e-05 -1.00930834e-05
240.191  3.35844942e-05  1.13783412e-05
240.387  2.09939791e-05  2.90223069e-05
240.582  3.18276080e-07  3.61614612e-05
240.778 -2.08502352e-05  2.99477172e-05
240.974 -3.46189360e-05  1.24815952e-05
241.169 -3.57467013e-05 -9.90039570e-06
241.365 -2.36322814e-05 -2.89413880e-05
241.560 -2.59981511e-06 -3.75266143e-05
241.756  1.96569753e-05 -3.23433775e-05
241.952  3.49093941e-05 -1.51571776e-05
242.147  3.74443828e-05  7.79334501e-06
242.343  2.62094173e-05  2.80809443e-05
242.538  5.24412649e-06  3.81973045e-05
242.734 -1.77877959e-05  3.43414619e-05
242.930 -3.44152579e-05  1.78555390e-05
243.125 -3.84875208e-05 -5.25020475e-06
243.321 -2.84641750e-05 -2.65030526e-05
243.516 -7.99699819e-06 -3.80869386e-05
243.712  1.54115904e-05 -3.57356336e-05
243.908  3.31687104e-05 -2.03126230e-05
244.103  3.87645210e-05  2.51161120e-06
244.299  3.01749113e-05  2.43505671e-05
244.494  1.05945210e-05  3.71994826e-05
244.690 -1.27522898e-05  3.63900751e-05
244.886 -3.12872396e-05  2.22939425e-05
245.081 -3.82515603e-05  1.62963769e-07
245.277 -3.11830917e-05 -2.18297163e-05
245.472 -1.27940530e-05 -3.56264882e-05
245.668  1.00623948e-05 -3.62528658e-05
245.864  2.89578165e-05 -2.36218837e-05
246.059  3.70120624e-05 -2.52575389e-06
246.255  3.14104566e-05  1.91843036e-05
246.450  1.44016892e-05  3.35324725e-05
246.646 -7.59338835e-06  3.53592731e-05
246.842 -2.64120826e-05  2.41942327e-05
247.037 -3.51863935e-05  4.36770555e-06
247.233 -3.08657207e-05 -1.66661438e-05
247.428 -1.52919515e-05 -3.11335860e-05
247.624  5.56678866e-06 -3.38257542e-05
247.820  2.38978475e-05 -2.39929663e-05
248.015  3.29740474e-05 -5.54127304e-06
248.211  2.96403798e-05  1.45049609e-05
248.406  1.54195247e-05  2.86715358e-05
248.602 -4.14887589e-06  3.18336357e-05
248.797 -2.16504705e-05  2.30825893e-05
248.993 -3.06089967e-05  5.97576868e-06
249.189 -2.78945053e-05 -1.28831170e-05
249.384 -1.48220971e-05 -2.63858010e-05
249.580  3.43346943e-06 -2.96055296e-05
249.775  1.98672891e-05 -2.16002762e-05
249.971  2.83313568e-05 -5.68343700e-06
250.167  2.58362025e-05  1.19171061e-05
250.362  1.36141884e-05  2.44860146e-05
250.558 -3.43406787e-06  2.73781178e-05
250.753 -1.86861099e-05  1.97386577e-05
250.949 -2.63588300e-05  4.75506682e-06
251.145 -2.36967173e-05 -1.16464793e-05
251.340 -1.19712615e-05 -2.31278208e-05
251.536  4.08560593e-06 -2.53746442e-05
251.731  1.81705577e-05 -1.77216741e-05
251.927  2.48624480e-05 -3.34576128e-06
252.123  2.17032795e-05  1.20316801e-05
252.318  1.01062953e-05  2.23969287e-05
252.514 -5.25478924e-06  2.37805182e-05
252.709 -1.83053070e-05  1.57770495e-05
252.905 -2.39496272e-05  1.65465249e-06
253.101 -2.00529069e-05 -1.29609465e-05
253.296 -8.24365213e-06 -2.23026398e-05
253.492  6.75716995e-06 -2.27234095e-05
253.687  1.90012866e-05 -1.41093947e-05
253.883  2.36544834e-05  9.89493652e-08
254.079  1.88901506e-05  1.42661194e-05
254.274  6.59336575e-06  2.27802620e-05
254.470 -8.38019954e-06  2.22600426e-05
254.665 -2.01094736e-05  1.28778048e-05
254.861 -2.39360633e-05 -1.70117772e-06
255.057 -1.82922935e-05 -1.57449865e-05
255.252 -5.32793950e-06 -2.37010535e-05
255.448  9.90976311e-06 -2.23719442e-05
255.643  2.14406388e-05 -1.21797927e-05
255.839  2.46856057e-05  2.96889835e-06
256.035  1.82638279e-05  1.71866774e-05
256.230  4.56361479e-06  2.48893233e-05
256.426 -1.11558157e-05  2.29714070e-05
256.621 -2.27884883e-05  1.20427539e-05
256.817 -2.57424606e-05 -3.77047853e-06
257.012 -1.87395476e-05 -1.83961421e-05
257.208 -4.34844745e-06 -2.61450355e-05
257.404  1.19733227e-05 -2.39155281e-05
257.599  2.39543502e-05 -1.24232743e-05
257.795  2.69161231e-05  4.03885549e-06
257.990  1.95950478e-05  1.92157009e-05
258.186  4.65961126e-06  2.72690403e-05
258.382 -1.22763828e-05  2.50253005e-05
258.577 -2.47704957e-05  1.32148185e-05
258.773 -2.80099294e-05 -3.77589697e-06
258.968 -2.06630329e-05 -1.95422472e-05
259.164 -5.40945115e-06 -2.80870153e-05
259.360  1.20460847e-05 -2.61075996e-05
259.555  2.51197029e-05 -1.42633199e-05
259.751  2.88444253e-05  3.04899451e-06
259.946  2.17554305e-05  1.93381295e-05
260.142  6.45960379e-06  2.84690694e-05
260.338 -1.13303478e-05  2.69788981e-05
260.533 -2.49468728e-05  1.53886923e-05
260.729 -2.92775498e-05 -1.98036476e-06
260.924 -2.26875529e-05 -1.86328139e-05
261.120 -7.63961319e-06 -2.83425850e-05
261.316  1.02357341e-05 -2.74873668e-05
261.511  2.42623011e-05 -1.64076503e-05
261.707  2.92205039e-05  7.30682587e-07
261.902  2.33006806e-05  1.75159325e-05
262.098  8.76823560e-06  2.76986458e-05
262.294 -8.91164028e-06  2.75305890e-05
262.489 -2.31373461e-05  1.71554822e-05
262.685 -2.86469576e-05  5.22192397e-07
262.880 -2.34797489e-05 -1.61232850e-05
263.076 -9.67566674e-06 -2.65910790e-05
263.272  7.52972478e-06 -2.70656827e-05
263.467  2.16938004e-05 -1.75047415e-05
263.663  2.75938169e-05 -1.60612036e-06
263.858  2.31649102e-05  1.46188784e-05
264.054  1.02242671e-05  2.51279275e-05
264.250 -6.26223099e-06  2.61116032e-05
264.445 -2.00878317e-05  1.73798046e-05
264.641 -2.61538323e-05  2.37583653e-06
264.836 -2.23570164e-05 -1.31744756e-05
265.032 -1.03249066e-05 -2.34557271e-05
265.228  5.26135102e-06 -2.47442848e-05
265.423  1.84891756e-05 -1.67648732e-05
265.619  2.44614419e-05 -2.72925706e-06
265.814  2.11156724e-05  1.19483176e-05
266.010  9.94553098e-06  2.17393698e-05
266.205 -4.64199523e-06  2.30856215e-05
266.401 -1.70593982e-05  1.57034837e-05
266.597 -2.26753128e-05  2.61751049e-06
266.792 -1.95502006e-05 -1.10659304e-05
266.988 -9.11234001e-06 -2.01415999e-05
267.183  4.46869225e-06 -2.12876361e-05
267.379  1.59322607e-05 -1.42905159e-05
267.575  2.09587567e-05 -2.04921197e-06
267.770  1.78039536e-05  1.06054828e-05
267.966  7.90424796e-06  1.88038818e-05
268.161 -4.74906271e-06  1.95125462e-05
268.357 -1.51991589e-05  1.26582721e-05
268.553 -1.94598856e-05  1.08786257e-06
268.748 -1.60351873e-05 -1.05905071e-05
268.944 -6.44208123e-06 -1.78304757e-05
269.139  5.43493741e-06 -1.79121749e-05
269.335  1.49000295e-05 -1.09596029e-05
269.531  1.82934558e-05  1.57500646e-07
269.726  1.43973326e-05  1.09895699e-05
269.922  4.87270680e-06  1.72765121e-05
270.117 -6.43107198e-06  1.66095598e-05
270.313 -1.50203098e-05  9.34896446e-06
270.509 -1.75278629e-05 -1.54808480e-06
270.704 -1.30212333e-05 -1.17225420e-05
270.900 -3.34982797e-06 -1.71429016e-05
271.095  7.60898609e-06 -1.56859923e-05
271.291  1.54943476e-05 -7.96379362e-06
271.487  1.71792679e-05  2.93373697e-06
271.682  1.20006211e-05  1.26715389e-05
271.878  2.01460583e-06  1.73784754e-05
272.073 -8.82325896e-06  1.51733027e-05
272.269 -1.62151308e-05  6.90788164e-06
272.465 -1.72122530e-05 -4.17140412e-06
272.660 -1.13816072e-05 -1.36963518e-05
272.856 -9.78830703e-07 -1.78889751e-05
273.051  9.92944948e-06 -1.50517014e-05
273.247  1.70497183e-05 -6.23975816e-06
273.443  1.75463880e-05  5.14166552e-06
273.638  1.11586362e-05  1.46529231e-05
273.834  3.13230604e-07  1.85507100e-05
274.029 -1.08017097e-05  1.52538333e-05
274.225 -1.78569904e-05  5.96800052e-06
274.420 -1.80672908e-05 -5.76206805e-06
274.616 -1.12775112e-05 -1.54116783e-05
274.812 -4.09201010e-08 -1.92263981e-05
275.007  1.13481300e-05 -1.56749315e-05
275.203  1.85051249e-05 -6.05284796e-06
275.398  1.86418967e-05  5.99628396e-06
275.594  1.16449112e-05  1.58729144e-05
275.790  1.36373265e-07  1.97822187e-05
275.985 -1.15207445e-05  1.61880589e-05
276.181 -1.88867116e-05  6.41325462e-06
276.376 -1.91360260e-05 -5.85690608e-06
276.572 -1.21417299e-05 -1.59770169e-05
276.768 -5.30040805e-07 -2.01041880e-05
276.963  1.13190789e-05 -1.66609949e-05
277.159  1.89308645e-05 -6.93789369e-06
277.354  1.94315711e-05  5.40167550e-06
277.550  1.26383357e-05  1.57099033e-05
277.746  1.11877046e-06  2.01121710e-05
277.941 -1.07877240e-05  1.69725893e-05
278.137 -1.86111084e-05  7.50002877e-06
278.332 -1.94404533e-05 -4.72375401e-06
278.528 -1.30106687e-05 -1.51032513e-05
278.724 -1.78065684e-06 -1.97686076e-05
278.919  1.00090693e-05 -1.70267554e-05
279.115  1.79472507e-05 -7.97438375e-06
279.310  1.91137293e-05  3.93856303e-06
279.506  1.31557135e-05  1.42292482e-05
279.702  2.39136198e-06  1.90809224e-05
279.897 -9.09209590e-06  1.67633878e-05
280.093 -1.70006732e-05  8.25321918e-06
280.288 -1.84457766e-05 -3.16905980e-06
280.484 -1.30040480e-05 -1.31898801e-05
280.680 -2.83925897e-06 -1.80982746e-05
280.875  8.15797783e-06 -1.61649517e-05
281.071  1.58644497e-05 -8.25884474e-06
281.266  1.74737242e-05  2.53060905e-06
281.462  1.25272521e-05  1.21024946e-05
281.658  3.03821564e-06  1.69040531e-05
281.853 -7.32406303e-06  1.52573585e-05
282.049 -1.46505361e-05  7.95147947e-06
282.244 -1.62717345e-05 -2.11665145e-06
282.440 -1.17393249e-05 -1.10843598e-05
282.636 -2.93738370e-06 -1.56048318e-05
282.831  6.68893479e-06 -1.41047287e-05
283.027  1.34756884e-05 -7.33256858e-06
283.222  1.49402062e-05  1.98728689e-06
283.418  1.06928677e-05  1.02384648e-05
283.613  2.52675170e-06  1.43162778e-05
283.809 -6.32108540e-06  1.27992862e-05
284.005 -1.24470921e-05  6.44340069e-06
284.200 -1.35916067e-05 -2.16314636e-06
284.396 -9.47124430e-06 -9.64188267e-06
284.591 -1.83697889e-06 -1.31479354e-05
284.787  6.25230202e-06 -1.14488455e-05
284.983  1.16491655e-05 -5.35887182e-06
285.178  1.23358844e-05  2.62500380e-06
285.374  8.17764154e-06  9.33717064e-06
285.569  9.33561015e-07  1.21894990e-05
285.765 -6.47533734e-06  1.01634382e-05
285.961 -1.11334523e-05  4.17666985e-06
286.156 -1.12674225e-05 -3.31812594e-06
286.352 -6.92153816e-06 -9.32788756e-06
286.547  9.32313500e-08 -1.15007628e-05
286.743  6.94587582e-06 -9.04186481e-06
286.939  1.09135860e-05 -3.00361469e-06
287.134  1.04544352e-05  4.16019313e-06
287.330  5.80428204e-06  9.57954293e-06
287.525 -1.14050813e-06  1.11060210e-05
287.721 -7.58916867e-06  8.15948403e-06
287.917 -1.09657683e-05  1.94185047e-06
288.112 -9.93141145e-06 -5.05212881e-06
288.308 -4.90646008e-06 -1.00259379e-05
288.503  2.10550355e-06 -1.09925972e-05
288.699  8.31087524e-06 -7.55926990e-06
288.895  1.12336143e-05 -1.07679094e-06
289.090  9.69564391e-06  5.89120701e-06
289.286  4.27903188e-06  1.05792977e-05
289.481 -2.89819172e-06  1.11135112e-05
289.677 -9.01029603e-06  7.24797021e-06
289.873 -1.16362536e-05  4.67655389e-07
290.068 -9.70906595e-06 -6.58455301e-06
290.264 -3.93886590e-06 -1.11419521e-05
290.459  3.45234484e-06 -1.13944065e-05
290.655  9.59321514e-06 -7.19736326e-06
290.851  1.20788566e-05 -1.40931016e-07
291.046  9.90489861e-06  7.06064579e-06
291.242  3.86797241e-06  1.16183724e-05
291.437 -3.73340011e-06  1.17442835e-05
291.633 -9.98298676e-06  7.34945198e-06
291.828 -1.24652473e-05  8.77929143e-08
292.024 -1.01977113e-05 -7.27708671e-06
292.220 -4.01669848e-06 -1.19269633e-05
292.415  3.74130482e-06 -1.20682252e-05
292.611  1.01290359e-05 -7.62460755e-06
292.806  1.27105982e-05 -2.66629991e-07
293.002  1.04946973e-05  7.22415883e-06
293.198  4.31095733e-06  1.20101803e-05
293.393 -3.50852786e-06  1.22794705e-05
293.589 -1.00124330e-05  7.93195572e-06
293.784 -1.27518683e-05  6.10110613e-07
293.980 -1.07070674e-05 -6.92479027e-06
294.176 -4.66288841e-06 -1.18412295e-05
294.371  3.09448134e-06 -1.23094540e-05
294.567  9.64753307e-06 -8.18139932e-06
294.762  1.25544206e-05 -1.03507769e-06
294.958  1.07609313e-05  6.43089487e-06
295.154  4.98296027e-06  1.14259562e-05
295.349 -2.57744127e-06  1.21153290e-05
295.545 -9.07885813e-06  8.29542203e-06
295.740 -1.21147333e-05  1.45329693e-06
295.936 -1.06064481e-05 -5.81599727e-06
296.132 -5.19118365e-06 -1.08002914e-05
296.327  2.04446006e-06 -1.16846982e-05
296.523  8.37383561e-06 -8.21852654e-06
296.718  1.14597874e-05 -1.78220650e-06
296.914  1.02235697e-05  5.16473463e-06
297.110  5.22628232e-06  1.00244255e-05
297.305 -1.57983279e-06  1.10364676e-05
297.501 -7.61302973e-06  7.92286902e-06
297.696 -1.06429436e-05  1.95501665e-06
297.892 -9.62301816e-06 -4.56129462e-06
298.088 -5.05228716e-06 -9.17474087e-06
298.283  1.25415668e-06 -1.02171320e-05
298.479  6.87989651e-06 -7.41013649e-06
298.674  9.73641911e-06 -1.92889757e-06
298.870  8.84317655e-06  4.07905518e-06
299.066  4.66240593e-06  8.33402160e-06
299.261 -1.11592457e-06  9.29332229e-06
299.457 -6.25072772e-06  6.71033102e-06
299.652 -8.82102986e-06  1.68970112e-06
299.848 -7.94408139e-06 -3.77238287e-06
300.044 -4.07912806e-06 -7.58056892e-06
300.239  1.18687184e-06 -8.34235494e-06
300.435  5.78540231e-06 -5.87737158e-06
300.630  7.97530494e-06 -1.25220954e-06
300.826  6.99953686e-06  3.67083732e-06
301.021  3.35011486e-06  6.97806729e-06
301.217 -1.46073672e-06  7.44248713e-06
301.413 -5.52001540e-06  4.98148425e-06
301.608 -7.26587566e-06  6.56576431e-07
301.804 -6.08758172e-06 -3.77606250e-06
301.999 -2.54058718e-06 -6.56811858e-06
302.195  1.90502361e-06 -6.66349384e-06
302.391  5.46310113e-06 -4.09918287e-06
302.586  6.74015892e-06  3.78360807e-08
302.782  5.28020065e-06  4.06238312e-06
302.977  1.72415301e-06  6.36649908e-06
303.173 -2.46570879e-06  6.05821458e-06
303.369 -5.59612794e-06  3.30301546e-06
303.564 -6.42139140e-06 -7.60209950e-07
303.760 -4.63405315e-06 -4.48134689e-06
303.955 -9.73623360e-07 -6.36261140e-06
304.151  3.07486099e-06 -5.65609360e-06
304.347  5.87743509e-06 -2.65281910e-06
304.542  6.30625182e-06  1.43739788e-06
304.738  4.18395330e-06  4.96932201e-06
304.933  3.52275215e-07  6.52164036e-06
305.129 -3.66030827e-06  5.46021946e-06
305.325 -6.24841530e-06  2.18920266e-06
305.520 -6.36601756e-06 -2.00362514e-06
305.716 -3.93990253e-06 -5.45634444e-06
305.911  9.38860328e-08 -6.78948110e-06
306.107  4.15528257e-06 -5.44844114e-06
306.303  6.64111221e-06 -1.92929789e-06
306.498  6.55145856e-06  2.40897955e-06
306.694  3.88712805e-06  5.87479872e-06
306.889 -3.41773336e-07  7.10037690e-06
307.085 -4.50639573e-06  5.57765232e-06
307.281 -6.98700746e-06  1.86508005e-06
307.476 -6.80045113e-06 -2.62502817e-06
307.672 -3.98865902e-06 -6.16749869e-06
307.867  3.93342810e-07 -7.38623131e-06
308.063  4.67933593e-06 -5.78998844e-06
308.259  7.22608210e-06 -1.96507720e-06
308.454  7.04643723e-06  2.64701543e-06
308.650  4.19041407e-06  6.29467888e-06
308.845 -2.73922746e-07  7.58558546e-06
309.041 -4.66242790e-06  6.02019847e-06
309.236 -7.31450728e-06  2.17952444e-06
309.432 -7.22655163e-06 -2.49331225e-06
309.628 -4.42875904e-06 -6.23885689e-06
309.823  2.76996980e-08 -7.65081641e-06
310.019  4.46771284e-06 -6.20402306e-06
310.214  7.22943688e-06 -2.44787001e-06
310.410  7.28907848e-06  2.20255732e-06
310.606  4.63943032e-06  6.00627009e-06
310.801  2.88423941e-07  7.55314447e-06
310.997 -4.12878678e-06  6.28669435e-06
311.192 -6.97055527e-06  2.70688744e-06
311.388 -7.19978767e-06 -1.82840559e-06
311.584 -4.76590980e-06 -5.62468466e-06
311.779 -6.12015909e-07 -7.28553745e-06
311.975  3.69538829e-06 -6.22984733e-06
312.170  6.55902665e-06 -2.89826179e-06
312.366  6.94601778e-06  1.43206988e-06
312.562  4.76585165e-06  5.13868470e-06
312.757  8.83066035e-07  6.86321033e-06
312.953 -3.22603647e-06  6.01550439e-06
313.148 -6.03437697e-06  2.97541298e-06
313.344 -6.53743939e-06 -1.07383021e-06
313.540 -4.61538946e-06 -4.60363054e-06
313.735 -1.05186168e-06 -6.32105810e-06
313.931  2.78035463e-06 -5.64700713e-06
314.126  5.44918664e-06 -2.90916011e-06
314.322  6.00346757e-06  8.05320561e-07
314.518  4.31147721e-06  4.07875325e-06
314.713  1.08517275e-06  5.70812347e-06
314.909 -2.41200896e-06  5.14760713e-06
315.104 -4.86177434e-06  2.69114526e-06
315.300 -5.38843161e-06 -6.63773221e-07
315.496 -3.87189154e-06 -3.61958028e-06
315.691 -9.69517999e-07 -5.08037938e-06
315.887  2.16245343e-06 -4.55710963e-06
316.082  4.32811587e-06 -2.33397149e-06
316.278  4.74562942e-06  6.68360406e-07
316.474  3.33228097e-06  3.27065915e-06
316.669  7.11520174e-07  4.49347279e-06
316.865 -2.05591667e-06  3.92651035e-06
317.060 -3.89478015e-06  1.86823774e-06
317.256 -4.13069926e-06 -8.18414503e-07
317.452 -2.74053311e-06 -3.06011327e-06
317.647 -3.36147166e-07 -3.99621390e-06
317.843  2.09665021e-06 -3.31087867e-06
318.038  3.59387216e-06 -1.33765300e-06
318.234  3.59448999e-06  1.09387617e-06
318.429  2.14979748e-06  2.99705754e-06
318.625 -1.16787471e-07  3.62489196e-06
318.821 -2.26931799e-06  2.76173570e-06
319.016 -3.43994918e-06  7.93256015e-07
319.212 -3.17636055e-06 -1.45853670e-06
319.407 -1.61165871e-06 -3.07172310e-06
319.603  5.97996566e-07 -3.39885124e-06
319.799  2.54225732e-06 -2.32060640e-06
319.994  3.42872771e-06 -2.87066626e-07
320.190  2.89941449e-06  1.86571938e-06
320.385  1.17013172e-06  3.25749830e-06
320.581 -1.05563649e-06  3.31834090e-06
320.777 -2.87239513e-06  2.01458785e-06
320.972 -3.53794874e-06 -1.34642018e-07
321.168 -2.76854931e-06 -2.26503300e-06
321.363 -8.56516590e-07 -3.51458129e-06
321.559  1.44247565e-06 -3.36542380e-06
321.755  3.21086326e-06 -1.85383712e-06
321.950  3.73089427e-06  4.37444463e-07
322.146  2.77103978e-06  2.60873743e-06
322.341  6.85569390e-07  3.79531187e-06
322.537 -1.72170560e-06  3.50746967e-06
322.733 -3.50902630e-06  1.83072347e-06
322.928 -3.96204689e-06 -6.02870350e-07
323.124 -2.87879688e-06 -2.85723953e-06
323.319 -6.53905936e-07 -4.05084147e-06
323.515  1.87077773e-06 -3.70203604e-06
323.711  3.72478961e-06 -1.92104518e-06
323.906  4.18356331e-06  6.29788084e-07
324.102  3.05209999e-06  2.98373183e-06
324.297  7.41333361e-07  4.23783785e-06
324.493 -1.88343219e-06  3.90228326e-06
324.689 -3.82815605e-06  2.08774898e-06
324.884 -4.35121341e-06 -5.33451613e-07
325.080 -3.24488768e-06 -2.97749939e-06
325.275 -9.14541007e-07 -4.32372239e-06
325.471  1.77013378e-06 -4.06272108e-06
325.667  3.80470942e-06 -2.28657005e-06
325.862  4.42939392e-06  3.43028607e-07
326.058  3.41117516e-06  2.84497090e-06
326.253  1.13193038e-06  4.28992399e-06
326.449 -1.55652005e-06  4.14508266e-06
326.644 -3.65645476e-06  2.47219573e-06
326.840 -4.39526075e-06 -9.78185783e-08
327.036 -3.51126906e-06 -2.60800470e-06
327.231 -1.34879617e-06 -4.13344803e-06
327.427  1.27953163e-06 -4.12332599e-06
327.622  3.40054684e-06 -2.60374961e-06
327.818  4.24153461e-06 -1.57938936e-07
328.014  3.51643207e-06  2.30007927e-06
328.209  1.52276063e-06  3.86696494e-06
328.405 -9.81862581e-07  3.98654586e-06
328.600 -3.06668230e-06  2.64935218e-06
328.796 -3.97708503e-06  3.81212392e-07
328.992 -3.41162673e-06 -1.96155375e-06
329.187 -1.61924761e-06 -3.51697608e-06
329.383  7.06101347e-07 -3.73933805e-06
329.578  2.69328100e-06 -2.58979358e-06
329.774  3.62487507e-06 -5.35924698e-07
329.970  3.19666457e-06  1.63471246e-06
330.165  1.61595179e-06  3.11981540e-06
330.361 -4.89683500e-07  3.40024340e-06
330.556 -2.32239835e-06  2.42085957e-06
330.752 -3.21805697e-06  5.97065872e-07
330.948 -2.88596098e-06 -1.35863888e-06
331.143 -1.50519026e-06 -2.71621060e-06
331.339  3.60785455e-07 -2.99901954e-06
331.534  1.99387936e-06 -2.15346104e-06
331.730  2.79536255e-06 -5.52932256e-07
331.926  2.50645952e-06  1.16417034e-06
332.121  1.29383453e-06  2.34577774e-06
332.317 -3.35096581e-07  2.57284367e-06
332.512 -1.74009471e-06  1.81131240e-06
332.708 -2.39640377e-06  4.05916392e-07
332.904 -2.09356509e-06 -1.06992916e-06
333.099 -1.00153707e-06 -2.04239621e-06
333.295  4.13924257e-07 -2.16134992e-06
333.490  1.58234152e-06 -1.42698012e-06
333.686  2.05684582e-06 -1.71973189e-07
333.882  1.68584379e-06  1.08048410e-06
334.077  6.57919863e-07  1.83052331e-06
334.273 -5.84469799e-07  1.80108735e-06
334.468 -1.52905592e-06  1.03741914e-06
334.664 -1.80376458e-06 -1.21667262e-07
334.860 -1.31986009e-06 -1.18680463e-06
335.055 -2.98798611e-07 -1.72238185e-06
335.251  8.22394428e-07 -1.52072461e-06
335.446  1.57536743e-06 -6.79522957e-07
335.642  1.65217935e-06  4.40617233e-07
335.837  1.02598095e-06  1.36823083e-06
336.033 -3.86230163e-08  1.71649098e-06
336.229 -1.09577103e-06  1.33796394e-06
336.424 -1.70388575e-06  3.85619995e-07
336.620 -1.60369498e-06 -7.48440874e-07
336.815 -8.25098574e-07 -1.59531631e-06
337.011  3.20967006e-07 -1.79829267e-06
337.207  1.36936337e-06 -1.25815864e-06
337.402  1.88714765e-06 -1.79223378e-07
337.598  1.64727997e-06  1.01146163e-06
337.793  7.26194939e-07  1.83354910e-06
337.989 -5.23023421e-07  1.94290069e-06
338.185 -1.60882320e-06  1.27415465e-06
338.380 -2.09174592e-06  7.20234048e-08
338.576 -1.76138069e-06 -1.20256085e-06
338.771 -7.25251886e-07 -2.04799918e-06
338.967  6.30370566e-07 -2.11902738e-06
339.163  1.78489493e-06 -1.36730365e-06
339.358  2.28324428e-06 -6.29741048e-08
339.554  1.91678589e-06  1.30407324e-06
339.749  8.06204856e-07  2.20820227e-06
339.945 -6.40378474e-07  2.29306885e-06
340.141 -1.87727498e-06  1.51004662e-06
340.336 -2.43061977e-06  1.39360291e-07
340.532 -2.08027106e-06 -1.30986112e-06
340.727 -9.43833111e-07 -2.29205038e-06
340.923  5.62111497e-07 -2.43303837e-06
341.119  1.87717483e-06 -1.67001530e-06
341.314  2.50966870e-06 -2.79013000e-07
341.510  2.21905967e-06  1.22605673e-06
341.705  1.10761327e-06  2.28797309e-06
341.901 -4.15136095e-07  2.51246984e-06
342.097 -1.78784312e-06  1.81471880e-06
342.292 -2.50555689e-06  4.53152850e-07
342.488 -2.30538051e-06 -1.06984066e-06
342.683 -1.26559885e-06 -2.19562281e-06
342.879  2.26834525e-07 -2.51392135e-06
343.075  1.62326203e-06 -1.91564160e-06
343.270  2.41457207e-06 -6.29957775e-07
343.466  2.31993632e-06  8.66439517e-07
343.661  1.38810788e-06  2.02555091e-06
343.857 -2.83439447e-08  2.43111940e-06
344.052 -1.40585334e-06  1.95128116e-06
344.248 -2.24454097e-06  7.78836566e-07
344.444 -2.25367532e-06 -6.45362478e-07
344.639 -1.45133602e-06 -1.79785346e-06
344.835 -1.49893220e-07 -2.26911774e-06
345.030  1.16366653e-06 -1.90937072e-06
345.226  2.01336323e-06 -8.74654433e-07
345.422  2.10818119e-06  4.36737828e-07
345.617  1.44050417e-06  1.53940774e-06
345.813  2.81873564e-07  2.04279377e-06
346.008 -9.26912942e-07  1.78832974e-06
346.204 -1.74594481e-06  9.00789497e-07
346.400 -1.89516450e-06 -2.67874940e-07
346.595 -1.35161892e-06 -1.27988578e-06
346.791 -3.48730912e-07 -1.77451736e-06
346.986  7.23881351e-07 -1.59739587e-06
347.182  1.47054410e-06 -8.50539469e-07
347.378  1.63497129e-06  1.59918287e-07
347.573  1.19130807e-06  1.04754078e-06
347.769  3.40663936e-07  1.49137695e-06
347.964 -5.77031621e-07  1.35494182e-06
348.160 -1.21531700e-06  7.27249626e-07
348.356 -1.35375371e-06 -1.25036983e-07
348.551 -9.75143894e-07 -8.65799144e-07
348.747 -2.58101683e-07 -1.22181065e-06
348.942  5.00333468e-07 -1.08535960e-06
349.138  1.00511723e-06 -5.43630087e-07
349.334  1.07956879e-06  1.65038522e-07
349.529  7.25286243e-07  7.50892106e-07
349.725  1.11560414e-07  9.91723317e-07
349.920 -4.98209639e-07  8.15536516e-07
350.116 -8.58421436e-07  3.20145800e-07
350.312 -8.38419890e-07 -2.71828546e-07
350.507 -4.67766584e-07 -7.10207560e-07
350.703  8.02230180e-08 -8.20903437e-07
350.898  5.65638602e-07 -5.71616864e-07
351.094  7.84844089e-07 -8.21466273e-08
351.290  6.51178914e-07  4.29225157e-07
351.485  2.29226590e-07  7.41387547e-07
351.681 -2.93424658e-07  7.20739043e-07
351.876 -6.88984618e-07  3.76033548e-07
352.072 -7.84098862e-07 -1.43930132e-07
352.268 -5.31522910e-07 -6.15319232e-07
352.463 -3.32356282e-08 -8.32722099e-07
352.659  5.02519377e-07 -6.93479285e-07
352.854  8.47715669e-07 -2.44690418e-07
353.050  8.46730000e-07  3.34264413e-07
353.245  4.84551524e-07  8.05132623e-07
353.441 -1.02968237e-07  9.65184275e-07
353.637 -6.83301537e-07  7.32554065e-07
353.832 -1.01729845e-06  1.84804394e-07
354.028 -9.56042331e-07 -4.70398613e-07
354.223 -5.06140178e-07 -9.73756991e-07
354.419  1.70389946e-07 -1.11555221e-06
354.615  8.15616590e-07 -8.23532869e-07
354.810  1.17286536e-06 -1.94199913e-07
355.006  1.09044066e-06  5.41003789e-07
355.201  5.83563049e-07  1.09981808e-06
355.397 -1.68718841e-07  1.25963125e-06
355.593 -8.85918608e-07  9.45923863e-07
355.788 -1.29264611e-06  2.62276732e-07
355.984 -1.22600600e-06 -5.43015638e-07
356.179 -6.97655990e-07 -1.16840994e-06
356.375  1.05828572e-07 -1.37504978e-06
356.571  8.89119464e-07 -1.07606632e-06
356.766  1.36039366e-06 -3.72019181e-07
356.962  1.33950593e-06  4.82049429e-07
357.157  8.25902557e-07  1.17265579e-06
357.353  3.29159508e-09  1.44376221e-06
357.549 -8.28980855e-07  1.19065142e-06
357.744 -1.36686743e-06  5.02298087e-07
357.940 -1.41163038e-06 -3.71566726e-07
358.135 -9.45475088e-07 -1.11387367e-06
358.331 -1.38396885e-07 -1.45434573e-06
358.527  7.16939482e-07 -1.26986721e-06
358.722  1.31073604e-06 -6.30347268e-07
358.918  1.42959652e-06  2.30617518e-07
359.113  1.03579497e-06  1.00092236e-06
359.309  2.76845934e-07  1.40354863e-06
359.505 -5.70055497e-07  1.29950602e-06
359.700 -1.19878296e-06  7.34624189e-07
359.896 -1.38837655e-06 -8.08301931e-08
360.091 -1.08080617e-06 -8.49056993e-07
360.287 -3.96947259e-07 -1.29640282e-06
360.483  4.08780472e-07 -1.27218886e-06
360.678  1.04490109e-06 -7.97811889e-07
360.874  1.29062782e-06 -5.64307801e-08
361.069  1.07102713e-06  6.78036103e-07
361.265  4.80816909e-07  1.14488430e-06
361.460 -2.54592948e-07  1.18806356e-06
361.656 -8.67775183e-07  8.09107406e-07
361.852 -1.14591942e-06  1.62393369e-07
362.047 -1.00482066e-06 -5.09317977e-07
362.243 -5.16185816e-07 -9.65852526e-07
362.438  1.27291755e-07 -1.05482750e-06
362.634  6.87972102e-07 -7.65143958e-07
362.830  9.69535382e-07 -2.22933487e-07
363.025  8.88256299e-07  3.62902401e-07
363.221  4.97388106e-07  7.78907033e-07
363.416 -4.22313515e-08  8.86578663e-07
363.612 -5.25311297e-07  6.69718765e-07
363.808 -7.80575135e-07  2.30393806e-07
364.003 -7.33647807e-07 -2.54762463e-07
364.199 -4.25884457e-07 -6.04150017e-07
364.394  8.33366041e-09 -7.01477355e-07
364.590  3.96762052e-07 -5.32939987e-07
364.786  5.99227515e-07 -1.84605401e-07
364.981  5.57519385e-07  1.95311166e-07
365.177  3.10135288e-07  4.59633376e-07
365.372 -2.74337452e-08  5.18960060e-07
365.568 -3.14584582e-07  3.70005684e-07
365.764 -4.43805945e-07  9.25407156e-08
365.959 -3.78566241e-07 -1.88611342e-07
366.155 -1.64341373e-07 -3.58816459e-07
366.350  9.47101338e-08 -3.57318560e-07
366.546  2.84715269e-07 -1.99311439e-07
366.742  3.28449365e-07  3.32362772e-08
366.937  2.15536754e-07  2.31995996e-07
367.133  6.10438919e-09  3.08852379e-07
367.328 -1.99592424e-07  2.31802703e-07
367.524 -3.05969093e-07  3.98079451e-08
367.720 -2.61835946e-07 -1.76557501e-07
367.915 -8.48272655e-08 -3.16322651e-07
368.111  1.46222717e-07 -3.10169164e-07
368.306  3.26988480e-07 -1.52937473e-07
368.502  3.70562391e-07  9.17698597e-08
368.698  2.46557575e-07  3.19578492e-07
368.893 -1.85266587e-09  4.27316993e-07
369.089 -2.75755011e-07  3.57020183e-07
369.284 -4.59158574e-07  1.25086062e-07
369.480 -4.65716766e-07 -1.82953681e-07
369.676 -2.78853014e-07 -4.44784517e-07
369.871  3.89496646e-08 -5.47893661e-07
370.067  3.68793743e-07 -4.38418832e-07
370.262  5.78274762e-07 -1.45844869e-07
370.458  5.75586106e-07  2.26619279e-07
370.653  3.48968211e-07  5.37268122e-07
370.849 -2.72871605e-08  6.60672578e-07
371.045 -4.16363594e-07  5.39367367e-07
371.240 -6.69012659e-07  2.06716598e-07
371.436 -6.83082414e-07 -2.21477884e-07
371.631 -4.42573687e-07 -5.86875635e-07
371.827 -2.65796407e-08 -7.50014648e-07
372.023  4.15491693e-07 -6.42715649e-07
372.218  7.20376520e-07 -2.94750559e-07
372.414  7.71784982e-07  1.72247746e-07
372.609  5.43059190e-07  5.89454792e-07
372.805  1.11313514e-07  8.03584485e-07
373.001 -3.69637953e-07  7.31640760e-07
373.196 -7.26594887e-07  3.94403633e-07
373.392 -8.28102948e-07 -8.91992944e-08
373.587 -6.33917903e-07 -5.46904078e-07
373.783 -2.12021968e-07 -8.13762978e-07
373.979  2.87894492e-07 -7.92069357e-07
374.174  6.87504576e-07 -4.89271554e-07
374.370  8.43251229e-07 -1.33244104e-08
374.565  7.00617465e-07  4.66457462e-07
374.761  3.12105291e-07  7.78788005e-07
374.957 -1.83322860e-07  8.14301292e-07
375.152 -6.08640802e-07  5.63919094e-07
375.348 -8.14297751e-07  1.19174246e-07
375.543 -7.32031410e-07 -3.59724981e-07
375.739 -3.95663411e-07 -7.03023435e-07
375.935  7.11574937e-08 -7.93747929e-07
376.130  5.00691662e-07 -6.05940766e-07
376.326  7.44061181e-07 -2.12653963e-07
376.521  7.21742417e-07  2.41462893e-07
376.717  4.49757716e-07  5.96042601e-07
376.913  3.28419515e-08  7.31222187e-07
377.108 -3.77960292e-07  6.07772956e-07
377.304 -6.40337036e-07  2.80238034e-07
377.499 -6.69049690e-07 -1.27735448e-07
377.695 -4.65843575e-07 -4.70954726e-07
377.891 -1.14146977e-07 -6.32954009e-07
378.086  2.56136546e-07 -5.67552278e-07
378.282  5.14936846e-07 -3.11883580e-07
378.477  5.79088745e-07  3.35850165e-08
378.673  4.40369308e-07  3.42678643e-07
378.868  1.61422790e-07  5.09962420e-07
379.064 -1.50165094e-07  4.88880893e-07
379.260 -3.82457497e-07  3.02234213e-07
379.455 -4.61814813e-07  2.90707780e-08
379.651 -3.74985533e-07 -2.26376124e-07
379.846 -1.68180688e-07 -3.76470376e-07
380.042  7.26741964e-08 -3.80008536e-07
380.238  2.58457828e-07 -2.51499315e-07
380.433  3.30332655e-07 -5.26889133e-08
380.629  2.76491549e-07  1.35768480e-07
380.824  1.33454995e-07  2.47727656e-07
381.020 -3.27790087e-08  2.52877519e-07
381.216 -1.57217830e-07  1.65431725e-07
381.411 -1.99251693e-07  3.45680867e-08
381.607 -1.56134948e-07 -8.12818963e-08
381.802 -6.14499470e-08 -1.38020418e-07
381.998  3.49793335e-08 -1.21904473e-07
382.194  8.98079958e-08 -5.42321949e-08
382.389  8.32135945e-08  2.30129943e-08
382.585  2.80035194e-08  6.85612996e-08
382.780 -3.93017332e-08  5.92559544e-08
382.976 -7.84050157e-08  2.19464808e-09
383.172 -6.30239475e-08 -6.90891293e-08
383.367  4.70165378e-09 -1.12904499e-07
383.563  9.30694622e-08 -9.79668299e-08
383.758  1.56865371e-07 -1.98861005e-08
383.954  1.56962954e-07  9.25828652e-08
384.150  7.90421972e-08  1.90249308e-07
384.345 -5.47062073e-08  2.23834774e-07
384.541 -1.93328720e-07  1.65024662e-07
384.736 -2.77084383e-07  2.39100232e-08
384.932 -2.60482000e-07 -1.51933147e-07
385.128 -1.35342564e-07 -2.95045607e-07
385.323  6.16120741e-08 -3.42005333e-07
385.519  2.61335210e-07 -2.61265919e-07
385.714  3.85290471e-07 -7.02428645e-08
385.910  3.76279950e-07  1.69405042e-07
386.106  2.24853557e-07  3.70827948e-07
386.301 -2.51654098e-08  4.53056401e-07
386.497 -2.88904389e-07  3.75090638e-07
386.692 -4.68267784e-07  1.52966061e-07
386.888 -4.90547925e-07 -1.42813995e-07
387.084 -3.36714050e-07 -4.08072286e-07
387.279 -5.04782134e-08 -5.43677478e-07
387.475  2.71986530e-07 -4.92863118e-07
387.670  5.15761204e-07 -2.62477467e-07
387.866  5.89537141e-07  7.42734908e-08
388.061  4.57798882e-07  4.01492110e-07
388.257  1.57551534e-07  6.02632919e-07
388.453 -2.11180374e-07  6.00490133e-07
388.648 -5.21133261e-07  3.86931915e-07
388.844 -6.60864094e-07  2.99597456e-08
389.039 -5.74493528e-07 -3.50207431e-07
389.235 -2.85431826e-07 -6.21534111e-07
389.431  1.11404806e-07 -6.85165887e-07
389.626  4.81461242e-07 -5.13416045e-07
389.822  6.94881757e-07 -1.60214551e-07
390.017  6.74031838e-07  2.57168968e-07
390.213  4.21592888e-07  5.95581165e-07
390.409  1.92081229e-08  7.36599371e-07
390.604 -3.97530584e-07  6.28906881e-07
390.800 -6.85562989e-07  3.04795001e-07
390.995 -7.45254819e-07 -1.28440395e-07
391.191 -5.52977583e-07 -5.23954622e-07
391.387 -1.70563091e-07 -7.47423596e-07
391.582  2.73697453e-07 -7.21342416e-07
391.778  6.30497628e-07 -4.51485584e-07
391.973  7.79170046e-07 -2.73963214e-08
392.169  6.67445569e-07  4.09433346e-07
392.365  3.31495715e-07  7.13150979e-07
392.560 -1.17243198e-07  7.80728432e-07
392.756 -5.30282584e-07  5.88540480e-07
392.951 -7.69519193e-07  1.99981195e-07
393.147 -7.54652674e-07 -2.57378024e-07
393.343 -4.90427611e-07 -6.32125705e-07
393.538 -6.28083969e-08 -7.99746517e-07
393.734  3.87915457e-07 -7.05105865e-07
393.929  7.13028617e-07 -3.78259901e-07
394.125  8.06159703e-07  7.47336597e-08
394.321  6.36120500e-07  5.05417026e-07
394.516  2.56844201e-07  7.73552150e-07
394.712 -2.08406719e-07  7.91498448e-07
394.907 -6.08978018e-07  5.51543055e-07
395.103 -8.15203457e-07  1.30512346e-07
395.299 -7.58433000e-07 -3.36294887e-07
395.494 -4.55214801e-07 -6.99123195e-07
395.690 -1.68235050e-09 -8.39534714e-07
395.885  4.58304845e-07 -7.09948300e-07
396.081  7.76578024e-07 -3.49596937e-07
396.276  8.48578437e-07  1.29317679e-07
396.472  6.48230864e-07  5.74773836e-07
396.668  2.34947162e-07  8.42592361e-07
396.863 -2.62906371e-07  8.44128976e-07
397.059 -6.86545264e-07  5.73321129e-07
397.254 -8.98666182e-07  1.10389111e-07
397.450 -8.26067645e-07 -3.99998330e-07
397.646 -4.83710476e-07 -7.95103320e-07
397.841  2.55106713e-08 -9.44786335e-07
398.037  5.42441670e-07 -7.92351136e-07
398.232  9.00963941e-07 -3.77161616e-07
398.428  9.78759380e-07  1.75333551e-07
398.624  7.39922575e-07  6.91772155e-07
398.819  2.50123510e-07  1.00240681e-06
399.015 -3.42071112e-07  9.97018367e-07
399.210 -8.47496355e-07  6.64266151e-07
399.406 -1.09597840e-06  9.78982964e-08
399.602 -9.94398273e-07 -5.27188118e-07
399.797 -5.59026984e-07 -1.00712801e-06
