0.189  7.72776381e-03 -1.22395755e-03
0.378  4.41557729e-03  1.12514345e-03
0.568  2.37191112e-03  2.20586857e-03
0.757  7.01434072e-04  2.36742273e-03
0.946 -5.69892875e-04  1.93395735e-03
1.135 -1.27437947e-03  1.06601727e-03
1.325 -1.43266545e-03  1.36300049e-04
1.514 -1.10786872e-03 -5.93371125e-04
1.703 -5.02549683e-04 -1.00069559e-03
1.892  1.54602080e-04 -9.96520579e-04
2.081  6.39748408e-04 -6.58543501e-04
2.271  8.07796081e-04 -1.50892786e-04
2.460  6.93447603e-04  3.26267251e-04
2.649  3.39373496e-04  6.29776047e-04
2.838 -6.63864467e-05  6.62179052e-04
3.027 -4.04046348e-04  4.58298755e-04
3.217 -5.63100341e-04  1.25185224e-04
3.406 -4.99337566e-04 -2.08723975e-04
3.595 -2.63998472e-04 -4.36273119e-04
3.784  3.84945713e-05 -4.91477283e-04
3.974  2.99777959e-04 -3.58626229e-04
4.163  4.33672444e-04 -1.04923487e-04
4.352  3.96126981e-04  1.60383063e-04
4.541  2.15820166e-04  3.41456410e-04
4.730 -2.13696308e-05  3.75639243e-04
4.920 -2.34883426e-04  2.74571345e-04
5.109 -3.41134111e-04  7.88246695e-05
5.298 -3.15563801e-04 -1.37850268e-04
5.487 -1.76573043e-04 -2.84990511e-04
5.677  1.76424016e-05 -3.16617561e-04
5.866  1.85559039e-04 -2.29983934e-04
6.055  2.75327540e-04 -6.24313895e-05
6.244  2.58487554e-04  1.19444030e-04
6.433  1.40659753e-04  2.44309611e-04
6.623 -2.61671498e-05  2.70599586e-04
6.812 -1.74825588e-04  1.98611207e-04
7.001 -2.47759450e-04  5.60903564e-05
7.190 -2.22203798e-04 -9.71804909e-05
7.379 -1.14561869e-04 -2.01411228e-04
7.569  2.77264075e-05 -2.24067776e-04
7.758  1.51588790e-04 -1.65107839e-04
7.947  2.13719332e-04 -4.75284349e-05
8.136  1.93184485e-04  8.04871289e-05
8.326  1.01591382e-04  1.72564130e-04
8.515 -2.13744257e-05  1.94305090e-04
8.704 -1.31282759e-04  1.40375305e-04
8.893 -1.86849716e-04  3.53211059e-05
9.082 -1.67597402e-04 -7.79736262e-05
9.272 -8.64368577e-05 -1.58083696e-04
9.461  2.31325479e-05 -1.74462644e-04
9.650  1.18975450e-04 -1.22900243e-04
9.839  1.65048612e-04 -2.74728614e-05
10.029  1.47564974e-04  7.58212900e-05
10.218  7.58177785e-05  1.49365822e-04
10.407 -2.15636860e-05  1.65657450e-04
10.596 -1.06346657e-04  1.20739093e-04
10.785 -1.47890069e-04  3.42743359e-05
10.975 -1.32526661e-04 -5.95185300e-05
11.164 -6.71549824e-05 -1.24894306e-04
11.353  2.10291950e-05 -1.39409844e-04
11.542  9.74712474e-05 -1.01165289e-04
11.731  1.34789728e-04 -2.63169038e-05
11.921  1.20446715e-04  5.53630658e-05
12.110  6.08293466e-05  1.12444870e-04
12.299 -1.97402608e-05  1.24361640e-04
12.488 -8.95757118e-05  8.73852003e-05
12.678 -1.22567005e-04  1.67448172e-05
12.867 -1.07127945e-04 -5.90830984e-05
13.056 -5.07390323e-05 -1.10828657e-04
13.245  2.35238017e-05 -1.19438241e-04
13.434  8.74279161e-05 -8.27284920e-05
13.624  1.17329626e-04 -1.62300286e-05
13.813  1.02963933e-04  5.38663401e-05
14.002  5.16567877e-05  1.01091838e-04
14.191 -1.57966785e-05  1.08320235e-04
14.381 -7.35441577e-05  7.45986734e-05
14.570 -9.98866570e-05  1.42901884e-05
14.759 -8.59314327e-05 -4.91609666e-05
14.948 -3.86603401e-05 -9.13979334e-05
15.137  2.29249698e-05 -9.72025263e-05
15.327  7.49511188e-05 -6.64316192e-05
15.516  9.80483252e-05 -1.22460282e-05
15.705  8.46729696e-05  4.40982298e-05
15.894  4.10152572e-05  8.10120875e-05
16.083 -1.55609810e-05  8.50129360e-05
16.273 -6.30734315e-05  5.55971773e-05
16.462 -8.39632550e-05  4.89301358e-06
16.651 -7.14386446e-05 -4.69214256e-05
16.840 -3.14808289e-05 -8.01472504e-05
17.030  1.95478404e-05 -8.29800377e-05
17.219  6.16009298e-05 -5.49820770e-05
17.408  7.88344464e-05 -7.65065952e-06
17.597  6.52179294e-05  4.01671695e-05
17.786  2.68725247e-05  7.03018784e-05
17.976 -2.06664883e-05  7.18248297e-05
18.165 -5.92769900e-05  4.49191914e-05
18.354 -7.46519902e-05  7.28040416e-07
18.543 -6.13556616e-05 -4.35645100e-05
18.733 -2.51812497e-05 -7.12861537e-05
18.922  1.94787858e-05 -7.22319076e-05
19.111  5.52741963e-05 -4.68450688e-05
19.300  6.84380434e-05 -5.69668328e-06
19.489  5.44583801e-05  3.50673703e-05
19.679  1.94541666e-05  5.96591499e-05
19.868 -2.28409335e-05  5.89680326e-05
20.057 -5.61787138e-05  3.40670570e-05
20.246 -6.81260943e-05 -4.99894124e-06
20.435 -5.49766152e-05 -4.30541109e-05
20.625 -2.25233345e-05 -6.55758400e-05
20.814  1.63361488e-05 -6.46160633e-05
21.003  4.64965318e-05 -4.13218402e-05
21.192  5.67944002e-05 -5.12161315e-06
21.382  4.39501951e-05  2.97075116e-05
21.571  1.33976791e-05  4.99004043e-05
21.760 -2.26611230e-05  4.82532695e-05
21.949 -5.02814338e-05  2.59207993e-05
22.138 -5.92564081e-05 -7.94607523e-06
22.328 -4.65861970e-05 -3.99798875e-05
22.517 -1.76109837e-05 -5.80361690e-05
22.706  1.61637697e-05 -5.54424707e-05
22.895  4.18998236e-05 -3.34989833e-05
23.085  5.00948984e-05 -1.05085010e-06
23.274  3.80367738e-05  2.94322920e-05
23.463  1.09819390e-05  4.65779665e-05
23.652 -2.03023797e-05  4.41931523e-05
23.841 -4.38003447e-05  2.38115927e-05
24.031 -5.06145034e-05 -6.23157290e-06
24.220 -3.85518220e-05 -3.43398645e-05
24.409 -1.27744379e-05 -4.98454810e-05
24.598  1.66236983e-05 -4.72076966e-05
24.787  3.83448629e-05 -2.81018723e-05
24.977  4.42964223e-05 -2.98044182e-07
25.166  3.27890921e-05  2.52937146e-05
25.355  8.72484881e-06  3.87993659e-05
25.544 -1.83432867e-05  3.53973881e-05
25.734 -3.77864185e-05  1.68091457e-05
25.923 -4.22706338e-05 -9.55571275e-06
26.112 -3.03748978e-05 -3.33161642e-05
26.301 -6.83759090e-06 -4.53906973e-05
26.490  1.91300815e-05 -4.14469730e-05
26.680  3.76113789e-05 -2.32248714e-05
26.869  4.19087555e-05  2.03620227e-06
27.058  3.07736932e-05  2.45382907e-05
27.247  8.90158926e-06  3.59439934e-05
27.437 -1.49434103e-05  3.22762553e-05
27.626 -3.16205833e-05  1.53840173e-05
27.815 -3.49330054e-05 -7.74816920e-06
28.004 -2.38737724e-05 -2.80467339e-05
28.193 -3.10572534e-06 -3.77803332e-05
28.383  1.91632341e-05 -3.33389761e-05
28.572  3.44214087e-05 -1.67498177e-05
28.761  3.69147604e-05  5.34989907e-06
28.950  2.59906732e-05  2.44819727e-05
29.139  6.19678004e-06  3.33882396e-05
29.329 -1.47764404e-05  2.89107618e-05
29.518 -2.88958723e-05  1.31822635e-05
29.707 -3.08973338e-05 -7.53511881e-06
29.896 -2.03868261e-05 -2.51809422e-05
30.086 -1.66830556e-06 -3.29704969e-05
30.275  1.79405745e-05 -2.81724772e-05
30.464  3.08474844e-05 -1.28897025e-05
30.653  3.23110233e-05  6.88107977e-06
30.842  2.20948314e-05  2.34480978e-05
31.032  4.34108660e-06  3.05912191e-05
31.221 -1.39154982e-05  2.59016511e-05
31.410 -2.56287137e-05  1.14396099e-05
31.599 -2.65223682e-05 -6.97411502e-06
31.789 -1.64635410e-05 -2.21009323e-05
31.978  4.44863168e-07 -2.82316570e-05
32.167  1.74699351e-05 -2.31465239e-05
32.356  2.80729201e-05 -8.94531171e-06
32.545  2.82650441e-05  8.72193390e-06
32.735  1.80526914e-05  2.30873353e-05
32.924  1.52173343e-06  2.88044908e-05
33.113 -1.49726703e-05  2.38556907e-05
33.302 -2.52886625e-05  1.04319351e-05
33.491 -2.56818946e-05 -6.10108103e-06
33.681 -1.63456392e-05 -1.94129676e-05
33.870 -1.22062919e-06 -2.44747360e-05
34.059  1.37459880e-05 -1.95674499e-05
34.248  2.27584277e-05 -6.91771876e-06
34.438  2.24295273e-05  8.42543287e-06
34.627  1.31374292e-05  2.04666134e-05
34.816 -1.38260158e-06  2.45486889e-05
35.005 -1.54868306e-05  1.92660198e-05
35.194 -2.37293104e-05  6.78916487e-06
35.384 -2.31115562e-05 -8.05924427e-06
35.573 -1.40924692e-05 -1.95617850e-05
35.762 -2.54420267e-07 -2.34577684e-05
35.951  1.29735247e-05 -1.85259958e-05
36.141  2.05315236e-05 -6.84803313e-06
36.330  1.97141951e-05  6.91277848e-06
36.519  1.09941007e-05  1.73864492e-05
36.708 -2.12155131e-06  2.06821472e-05
36.897 -1.44663582e-05  1.56871781e-05
37.087 -2.13778525e-05  4.47673946e-06
37.276 -2.03460701e-05 -8.45923911e-06
37.465 -1.19057568e-05 -1.81458139e-05
37.654  5.03125487e-07 -2.09714601e-05
37.843  1.20500454e-05 -1.59610318e-05
38.033  1.83912318e-05 -5.23934649e-06
38.222  1.71973847e-05  6.93687556e-06
38.411  9.13462677e-06  1.59175640e-05
38.600 -2.48338758e-06  1.83045457e-05
38.790 -1.31355691e-05  1.33222568e-05
38.979 -1.87154602e-05  3.09659576e-06
39.168 -1.71386639e-05 -8.36207920e-06
39.357 -9.19149978e-06 -1.66309238e-05
39.546  1.97410465e-06 -1.85587075e-05
39.736  1.20454381e-05 -1.35727936e-05
39.925  1.71529086e-05 -3.72292157e-06
40.114  1.54822412e-05  7.16816893e-06
40.303  7.85172032e-06  1.48953643e-05
40.493 -2.72058167e-06  1.66146290e-05
40.682 -1.20895008e-05  1.18866377e-05
40.871 -1.66819532e-05  2.68628845e-06
41.060 -1.48961523e-05 -7.28452646e-06
41.249 -7.54385214e-06 -1.40898461e-05
41.439  2.42011306e-06 -1.51663699e-05
41.628  1.10547251e-05 -1.01506662e-05
41.817  1.50853004e-05 -1.01961865e-06
42.006  1.30394681e-05  8.64242266e-06
42.195  5.76360558e-06  1.51773239e-05
42.385 -3.84272052e-06  1.61926263e-05
42.574 -1.20921423e-05  1.13899672e-05
42.763 -1.59290286e-05  2.75714596e-06
42.952 -1.39868538e-05 -6.31687965e-06
43.142 -7.18814494e-06 -1.24132128e-05
43.331  1.68589592e-06 -1.32732015e-05
43.520  9.19009177e-06 -8.72052324e-06
43.709  1.24354602e-05 -7.07147718e-07
43.898  1.02249199e-05  7.59657494e-06
44.088  3.54794913e-06  1.29531780e-05
44.277 -4.96297673e-06  1.32904421e-05
44.466 -1.20238335e-05  8.57434670e-06
44.655 -1.49126621e-05  6.78778742e-07
44.845 -1.26148364e-05 -7.36914295e-06
45.034 -6.11054050e-06 -1.24797656e-05
45.223  2.08711747e-06 -1.27899694e-05
45.412  8.81619123e-06 -8.33149508e-06
45.601  1.15645561e-05 -8.95151855e-07
45.791  9.44560685e-06  6.58643626e-06
45.980  3.39561196e-06  1.12193926e-05
46.169 -4.14333751e-06  1.13264023e-05
46.358 -1.01788480e-05  6.95448893e-06
46.547 -1.24255029e-05 -1.36381268e-07
46.737 -1.00755061e-05 -7.12803488e-06
46.926 -4.07560960e-06 -1.13537501e-05
47.115  3.18535035e-06 -1.12604306e-05
47.304  8.91888773e-06 -6.93465113e-06
47.494  1.10012776e-05 -1.36137532e-07
47.683  8.69392213e-06  6.48045853e-06
47.872  2.99385185e-06  1.04341089e-05
48.061 -3.81344950e-06  1.02661532e-05
48.250 -9.12743129e-06  6.15116469e-06
48.440 -1.09375673e-05 -1.89727386e-07
48.629 -8.61953367e-06 -6.27652686e-06
48.818 -3.20046002e-06 -9.75794957e-06
49.007  3.17031096e-06 -9.30755673e-06
49.197  8.02127470e-06 -5.19595121e-06
49.386  9.46955081e-06  9.33346719e-07
49.575  7.02706405e-06  6.71437801e-06
49.764  1.69898481e-06  9.90527793e-06
49.953 -4.46590326e-06  9.33502855e-06
50.143 -9.09062811e-06  5.30816293e-06
50.332 -1.04553783e-05 -6.10108874e-07
50.521 -8.16170935e-06 -6.12947229e-06
50.710 -3.16855969e-06 -9.16033576e-06
50.899  2.53199410e-06 -8.66541147e-06
51.089  6.69478415e-06 -4.94176666e-06
51.278  7.76950173e-06  4.80278132e-07
51.467  5.40201482e-06  5.40725104e-06
51.656  5.50250445e-07  7.92926113e-06
51.846 -4.83768965e-06  7.09530149e-06
52.035 -8.67404878e-06  3.22553745e-06
52.224 -9.51841735e-06 -2.15051989e-06
52.413 -7.05247872e-06 -6.96574989e-06
52.602 -2.26357841e-06 -9.44030628e-06
52.792  2.98820588e-06 -8.67495763e-06
52.981  6.75540018e-06 -5.04374514e-06
53.170  7.66518364e-06 -3.28784637e-08
53.359  5.46937341e-06  4.42995533e-06
53.549  1.15820438e-06  6.65205012e-06
53.738 -3.53200042e-06  5.82119344e-06
53.927 -6.75610168e-06  2.36781129e-06
54.116 -7.23795326e-06 -2.30346063e-06
54.305 -4.83090419e-06 -6.36173425e-06
54.495 -4.96763544e-07 -8.20024735e-06
54.684  4.10902526e-06 -7.12753682e-06
54.873  7.20867700e-06 -3.59159765e-06
55.062  7.64735540e-06  1.06820318e-06
55.251  5.33532722e-06  5.07297924e-06
55.441  1.18739603e-06  6.92693640e-06
55.630 -3.18201233e-06  6.02778635e-06
55.819 -6.09002734e-06  2.79876005e-06
56.008 -6.49754930e-06 -1.45523830e-06
56.198 -4.32217883e-06 -5.03301483e-06
56.387 -4.56706356e-07 -6.57505997e-06
56.576  3.53554819e-06 -5.52868134e-06
56.765  6.10845396e-06 -2.31809062e-06
56.954  6.30769552e-06  1.76579957e-06
57.144  4.07255971e-06  5.13486703e-06
57.333  3.14386829e-07  6.53397892e-06
57.522 -3.48163212e-06  5.44640806e-06
57.711 -5.88205616e-06  2.33763523e-06
57.901 -5.98030604e-06 -1.53929551e-06
58.090 -3.77000099e-06 -4.70457224e-06
58.279 -1.63455180e-07 -5.95860658e-06
58.468  3.44958082e-06 -4.84135637e-06
58.657  5.70053266e-06 -1.85053217e-06
58.847  5.74049707e-06  1.83737191e-06
59.036  3.62411090e-06  4.81761356e-06
59.225  2.18627589e-07  5.94991198e-06
59.414 -3.16213459e-06  4.85887875e-06
59.603 -5.20516287e-06  2.03728803e-06
59.793 -5.15743745e-06 -1.40495986e-06
59.982 -3.10899752e-06 -4.11101962e-06
60.171  1.21375817e-07 -5.03552099e-06
60.360  3.25650635e-06 -3.87421653e-06
60.550  5.06410756e-06 -1.09705122e-06
60.739  4.88512656e-06  2.20892450e-06
60.928  2.81243780e-06  4.74353871e-06
61.117 -3.48129588e-07  5.56317208e-06
61.306 -3.35203901e-06  4.38984019e-06
61.496 -5.06678742e-06  1.68703411e-06
61.685 -4.88333427e-06 -1.47008445e-06
61.874 -2.89627027e-06 -3.87037144e-06
62.063  8.22478347e-08 -4.64179295e-06
62.253  2.87726974e-06 -3.51919431e-06
62.442  4.44389268e-06 -9.87727529e-07
62.631  4.20061305e-06  1.92027269e-06
62.820  2.27754799e-06  4.08740918e-06
63.009 -5.22325800e-07  4.68405514e-06
63.199 -3.10881972e-06  3.49018151e-06
63.388 -4.48808962e-06  1.01543034e-06
63.577 -4.12440619e-06 -1.77175095e-06
63.766 -2.19710876e-06 -3.80815086e-06
63.955  5.29022729e-07 -4.30441679e-06
64.145  3.01859281e-06 -3.10380830e-06
64.334  4.31134716e-06 -7.05184366e-07
64.523  3.93954294e-06  1.97563854e-06
64.712  2.09855769e-06  3.90402610e-06
64.902 -4.93815159e-07  4.35643175e-06
65.091 -2.82913728e-06  3.21754821e-06
65.280 -4.00721812e-06  9.51449843e-07
65.469 -3.62525293e-06 -1.55149388e-06
65.658 -1.86494600e-06 -3.30615848e-06
65.848  5.75850250e-07 -3.67005106e-06
66.037  2.72151999e-06 -2.53977932e-06
66.226  3.75676613e-06 -3.67866904e-07
66.415  3.31504972e-06  1.96861865e-06
66.605  1.57602590e-06  3.56093053e-06
66.794 -7.56950400e-07  3.82200571e-06
66.983 -2.76552496e-06  2.65545131e-06
67.172 -3.70038248e-06  5.33316181e-07
67.361 -3.20870517e-06 -1.70042903e-06
67.551 -1.49557518e-06 -3.20624946e-06
67.740  7.45927551e-07 -3.41794494e-06
67.929  2.66505473e-06 -2.26554251e-06
68.118  3.54336439e-06 -2.31662857e-07
68.307  3.05447780e-06  1.89900676e-06
68.497  1.43263739e-06  3.32813781e-06
68.686 -6.72665844e-07  3.51595966e-06
68.875 -2.45993090e-06  2.43673504e-06
69.064 -3.23803975e-06  5.52286521e-07
69.254 -2.73591345e-06 -1.40339210e-06
69.443 -1.19543450e-06 -2.65824678e-06
69.632  7.76384085e-07 -2.73047111e-06
69.821  2.39903192e-06 -1.62834172e-06
70.010  3.03133379e-06  2.15152514e-07
70.200  2.45419002e-06  2.08135346e-06
70.389  8.95685143e-07  3.23407554e-06
70.578 -1.04916683e-06  3.25259924e-06
70.767 -2.62031840e-06  2.14690923e-06
70.957 -3.23869640e-06  3.38932956e-07
71.146 -2.70218540e-06 -1.46050387e-06
71.335 -1.22778469e-06 -2.57319320e-06
71.524  5.89200168e-07 -2.61200178e-06
71.713  2.03897624e-06 -1.57996365e-06
71.903  2.59270905e-06  9.34058515e-08
72.092  2.05131844e-06  1.73326241e-06
72.281  6.47235016e-07  2.72186830e-06
72.470 -1.03980569e-06  2.68672645e-06
72.659 -2.36089885e-06  1.65190329e-06
72.849 -2.81203535e-06  5.33737099e-08
73.038 -2.21723938e-06 -1.48579548e-06
73.227 -8.34879474e-07 -2.37939124e-06
73.416  7.90509131e-07 -2.27548276e-06
73.606  2.04409475e-06 -1.23591843e-06
73.795  2.43658362e-06  3.20218273e-07
73.984  1.83266785e-06  1.80553671e-06
74.173  4.90790924e-07  2.64494571e-06
74.362 -1.08093049e-06  2.52552423e-06
74.552 -2.27923422e-06  1.52619708e-06
74.741 -2.64984435e-06  3.33753674e-08
74.930 -2.09055887e-06 -1.37941116e-06
75.119 -8.36582718e-07 -2.16616979e-06
75.309  6.20083665e-07 -2.06039712e-06
75.498  1.69787578e-06 -1.13343950e-06
75.687  1.99715533e-06  2.43133852e-07
75.876  1.42751668e-06  1.50667341e-06
76.065  2.14417054e-07  2.16426968e-06
76.255 -1.14845292e-06  1.97759589e-06
76.444 -2.12169142e-06  1.01324685e-06
76.633 -2.34446314e-06 -3.46337446e-07
76.822 -1.72578419e-06 -1.56521760e-06
77.011 -5.05990361e-07 -2.19465832e-06
77.201  8.31647526e-07 -2.00009951e-06
77.390  1.79259952e-06 -1.06198886e-06
77.579  2.02555632e-06  2.34005420e-07
77.768  1.44988704e-06  1.39461367e-06
77.958  3.19799020e-07  1.98972780e-06
78.147 -9.17900945e-07  1.79364747e-06
78.336 -1.79720762e-06  9.10436009e-07
78.525 -1.97635150e-06 -2.98049120e-07
78.714 -1.40585237e-06 -1.37306749e-06
78.904 -3.33484175e-07 -1.89491257e-06
79.093  8.28851500e-07 -1.67219306e-06
79.282  1.62589734e-06 -8.21356832e-07
79.471  1.74807269e-06  3.24873307e-07
79.661  1.17464083e-06  1.31741032e-06
79.850  1.34364279e-07  1.76073007e-06
80.039 -9.69179468e-07  1.50179172e-06
80.228 -1.69392260e-06  6.48922403e-07
80.417 -1.77132811e-06 -4.74197871e-07
80.607 -1.18352729e-06 -1.42213606e-06
80.796 -1.48502217e-07 -1.83831073e-06
80.985  9.27358959e-07 -1.58389487e-06
81.174  1.63521761e-06 -7.55683505e-07
81.363  1.73178638e-06  3.16868495e-07
81.553  1.18987972e-06  1.21377600e-06
81.742  2.34169364e-07  1.61394099e-06
81.931 -7.44321333e-07  1.37632715e-06
82.120 -1.37852904e-06  6.05992025e-07
82.310 -1.43276734e-06 -3.69598555e-07
82.499 -8.89622752e-07 -1.17089720e-06
82.688  1.42566425e-08 -1.49294776e-06
82.877  9.19750260e-07 -1.20403273e-06
83.066  1.48159409e-06 -4.31954461e-07
83.256  1.47082164e-06  5.14580100e-07
83.445  8.97686239e-07  1.28024734e-06
83.634 -5.98184632e-09  1.56292087e-06
83.823 -9.06074560e-07  1.25671048e-06
84.013 -1.45829371e-06  4.96033823e-07
84.202 -1.45426439e-06 -4.35920418e-07
84.391 -9.20594502e-07 -1.18748089e-06
84.580 -6.58979457e-08 -1.47229470e-06
84.769  7.84370475e-07 -1.21018224e-06
84.959  1.29744097e-06 -5.19971554e-07
85.148  1.29812158e-06  3.27607888e-07
85.337  8.09900204e-07  9.87629893e-07
85.526  2.85788812e-08  1.21002808e-06
85.715 -7.20768830e-07  9.25969156e-07
85.905 -1.13775203e-06  2.44603907e-07
86.094 -1.06999651e-06 -5.56629545e-07
86.283 -5.34838584e-07 -1.15455388e-06
86.472  2.61354782e-07 -1.32760785e-06
86.662  1.00274083e-06 -1.00308651e-06
86.851  1.41912311e-06 -2.99319277e-07
87.040  1.35734146e-06  5.05212225e-07
87.229  8.39471190e-07  1.11719529e-06
87.418  8.00642629e-08  1.32010493e-06
87.608 -6.32739478e-07  1.04189430e-06
87.797 -1.04239535e-06  4.14113379e-07
87.986 -9.95517360e-07 -3.07108720e-07
88.175 -5.32165274e-07 -8.50765793e-07
88.365  1.44931024e-07 -1.00208150e-06
88.554  7.74022385e-07 -7.10727935e-07
88.743  1.10194800e-06 -1.10626943e-07
88.932  9.96617327e-07  5.66603398e-07
89.121  5.13545098e-07  1.05353237e-06
89.311 -1.63417190e-07  1.15135736e-06
89.500 -7.76272873e-07  8.33774080e-07
89.689 -1.07972803e-06  2.22889955e-07
89.878 -9.68827363e-07 -4.55053867e-07
90.067 -4.94386279e-07 -9.32869320e-07
90.257  1.68642429e-07 -1.03789704e-06
90.446  7.58238293e-07 -7.46735283e-07
90.635  1.05245906e-06 -1.69270251e-07
90.824  9.58329660e-07  4.63149085e-07
91.014  5.14353299e-07  9.02318181e-07
91.203 -9.95128911e-08  9.96649355e-07
91.392 -6.33476711e-07  7.14170981e-07
91.581 -8.93075765e-07  1.69357621e-07
91.770 -7.83162755e-07 -4.09953702e-07
91.960 -3.46222576e-07 -8.04879721e-07
92.149  2.31903663e-07 -8.68894695e-07
92.338  7.27227884e-07 -5.72822929e-07
92.527  9.56472029e-07 -4.48728555e-08
92.717  8.25080497e-07  5.05307435e-07
92.906  3.93403924e-07  8.74504469e-07
93.095 -1.61510218e-07  9.14553328e-07
93.284 -6.34326984e-07  6.14291548e-07
93.473 -8.39207581e-07  1.02734304e-07
93.663 -6.96569745e-07 -4.30237915e-07
93.852 -2.76045908e-07 -7.79888380e-07
94.041  2.64168247e-07 -8.08146367e-07
94.230  7.20511842e-07 -5.19752471e-07
94.419  9.12414167e-07 -2.83166975e-08
94.609  7.81028185e-07  4.82541309e-07
94.798  3.87215031e-07  8.09380040e-07
94.987 -1.20740874e-07  8.37281100e-07
95.176 -5.37295616e-07  5.71233980e-07
95.366 -7.04120745e-07  1.13347632e-07
95.555 -5.72181783e-07 -3.48239274e-07
95.744 -1.91695731e-07 -6.27840601e-07
95.933  2.82904235e-07 -6.28296343e-07
96.122  6.56260931e-07 -3.46682013e-07
96.312  7.92245074e-07  1.08748907e-07
96.501  6.37440287e-07  5.51378194e-07
96.690  2.45904517e-07  8.18527607e-07
96.879 -2.22173374e-07  8.12982630e-07
97.069 -5.92577803e-07  5.32059193e-07
97.258 -7.34596237e-07  9.46386899e-08
97.447 -5.91967005e-07 -3.29666174e-07
97.636 -2.31934856e-07 -5.89554724e-07
97.825  1.96059350e-07 -5.83610783e-07
98.015  5.34254336e-07 -3.22966849e-07
98.204  6.48425185e-07  7.61901756e-08
98.393  4.95102320e-07  4.63192573e-07
98.582  1.47686035e-07  6.85157142e-07
98.771 -2.62280718e-07  6.50462972e-07
98.961 -5.77782716e-07  3.83933862e-07
99.150 -6.69612579e-07 -1.22804396e-08
99.339 -5.12500196e-07 -3.91085617e-07
99.528 -1.71360710e-07 -5.99537189e-07
99.718  2.29098781e-07 -5.65456405e-07
99.907  5.27937223e-07 -3.11799222e-07
100.096  6.13835921e-07  6.90282747e-08
100.285  4.66750685e-07  4.24172947e-07
100.474  1.40360084e-07  6.14987445e-07
100.664 -2.35053167e-07  5.81455163e-07
100.853 -5.07831416e-07  3.36281916e-07
101.042 -5.84483539e-07 -2.38755778e-08
101.231 -4.38289041e-07 -3.49242793e-07
101.421 -1.25357114e-07 -5.21817034e-07
101.610  2.20510261e-07 -4.79982954e-07
101.799  4.67507212e-07 -2.36636645e-07
101.988  5.25967785e-07  1.02469852e-07
102.177  3.66956449e-07  4.03360827e-07
102.367  5.90362625e-08  5.56732595e-07
102.556 -2.73518253e-07  4.96643936e-07
102.745 -5.11360379e-07  2.48857974e-07
102.934 -5.59423271e-07 -8.34414462e-08
103.123 -3.99375683e-07 -3.81272409e-07
103.313 -1.03732292e-07 -5.30815618e-07
103.502  2.19133438e-07 -4.73065292e-07
103.691  4.48294973e-07 -2.43385452e-07
103.880  4.91713450e-07  6.94924459e-08
104.070  3.44987637e-07  3.49107538e-07
104.259  7.02581232e-08  4.81221341e-07
104.448 -2.30652171e-07  4.23225570e-07
104.637 -4.33737682e-07  2.06452343e-07
104.826 -4.63404337e-07 -8.96285851e-08
105.016 -3.18634426e-07 -3.43573654e-07
105.205 -5.14797708e-08 -4.54770824e-07
105.394  2.30341358e-07 -3.90682714e-07
105.583  4.11225954e-07 -1.73343197e-07
105.773  4.30293135e-07  1.12501828e-07
105.962  2.79335439e-07  3.47556302e-07
106.151  1.34498082e-08  4.48039912e-07
106.340 -2.55993056e-07  3.77506677e-07
106.529 -4.29878512e-07  1.57726983e-07
106.719 -4.47718966e-07 -1.18727853e-07
106.908 -2.97720171e-07 -3.46678346e-07
107.097 -4.49324888e-08 -4.47785376e-07
107.286  2.09297336e-07 -3.79934960e-07
107.475  3.76187772e-07 -1.75226659e-07
107.665  3.89311211e-07  7.81826364e-08
107.854  2.46078878e-07  2.88867361e-07
108.043  1.35227050e-08  3.73873359e-07
108.232 -2.21822407e-07  2.97811091e-07
108.422 -3.69007616e-07  1.00774631e-07
108.611 -3.64818384e-07 -1.42357694e-07
108.800 -2.19062537e-07 -3.41025828e-07
108.989  1.08536904e-08 -4.11532662e-07
109.178  2.42535217e-07 -3.32787695e-07
109.368  3.80916513e-07 -1.40165716e-07
109.557  3.76499781e-07  9.87755444e-08
109.746  2.39929180e-07  2.87567674e-07
109.935  1.90171561e-08  3.53779361e-07
110.125 -1.97940871e-07  2.82842803e-07
110.314 -3.23366158e-07  1.00056958e-07
110.503 -3.19257428e-07 -1.22529327e-07
110.692 -1.87857128e-07 -2.91311562e-07
110.881  2.07258491e-08 -3.48634140e-07
111.071  2.16122508e-07 -2.75071976e-07
111.260  3.26229420e-07 -9.57835153e-08
111.449  3.12650008e-07  1.10603643e-07
111.638  1.74984958e-07  2.63806047e-07
111.827 -2.71238849e-08  3.10128554e-07
112.017 -2.12374613e-07  2.25173980e-07
112.206 -3.16398677e-07  4.42196501e-08
112.395 -2.94373858e-07 -1.58011361e-07
112.584 -1.54328404e-07 -3.11940042e-07
112.774  4.28911857e-08 -3.57630760e-07
112.963  2.28520906e-07 -2.75964726e-07
113.152  3.34127146e-07 -1.07918645e-07
113.341  3.16717310e-07  8.44823387e-08
113.530  1.93718214e-07  2.31320534e-07
113.720  1.54329000e-08  2.71562286e-07
113.909 -1.53054568e-07  1.98057989e-07
114.098 -2.39910279e-07  4.57158000e-08
114.287 -2.14805880e-07 -1.30226177e-07
114.477 -9.48834295e-08 -2.54747469e-07
114.666  7.80318589e-08 -2.77794761e-07
114.855  2.32930749e-07 -1.97592146e-07
115.044  3.05135978e-07 -4.02699307e-08
115.233  2.74003981e-07  1.33502387e-07
115.423  1.48749141e-07  2.50895534e-07
115.612 -2.54597544e-08  2.73945703e-07
115.801 -1.75107872e-07  1.94911964e-07
115.990 -2.48232485e-07  4.00022527e-08
116.179 -2.21477771e-07 -1.24170934e-07
116.369 -1.00798075e-07 -2.36511332e-07
116.558  6.07659384e-08 -2.60641223e-07
116.747  1.98837459e-07 -1.83182191e-07
116.936  2.67541221e-07 -3.86974436e-08
117.126  2.36997573e-07  1.11296962e-07
117.315  1.20683587e-07  2.15433671e-07
117.504 -2.84855414e-08  2.31427939e-07
117.693 -1.57737903e-07  1.51386335e-07
117.882 -2.17053151e-07  1.47006010e-08
118.072 -1.78975023e-07 -1.28519717e-07
118.261 -6.56291080e-08 -2.25357312e-07
118.450  7.94848950e-08 -2.32471798e-07
118.639  2.05228828e-07 -1.52626436e-07
118.829  2.57529235e-07 -1.91571662e-08
119.018  2.19667990e-07  1.22745893e-07
119.207  1.11981322e-07  2.14324449e-07
119.396 -2.96550215e-08  2.21378843e-07
119.585 -1.48036266e-07  1.49521677e-07
119.775 -1.95417023e-07  2.30731109e-08
119.964 -1.62316506e-07 -1.07885126e-07
120.153 -6.04957853e-08 -1.87316118e-07
120.342  7.13415702e-08 -1.91551501e-07
120.531  1.74737546e-07 -1.19815335e-07
120.721  2.13882744e-07  3.26066248e-09
120.910  1.76257946e-07  1.22679837e-07
121.099  7.13052474e-08  1.93562223e-07
121.288 -5.47928379e-08  1.93013230e-07
121.478 -1.52043654e-07  1.15574857e-07
121.667 -1.89057206e-07 -5.79042633e-09
121.856 -1.46997962e-07 -1.20679488e-07
122.045 -4.25934205e-08 -1.91704555e-07
122.234  7.83874074e-08 -1.89321872e-07
122.424  1.75630263e-07 -1.12883379e-07
122.613  2.12435284e-07  1.16768422e-09
122.802  1.71706966e-07  1.12941903e-07
122.991  7.68993998e-08  1.82534621e-07
123.181 -3.57887315e-08  1.79205830e-07
123.370 -1.27046974e-07  1.11276220e-07
123.559 -1.56627181e-07  8.42053799e-09
123.748 -1.17250139e-07 -9.37913135e-08
123.937 -2.98111262e-08 -1.50310337e-07
124.127  7.61777080e-08 -1.39301896e-07
124.316  1.55542957e-07 -7.11591303e-08
124.505  1.74277832e-07  3.22962703e-08
124.694  1.31168426e-07  1.30066283e-07
124.883  3.92637130e-08  1.79563742e-07
125.073 -6.82464898e-08  1.67728155e-07
125.262 -1.44737756e-07  9.82844980e-08
125.451 -1.66188809e-07 -6.07366127e-09
125.640 -1.27072010e-07 -9.97462757e-08
125.830 -3.81399777e-08 -1.49898718e-07
126.019  6.09303225e-08 -1.42557722e-07
126.208  1.31687983e-07 -7.65428214e-08
126.397  1.53144265e-07  1.83699424e-08
126.586  1.13496318e-07  1.01885332e-07
126.776  3.00310559e-08  1.47785897e-07
126.965 -5.90215776e-08  1.35835124e-07
127.154 -1.24178186e-07  6.97773365e-08
127.343 -1.39378968e-07 -1.79178967e-08
127.533 -9.52299654e-08 -9.65737249e-08
127.722 -1.52372721e-08 -1.36969923e-07
127.911  7.09579449e-08 -1.18229187e-07
128.100  1.33531680e-07 -5.24442299e-08
128.289  1.42854159e-07  3.41878572e-08
128.479  9.82836086e-08  1.13639178e-07
128.668  2.02042127e-08  1.51108936e-07
128.857 -6.72386292e-08  1.33358447e-07
129.046 -1.28063886e-07  7.29866312e-08
129.235 -1.38083439e-07 -1.13171302e-08
129.425 -1.00835787e-07 -8.62302502e-08
129.614 -2.86198051e-08 -1.19533234e-07
129.803  5.10449361e-08 -1.05293379e-07
129.992  1.01612851e-07 -4.91112229e-08
130.182  1.08107857e-07  2.93924022e-08
130.371  6.95475785e-08  9.33009612e-08
130.560 -3.37032550e-09  1.19778466e-07
130.749 -7.71792942e-08  1.01595953e-07
130.938 -1.23131189e-07  4.04264284e-08
131.128 -1.28295931e-07 -3.70849996e-08
131.317 -8.60139905e-08 -9.89615750e-08
131.506 -1.35292323e-08 -1.27422166e-07
131.695  5.71827574e-08 -1.08840615e-07
131.885  1.04735835e-07 -4.95939234e-08
132.074  1.10441077e-07  2.17476085e-08
132.263  6.96981518e-08  8.18166367e-08
132.452  4.61156092e-09  1.09067981e-07
132.641 -6.12908974e-08  8.91657827e-08
132.831 -1.05757850e-07  3.54759044e-08
133.020 -1.06997597e-07 -3.01470966e-08
133.209 -6.83737688e-08 -8.65481711e-08
133.398 -8.31080792e-09 -1.07352340e-07
133.587  5.44787139e-08 -8.57333693e-08
133.777  9.20719654e-08 -3.50666030e-08
133.966  8.83049852e-08  2.93143521e-08
134.155  5.01013546e-08  8.08015203e-08
134.344 -1.12604682e-08  9.57039341e-08
134.534 -7.29772056e-08  7.34844811e-08
134.723 -1.06498637e-07  2.08573868e-08
134.912 -1.03494544e-07 -4.51200092e-08
135.101 -6.58192506e-08 -9.43162598e-08
135.290 -3.59457633e-09 -1.11162394e-07
135.480  5.49220002e-08 -9.26523464e-08
135.669  8.83829921e-08 -4.16693838e-08
135.858  8.92530801e-08  1.85193007e-08
136.047  5.37563013e-08  6.29696746e-08
136.237 -2.13428596e-09  8.02261877e-08
136.426 -5.24465783e-08  6.11109333e-08
136.615 -8.25651982e-08  1.30698396e-08
136.804 -7.94794001e-08 -3.95361250e-08
136.993 -4.19333650e-08 -7.97935687e-08
137.183  9.81768014e-09 -9.24172439e-08
137.372  5.76007551e-08 -6.81912362e-08
137.561  8.52434347e-08 -2.11134141e-08
137.750  7.70608170e-08  3.06902879e-08
137.939  3.92178088e-08  7.13537578e-08
138.129 -1.17841629e-08  8.07988769e-08
138.318 -6.14241487e-08  5.66266954e-08
138.507 -8.77000049e-08  1.20370013e-08
138.696 -7.99837250e-08 -4.06578624e-08
138.886 -4.67003313e-08 -8.00825408e-08
139.075  2.64537787e-09 -8.87812104e-08
139.264  4.95368877e-08 -6.93891638e-08
139.453  7.19062623e-08 -2.82989895e-08
139.642  6.61614528e-08  2.04241108e-08
139.832  3.54951777e-08  5.27498506e-08
140.021 -1.12962130e-08  5.90169362e-08
140.210 -5.09214115e-08  3.92084241e-08
140.399 -6.83827969e-08 -3.26374514e-09
140.589 -6.04180445e-08 -4.83194932e-08
140.778 -2.54476918e-08 -7.69455843e-08
140.967  2.17089311e-08 -8.26248172e-08
141.156  5.99253078e-08 -5.95381920e-08
141.345  7.96143981e-08 -1.58301067e-08
141.535  7.17457373e-08  2.75800971e-08
141.724  3.72223322e-08  5.85428636e-08
141.913 -5.65355929e-09  6.60202101e-08
142.102 -4.30112438e-08  4.40597732e-08
142.291 -6.30268871e-08  6.24255959e-09
142.481 -5.41491079e-08 -3.29170491e-08
142.670 -2.37656065e-08 -6.18449919e-08
142.859  1.41535799e-08 -6.52280267e-08
143.048  4.89869171e-08 -4.35644106e-08
143.238  6.37010330e-08 -9.04097631e-09
143.427  5.19844258e-08  2.90637407e-08
143.616  2.29904071e-08  5.39449469e-08
143.805 -1.55657509e-08  5.32956683e-08
143.994 -4.87801499e-08  3.20862025e-08
144.184 -5.98320316e-08 -3.72747556e-09
144.373 -4.86559526e-08 -4.24318432e-08
144.562 -1.92072081e-08 -6.47195718e-08
144.751  2.08190267e-08 -6.51667981e-08
144.941  5.19744565e-08 -4.54808598e-08
145.130  6.38410647e-08 -9.05413334e-09
145.319  5.57033646e-08  2.68360459e-08
145.508  2.69289022e-08  4.78103723e-08
145.697 -9.28381280e-09  5.06597387e-08
145.887 -3.61371804e-08  3.14544953e-08
146.076 -4.79613508e-08 -1.92827099e-09
146.265 -3.84944302e-08 -3.21100875e-08
146.454 -9.81817005e-09 -5.11094576e-08
146.643  2.20237330e-08 -5.12979310e-08
146.833  4.70602267e-08 -2.92087041e-08
147.022  5.70960998e-08  2.25689867e-09
147.211  4.39578182e-08  3.17319175e-08
147.400  1.58974826e-08  5.10494111e-08
147.590 -1.52397558e-08  4.86319718e-08
147.779 -4.17404038e-08  2.70979005e-08
147.968 -5.02256999e-08 -2.40511347e-09
148.157 -3.74028832e-08 -3.29128275e-08
148.346 -1.24548664e-08 -5.09366656e-08
148.536  1.85974826e-08 -4.77796372e-08
148.725  4.36930910e-08 -2.95130242e-08
148.914  4.99467103e-08 -1.10319805e-09
149.103  3.94743968e-08  2.79666551e-08
149.293  1.61138511e-08  4.23277473e-08
149.482 -1.38570025e-08  3.97070828e-08
149.671 -3.45022118e-08  2.26940575e-08
149.860 -3.91959381e-08 -5.75002579e-09
150.049 -2.90585165e-08 -3.09954089e-08
150.239 -4.03276005e-09 -4.26062110e-08
150.428  2.41738091e-08 -3.99308065e-08
150.617  4.23584501e-08 -2.04550328e-08
150.806  4.78076033e-08  8.22408314e-09
150.995  3.62402911e-08  3.16063539e-08
151.185  1.05166335e-08  4.47773483e-08
151.374 -1.52865298e-08  4.24072931e-08
151.563 -3.41718871e-08  2.26376358e-08
151.752 -4.04110300e-08 -2.59037536e-09
151.942 -2.80646181e-08 -2.46055383e-08
152.131 -5.49625426e-09 -3.77710898e-08
152.320  1.76332040e-08 -3.31817053e-08
152.509  3.60592227e-08 -1.46542028e-08
152.698  3.92854912e-08  8.06890217e-09
152.888  2.62030881e-08  3.01784937e-08
153.077  5.58412530e-09  4.09860387e-08
153.266 -1.81821811e-08  3.46959302e-08
153.455 -3.54426888e-08  1.80247488e-08
153.645 -3.65340961e-08 -5.01765205e-09
153.834 -2.51566651e-08 -2.67402901e-08
154.023 -4.89828409e-09 -3.49096180e-08
154.212  1.90593337e-08 -2.95498619e-08
154.401  3.35110866e-08 -1.36628760e-08
154.591  3.45875761e-08  1.02214903e-08
154.780  2.44259734e-08  2.95966366e-08
154.969  3.13218363e-09  3.69961556e-08
155.158 -1.89805176e-08  3.33452772e-08
155.347 -3.16382317e-08  1.68367096e-08
155.537 -3.41994380e-08 -5.51229436e-09
155.726 -2.35947058e-08 -2.17958669e-08
155.915 -2.96221368e-09 -2.95148820e-08
156.104  1.55723507e-08 -2.49683599e-08
156.294  2.75198481e-08 -7.37825109e-09
156.483  2.90366937e-08  1.23860954e-08
156.672  1.58862595e-08  2.79683562e-08
156.861 -3.67045226e-09  3.56752704e-08
157.050 -2.18517608e-08  2.86599199e-08
157.240 -3.52258048e-08  1.15371867e-08
157.429 -3.54406822e-08 -7.24078229e-09
157.618 -2.29136364e-08 -2.44861567e-08
157.807 -5.79680961e-09 -3.15425986e-08
157.997  1.28733166e-08 -2.46678185e-08
158.186  2.52397461e-08 -1.06831876e-08
158.375  2.40131258e-08  7.41363368e-09
158.564  1.37482013e-08  2.33958159e-08
158.753 -2.53734861e-09  2.74919830e-08
158.943 -2.07009441e-08  2.12814940e-08
159.132 -2.98245147e-08  7.73126359e-09
159.321 -2.81354677e-08 -1.11691156e-08
159.510 -1.83019522e-08 -2.47651354e-08
159.699 -4.02240171e-10 -2.79691879e-08
159.889  1.64801413e-08 -2.27439288e-08
160.078  2.44399566e-08 -7.69804107e-09
160.267  2.42633775e-08  1.06976365e-08
160.456  1.36273275e-08  2.26492118e-08
160.646 -4.24249839e-09  2.73562484e-08
160.835 -1.88987864e-08  2.20996604e-08
161.024 -2.77133704e-08  6.72239025e-09
161.213 -2.80112134e-08 -9.02405316e-09
161.402 -1.66083904e-08 -2.06822520e-08
161.592 -1.31070406e-09 -2.58876859e-08
161.781  1.18613418e-08 -1.91816385e-08
161.970  2.09050351e-08 -5.45468955e-09
162.159  1.90661914e-08  8.24225207e-09
162.349  7.75084945e-09  2.01283262e-08
162.538 -5.72840946e-09  2.31763026e-08
162.727 -1.95708809e-08  1.52018445e-08
162.916 -2.73876313e-08  2.85382840e-09
163.105 -2.37735294e-08 -1.18203144e-08
163.295 -1.37646737e-08 -2.37597201e-08
163.484  2.34625293e-10 -2.51366611e-08
163.673  1.48962182e-08 -1.85668329e-08
163.862  2.10891702e-08 -6.74846968e-09
164.051  1.85042544e-08  8.81848199e-09
164.241  9.89696250e-09  1.89712473e-08
164.430 -4.86260675e-09  2.03815925e-08
164.619 -1.77975648e-08  1.54877023e-08
164.808 -2.29043924e-08  2.95480662e-09
164.998 -2.18510658e-08 -1.13983725e-08
165.187 -1.26374831e-08 -1.96267060e-08
165.376  1.66609679e-09 -2.21758488e-08
165.565  1.21899215e-08 -1.69030573e-08
165.754  1.77980581e-08 -3.97894948e-09
165.944  1.65937799e-08  7.96164154e-09
166.133  6.11264231e-09  1.60328531e-08
166.322 -6.39286451e-09  1.87733427e-08
166.511 -1.63934025e-08  1.16867444e-08
166.701 -2.28534737e-08 -3.28053489e-10
166.890 -2.00771954e-08 -1.15115058e-08
167.079 -9.96974203e-09 -2.10932950e-08
167.268  1.15908262e-09 -2.31076358e-08
167.457  1.25627921e-08 -1.62713032e-08
167.647  1.88874389e-08 -6.60655856e-09
167.836  1.59520370e-08  4.91164275e-09
168.025  8.64270052e-09  1.42302979e-08
168.214 -1.63605776e-09  1.49897248e-08
168.403 -1.25137832e-08  1.02207047e-08
168.593 -1.64582319e-08  1.84503179e-09
168.782 -1.41620341e-08 -9.47902811e-09
168.971 -7.98530029e-09 -1.61609341e-08
169.160  2.84170774e-09 -1.63826138e-08
169.350  1.17165130e-08 -1.26790199e-08
169.539  1.44865836e-08 -3.34970131e-09
169.728  1.34492386e-08  6.82199025e-09
169.917  6.55673622e-09  1.18702039e-08
170.106 -3.73267185e-09  1.33815838e-08
170.296 -1.04435670e-08  9.51361176e-09
170.485 -1.40287186e-08  2.87454836e-10
170.674 -1.32771795e-08 -7.27046816e-09
170.863 -6.06595017e-09 -1.21969285e-08
171.053  1.47277969e-09 -1.41358582e-08
171.242  6.87236184e-09 -9.45026325e-09
171.431  1.06028847e-08 -2.60706921e-09
171.620  8.34083772e-09  2.55061980e-09
171.809  2.40610266e-09  7.03516423e-09
171.999 -2.31701983e-09  6.67978874e-09
172.188 -6.90131099e-09  1.51287117e-09
172.377 -8.02228474e-09 -3.05770523e-09
172.566 -3.59806741e-09 -7.60035355e-09
172.755  1.08513252e-09 -1.00392125e-08
172.945  5.58387204e-09 -6.63461560e-09
173.134  9.14325377e-09 -1.86620779e-09
173.323  6.99888662e-09  2.48517040e-09
173.512  2.20257058e-09  6.73158715e-09
173.702 -2.07091535e-09  5.77611415e-09
173.891 -6.68837249e-09  7.74701396e-10
174.080 -6.84035655e-09 -3.95875836e-09
174.269 -1.52819249e-09 -9.19912038e-09
174.458  4.35912847e-09 -1.08631600e-08
174.648  1.08925759e-08 -5.76693723e-09
174.837  1.49236015e-08  1.44793803e-09
175.026  1.12800595e-08  9.75374364e-09
175.215  3.38575594e-09  1.69403544e-08
175.405 -6.59874705e-09  1.62656032e-08
175.594 -1.72829044e-08  8.98460110e-09
175.783 -2.09778152e-08 -1.99452788e-09
175.972 -1.60352239e-08 -1.59648399e-08
176.161 -5.35185530e-09 -2.50854172e-08
176.351  1.09921974e-08 -2.44732644e-08
176.540  2.59128117e-08 -1.60274505e-08
176.729  3.14994450e-08  8.81207816e-10
176.918  2.76580925e-08  2.08683010e-08
177.107  1.28202731e-08  3.37948108e-08
177.297 -1.02122632e-08  3.68198573e-08
177.486 -3.04211106e-08  2.71114150e-08
177.675 -4.19457957e-08  4.16941176e-09
177.864 -4.03889310e-08 -2.18669645e-08
178.054 -2.15074232e-08 -4.25040842e-08
178.243  7.37245828e-09 -5.16615492e-08
178.432  3.62371387e-08 -4.13090339e-08
178.621  5.75608563e-08 -1.41602088e-08
178.810  5.99903784e-08  2.00103989e-08
179.000  4.03124530e-08  5.29534912e-08
179.189  5.90646177e-09  7.10428346e-08
179.378 -3.54881779e-08  6.46488877e-08
179.567 -6.96097908e-08  3.65997340e-08
179.757 -8.10038430e-08 -7.50438256e-09
179.946 -6.62729317e-08 -5.48830352e-08
180.135 -2.71186896e-08 -8.60304234e-08
180.324  2.75185467e-08 -9.06045572e-08
180.513  7.69329269e-08 -6.49013063e-08
180.703  1.04430688e-07 -1.17741148e-08
180.892  1.00076087e-07  5.04704335e-08
181.081  5.89291535e-08  1.00837085e-07
181.270 -6.92192756e-09  1.23399576e-07
181.459 -7.55608663e-08  1.04695552e-07
181.649 -1.26629519e-07  4.72213813e-08
181.838 -1.38761935e-07 -3.04728840e-08
182.027 -1.02646488e-07 -1.06501038e-07
182.216 -2.89658765e-08 -1.53775826e-07
182.406  6.28559157e-08 -1.50758400e-07
182.595  1.43732890e-07 -9.64291116e-08
182.784  1.81712830e-07 -3.23826316e-09
182.973  1.61833884e-07  1.02663171e-07
183.162  8.53679453e-08  1.83058514e-07
183.352 -2.99574670e-08  2.09193106e-07
183.541 -1.45814246e-07  1.68232067e-07
183.730 -2.22653453e-07  6.43694498e-08
183.919 -2.32805531e-07 -7.13218070e-08
184.109 -1.63278171e-07 -1.94308751e-07
184.298 -3.04921309e-08 -2.64225182e-07
184.487  1.24037995e-07 -2.49731708e-07
184.676  2.52463047e-07 -1.46587593e-07
184.865  3.07200243e-07  1.57245628e-08
185.055  2.60148112e-07  1.89780734e-07
185.244  1.20339710e-07  3.17425762e-07
185.433 -7.48147187e-08  3.47467999e-07
185.622 -2.65500165e-07  2.62468570e-07
185.811 -3.82802685e-07  8.01291451e-08
186.001 -3.80859826e-07 -1.49199279e-07
186.190 -2.49799826e-07 -3.48713128e-07
186.379 -1.88635119e-08 -4.47439669e-07
186.568  2.40531022e-07 -4.03875923e-07
186.758  4.41257281e-07 -2.16138185e-07
186.947  5.11550726e-07  6.45686964e-08
187.136  4.12308434e-07  3.48892623e-07
187.325  1.60699547e-07  5.42461188e-07
187.514 -1.68812089e-07  5.68766432e-07
187.704 -4.72950474e-07  4.00976171e-07
187.893 -6.44760524e-07  8.11157224e-08
188.082 -6.09946214e-07 -2.96904039e-07
188.271 -3.63453818e-07 -6.09871427e-07
188.461  3.03244387e-08 -7.40959554e-07
188.650  4.52048219e-07 -6.29702785e-07
188.839  7.56325790e-07 -2.92506361e-07
189.028  8.28052863e-07  1.78531250e-07
189.217  6.22788792e-07  6.31482820e-07
189.407  1.82615156e-07  9.08034660e-07
189.596 -3.61414106e-07  8.99228971e-07
189.785 -8.29638696e-07  5.79409909e-07
189.974 -1.05656714e-06  3.01696904e-08
190.163 -9.40474280e-07 -5.77511357e-07
190.353 -4.88910394e-07 -1.04191586e-06
190.542  1.69770491e-07 -1.18965469e-06
190.731  8.28669812e-07 -9.39025948e-07
190.920  1.26141165e-06 -3.43638722e-07
191.110  1.29574437e-06  4.22269099e-07
191.299  8.86650847e-07  1.11138217e-06
191.488  1.37017272e-07  1.47622980e-06
191.677 -7.26720822e-07  1.36348176e-06
191.866 -1.41389198e-06  7.72291619e-07
192.056 -1.67165617e-06 -1.37298444e-07
192.245 -1.37657349e-06 -1.07706618e-06
192.434 -5.80916367e-07 -1.72350006e-06
192.623  4.82706130e-07 -1.83112500e-06
192.813  1.46703632e-06 -1.31560963e-06
193.002  2.02779603e-06 -3.01814484e-07
193.191  1.93525547e-06  8.98622554e-07
193.380  1.16519284e-06  1.88808690e-06
193.569 -6.92926506e-08  2.30772984e-06
193.759 -1.38029594e-06  1.96310250e-06
193.948 -2.32243019e-06  9.13289889e-07
194.137 -2.53726071e-06 -5.35450057e-07
194.326 -1.89322027e-06 -1.91664341e-06
194.515 -5.45835850e-07 -2.74481851e-06
194.705  1.09745140e-06 -2.68969422e-06
194.894  2.49000893e-06 -1.70293762e-06
195.083  3.12937791e-06 -5.03752461e-08
195.272  2.73842611e-06  1.74765657e-06
195.462  1.37090161e-06  3.07828083e-06
195.651 -5.75780353e-07  3.44779082e-06
195.840 -2.46960883e-06  2.65414159e-06
196.029 -3.65326405e-06  8.82003280e-07
196.218 -3.66395393e-06 -1.32637236e-06
196.408 -2.40772309e-06 -3.24046577e-06
196.597 -2.27436433e-07 -4.17735604e-06
196.786  2.19050152e-06 -3.73790134e-06
196.975  4.02884353e-06 -1.97470553e-06
197.165  4.60659249e-06  5.97204142e-07
197.354  3.63292034e-06  3.14867617e-06
197.543  1.33547200e-06  4.79325221e-06
197.732 -1.58737413e-06  4.89611953e-06
197.921 -4.16730745e-06  3.31501903e-06
198.111 -5.48522626e-06  4.76942280e-07
198.300 -4.99931367e-06 -2.72369588e-06
198.489 -2.75171214e-06 -5.20142240e-06
198.678  6.02077609e-07 -6.05074901e-06
198.867  3.97372149e-06 -4.86640081e-06
199.057  6.19827184e-06 -1.91830691e-06
199.246  6.42933982e-06  1.88904917e-06
199.435  4.45109737e-06  5.29488865e-06
199.624  8.03720834e-07  7.09513769e-06
199.814 -3.35867360e-06  6.55816838e-06
200.003 -6.63068253e-06  3.71786432e-06
200.192 -7.81945738e-06 -5.89628788e-07
200.381 -6.37871933e-06 -4.96935326e-06
200.570 -2.64197676e-06 -7.90801259e-06
200.760  2.24403934e-06 -8.29494732e-06
200.949  6.65932607e-06 -5.83830184e-06
201.138  9.04292470e-06 -1.21043392e-06
201.327  8.44576329e-06  4.12112961e-06
201.517  4.89159921e-06  8.35019028e-06
201.706 -5.70383613e-07  9.94622165e-06
201.895 -6.16086032e-06  8.19829034e-06
202.084 -9.95140238e-06  3.50926109e-06
202.273 -1.05237981e-05 -2.66926141e-06
202.463 -7.48784269e-06 -8.28393625e-06
202.652 -1.68557535e-06 -1.13590430e-05
202.841  5.03135056e-06 -1.06802389e-05
203.030  1.03907622e-05 -6.26712059e-06
203.219  1.24574244e-05  5.61474656e-07
203.409  1.03284242e-05  7.57794954e-06
203.598  4.50947962e-06  1.23615899e-05
203.787 -3.18898324e-06  1.31292385e-05
203.976 -1.02035410e-05  9.39682417e-06
204.166 -1.40639956e-05  2.21248294e-06
204.355 -1.32644142e-05 -6.12212118e-06
204.544 -7.83373042e-06 -1.27779131e-05
204.733  5.93413673e-07 -1.53605152e-05
204.922  9.25180070e-06 -1.27632022e-05
205.112  1.51527216e-05 -5.61490929e-06
205.301  1.61118305e-05  3.83988606e-06
205.490  1.15433200e-05  1.24407072e-05
205.679  2.75212372e-06  1.71663606e-05
205.869 -7.42357517e-06  1.61846064e-05
206.058 -1.55277806e-05  9.55309672e-06
206.247 -1.86502681e-05 -7.03394538e-07
206.436 -1.54662853e-05 -1.12069891e-05
206.625 -6.78009105e-06 -1.83297810e-05
206.815  4.65877620e-06 -1.94408142e-05
207.004  1.50160393e-05 -1.38754562e-05
207.193  2.06493897e-05 -3.25394080e-06
207.382  1.93909691e-05  8.97587877e-06
207.571  1.13662654e-05  1.86457629e-05
207.761 -9.48416444e-07  2.22893255e-05
207.950 -1.34730065e-05  1.83789876e-05
208.139 -2.18742240e-05  7.93772951e-06
208.328 -2.30640324e-05 -5.69701020e-06
208.518 -1.63205686e-05 -1.79333345e-05
208.707 -3.64615093e-06 -2.44727530e-05
208.896  1.08103224e-05 -2.28103730e-05
209.085  2.21123354e-05 -1.31834900e-05
209.274  2.62140650e-05  1.39170638e-06
209.464  2.14026822e-05  1.60616062e-05
209.653  8.99545918e-06  2.57454341e-05
209.842 -7.00259502e-06  2.68888679e-05
210.031 -2.11852569e-05  1.87677086e-05
210.221 -2.85642443e-05  3.84672311e-06
210.410 -2.63265072e-05 -1.29577676e-05
210.599 -1.48945937e-05 -2.58873627e-05
210.788  2.10450932e-06 -3.03171553e-05
210.977  1.89756486e-05 -2.44085469e-05
211.167  2.98626501e-05 -9.84342895e-06
211.356  3.07843919e-05  8.62927632e-06
211.545  2.10790450e-05  2.47355742e-05
211.734  3.75253327e-06  3.28122462e-05
211.923 -1.54371221e-05  2.97921900e-05
212.113 -2.98969463e-05  1.63586610e-05
212.302 -3.44615295e-05 -3.16165176e-06
212.491 -2.72334734e-05 -2.21909298e-05
212.680 -1.03555725e-05 -3.41159166e-05
212.870  1.06111963e-05 -3.45822326e-05
213.059  2.85189129e-05 -2.30861628e-05
213.248  3.70647787e-05 -3.26601189e-06
213.437  3.30145789e-05  1.82447968e-05
213.626  1.74200095e-05  3.40313683e-05
213.816 -4.63013152e-06  3.84576514e-05
214.005 -2.56613658e-05  2.96825793e-05
214.194 -3.83482965e-05  1.03993439e-05
214.383 -3.80745754e-05 -1.29756409e-05
214.573 -2.46060849e-05 -3.24337616e-05
214.762 -2.28694248e-06 -4.11275148e-05
214.951  2.13506084e-05 -3.57801405e-05
215.140  3.81355172e-05 -1.79129201e-05
215.329  4.20862855e-05  6.56100411e-06
215.519  3.15409661e-05  2.92958557e-05
215.708  9.84270114e-06  4.23648658e-05
215.897 -1.57134298e-05  4.10240492e-05
216.086 -3.63384482e-05  2.54399147e-05
216.275 -4.47722521e-05  7.37670574e-07
216.465 -3.78476071e-05 -2.46867109e-05
216.654 -1.76801607e-05 -4.20195807e-05
216.843  8.97130407e-06 -4.50924395e-05
217.032  3.29677010e-05 -3.25875412e-05
217.222  4.59278908e-05 -8.58085487e-06
217.411  4.31699843e-05  1.87809881e-05
217.600  2.54030391e-05  4.00450372e-05
217.789 -1.43193748e-06  4.77320628e-05
217.978 -2.81429078e-05  3.89742357e-05
218.168 -4.54468079e-05  1.65822564e-05
218.357 -4.72067348e-05 -1.18439987e-05
218.546 -3.26114226e-05 -3.65008197e-05
218.735 -6.53629665e-06 -4.87743650e-05
218.925  2.20836079e-05 -4.42551347e-05
219.114  4.33270197e-05 -2.43322291e-05
219.303  4.97318461e-05  4.22058589e-06
219.492  3.89282552e-05  3.15561676e-05
219.681  1.45244312e-05  4.81559218e-05
219.871 -1.51008768e-05  4.81552018e-05
220.060 -3.96795872e-05  3.14315973e-05
220.249 -5.06211803e-05  3.69199337e-06
220.438 -4.40341781e-05 -2.54768801e-05
220.627 -2.21178456e-05 -4.59253545e-05
220.817  7.57038029e-06 -5.04908297e-05
221.006  3.47197742e-05 -3.75204579e-05
221.195  4.98617632e-05 -1.14726410e-05
221.384  4.76896704e-05  1.86094251e-05
221.574  2.89259015e-05  4.22456008e-05
221.763  9.22392291e-08  5.11883045e-05
221.952 -2.87574353e-05  4.23106300e-05
222.141 -4.75589758e-05  1.87126268e-05
222.330 -4.97604998e-05 -1.13535974e-05
222.520 -3.46196784e-05 -3.73807281e-05
222.709 -7.46850376e-06 -5.02896912e-05
222.898  2.21682457e-05 -4.56100629e-05
223.087  4.39236520e-05 -2.50478278e-05
223.277  5.02256806e-05  4.13123331e-06
223.466  3.89542964e-05  3.16742837e-05
223.655  1.41656355e-05  4.79504327e-05
223.844 -1.53672301e-05  4.73385799e-05
224.033 -3.92601490e-05  3.01866101e-05
224.223 -4.91846061e-05  2.64743149e-06
224.412 -4.17923892e-05 -2.55229826e-05
224.601 -1.98530769e-05 -4.44297396e-05
224.790  8.77051100e-06 -4.75361270e-05
224.979  3.39389016e-05 -3.39364072e-05
225.169  4.68453134e-05 -8.62126444e-06
225.358  4.31123313e-05  1.93416458e-05
225.547  2.42886364e-05  4.00657324e-05
225.736 -2.76288169e-06  4.63554233e-05
225.926 -2.83668535e-05  3.62176420e-05
226.115 -4.35067754e-05  1.35057464e-05
226.304 -4.30112803e-05 -1.35308486e-05
226.493 -2.73400190e-05 -3.52472483e-05
226.682 -2.33553608e-06 -4.40502785e-05
226.872  2.29495848e-05 -3.70721349e-05
227.061  3.95299942e-05 -1.71181476e-05
227.250  4.16939703e-05  8.43915036e-06
227.439  2.89919712e-05  3.03755751e-05
227.629  6.29452235e-06  4.09490595e-05
227.818 -1.80564347e-05  3.66527924e-05
228.007 -3.53068957e-05  1.93871223e-05
228.196 -3.94528524e-05 -4.33681542e-06
228.385 -2.93446242e-05 -2.58336027e-05
228.575 -8.99289428e-06 -3.74283427e-05
228.764  1.39891328e-05 -3.52107227e-05
228.953  3.12257024e-05 -2.03612399e-05
229.142  3.66395376e-05  1.38923347e-06
229.331  2.86028798e-05  2.19483506e-05
229.521  1.04283382e-05  3.38724710e-05
229.710 -1.09554329e-05  3.30653958e-05
229.899 -2.76329863e-05  2.01976565e-05
230.088 -3.36279324e-05  3.50367053e-07
230.278 -2.70523953e-05 -1.89660499e-05
230.467 -1.07103080e-05 -3.06403233e-05
230.656  9.05613153e-06 -3.05764301e-05
230.845  2.48048172e-05 -1.91461023e-05
231.034  3.07818747e-05 -9.43793270e-07
231.224  2.50325978e-05  1.70287377e-05
231.413  1.00473274e-05  2.80304513e-05
231.602 -8.27632040e-06  2.81061793e-05
231.791 -2.29206872e-05  1.75183577e-05
231.981 -2.84189660e-05  5.55560890e-07
232.170 -2.28986122e-05 -1.61667963e-05
232.359 -8.72033455e-06 -2.62580270e-05
232.548  8.49364816e-06 -2.59864604e-05
232.737  2.20537355e-05 -1.56575843e-05
232.927  2.67842777e-05  5.64150095e-07
233.116  2.09883332e-05  1.62988292e-05
233.305  7.05607476e-06  2.54348935e-05
233.494 -9.49186198e-06  2.44838322e-05
233.683 -2.21648808e-05  1.39012150e-05
233.873 -2.60243143e-05 -2.11039017e-06
234.062 -1.95856416e-05 -1.72475406e-05
234.251 -5.38830644e-06 -2.55640184e-05
234.440  1.09920992e-05 -2.37772955e-05
234.630  2.31158294e-05 -1.25490519e-05
234.819  2.61808409e-05  3.75659883e-06
235.008  1.88992675e-05  1.87611182e-05
235.197  4.02727042e-06  2.65428985e-05
235.386 -1.26800312e-05  2.39442542e-05
235.576 -2.46825688e-05  1.18335404e-05
235.765 -2.71875338e-05 -5.18990287e-06
235.954 -1.90402161e-05 -2.05417566e-05
236.143 -3.22343645e-06 -2.81790313e-05
236.333  1.42437314e-05 -2.49568718e-05
236.522  2.65867331e-05 -1.18969258e-05
236.711  2.88862620e-05  6.14369345e-06
236.900  2.00172821e-05  2.22796244e-05
237.089  3.14730549e-06  3.02158609e-05
237.279 -1.54026674e-05  2.66898289e-05
237.468 -2.85250055e-05  1.27805481e-05
237.657 -3.10442499e-05 -6.42265098e-06
237.846 -2.17364836e-05 -2.36865068e-05
238.035 -3.87171639e-06 -3.23623647e-05
238.225  1.59406230e-05 -2.89362877e-05
238.414  3.02070285e-05 -1.44241759e-05
238.603  3.33852346e-05  5.92230777e-06
238.792  2.40195166e-05  2.45284270e-05
238.982  5.37162789e-06  3.43271237e-05
239.171 -1.57242413e-05  3.14357514e-05
239.360 -3.13830296e-05  1.66791948e-05
239.549 -3.56183482e-05 -4.63568628e-06
239.738 -2.66246216e-05 -2.46469605e-05
239.928 -7.52736652e-06 -3.58478535e-05
240.117  1.47172609e-05 -3.39035448e-05
240.306  3.18716805e-05 -1.93258609e-05
240.495  3.74739502e-05  2.65311117e-06
240.685  2.92779959e-05  2.39755830e-05
240.874  1.01427895e-05  3.67223629e-05
241.063 -1.29784703e-05  3.60661788e-05
241.252 -3.15763689e-05  2.21020164e-05
241.441 -3.87321807e-05 -1.45794230e-07
241.631 -3.17035424e-05 -2.25414442e-05
241.820 -1.29689840e-05 -3.68278133e-05
242.009  1.06524534e-05 -3.76891459e-05
242.198  3.04951047e-05 -2.47320748e-05
242.387  3.92469233e-05 -2.65513456e-06
242.577  3.36549204e-05  2.04615757e-05
242.766  1.57362305e-05  3.61337575e-05
242.955 -7.94948159e-06  3.86033629e-05
243.144 -2.87166538e-05  2.69613469e-05
243.334 -3.89579206e-05  5.48877566e-06
243.523 -3.49418533e-05 -1.79250950e-05
243.712 -1.81844941e-05 -3.46995852e-05
243.901  5.12115361e-06 -3.87201313e-05
244.090  2.64077105e-05 -2.85824729e-05
244.280  3.78953485e-05 -8.09193779e-06
244.469  3.54511639e-05  1.51714806e-05
244.658  2.00924031e-05  3.26668566e-05
244.847 -2.43029036e-06  3.80418428e-05
245.037 -2.37907655e-05  2.94595275e-05
245.226 -3.61743606e-05  1.02311923e-05
245.415 -3.51575002e-05 -1.24586433e-05
245.604 -2.13011743e-05 -3.02388538e-05
245.793  1.19225307e-07 -3.66570155e-05
245.983  2.11163518e-05 -2.95386034e-05
246.172  3.39789056e-05 -1.17273411e-05
246.361  3.41217472e-05  1.00343788e-05
246.550  2.17300237e-05  2.76576028e-05
246.739  1.61662821e-06  3.47281785e-05
246.929 -1.86353446e-05  2.88525142e-05
247.118 -3.15392053e-05  1.24758976e-05
247.307 -3.24819850e-05 -8.10807735e-06
247.496 -2.13846451e-05 -2.51740527e-05
247.686 -2.65010466e-06 -3.24695181e-05
247.875  1.65696350e-05 -2.75141978e-05
248.064  2.91023348e-05 -1.24557299e-05
248.253  3.04348642e-05  6.82929640e-06
248.442  2.03530462e-05  2.30191023e-05
248.632  2.93299567e-06  3.01216901e-05
248.821 -1.50880683e-05  2.57023659e-05
249.010 -2.69043564e-05  1.17287037e-05
249.199 -2.82129174e-05 -6.27162165e-06
249.389 -1.87932498e-05 -2.13768670e-05
249.578 -2.50016393e-06 -2.79235964e-05
249.767  1.42870473e-05 -2.36379513e-05
249.956  2.51430630e-05 -1.04291289e-05
250.145  2.60552628e-05  6.42640643e-06
250.335  1.69109096e-05  2.03659195e-05
250.524  1.46201717e-06  2.60854049e-05
250.713 -1.41836323e-05  2.15566802e-05
250.902 -2.39585363e-05  8.74634724e-06
251.091 -2.41806639e-05 -7.20673264e-06
251.281 -1.49357711e-05 -2.00289502e-05
251.470  9.08778576e-09 -2.47652343e-05
251.659  1.47158330e-05 -1.96819854e-05
251.848  2.34174927e-05 -6.90217180e-06
252.038  2.27616626e-05  8.46029172e-06
252.227  1.30939806e-05  2.03298908e-05
252.416 -1.70249633e-06  2.40516942e-05
252.605 -1.57539207e-05  1.81997882e-05
252.794 -2.35086858e-05  5.12326710e-06
252.984 -2.19080140e-05 -9.99054900e-06
253.173 -1.15832942e-05 -2.11610616e-05
253.362  3.39463098e-06 -2.39573593e-05
253.551  1.71163666e-05 -1.72396654e-05
253.741  2.41461672e-05 -3.61490253e-06
253.930  2.16560030e-05  1.15799241e-05
254.119  1.05496191e-05  2.23571869e-05
254.308 -4.87635945e-06  2.44200123e-05
254.497 -1.85934459e-05  1.68605357e-05
254.687 -2.51839633e-05  2.53660881e-06
254.876 -2.19680313e-05 -1.30164836e-05
255.065 -1.00726577e-05 -2.37188208e-05
255.254  5.97512286e-06 -2.53145186e-05
255.443  1.99722436e-05 -1.70476002e-05
255.633  2.64352203e-05 -1.98767470e-06
255.822  2.27387211e-05  1.41167103e-05
256.011  1.01591710e-05  2.50359243e-05
256.200 -6.57368232e-06  2.64676848e-05
256.390 -2.10627041e-05  1.77154281e-05
256.579 -2.76955702e-05  1.99678824e-06
256.768 -2.38099606e-05 -1.47482847e-05
256.957 -1.07458808e-05 -2.61145904e-05
257.146  6.62223247e-06 -2.76818889e-05
257.336  2.17194496e-05 -1.87233285e-05
257.525  2.87676640e-05 -2.52295996e-06
257.714  2.49927482e-05  1.48424785e-05
257.903  1.17103778e-05  2.67972157e-05
258.093 -6.14163365e-06  2.87585318e-05
258.282 -2.18561263e-05  1.98934478e-05
258.471 -2.94839735e-05  3.46143675e-06
258.660 -2.60911612e-05 -1.44004324e-05
258.849 -1.28872044e-05 -2.69806814e-05
259.039  5.21816076e-06 -2.95236211e-05
259.228  2.14531022e-05 -2.10342917e-05
259.417  2.97266025e-05 -4.65994504e-06
259.606  2.69262619e-05  1.34882527e-05
259.795  1.40894685e-05  2.66257692e-05
259.985 -3.98933297e-06  2.98464822e-05
260.174 -2.05569238e-05  2.19624743e-05
260.363 -2.94392844e-05  5.93831455e-06
260.552 -2.73557547e-05 -1.22276606e-05
260.742 -1.51320595e-05 -2.57610889e-05
260.931  2.62561882e-06 -2.96544025e-05
261.120  1.92733900e-05 -2.25259011e-05
261.309  2.86320329e-05 -7.11308456e-06
261.498  2.72904159e-05  1.07785255e-05
261.688  1.58555318e-05  2.44756096e-05
261.877 -1.30804690e-06  2.89376922e-05
262.066 -1.77515025e-05  2.26206773e-05
262.255 -2.73757521e-05  8.01870309e-06
262.445 -2.67024364e-05 -9.31916477e-06
262.634 -1.61434730e-05 -2.29056451e-05
262.823  2.07354031e-07 -2.77495440e-05
263.012  1.61640966e-05 -2.22028533e-05
263.201  2.57923956e-05 -8.52696367e-06
263.391  2.56279651e-05  8.02292972e-06
263.580  1.59353844e-05  2.12157579e-05
263.769  5.37539829e-07  2.61973235e-05
263.958 -1.46845633e-05  2.12905492e-05
264.147 -2.40379727e-05  8.56064425e-06
264.337 -2.41591735e-05 -7.03717620e-06
264.526 -1.52307144e-05 -1.95787236e-05
264.715 -8.34985695e-07 -2.44280003e-05
264.904  1.34670517e-05 -1.99593852e-05
265.094  2.22836154e-05 -8.10205490e-06
265.283  2.24314003e-05  6.46599682e-06
265.472  1.40882258e-05  1.81544102e-05
265.661  6.51297163e-07  2.26079765e-05
265.850 -1.26279941e-05  1.83311894e-05
266.040 -2.06927071e-05  7.19333862e-06
266.229 -2.06040012e-05 -6.35986086e-06
266.418 -1.26162818e-05 -1.70706144e-05
266.607 -1.11908637e-08 -2.09017986e-05
266.797  1.22343741e-05 -1.65581074e-05
266.986  1.94017783e-05 -5.92871979e-06
267.175  1.88416802e-05  6.71194170e-06
267.364  1.09587453e-05  1.64083707e-05
267.553 -1.00699965e-06  1.94530056e-05
267.743 -1.22960439e-05  1.48036296e-05
267.932 -1.85044035e-05  4.44093590e-06
268.121 -1.72941547e-05 -7.46021631e-06
268.310 -9.27504159e-06 -1.61933775e-05
268.499  2.28310956e-06 -1.83677763e-05
268.689  1.27668030e-05 -1.32215309e-05
268.878  1.80426159e-05 -2.88336328e-06
269.067  1.60787756e-05  8.49681818e-06
269.256  7.72044076e-06  1.63958595e-05
269.446 -3.67019709e-06  1.77037769e-05
269.635 -1.35520762e-05  1.19374459e-05
269.824 -1.80036000e-05  1.41156450e-06
270.013 -1.52665352e-05 -9.68268377e-06
270.202 -6.42743229e-06 -1.69364620e-05
270.392  5.01368191e-06 -1.74641338e-05
270.581  1.45233074e-05 -1.10346112e-05
270.770  1.83233669e-05 -1.64341446e-07
270.959  1.48756874e-05  1.08667101e-05
271.149  5.49153772e-06  1.76980552e-05
271.338 -6.17056564e-06  1.75994642e-05
271.527 -1.55345760e-05  1.05466602e-05
271.716 -1.88958128e-05 -7.52207331e-07
271.905 -1.48720212e-05 -1.19042342e-05
272.095 -4.96091885e-06 -1.85402962e-05
272.284  7.02693887e-06 -1.80158389e-05
272.473  1.64405669e-05 -1.04551027e-05
272.662  1.95876160e-05  1.27747237e-06
272.851  1.51755859e-05  1.26745528e-05
273.041  4.83179751e-06  1.93182612e-05
273.230 -7.51052662e-06  1.85892579e-05
273.419 -1.71141441e-05  1.06938100e-05
273.608 -2.02564920e-05 -1.40129739e-06
273.798 -1.56722830e-05 -1.30936866e-05
273.987 -5.05109171e-06 -1.99004848e-05
274.176  7.59695276e-06 -1.91815886e-05
274.365  1.74613382e-05 -1.11582595e-05
274.554  2.07689559e-05  1.16292755e-06
274.744  1.62284784e-05  1.31237273e-05
274.933  5.52519370e-06  2.01853524e-05
275.122 -7.31093847e-06  1.96579469e-05
275.311 -1.74323931e-05  1.17206371e-05
275.501 -2.10162315e-05 -6.43418731e-07
275.690 -1.67086342e-05 -1.27758475e-05
275.879 -6.13406778e-06 -2.01117453e-05
276.068  6.72139535e-06 -1.99026325e-05
276.257  1.70256383e-05 -1.22468581e-05
276.447  2.09258285e-05 -4.53922907e-08
276.636  1.69922994e-05  1.21074142e-05
276.825  6.74657184e-06  1.96646943e-05
277.014 -5.93199565e-06  1.98334170e-05
277.203 -1.62856979e-05  1.26138034e-05
277.393 -2.04698608e-05  7.75669804e-07
277.582 -1.69893601e-05 -1.12123533e-05
277.771 -7.23716598e-06 -1.88752411e-05
277.960  5.06603766e-06 -1.94108365e-05
278.150  1.52952771e-05 -1.27235872e-05
278.339  1.96667749e-05 -1.42011901e-06
278.528  1.66491235e-05  1.02075861e-05
278.717  7.50055572e-06  1.78153171e-05
278.906 -4.25032171e-06  1.86412483e-05
279.096 -1.41643503e-05  1.25142709e-05
279.285 -1.85778845e-05  1.86827716e-06
279.474 -1.59650387e-05 -9.21792409e-06
279.663 -7.46494070e-06 -1.65876844e-05
279.853  3.59877242e-06 -1.75738094e-05
280.042  1.30155244e-05 -1.19665750e-05
280.231  1.72971699e-05 -2.03997082e-06
280.420  1.49734386e-05  8.36074951e-06
280.609  7.09968138e-06  1.53115563e-05
280.799 -3.19977793e-06  1.62924474e-05
280.988 -1.19686793e-05  1.11051166e-05
281.177 -1.59384362e-05  1.89359460e-06
281.366 -1.37484527e-05 -7.73198923e-06
281.555 -6.41783303e-06 -1.41067890e-05
281.745  3.10604898e-06 -1.49047566e-05
281.934  1.11251274e-05 -9.99392773e-06
282.123  1.46202084e-05 -1.42950660e-06
282.312  1.23911535e-05  7.39429985e-06
282.502  5.47177993e-06  1.30787577e-05
282.691 -3.32961820e-06  1.35279211e-05
282.880 -1.05560423e-05  8.72614144e-06
283.069 -1.34518917e-05  6.88107539e-07
283.258 -1.10160426e-05 -7.37056735e-06
283.448 -4.34549116e-06 -1.23068316e-05
283.637  3.84101373e-06 -1.22740768e-05
283.826  1.02949158e-05 -7.41140110e-06
284.015  1.25203259e-05  2.55724678e-07
284.205  9.73554472e-06  7.64244251e-06
284.394  3.14309561e-06  1.18354230e-05
284.583 -4.57480585e-06  1.12356208e-05
284.772 -1.03355945e-05  6.16150668e-06
284.961 -1.18796127e-05 -1.30348415e-06
285.151 -8.64643547e-06 -8.15523536e-06
285.340 -1.97576292e-06 -1.16699196e-05
285.529  5.43953949e-06 -1.04747985e-05
285.718  1.06343222e-05 -5.07739588e-06
285.907  1.15452103e-05  2.34624523e-06
286.097  7.81887213e-06  8.82586252e-06
286.286  9.47241381e-07  1.17767013e-05
286.475 -6.33059203e-06  1.00172732e-05
286.664 -1.11162833e-05  4.23664596e-06
286.854 -1.14940081e-05 -3.27950774e-06
287.043 -7.28909969e-06 -9.55425581e-06
287.232 -1.40793833e-07 -1.20894175e-05
287.421  7.14330894e-06 -9.85128391e-06
287.610  1.16859793e-05 -3.68467483e-06
287.800  1.16692933e-05  4.01545933e-06
287.989  7.05590949e-06  1.02357357e-05
288.178 -3.90422084e-07  1.25187259e-05
288.367 -7.78552127e-06  9.93001880e-06
288.557 -1.22403958e-05  3.42967514e-06
288.746 -1.19891524e-05 -4.49310320e-06
288.935 -7.08175888e-06 -1.07749385e-05
289.124  6.28389177e-07 -1.29650079e-05
289.313  8.18874282e-06 -1.01787001e-05
289.503  1.26827563e-05 -3.44377033e-06
289.692  1.23573713e-05  4.68432166e-06
289.881  7.29921834e-06  1.10976205e-05
290.070 -5.90546536e-07  1.33305978e-05
290.259 -8.31618589e-06  1.05047219e-05
290.449 -1.29340620e-05  3.66821939e-06
290.638 -1.26756192e-05 -4.59675738e-06
290.827 -7.62102943e-06 -1.11593861e-05
291.016  3.26585323e-07 -1.35317136e-05
291.206  8.16650389e-06 -1.08106816e-05
291.395  1.29419010e-05 -4.02219728e-06
291.584  1.28563420e-05  4.27164167e-06
291.773  7.95217984e-06  1.09493523e-05
291.962  8.86984984e-08  1.35083199e-05
292.152 -7.77201386e-06  1.10069581e-05
292.341 -1.26856818e-05  4.41307352e-06
292.530 -1.28336343e-05 -3.77732273e-06
292.719 -8.20149485e-06 -1.04900743e-05
292.909 -5.65501592e-07 -1.32314484e-05
293.098  7.19309669e-06 -1.10225721e-05
293.287  1.21786917e-05 -4.74838053e-06
293.476  1.25708960e-05  3.19897759e-06
293.665  8.29275870e-06  9.83362019e-06
293.855  1.01161936e-06  1.27057373e-05
294.044 -6.50936809e-06  1.08127803e-05
294.233 -1.14652351e-05  4.94772214e-06
294.422 -1.20635104e-05 -2.62717673e-06
294.611 -8.17359993e-06 -9.05440364e-06
294.801 -1.34417595e-06 -1.19671202e-05
294.990  5.80971797e-06 -1.03635749e-05
295.179  1.06138715e-05 -4.95280097e-06
295.368  1.13381206e-05  2.14683755e-06
295.558  7.82184561e-06  8.23904647e-06
295.747  1.49953153e-06  1.10767453e-05
295.936 -5.18084850e-06  9.69279167e-06
296.125 -9.70719850e-06  4.73384308e-06
296.314 -1.04482540e-05 -1.82712767e-06
296.504 -7.24708826e-06 -7.47447575e-06
296.693 -1.43983319e-06 -1.01123979e-05
296.882  4.69627118e-06 -8.84686755e-06
297.071  8.83104529e-06 -4.29158456e-06
297.261  9.46717806e-06  1.71331953e-06
297.450  6.48793219e-06  6.83686473e-06
297.639  1.15686617e-06  9.15873602e-06
297.828 -4.40706016e-06  7.89372912e-06
298.017 -8.06393111e-06  3.65586877e-06
298.207 -8.47773113e-06 -1.82143697e-06
298.396 -5.60546869e-06 -6.38271559e-06
298.585 -6.72250170e-07 -8.29640279e-06
298.774  4.33661985e-06 -6.91274943e-06
298.963  7.46797512e-06 -2.88092399e-06
299.153  7.56114226e-06  2.13754819e-06
299.342  4.67498117e-06  6.14324905e-06
299.531  3.38561390e-08  7.59186227e-06
299.720 -4.47934671e-06  5.98451550e-06
299.910 -7.08148219e-06  2.03819733e-06
300.099 -6.78665794e-06 -2.62100256e-06
300.288 -3.77640445e-06 -6.12127668e-06
300.477  6.91606572e-07 -7.08905197e-06
300.666  4.80268591e-06 -5.18094735e-06
300.856  6.91461020e-06 -1.20635973e-06
301.045  6.20368035e-06  3.21117066e-06
301.234  2.98415088e-06  6.29170095e-06
301.423 -1.42825625e-06  6.80514347e-06
301.613 -5.25196281e-06  4.55706441e-06
301.802 -6.94925677e-06  4.60765773e-07
301.991 -5.83683042e-06 -3.83549376e-06
302.180 -2.35755038e-06 -6.60542823e-06
302.369  2.10090663e-06 -6.72980927e-06
302.559  5.75775225e-06 -4.14426625e-06
302.748  7.14292867e-06  1.36264099e-07
302.937  5.68369844e-06  4.41882214e-06
303.126  1.93356861e-06  6.99708187e-06
303.315 -2.64411279e-06  6.82793809e-06
303.505 -6.24549462e-06  3.94704641e-06
303.694 -7.43548292e-06 -5.42208170e-07
303.883 -5.71584148e-06 -4.89279365e-06
304.072 -1.72337321e-06 -7.39417595e-06
304.262  3.00969668e-06 -7.04445833e-06
304.451  6.64549599e-06 -3.94335354e-06
304.640  7.75701091e-06  7.38701870e-07
304.829  5.88308756e-06  5.20483116e-06
305.018  1.71226860e-06  7.72662477e-06
305.208 -3.17266474e-06  7.31188005e-06
305.397 -6.90184143e-06  4.08903303e-06
305.586 -8.03677701e-06 -7.32954000e-07
305.775 -6.12129244e-06 -5.32437616e-06
305.965 -1.86279050e-06 -7.93493470e-06
306.154  3.13373040e-06 -7.55945004e-06
306.343  6.97834268e-06 -4.32444296e-06
306.532  8.21204496e-06  5.56401407e-07
306.721  6.36122807e-06  5.24569083e-06
306.911  2.11971194e-06  7.97718745e-06
307.100 -2.91831100e-06  7.72275635e-06
307.289 -6.86214979e-06  4.58231501e-06
307.478 -8.23631944e-06 -2.59881229e-07
307.667 -6.53753186e-06 -4.98711777e-06
307.857 -2.41754307e-06 -7.83398047e-06
308.046  2.57173624e-06 -7.75163140e-06
308.235  6.56452403e-06 -4.79605496e-06
308.424  8.08468413e-06 -9.38929782e-08
308.614  6.59615592e-06  4.58788263e-06
308.803  2.68927588e-06  7.51044346e-06
308.992 -2.15274073e-06  7.61551628e-06
309.181 -6.11913730e-06  4.90819431e-06
309.370 -7.75596894e-06  4.39062801e-07
309.560 -6.50077206e-06 -4.10280283e-06
309.749 -2.87551083e-06 -7.03451718e-06
309.938  1.72573785e-06 -7.30624292e-06
310.127  5.57686926e-06 -4.87775812e-06
310.317  7.27137037e-06 -7.14870378e-07
310.506  6.23688240e-06  3.59501118e-06
310.695  2.93148178e-06  6.45202779e-06
310.884 -1.35305230e-06  6.83837863e-06
311.073 -4.99845012e-06  4.68491911e-06
311.263 -6.67109299e-06  8.72566231e-07
311.452 -5.81327138e-06 -3.12745260e-06
311.641 -2.83177616e-06 -5.82012893e-06
311.830  1.08693418e-06 -6.24700546e-06
312.019  4.44599606e-06 -4.33236084e-06
312.209  6.00888128e-06 -8.81031698e-07
312.398  5.25967560e-06  2.75447998e-06
312.587  2.57236748e-06  5.19997440e-06
312.776 -9.63036525e-07  5.58243058e-06
312.966 -3.97547746e-06  3.84354783e-06
313.155 -5.34502361e-06  7.30314019e-07
313.344 -4.62181889e-06 -2.51548442e-06
313.533 -2.17062498e-06 -4.64930565e-06
313.722  9.96358460e-07 -4.90287108e-06
313.912  3.63028576e-06 -3.25910222e-06
314.101  4.73806859e-06 -4.32421548e-07
314.290  3.95480687e-06  2.43090861e-06
314.479  1.66258954e-06  4.21505086e-06
314.669 -1.18065544e-06  4.26640031e-06
314.858 -3.43638291e-06  2.63131487e-06
315.047 -4.23715948e-06  1.85607504e-08
315.236 -3.31622867e-06 -2.50079532e-06
315.425 -1.09765356e-06 -3.92750556e-06
315.615  1.49045546e-06 -3.72400121e-06
315.804  3.39929713e-06 -2.01732824e-06
315.993  3.87628661e-06  4.65949237e-07
316.182  2.75908984e-06  2.70520661e-06
316.371  5.31308224e-07  3.79697849e-06
316.561 -1.88492924e-06  3.31373601e-06
316.750 -3.50397643e-06  1.47124262e-06
316.939 -3.67104443e-06 -9.68141254e-07
317.128 -2.32505651e-06 -3.00725719e-06
317.318 -1.76008787e-08 -3.81377955e-06
317.507  2.31327196e-06 -3.05650705e-06
317.696  3.71782454e-06 -1.03707156e-06
317.885  3.61760264e-06  1.43395322e-06
318.074  2.03920299e-06  3.35850203e-06
318.264 -3.97345439e-07  3.95053316e-06
318.453 -2.72142403e-06  2.95359608e-06
318.642 -3.99595807e-06  7.43627304e-07
318.831 -3.69360282e-06 -1.81492139e-06
319.021 -1.90740422e-06 -3.70607058e-06
319.210  6.80506266e-07 -4.16623785e-06
319.399  3.05949134e-06 -2.98710848e-06
319.588  4.28743643e-06 -6.01970424e-07
319.777  3.86140236e-06  2.07430665e-06
319.967  1.91679888e-06  3.99968908e-06
320.156 -8.15656945e-07  4.41151609e-06
320.345 -3.28821052e-06  3.12323682e-06
320.534 -4.54149016e-06  6.04769361e-07
320.723 -4.07351718e-06 -2.19178638e-06
320.913 -2.03837889e-06 -4.19768094e-06
321.102  8.05292619e-07 -4.63518739e-06
321.291  3.38341829e-06 -3.31761108e-06
321.480  4.71379195e-06 -7.27599297e-07
321.670  4.27954627e-06  2.16538686e-06
321.859  2.23113147e-06  4.27153292e-06
322.048 -6.69713866e-07  4.79121687e-06
322.237 -3.33803029e-06  3.52126776e-06
322.426 -4.77204322e-06  9.32344953e-07
322.616 -4.43273909e-06 -2.01061937e-06
322.805 -2.44720100e-06 -4.20912166e-06
322.994  4.43520851e-07 -4.84465012e-06
323.183  3.16227832e-06 -3.68659270e-06
323.373  4.70007771e-06 -1.17271281e-06
323.562  4.49548181e-06  1.75760457e-06
323.751  2.63825544e-06  4.01606634e-06
323.940 -1.70244449e-07  4.77540001e-06
324.129 -2.88207282e-06  3.77310256e-06
324.319 -4.49917472e-06  1.40084487e-06
324.508 -4.44328566e-06 -1.44695560e-06
324.697 -2.76194955e-06 -3.71445839e-06
324.886 -1.03325701e-07 -4.57976129e-06
325.075  2.53549778e-06 -3.75256219e-06
325.265  4.18686565e-06 -1.57347486e-06
325.454  4.26758984e-06  1.12468496e-06
325.643  2.78735822e-06  3.33912324e-06
325.832  3.32806590e-07  4.27025123e-06
326.022 -2.16725686e-06  3.61249078e-06
326.211 -3.79381323e-06  1.65687775e-06
326.400 -3.97658132e-06 -8.36102976e-07
326.589 -2.69811197e-06 -2.93231767e-06
326.778 -4.81518746e-07 -3.87372286e-06
326.968  1.82239709e-06 -3.35695426e-06
327.157  3.35975684e-06 -1.63036759e-06
327.346  3.59362073e-06  6.19780544e-07
327.535  2.49350207e-06  2.53830613e-06
327.725  5.25165513e-07  3.42772180e-06
327.914 -1.54054509e-06  3.00501620e-06
328.103 -2.92848146e-06  1.48862984e-06
328.292 -3.15328211e-06 -5.02683668e-07
328.481 -2.18792185e-06 -2.19805556e-06
328.671 -4.54717291e-07 -2.97500359e-06
328.860  1.35153750e-06 -2.58749048e-06
329.049  2.54206344e-06 -1.24211515e-06
329.238  2.69622638e-06  4.97591292e-07
329.427  1.80884592e-06  1.94435889e-06
329.617  2.76806769e-07  2.55756750e-06
329.806 -1.27230473e-06  2.14293782e-06
329.995 -2.23518266e-06  9.15171258e-07
330.184 -2.26396566e-06 -6.02384923e-07
330.374 -1.39301114e-06 -1.79760094e-06
330.563 -1.18040392e-08 -2.21130543e-06
330.752  1.30504174e-06 -1.71273528e-06
330.941  2.03086838e-06 -5.41924102e-07
331.130  1.89397559e-06  8.00946358e-07
331.320  9.81091691e-07  1.76344466e-06
331.509 -3.09462868e-07  1.96216863e-06
331.698 -1.43715089e-06  1.33565497e-06
331.887 -1.93838162e-06  1.61331002e-07
332.077 -1.61517435e-06 -1.06530857e-06
332.266 -6.12003430e-07 -1.83282329e-06
332.455  6.49693721e-07 -1.82343930e-06
332.644  1.64342526e-06 -1.04256200e-06
332.833  1.95292564e-06  1.87817006e-07
333.023  1.44418984e-06  1.35958089e-06
333.212  3.18041366e-07  1.98415940e-06
333.401 -9.69844372e-07  1.79434200e-06
333.590 -1.89019463e-06  8.52726682e-07
333.779 -2.05675090e-06 -4.71387369e-07
333.969 -1.38349021e-06 -1.64509956e-06
334.158 -1.21465357e-07 -2.18664316e-06
334.347  1.23429914e-06 -1.86028386e-06
334.536  2.14015415e-06 -7.72125197e-07
334.726  2.22148880e-06  6.64097937e-07
334.915  1.42180155e-06  1.88585753e-06
335.104  3.22064966e-08  2.40419799e-06
335.293 -1.41571853e-06  1.99533497e-06
335.482 -2.35704711e-06  7.93553327e-07
335.672 -2.41208830e-06 -7.52743704e-07
335.861 -1.53651546e-06 -2.05286125e-06
336.050 -4.68302599e-08 -2.59996876e-06
336.239  1.49823665e-06 -2.16633926e-06
336.429  2.50981874e-06 -8.97879946e-07
336.618  2.59181636e-06  7.37673850e-07
336.807  1.69698033e-06  2.12716749e-06
336.996  1.49087174e-07  2.74125388e-06
337.185 -1.47873035e-06  2.33761339e-06
337.375 -2.57644118e-06  1.05654477e-06
337.564 -2.72735755e-06 -6.31979263e-07
337.753 -1.86836953e-06 -2.10175902e-06
337.942 -3.12591446e-07 -2.80388888e-06
338.131  1.36640367e-06 -2.47528928e-06
338.321  2.54671651e-06 -1.23545356e-06
338.510  2.79273642e-06  4.58968551e-07
338.699  2.01597717e-06  1.98229505e-06
338.888  5.04916129e-07  2.77501602e-06
339.078 -1.18136927e-06  2.55117988e-06
339.267 -2.42334722e-06  1.39985142e-06
339.456 -2.77196055e-06 -2.48848039e-07
339.645 -2.10986941e-06 -1.78623690e-06
339.834 -6.92109828e-07 -2.65391352e-06
340.024  9.52042240e-07 -2.54620524e-06
340.213  2.22079391e-06 -1.51904018e-06
340.402  2.66052783e-06  3.50116421e-08
340.591  2.12882844e-06  1.54005004e-06
340.781  8.42709961e-07  2.45135633e-06
340.970 -7.11301124e-07  2.45283019e-06
341.159 -1.96266554e-06  1.56991348e-06
341.348 -2.46591258e-06  1.50084932e-07
341.537 -2.06271277e-06 -1.27512916e-06
341.727 -9.31323489e-07 -2.18803893e-06
341.916  4.91768575e-07 -2.27573779e-06
342.105  1.67840752e-06 -1.53921113e-06
342.294  2.20641184e-06 -2.79272815e-07
342.483  1.91289747e-06  1.02350099e-06
342.673  9.41685367e-07  1.89190877e-06
342.862 -3.21462503e-07  2.03042179e-06
343.051 -1.39974625e-06  1.42471517e-06
343.240 -1.90824708e-06  3.34216378e-07
343.430 -1.69143462e-06 -8.14104633e-07
343.619 -8.68743495e-07 -1.59436854e-06
343.808  2.20637771e-07 -1.74048863e-06
343.997  1.15673919e-06 -1.23546082e-06
344.186  1.60153334e-06 -3.07352377e-07
344.376  1.41933705e-06  6.69520335e-07
344.565  7.18953776e-07  1.32576015e-06
344.754 -1.99909453e-07  1.43440773e-06
344.943 -9.73746118e-07  9.90361819e-07
345.133 -1.31623406e-06  2.02002200e-07
345.322 -1.12389530e-06 -6.03240383e-07
345.511 -5.08668084e-07 -1.11136491e-06
345.700  2.59316262e-07 -1.14210422e-06
345.889  8.66243494e-07 -7.15230037e-07
346.079  1.07870591e-06 -3.13559456e-08
346.268  8.34915533e-07  6.17921508e-07
346.457  2.61356224e-07  9.68607944e-07
346.646 -3.88380691e-07  8.91188588e-07
346.835 -8.39299416e-07  4.38811371e-07
347.025 -9.08741200e-07 -1.83361406e-07
347.214 -5.80433787e-07 -7.05441636e-07
347.403 -4.44970113e-09 -9.05535467e-07
347.592  5.67666600e-07 -7.03246945e-07
347.782  8.87745658e-07 -1.89001258e-07
347.971  8.17142010e-07  4.15572441e-07
348.160  3.83050956e-07  8.48686044e-07
348.349 -2.33923812e-07  9.20117901e-07
348.538 -7.71829232e-07  5.91009320e-07
348.728 -9.97358999e-07 -1.03467423e-08
348.917 -8.04312078e-07 -6.37052872e-07
349.106 -2.57507103e-07 -1.02437474e-06
349.295  4.28502601e-07 -1.00055832e-06
349.485  9.73463678e-07 -5.57217409e-07
349.674  1.14676277e-06  1.42069553e-07
349.863  8.60609041e-07  8.21965880e-07
350.052  2.09461461e-07  1.20609615e-06
350.241 -5.60309122e-07  1.12699195e-06
350.431 -1.14664556e-06  5.95031349e-07
350.620 -1.31011413e-06 -1.97851062e-07
350.809 -9.68294188e-07 -9.50215898e-07
350.998 -2.35032147e-07 -1.36744634e-06
351.187  6.19121433e-07 -1.27460238e-06
351.377  1.26984732e-06 -6.89374151e-07
351.566  1.46072103e-06  1.79283447e-07
351.755  1.10436928e-06  1.00949468e-06
351.944  3.21320693e-07  1.48535315e-06
352.134 -6.04245072e-07  1.41730700e-06
352.323 -1.32829508e-06  8.18854599e-07
352.512 -1.57481919e-06 -9.72706047e-08
352.701 -1.24347625e-06 -9.96242667e-07
352.890 -4.48231958e-07 -1.54322328e-06
353.080  5.23896866e-07 -1.53106472e-06
353.269  1.31586112e-06 -9.58458074e-07
353.458  1.63460770e-06 -3.00694710e-08
353.647  1.36089117e-06  9.15877526e-07
353.837  5.91615781e-07  1.53304597e-06
354.026 -3.93738992e-07  1.59649968e-06
354.215 -1.23581257e-06  1.08303200e-06
354.404 -1.62994582e-06  1.80196348e-07
354.593 -1.43561789e-06 -7.82106644e-07
354.783 -7.26777576e-07 -1.45586248e-06
354.972  2.34949325e-07 -1.60101070e-06
355.161  1.09999503e-06 -1.17082859e-06
355.350  1.55907724e-06 -3.28930482e-07
355.539  1.45326607e-06  6.14980635e-07
355.729  8.31548043e-07  1.32093917e-06
355.918 -7.15439549e-08  1.54038164e-06
356.107 -9.26617000e-07  1.20619459e-06
356.296 -1.42864517e-06  4.53262844e-07
356.486 -1.40779448e-06 -4.37786635e-07
356.675 -8.88611948e-07 -1.14423994e-06
356.864 -7.29486718e-08 -1.41926965e-06
357.053  7.37543091e-07 -1.18096670e-06
357.242  1.25288137e-06 -5.34241856e-07
357.432  1.30172224e-06  2.73708212e-07
357.621  8.87398487e-07  9.46490877e-07
357.810  1.78802119e-07  1.25018275e-06
357.999 -5.55629143e-07  1.09496881e-06
358.189 -1.05155114e-06  5.59572369e-07
358.378 -1.14511710e-06 -1.43012936e-07
358.567 -8.25421656e-07 -7.50551726e-07
358.756 -2.32440357e-07 -1.05119906e-06
358.945  4.02106262e-07 -9.55860738e-07
359.135  8.46914708e-07 -5.25041252e-07
359.324  9.54042841e-07  6.09825692e-08
359.513  7.08543687e-07  5.78238238e-07
359.702  2.27568498e-07  8.43344862e-07
359.891 -2.93883493e-07  7.78206086e-07
360.081 -6.60556268e-07  4.34480240e-07
360.270 -7.48621426e-07 -3.62448284e-08
360.459 -5.49762676e-07 -4.47257364e-07
360.648 -1.65455118e-07 -6.48075692e-07
360.838  2.41234377e-07 -5.81352733e-07
361.027  5.10843465e-07 -2.98621171e-07
361.216  5.50485975e-07  6.96645384e-08
361.405  3.66917806e-07  3.69168982e-07
361.594  5.46625333e-08  4.84838029e-07
361.784 -2.46642658e-07  3.86471450e-07
361.973 -4.11077073e-07  1.33533397e-07
362.162 -3.79736762e-07 -1.54285716e-07
362.351 -1.80149756e-07 -3.48496306e-07
362.541  9.00026032e-08 -3.68556269e-07
362.730  3.05071898e-07 -2.13563741e-07
362.919  3.68037896e-07  4.13000117e-08
363.108  2.52133530e-07  2.76701001e-07
363.297  9.54149740e-09  3.82625633e-07
363.487 -2.49640776e-07  3.07584536e-07
363.676 -4.05200972e-07  7.91766173e-08
363.865 -3.81075540e-07 -2.05447581e-07
364.054 -1.77334392e-07 -4.19342070e-07
364.243  1.27164489e-07 -4.62177774e-07
364.433  4.04144726e-07 -3.02804677e-07
364.622  5.30993360e-07  5.24363179e-09
364.811  4.42247541e-07  3.40434596e-07
365.000  1.58234539e-07  5.62923389e-07
365.190 -2.16890504e-07  5.72155036e-07
365.379 -5.34996050e-07  3.48096614e-07
365.568 -6.63583443e-07 -3.46117130e-08
365.757 -5.37804979e-07 -4.32302377e-07
365.946 -1.91005799e-07 -6.88643924e-07
366.136  2.53039312e-07 -6.94107021e-07
366.325  6.27325476e-07 -4.31635810e-07
366.514  7.83673314e-07  1.09417807e-08
366.703  6.50474025e-07  4.73120962e-07
366.893  2.65565084e-07  7.80334649e-07
367.082 -2.36155321e-07  8.08940579e-07
367.271 -6.71366989e-07  5.37466937e-07
367.460 -8.74294764e-07  5.69795654e-08
367.649 -7.61794117e-07 -4.61437829e-07
367.839 -3.66802824e-07 -8.26596827e-07
368.028  1.73281846e-07 -8.99516619e-07
368.217  6.63545742e-07 -6.47343901e-07
368.406  9.23131981e-07 -1.55169687e-07
368.595  8.54171987e-07  4.02124570e-07
368.785  4.76756193e-07  8.22403664e-07
368.974 -7.66170724e-08  9.52504437e-07
369.163 -6.07055049e-07  7.43063433e-07
369.352 -9.23801225e-07  2.66714704e-07
369.542 -9.12900678e-07 -3.05817752e-07
369.731 -5.77334271e-07 -7.69533840e-07
369.920 -3.80534541e-08 -9.59656050e-07
370.109  5.11359081e-07 -8.09079640e-07
370.298  8.76111382e-07 -3.73993287e-07
370.488  9.28124243e-07  1.87624477e-07
370.677  6.52721837e-07  6.75784277e-07
370.866  1.53152398e-07  9.18743755e-07
371.055 -3.90539857e-07  8.34607706e-07
371.245 -7.85811208e-07  4.60600647e-07
371.434 -8.96235248e-07 -6.49393794e-08
371.623 -6.91041898e-07 -5.53583069e-07
371.812 -2.51584438e-07 -8.33974474e-07
372.001  2.61055443e-07 -8.14674390e-07
372.191  6.63942136e-07 -5.13236227e-07
372.380  8.20088617e-07 -4.51805827e-08
372.569  6.85455618e-07  4.18441467e-07
372.758  3.19193969e-07  7.15341366e-07
372.947 -1.39641122e-07  7.50213696e-07
373.137 -5.25493342e-07  5.23504537e-07
373.326 -7.08095660e-07  1.28232003e-07
373.515 -6.34967247e-07 -2.87201108e-07
373.704 -3.46662033e-07 -5.76905858e-07
373.894  4.15045555e-08 -6.47723914e-07
374.083  3.87212625e-07 -4.89112542e-07
374.272  5.72800552e-07 -1.73741942e-07
374.461  5.44676706e-07  1.75826909e-07
374.650  3.30332861e-07  4.34594793e-07
374.840  2.14272778e-08  5.18543871e-07
375.029 -2.65097402e-07  4.13880140e-07
375.218 -4.29366650e-07  1.76206336e-07
375.407 -4.25000607e-07 -9.71072284e-08
375.597 -2.72167160e-07 -3.04228129e-07
375.786 -4.21539101e-08 -3.77464299e-07
375.975  1.72360657e-07 -3.06730080e-07
376.164  2.93863225e-07 -1.35765897e-07
376.353  2.89897476e-07  5.89664611e-08
376.543  1.79311293e-07  1.99837743e-07
376.732  1.95927138e-08  2.40550394e-07
376.921 -1.18147307e-07  1.80246026e-07
377.110 -1.81147837e-07  5.83072234e-08
377.299 -1.54734275e-07 -6.38518523e-08
377.489 -6.33217533e-08 -1.32052109e-07
377.678  4.15862117e-08 -1.22767077e-07
377.867  1.06737274e-07 -4.92100207e-08
378.056  1.02721999e-07  4.54251199e-08
378.246  3.44416393e-08  1.08901855e-07
378.435 -6.12595539e-08  1.06601105e-07
378.624 -1.32061086e-07  3.61282020e-08
378.813 -1.36999150e-07 -7.10630332e-08
379.002 -6.52619299e-08 -1.61639903e-07
379.192  5.80297393e-08 -1.86452689e-07
379.381  1.79040968e-07 -1.23528874e-07
379.570  2.39288374e-07  1.13911919e-08
379.759  2.02419114e-07  1.66733412e-07
379.949  7.02003073e-08  2.75534907e-07
380.138 -1.13188013e-07  2.84842326e-07
380.327 -2.76007551e-07  1.77510416e-07
380.516 -3.48901187e-07 -1.65215321e-08
380.705 -2.92080463e-07 -2.27415779e-07
380.895 -1.14004092e-07 -3.72999927e-07
381.084  1.26335371e-07 -3.89850134e-07
381.273  3.41168752e-07 -2.59019425e-07
381.462  4.46296860e-07 -1.88779272e-08
381.651  3.92469678e-07  2.47423792e-07
381.841  1.88725590e-07  4.42004289e-07
382.030 -9.81694918e-08  4.86752454e-07
382.219 -3.67459021e-07  3.55708010e-07
382.408 -5.18520896e-07  8.79499393e-08
382.598 -4.89388823e-07 -2.26015606e-07
382.787 -2.82813934e-07 -4.73940255e-07
382.976  3.43350491e-08 -5.62383207e-07
383.165  3.52276963e-07 -4.53721628e-07
383.354  5.56060730e-07 -1.79886788e-07
383.544  5.69489386e-07  1.67020834e-07
383.733  3.82533132e-07  4.64787280e-07
383.922  5.57733065e-08  6.06554723e-07
384.111 -2.97801716e-07  5.39172232e-07
384.301 -5.53864761e-07  2.81683159e-07
384.490 -6.21487136e-07 -7.82802256e-08
384.679 -4.73900567e-07 -4.15546907e-07
384.868 -1.60305228e-07 -6.12775126e-07
385.057  2.10783534e-07 -5.99875478e-07
385.247  5.11427885e-07 -3.79892416e-07
385.436  6.37355778e-07 -2.91465575e-08
385.625  5.44546453e-07  3.31684491e-07
385.814  2.66148790e-07  5.78660086e-07
386.003 -1.01467714e-07  6.26931845e-07
386.193 -4.32348826e-07  4.61953698e-07
386.382 -6.13317303e-07  1.42329771e-07
386.571 -5.84888880e-07 -2.21948292e-07
386.760 -3.60254467e-07 -5.06162448e-07
386.950 -1.80597842e-08 -6.15521363e-07
387.139  3.23789776e-07 -5.17217479e-07
387.328  5.50120576e-07 -2.48254039e-07
387.517  5.88660461e-07  9.71933236e-08
387.706  4.31191559e-07  4.01301786e-07
387.896  1.35431026e-07  5.64831627e-07
388.085 -1.95735907e-07  5.37962382e-07
388.274 -4.52396429e-07  3.35430483e-07
388.463 -5.53188469e-07  3.06469055e-08
388.653 -4.70483829e-07 -2.73102778e-07
388.842 -2.39075059e-07 -4.77569044e-07
389.031  5.97631765e-08 -5.20203034e-07
389.220  3.27531850e-07 -3.94800472e-07
389.409  4.79547265e-07 -1.49695753e-07
389.599  4.73168306e-07  1.32082995e-07
389.788  3.19023852e-07  3.59459615e-07
389.977  7.25453226e-08  4.63811087e-07
390.166 -1.84647337e-07  4.20050421e-07
390.355 -3.72241278e-07  2.49462950e-07
390.545 -4.37561170e-07  1.10600977e-08
390.734 -3.67717985e-07 -2.18593116e-07
390.923 -1.90915361e-07 -3.71801056e-07
391.112  3.37764376e-08 -4.07747246e-07
391.302  2.38190865e-07 -3.21896432e-07
391.491  3.64729973e-07 -1.46239482e-07
391.680  3.80606424e-07  6.43463400e-08
391.869  2.86976643e-07  2.49281201e-07
392.058  1.15038183e-07  3.57400627e-07
392.248 -8.53982596e-08  3.61671596e-07
392.437 -2.58040287e-07  2.64518294e-07
392.626 -3.56088275e-07  9.39481279e-08
392.815 -3.54324717e-07 -1.02612499e-07
393.005 -2.52788957e-07 -2.71098937e-07
393.194 -7.80722056e-08 -3.65772000e-07
393.383  1.22605583e-07 -3.58654566e-07
393.572  2.94727330e-07 -2.47967631e-07
393.761  3.88478082e-07 -6.11693097e-08
393.951  3.72219510e-07  1.52556608e-07
394.140  2.44553256e-07  3.32903835e-07
394.329  3.56067127e-08  4.23444328e-07
394.518 -1.98277341e-07  3.90635092e-07
394.707 -3.86809285e-07  2.34983375e-07
394.897 -4.67788201e-07 -5.97893198e-09
395.086 -4.06990859e-07 -2.63067052e-07
395.275 -2.10808320e-07 -4.55434729e-07
395.464  6.90295035e-08 -5.15866677e-07
395.654  3.48103786e-07 -4.12399833e-07
395.843  5.35011047e-07 -1.64631393e-07
396.032  5.59159623e-07  1.57103382e-07
396.221  3.97952297e-07  4.52029360e-07
396.410  9.05085148e-08  6.18283877e-07
396.600 -2.71648311e-07  5.87950131e-07
396.789 -5.69759725e-07  3.55562109e-07
396.978 -6.95667825e-07 -1.59900896e-08
397.167 -5.92542471e-07 -4.10549339e-07
397.357 -2.77930366e-07 -6.92935054e-07
397.546  1.56289385e-07 -7.56681979e-07
397.735  5.67799585e-07 -5.63218672e-07
397.924  8.11359669e-07 -1.59864353e-07
398.113  7.89986717e-07  3.27742404e-07
398.303  4.91219920e-07  7.34707073e-07
398.492 -7.17111342e-11  9.13178602e-07
398.681 -5.24384862e-07  7.83927776e-07
398.870 -9.00226427e-07  3.70737516e-07
399.059 -9.84961673e-07 -1.99698823e-07
399.249 -7.28574268e-07 -7.37385645e-07
399.438 -1.99453606e-07 -1.05063298e-06
399.627  4.33707601e-07 -1.01349121e-06
