0.181  8.06353137e-03 -1.27713790e-03
0.363  4.62275028e-03  1.19162505e-03
0.544  2.45588987e-03  2.27954735e-03
0.725  7.28507644e-04  2.46806747e-03
0.907 -5.88625791e-04  1.98841526e-03
1.088 -1.32968403e-03  1.14057675e-03
1.269 -1.49828190e-03  1.60256026e-04
1.451 -1.15970631e-03 -6.41504263e-04
1.632 -5.15571111e-04 -1.02757120e-03
1.813  1.60046588e-04 -1.01710729e-03
1.995  6.57582171e-04 -6.74466072e-04
2.176  8.54822627e-04 -1.62064857e-04
2.357  7.31796055e-04  3.13651172e-04
2.539  3.71646283e-04  6.42980092e-04
2.720 -7.77327438e-05  6.77497290e-04
2.901 -4.25993314e-04  4.77493178e-04
3.083 -5.89392709e-04  1.29990187e-04
3.264 -5.19638928e-04 -2.33572499e-04
3.445 -2.75535181e-04 -4.64158971e-04
3.627  3.89942494e-05 -5.04657834e-04
3.808  3.16537850e-04 -3.59911967e-04
3.989  4.44843026e-04 -9.72799167e-05
4.171  3.92701895e-04  1.78467266e-04
4.352  2.04707269e-04  3.64184303e-04
4.533 -3.84498670e-05  3.98504793e-04
4.715 -2.47438219e-04  2.84807447e-04
4.896 -3.57008138e-04  8.02781047e-05
5.077 -3.21492548e-04 -1.44938765e-04
5.259 -1.72783906e-04 -2.95335348e-04
5.440  3.05665749e-05 -3.26895323e-04
5.621  2.09616314e-04 -2.38187874e-04
5.803  2.96759920e-04 -6.65526463e-05
5.984  2.72337157e-04  1.19917746e-04
6.165  1.50247935e-04  2.52682572e-04
6.347 -2.13231632e-05  2.85497305e-04
6.528 -1.72601721e-04  2.12279892e-04
6.709 -2.49692823e-04  6.48855942e-05
6.891 -2.30621836e-04 -9.71754042e-05
7.072 -1.23820209e-04 -2.11473771e-04
7.253  2.37690331e-05 -2.39752692e-04
7.435  1.54276260e-04 -1.74755612e-04
7.616  2.18636989e-04 -5.20300819e-05
7.797  1.99367216e-04  8.04177829e-05
7.979  1.09051555e-04  1.74632539e-04
8.160 -1.94973898e-05  1.96865061e-04
8.341 -1.34559349e-04  1.41597687e-04
8.523 -1.94674254e-04  3.44160440e-05
8.704 -1.77820161e-04 -8.22632447e-05
8.885 -9.36211390e-05 -1.63216278e-04
9.067  2.20161199e-05 -1.80005530e-04
9.248  1.24164995e-04 -1.28563349e-04
9.429  1.73943806e-04 -3.01968313e-05
9.611  1.55980224e-04  7.49092497e-05
9.792  8.03851767e-05  1.47605612e-04
9.973 -2.25524051e-05  1.61097839e-04
10.155 -1.12748879e-04  1.13301221e-04
10.336 -1.57109317e-04  2.45649205e-05
10.517 -1.40575910e-04 -7.06060384e-05
10.699 -7.13130455e-05 -1.35112415e-04
10.880  2.25521301e-05 -1.46745523e-04
11.061  1.04499569e-04 -1.03628565e-04
11.243  1.43932586e-04 -2.27459526e-05
11.424  1.27517022e-04  6.46819177e-05
11.605  6.35577174e-05  1.25308300e-04
11.787 -2.23400957e-05  1.37443020e-04
11.968 -9.74401376e-05  9.76431998e-05
12.149 -1.34512822e-04  2.23601847e-05
12.331 -1.20671984e-04 -5.80885281e-05
12.512 -6.33918692e-05 -1.13190777e-04
12.693  1.35753378e-05 -1.23759167e-04
12.875  8.12075794e-05 -8.76283183e-05
13.056  1.14399804e-04 -2.02267513e-05
13.237  1.01394740e-04  5.16661849e-05
13.419  4.90151214e-05  1.00404938e-04
13.600 -2.08735849e-05  1.08038513e-04
13.781 -8.09829479e-05  7.36591825e-05
13.963 -1.08390094e-04  1.21364806e-05
14.144 -9.33316798e-05 -5.25600495e-05
14.325 -4.28630941e-05 -9.53274670e-05
14.507  2.26353110e-05 -1.00196474e-04
14.688  7.75930541e-05 -6.67166272e-05
14.869  1.01600079e-04 -8.69479115e-06
15.051  8.70219951e-05  5.13217303e-05
15.232  4.06506483e-05  9.03926621e-05
15.413 -1.90695761e-05  9.41932148e-05
15.595 -6.88150919e-05  6.22982777e-05
15.776 -9.00299942e-05  7.63285306e-06
15.957 -7.56386840e-05 -4.82414167e-05
16.139 -3.20290000e-05 -8.41477933e-05
16.320  2.31714983e-05 -8.73644499e-05
16.501  6.84651196e-05 -5.76561513e-05
16.683  8.70755612e-05 -7.27871941e-06
16.864  7.25469088e-05  4.40685875e-05
17.045  3.10464797e-05  7.73057154e-05
17.227 -2.11343319e-05  8.04987066e-05
17.408 -6.43922134e-05  5.32362899e-05
17.589 -8.30165763e-05  7.07015257e-06
17.771 -7.09101964e-05 -3.97739145e-05
17.952 -3.41173798e-05 -6.95127011e-05
18.133  1.22416545e-05 -7.12615720e-05
18.315  5.01014121e-05 -4.53398407e-05
18.496  6.49282886e-05 -2.67804536e-06
18.677  5.15876335e-05  3.98957026e-05
18.859  1.61298473e-05  6.58953978e-05
19.040 -2.72767790e-05  6.56994244e-05
19.221 -6.16380633e-05  4.02743492e-05
19.403 -7.37788329e-05  7.31634008e-08
19.584 -5.96309151e-05 -3.90837204e-05
19.765 -2.51091558e-05 -6.20858405e-05
19.947  1.63740897e-05 -6.06127150e-05
20.128  4.89376349e-05 -3.57659100e-05
20.309  6.06345567e-05  2.69522499e-06
20.491  4.77267257e-05  3.98167432e-05
20.672  1.57107263e-05  6.14983227e-05
20.853 -2.25802100e-05  5.99301626e-05
21.035 -5.22263263e-05  3.61224250e-05
21.216 -6.21750817e-05 -3.54938558e-07
21.397 -4.89842001e-05 -3.52029826e-05
21.579 -1.81217198e-05 -5.53045537e-05
21.760  1.81933184e-05 -5.33992198e-05
21.941  4.61705476e-05 -3.06958752e-05
22.123  5.54858059e-05  3.53595592e-06
22.304  4.29944246e-05  3.60154346e-05
22.485  1.41241376e-05  5.45123072e-05
22.667 -1.96452778e-05  5.22446453e-05
22.848 -4.54098794e-05  3.06875537e-05
23.029 -5.35447857e-05 -1.33474243e-06
23.211 -4.15335956e-05 -3.14567300e-05
23.392 -1.47039859e-05 -4.82869245e-05
23.573  1.63377079e-05 -4.58238727e-05
23.755  3.96194139e-05 -2.57026408e-05
23.936  4.63955494e-05  3.94877147e-06
24.117  3.46039352e-05  3.15864580e-05
24.299  9.20386212e-06  4.66185862e-05
24.480 -1.98021059e-05  4.37013541e-05
24.661 -4.10888325e-05  2.44560435e-05
24.843 -4.66835997e-05 -3.39176742e-06
25.024 -3.48645464e-05 -2.88467495e-05
25.205 -1.04986329e-05 -4.21483880e-05
25.387  1.67020450e-05 -3.85111321e-05
25.568  3.61387768e-05 -1.96043023e-05
25.749  4.05701827e-05  7.00515189e-06
25.931  2.85378821e-05  3.09042058e-05
26.112  4.92554147e-06  4.31033398e-05
26.293 -2.09510874e-05  3.91865616e-05
26.475 -3.92563517e-05  2.09230746e-05
26.656 -4.32236137e-05 -4.34673880e-06
26.837 -3.15820089e-05 -2.68895580e-05
27.019 -9.14925420e-06 -3.82815718e-05
27.200  1.53241433e-05 -3.44186724e-05
27.381  3.26126914e-05 -1.72246043e-05
27.563  3.63107831e-05  6.31880013e-06
27.744  2.54127015e-05  2.70983704e-05
27.925  4.57887359e-06  3.71721044e-05
28.107 -1.79982838e-05  3.28975299e-05
28.288 -3.36127682e-05  1.63223536e-05
28.469 -3.64072789e-05 -5.98138005e-06
28.651 -2.57155267e-05 -2.54112340e-05
28.832 -5.95934614e-06 -3.45949049e-05
29.013  1.51325144e-05 -3.03956979e-05
29.195  2.94057474e-05 -1.48452628e-05
29.376  3.16250539e-05  5.81173384e-06
29.557  2.13348862e-05  2.34073740e-05
29.739  2.78338466e-06  3.12029112e-05
29.920 -1.66080075e-05  2.64596869e-05
30.101 -2.92633290e-05  1.12056913e-05
30.283 -3.04681524e-05 -8.46961171e-06
30.464 -1.99057737e-05 -2.48457613e-05
30.645 -1.80238967e-06 -3.17375568e-05
30.827  1.67107912e-05 -2.66479229e-05
31.008  2.85970218e-05 -1.16800595e-05
31.189  2.94745484e-05  7.21412660e-06
31.371  1.91835631e-05  2.27810346e-05
31.552  1.94694932e-06  2.92069469e-05
31.733 -1.54863489e-05  2.41798534e-05
31.915 -2.65070911e-05  9.88945764e-06
32.096 -2.69967729e-05 -7.98764915e-06
32.277 -1.70024679e-05 -2.26421554e-05
32.459 -6.23545121e-07 -2.85676938e-05
32.640  1.58074631e-05 -2.37251771e-05
32.821  2.60281685e-05 -1.03172474e-05
33.003  2.62548030e-05  6.34040789e-06
33.184  1.67096606e-05  1.98150401e-05
33.365  1.27050757e-06  2.49858068e-05
33.547 -1.40566642e-05  2.01413246e-05
33.728 -2.33609208e-05  7.42118408e-06
33.909 -2.32539218e-05 -8.13178610e-06
34.091 -1.40439806e-05 -2.04083570e-05
34.272  5.69056783e-07 -2.47359561e-05
34.453  1.48178042e-05 -1.96492494e-05
34.635  2.32050295e-05 -7.23279376e-06
34.816  2.26876488e-05  7.60946099e-06
34.997  1.36232530e-05  1.91072900e-05
35.179 -3.46290677e-07  2.29896338e-05
35.360 -1.37028032e-05  1.79373837e-05
35.541 -2.13666654e-05  6.05578045e-06
35.723 -2.05239221e-05 -7.88890354e-06
35.904 -1.16174519e-05 -1.85074290e-05
36.085  1.74149126e-06 -2.18167798e-05
36.267  1.43452402e-05 -1.66377678e-05
36.448  2.14363519e-05 -5.14232107e-06
36.629  2.03798236e-05  8.11547492e-06
36.811  1.17555604e-05  1.80731954e-05
36.992 -9.34799810e-07  2.09566008e-05
37.173 -1.27980734e-05  1.57789189e-05
37.355 -1.93170880e-05  4.71984064e-06
37.536 -1.80906321e-05 -7.92410155e-06
37.717 -9.81453585e-06 -1.73335079e-05
37.899  2.19549372e-06 -1.99765730e-05
38.080  1.32943515e-05 -1.50671679e-05
38.261  1.92187026e-05 -4.69372142e-06
38.443  1.78486378e-05  7.07083202e-06
38.624  9.91422192e-06  1.56436756e-05
38.805 -1.42950293e-06  1.78128333e-05
38.987 -1.17284275e-05  1.29395208e-05
39.168 -1.70353321e-05  3.02330472e-06
39.349 -1.54733967e-05 -8.00377428e-06
39.531 -7.77417090e-06 -1.58409755e-05
39.712  2.97814002e-06 -1.75826628e-05
39.893  1.25363819e-05 -1.26765432e-05
40.075  1.72751539e-05 -3.11368195e-06
40.256  1.54761374e-05  7.29814819e-06
40.437  7.92007178e-06  1.45631446e-05
40.619 -2.34377737e-06  1.59911071e-05
40.800 -1.13178338e-05  1.11248574e-05
40.981 -1.56204597e-05  1.99616933e-06
41.163 -1.36581603e-05 -7.76490203e-06
41.344 -6.30900886e-06 -1.44189963e-05
41.525  3.47093651e-06 -1.54300286e-05
41.707  1.19251197e-05 -1.04850247e-05
41.888  1.58384958e-05 -1.61547903e-06
42.069  1.37787655e-05  7.74967537e-06
42.251  6.69591811e-06  1.40440633e-05
42.432 -2.60899529e-06  1.49007005e-05
42.613 -1.05594664e-05  1.01458148e-05
42.795 -1.41121827e-05  1.72708652e-06
42.976 -1.20262224e-05 -7.09218688e-06
43.157 -5.24879072e-06 -1.29034450e-05
43.339  3.55748210e-06 -1.35574263e-05
43.520  1.09557244e-05 -8.95817894e-06
43.701  1.41286784e-05 -9.57280493e-07
43.883  1.19912996e-05  7.29580622e-06
44.064  5.45531226e-06  1.26041344e-05
44.245 -2.89343568e-06  1.30353046e-05
44.427 -9.79065860e-06  8.52741612e-06
44.608 -1.26674664e-05  8.98942953e-07
44.789 -1.05392548e-05 -6.81699175e-06
44.971 -4.32901607e-06 -1.16709913e-05
45.152  3.42939116e-06 -1.18864287e-05
45.333  9.68794691e-06 -7.45434671e-06
45.515  1.20716788e-05 -2.05682707e-07
45.696  9.68553301e-06  6.98366151e-06
45.877  3.52166499e-06  1.13676002e-05
46.059 -3.96843087e-06  1.12771226e-05
46.240 -9.92646012e-06  6.80224041e-06
46.421 -1.20946137e-05 -2.42563315e-07
46.603 -9.69114040e-06 -7.14898946e-06
46.784 -3.75245769e-06 -1.12987183e-05
46.965  3.39931907e-06 -1.11423490e-05
47.147  9.03712912e-06 -6.86525338e-06
47.328  1.10197954e-05 -2.01240103e-07
47.509  8.69767494e-06  6.27259686e-06
47.691  3.08386754e-06  1.00527250e-05
47.872 -3.61852928e-06  9.75077532e-06
48.053 -8.78821188e-06  5.59712922e-06
48.235 -1.04535825e-05 -7.61448334e-07
48.416 -8.07046220e-06 -6.83423861e-06
48.597 -2.60527889e-06 -1.02749077e-05
48.779  3.80408972e-06 -9.84678468e-06
48.960  8.66798248e-06 -5.78110389e-06
49.141  1.01953512e-05  3.15876135e-07
49.323  7.89301687e-06  6.04846655e-06
49.504  2.71331177e-06  9.25842463e-06
49.685 -3.25994533e-06  8.80814929e-06
49.867 -7.71264515e-06  4.94494296e-06
50.048 -8.99367756e-06 -7.33807878e-07
50.229 -6.65828625e-06 -5.97163576e-06
50.411 -1.69407909e-06 -8.77198283e-06
50.592  3.90025055e-06 -8.07174056e-06
50.773  7.97211810e-06 -4.18741719e-06
50.955  8.96182570e-06  1.30778988e-06
51.136  6.51268374e-06  6.29790169e-06
51.317  1.64319584e-06  8.88332582e-06
51.499 -3.75588704e-06  8.09043114e-06
51.680 -7.63117822e-06  4.30606450e-06
51.861 -8.50798587e-06 -9.67645277e-07
52.043 -6.12855147e-06 -5.71497541e-06
52.224 -1.48407470e-06 -8.11588540e-06
52.405  3.62919084e-06 -7.31305642e-06
52.587  7.23130377e-06 -3.71277857e-06
52.768  7.97079740e-06  1.26311090e-06
52.949  5.65707868e-06  5.66610813e-06
53.131  1.22885757e-06  7.79635027e-06
53.312 -3.57206184e-06  6.90630530e-06
53.493 -6.86770563e-06  3.38826618e-06
53.675 -7.44210759e-06 -1.37260508e-06
53.856 -5.13010810e-06 -5.50140234e-06
54.037 -8.51622876e-07 -7.44149277e-06
54.219  3.69364754e-06 -6.50798577e-06
54.400  6.76195963e-06 -3.09251584e-06
54.581  7.23128827e-06  1.43173273e-06
54.763  4.95452385e-06  5.30172937e-06
54.944  8.66281025e-07  7.07830191e-06
55.125 -3.41187060e-06  6.11551067e-06
55.307 -6.26413493e-06  2.84288737e-06
55.488 -6.62691050e-06 -1.40280303e-06
55.669 -4.40776248e-06 -4.98189368e-06
55.851 -5.48354173e-07 -6.53050491e-06
56.032  3.43290584e-06 -5.46921742e-06
56.213  6.00490096e-06 -2.27696937e-06
56.395  6.17306448e-06  1.77628315e-06
56.576  3.92434001e-06  5.13283451e-06
56.757  1.73868650e-07  6.48958338e-06
56.939 -3.63472676e-06  5.35912009e-06
57.120 -6.02193320e-06  2.23149468e-06
57.301 -6.08663944e-06 -1.68727684e-06
57.483 -3.86154049e-06 -4.88303482e-06
57.664 -2.13850756e-07 -6.13774699e-06
57.845  3.45111390e-06 -5.03706447e-06
58.027  5.72652744e-06 -2.04309313e-06
58.208  5.80647645e-06  1.67404505e-06
58.389  3.72442025e-06  4.65955640e-06
58.571  3.19237856e-07  5.80592884e-06
58.752 -3.04453648e-06  4.73507333e-06
58.933 -5.07186852e-06  1.89601503e-06
59.115 -5.02637189e-06 -1.55775048e-06
59.296 -2.94772041e-06 -4.26725674e-06
59.477  3.16678015e-07 -5.21677190e-06
59.659  3.46843327e-06 -4.05158047e-06
59.840  5.31253749e-06 -1.24780361e-06
60.021  5.14937243e-06  2.07325235e-06
60.203  3.05594389e-06  4.65000309e-06
60.384 -1.19860712e-07  5.51522219e-06
60.565 -3.16482311e-06  4.35553910e-06
60.747 -4.94270234e-06  1.67515214e-06
60.928 -4.79622249e-06 -1.47051804e-06
61.109 -2.85268650e-06 -3.88804132e-06
61.291  7.84751583e-08 -4.65491527e-06
61.472  2.85476896e-06 -3.52663354e-06
61.653  4.38462634e-06 -1.00514551e-06
61.835  4.08864902e-06  1.91513600e-06
62.016  2.12792248e-06  4.07911230e-06
62.197 -7.31152290e-07  4.63737065e-06
62.379 -3.37512070e-06  3.40618141e-06
62.560 -4.77001096e-06  8.64811841e-07
62.741 -4.41167859e-06 -2.01417308e-06
62.923 -2.45751750e-06 -4.11459790e-06
63.104  3.45809576e-07 -4.66717940e-06
63.285  2.90908777e-06 -3.50411702e-06
63.467  4.27833626e-06 -1.08626540e-06
63.648  3.98813159e-06  1.62726418e-06
63.829  2.18385579e-06  3.59501614e-06
64.011 -3.91261747e-07  4.11045849e-06
64.192 -2.71001651e-06  3.00850196e-06
64.373 -3.90039039e-06  7.59944650e-07
64.555 -3.51969799e-06 -1.71392352e-06
64.736 -1.73814530e-06 -3.45810613e-06
64.917  7.07069931e-07 -3.80437994e-06
65.099  2.86394219e-06 -2.62071042e-06
65.280  3.90698119e-06 -4.00348594e-07
65.461  3.42672972e-06  1.99043000e-06
65.643  1.63533034e-06  3.64654216e-06
65.824 -7.61369155e-07  3.92826792e-06
66.005 -2.86220082e-06  2.75427856e-06
66.187 -3.86571940e-06  6.09142725e-07
66.368 -3.41480137e-06 -1.69201969e-06
66.549 -1.73540461e-06 -3.26857348e-06
66.731  5.13230396e-07 -3.53250804e-06
66.912  2.45664621e-06 -2.44002905e-06
67.093  3.34116325e-06 -4.42802519e-07
67.275  2.86793889e-06  1.67016861e-06
67.456  1.25140457e-06  3.05653280e-06
67.637 -8.70309092e-07  3.19866248e-06
67.819 -2.64604389e-06  2.06498062e-06
68.000 -3.39210185e-06  9.34139667e-08
68.181 -2.84166820e-06 -1.93398790e-06
68.363 -1.20155270e-06 -3.23382829e-06
68.544  8.85219158e-07 -3.33438589e-06
68.725  2.61051789e-06 -2.20129610e-06
68.907  3.34599491e-06 -2.82580472e-07
69.088  2.82868531e-06  1.66655822e-06
69.269  1.27658136e-06  2.92467021e-06
69.451 -6.78439155e-07  3.03564354e-06
69.632 -2.29193320e-06  1.97840372e-06
69.813 -2.96633217e-06  2.07279301e-07
69.995 -2.45634380e-06 -1.57856926e-06
70.176 -1.00450207e-06 -2.70118384e-06
70.357  7.95492391e-07 -2.72633941e-06
70.539  2.24838742e-06 -1.67276348e-06
70.720  2.77976693e-06  1.82939814e-08
70.901  2.19172855e-06  1.69359155e-06
71.083  7.39151033e-07  2.69511056e-06
71.264 -1.02125942e-06  2.63302373e-06
71.445 -2.41014922e-06  1.55737846e-06
71.627 -2.88781976e-06 -1.17380367e-07
71.808 -2.29966035e-06 -1.75305400e-06
71.989 -8.85259784e-07 -2.71559834e-06
72.171  8.15508577e-07 -2.66516868e-06
72.352  2.13835581e-06 -1.65062887e-06
72.533  2.59610327e-06 -6.80971948e-08
72.715  2.05019390e-06  1.45242392e-06
72.896  7.24464373e-07  2.32719134e-06
73.077 -8.42614857e-07  2.25030378e-06
73.259 -2.02809138e-06  1.26230314e-06
73.440 -2.39231557e-06 -2.35170010e-07
73.621 -1.79831007e-06 -1.63825282e-06
73.803 -4.80689906e-07 -2.41659453e-06
73.984  1.03014621e-06 -2.27552281e-06
74.165  2.16240320e-06 -1.26798079e-06
74.347  2.49599600e-06  1.96430154e-07
74.528  1.90479490e-06  1.55741399e-06
74.709  6.42830383e-07  2.31250187e-06
74.891 -7.91783540e-07  2.17663937e-06
75.072 -1.86271177e-06  1.23007521e-06
75.253 -2.16017411e-06 -1.34570809e-07
75.435 -1.58993195e-06 -1.39633843e-06
75.616 -4.07060844e-07 -2.06494384e-06
75.797  9.27921846e-07 -1.88801302e-06
75.979  1.89279604e-06 -9.65041103e-07
76.160  2.10703029e-06  3.41021358e-07
76.341  1.51050444e-06  1.52408995e-06
76.523  3.40958937e-07  2.11556859e-06
76.704 -9.55944002e-07  1.90559430e-06
76.885 -1.87032358e-06  9.90191243e-07
77.067 -2.06573626e-06 -2.82595480e-07
77.248 -1.49245883e-06 -1.41096038e-06
77.429 -3.73929504e-07 -1.96677049e-06
77.611  8.43034359e-07 -1.76394544e-06
77.792  1.68145927e-06 -8.87411225e-07
77.973  1.84012617e-06  3.10032304e-07
78.155  1.26457402e-06  1.34823154e-06
78.336  1.85139756e-07  1.84100884e-06
78.517 -9.59648783e-07  1.60556174e-06
78.699 -1.73563801e-06  7.33931759e-07
78.880 -1.85351050e-06 -4.16580879e-07
79.061 -1.26483944e-06 -1.40396798e-06
79.243 -2.14785332e-07 -1.86216573e-06
79.424  8.87016504e-07 -1.61284848e-06
79.605  1.63341834e-06 -7.69208258e-07
79.787  1.73898008e-06  3.28481216e-07
79.968  1.17908160e-06  1.27036458e-06
80.149  1.95490495e-07  1.69614820e-06
80.331 -8.35734455e-07  1.45171074e-06
80.512 -1.51667372e-06  6.61637433e-07
80.693 -1.58419315e-06 -3.63154391e-07
80.875 -1.03865759e-06 -1.22510916e-06
81.056 -1.02087705e-07 -1.58163593e-06
81.237  8.63235045e-07 -1.31309110e-06
81.419  1.47010742e-06 -5.37234008e-07
81.600  1.49305807e-06  4.48632024e-07
81.781  9.38845225e-07  1.24991571e-06
81.963  1.68811370e-08  1.55841421e-06
82.144 -9.07420159e-07  1.27217034e-06
82.325 -1.47336454e-06  4.97885795e-07
82.507 -1.48160639e-06 -4.61267057e-07
82.688 -9.30502422e-07 -1.22742754e-06
82.869 -3.45859392e-08 -1.52422581e-06
83.051  8.47977863e-07 -1.24640195e-06
83.232  1.39133185e-06 -5.03461128e-07
83.413  1.40094323e-06  3.99957115e-07
83.595  8.76317832e-07  1.11998173e-06
83.776  4.14787115e-08  1.39469445e-06
83.957 -7.73615566e-07  1.11992574e-06
84.139 -1.26611334e-06  4.21527814e-07
84.320 -1.24377590e-06 -4.13368281e-07
84.501 -7.26925123e-07 -1.06872654e-06
84.683  6.41742728e-08 -1.28619911e-06
84.864  8.27453740e-07 -9.82871910e-07
85.045  1.26455647e-06 -2.94204654e-07
85.227  1.20066763e-06  5.16818071e-07
85.408  6.75828521e-07  1.14004529e-06
85.589 -1.07785338e-07  1.32818773e-06
85.771 -8.56725946e-07  1.02385287e-06
85.952 -1.27752868e-06  3.51989087e-07
86.133 -1.22310727e-06 -4.36788994e-07
86.315 -7.32340416e-07 -1.03319666e-06
86.496  7.65652896e-09 -1.21725661e-06
86.677  7.02282350e-07 -9.41420732e-07
86.859  1.08221987e-06 -3.16139114e-07
87.040  1.02114326e-06  4.05603026e-07
87.221  5.47808206e-07  9.32146014e-07
87.403 -1.47170617e-07  1.07218127e-06
87.584 -7.77216746e-07  7.74725391e-07
87.765 -1.10421570e-06  1.54065964e-07
87.947 -1.00520705e-06 -5.34447163e-07
88.128 -5.11309612e-07 -1.02760172e-06
88.309  1.76343735e-07 -1.14352518e-06
88.491  7.93403329e-07 -8.30833144e-07
88.672  1.11673459e-06 -2.18639281e-07
88.853  1.02070226e-06  4.52063958e-07
89.035  5.51963220e-07  9.38157974e-07
89.216 -9.41174006e-08  1.05524455e-06
89.397 -6.77012064e-07  7.66242588e-07
89.579 -9.74078133e-07  2.03900205e-07
89.760 -8.71970877e-07 -4.14844991e-07
89.941 -4.30561398e-07 -8.51594737e-07
90.123  1.74469667e-07 -9.31185497e-07
90.304  7.10990711e-07 -6.37415305e-07
90.485  9.61324559e-07 -9.13286653e-08
90.667  8.36789050e-07  5.01023657e-07
90.848  3.95110607e-07  9.01569154e-07
91.029 -2.00317688e-07  9.59087046e-07
91.211 -7.14183118e-07  6.64507510e-07
91.392 -9.48455331e-07  1.26262443e-07
91.573 -8.29588545e-07 -4.45196256e-07
91.755 -4.04065407e-07 -8.25212952e-07
91.936  1.61289401e-07 -8.83970090e-07
92.117  6.37669320e-07 -6.05006274e-07
92.299  8.52266744e-07 -9.82205135e-08
92.480  7.30414014e-07  4.25362324e-07
92.661  3.18275948e-07  7.66492270e-07
92.843 -2.10052222e-07  8.01430504e-07
93.024 -6.47106744e-07  5.11962476e-07
93.205 -8.32472973e-07  2.02058773e-08
93.387 -6.88534988e-07 -4.76851742e-07
93.568 -2.75617568e-07 -7.96885201e-07
93.749  2.37528036e-07 -8.12736402e-07
93.931  6.62887128e-07 -5.19123563e-07
94.112  8.37642984e-07 -4.11882916e-08
94.293  6.93673870e-07  4.44017624e-07
94.475  3.01367586e-07  7.54798778e-07
94.656 -1.88585746e-07  7.69487906e-07
94.837 -5.93350605e-07  4.98364123e-07
95.019 -7.52224455e-07  5.33532735e-08
95.200 -6.16316921e-07 -3.98113727e-07
95.381 -2.50523015e-07 -6.73865658e-07
95.563  2.06754528e-07 -6.72500094e-07
95.744  5.70118955e-07 -4.08003484e-07
95.925  6.96759466e-07  2.02180725e-08
96.107  5.49943673e-07  4.40748301e-07
96.288  1.83807670e-07  6.83805272e-07
96.469 -2.59202000e-07  6.66083389e-07
96.651 -5.98972283e-07  3.93946948e-07
96.832 -7.13589969e-07 -3.08373321e-08
97.013 -5.62939152e-07 -4.35308215e-07
97.195 -2.00539561e-07 -6.70452731e-07
97.376  2.24505464e-07 -6.54867976e-07
97.557  5.50352862e-07 -3.91290499e-07
97.739  6.63090742e-07  8.86602717e-09
97.920  5.17391983e-07  3.86275484e-07
98.101  1.77674142e-07  6.05715640e-07
98.283 -2.13933394e-07  5.80941520e-07
98.464 -5.13224059e-07  3.25280552e-07
98.645 -6.03327457e-07 -4.89825997e-08
98.827 -4.47554444e-07 -4.01010982e-07
99.008 -1.18681716e-07 -5.95372005e-07
99.189  2.57453542e-07 -5.51022354e-07
99.371  5.39618171e-07 -2.95175393e-07
99.552  6.11990355e-07  7.16725651e-08
99.733  4.54407840e-07  4.15089681e-07
99.915  1.33759334e-07  5.97110401e-07
100.096 -2.33792591e-07  5.53071514e-07
100.277 -5.02561239e-07  3.10970782e-07
100.459 -5.70842654e-07 -4.05485792e-08
100.640 -4.26154761e-07 -3.62573937e-07
100.821 -1.23510793e-07 -5.27462667e-07
101.003  2.17731664e-07 -4.84398444e-07
101.184  4.57216667e-07 -2.52043213e-07
101.365  5.11182463e-07  7.96703558e-08
101.547  3.62333352e-07  3.71537893e-07
101.728  6.48031743e-08  5.14869065e-07
101.909 -2.56548100e-07  4.59456915e-07
102.091 -4.78106201e-07  2.20849313e-07
102.272 -5.22038365e-07 -1.01931743e-07
102.453 -3.66009283e-07 -3.81776132e-07
102.635 -7.44124649e-08 -5.20558284e-07
102.816  2.34096894e-07 -4.62186419e-07
102.997  4.50028339e-07 -2.31390141e-07
103.179  4.90606581e-07  7.27800305e-08
103.360  3.40173320e-07  3.39159216e-07
103.541  6.90944062e-08  4.67384942e-07
103.723 -2.19309993e-07  4.04909980e-07
103.904 -4.17056043e-07  1.87378284e-07
104.085 -4.41698740e-07 -9.82273771e-08
104.267 -2.91594020e-07 -3.46024612e-07
104.448 -3.04179376e-08 -4.53066469e-07
104.629  2.46836225e-07 -3.81368820e-07
104.811  4.27509913e-07 -1.66194341e-07
104.992  4.41675782e-07  1.15767820e-07
105.173  2.93374101e-07  3.53355796e-07
105.355  3.53683400e-08  4.52263623e-07
105.536 -2.33257435e-07  3.85262750e-07
105.717 -4.03881471e-07  1.77840128e-07
105.899 -4.20963550e-07 -9.17808732e-08
106.080 -2.81961019e-07 -3.11992721e-07
106.261 -3.82421685e-08 -4.04573011e-07
106.443  2.06726059e-07 -3.40631599e-07
106.624  3.59611676e-07 -1.41863998e-07
106.805  3.68800472e-07  1.06089774e-07
106.987  2.26505962e-07  3.03485232e-07
107.168 -6.87262460e-09  3.80970922e-07
107.349 -2.34281124e-07  3.03928593e-07
107.531 -3.74584108e-07  1.02762728e-07
107.712 -3.70902417e-07 -1.37129606e-07
107.893 -2.21818782e-07 -3.29621234e-07
108.075  7.04593400e-09 -4.01732259e-07
108.256  2.31932905e-07 -3.21598586e-07
108.437  3.71081576e-07 -1.28780279e-07
108.619  3.66730573e-07  1.02625875e-07
108.800  2.28864449e-07  2.89842782e-07
108.981  1.55360684e-08  3.56372267e-07
109.163 -1.96751182e-07  2.82378240e-07
109.344 -3.21449924e-07  1.05109811e-07
109.525 -3.11797383e-07 -1.11243290e-07
109.707 -1.81436761e-07 -2.79065126e-07
109.888  2.21689519e-08 -3.30127804e-07
110.069  2.18586312e-07 -2.53667622e-07
110.251  3.25404270e-07 -7.76398754e-08
110.432  3.08580497e-07  1.31590535e-07
110.613  1.75255058e-07  2.85845177e-07
110.795 -2.74545366e-08  3.30893822e-07
110.976 -2.14470463e-07  2.53234328e-07
111.157 -3.16423310e-07  7.76116863e-08
111.339 -3.00910417e-07 -1.22399288e-07
111.520 -1.69487030e-07 -2.68931338e-07
111.701  2.27253204e-08 -3.13900087e-07
111.883  1.96914227e-07 -2.37129253e-07
112.064  2.93724351e-07 -7.05990325e-08
112.245  2.74638024e-07  1.13526702e-07
112.427  1.46509622e-07  2.49760587e-07
112.608 -3.19568495e-08  2.85928689e-07
112.789 -1.94569120e-07  2.04430084e-07
112.971 -2.80827671e-07  4.50625978e-08
113.152 -2.51676519e-07 -1.30712485e-07
113.333 -1.24379966e-07 -2.59589300e-07
113.515  4.95064137e-08 -2.85969212e-07
113.696  2.09248971e-07 -2.03175692e-07
113.877  2.89031895e-07 -4.83436331e-08
114.059  2.59340656e-07  1.25263217e-07
114.240  1.39573048e-07  2.48680628e-07
114.421 -2.84685863e-08  2.73147826e-07
114.603 -1.79610095e-07  1.98674977e-07
114.784 -2.51449527e-07  5.28701655e-08
114.965 -2.24811193e-07 -1.08828990e-07
115.147 -1.11751270e-07 -2.17190039e-07
115.328  4.63818765e-08 -2.35789487e-07
115.509  1.80649534e-07 -1.60998291e-07
115.691  2.40769605e-07 -1.75007791e-08
115.872  2.08255975e-07  1.32789491e-07
116.053  9.02026885e-08  2.30339727e-07
116.235 -6.43274832e-08  2.43493491e-07
116.416 -1.92160424e-07  1.62318988e-07
116.597 -2.51071572e-07  1.86014893e-08
116.779 -2.16052620e-07 -1.27050831e-07
116.960 -9.90787133e-08 -2.25383512e-07
117.141  4.79391754e-08 -2.39505625e-07
117.323  1.72983601e-07 -1.61321413e-07
117.504  2.31379594e-07 -2.88408015e-08
117.685  1.96987128e-07  1.07678945e-07
117.867  9.03519036e-08  2.00206166e-07
118.048 -4.42999882e-08  2.08417531e-07
118.229 -1.59756173e-07  1.33810990e-07
118.411 -2.06476519e-07  1.09026930e-08
118.592 -1.67293718e-07 -1.17489263e-07
118.773 -6.40860172e-08 -1.97967027e-07
118.955  6.76381047e-08 -1.96864906e-07
119.136  1.75867609e-07 -1.21388904e-07
119.317  2.14196102e-07  2.56637257e-09
119.499  1.74287591e-07  1.29131406e-07
119.680  7.07825382e-08  2.04224010e-07
119.861 -6.04780733e-08  2.04561331e-07
120.043 -1.63607445e-07  1.32716689e-07
120.224 -2.02571766e-07  1.18711710e-08
120.405 -1.68046944e-07 -1.06216727e-07
120.587 -6.94613762e-08 -1.76358154e-07
120.768  5.07169587e-08 -1.78443092e-07
120.949  1.42644385e-07 -1.08558337e-07
121.131  1.77246375e-07  3.90816138e-09
121.312  1.38836415e-07  1.09335664e-07
121.493  4.15595818e-08  1.72010676e-07
121.675 -7.00092708e-08  1.66774109e-07
121.856 -1.56267934e-07  9.20043713e-08
122.037 -1.85298305e-07 -1.71602660e-08
122.219 -1.40738252e-07 -1.20394578e-07
122.400 -4.47476477e-08 -1.81985283e-07
122.581  6.50985977e-08 -1.73291817e-07
122.763  1.52375148e-07 -1.01293248e-07
122.944  1.79826581e-07  2.63388917e-09
123.125  1.38790352e-07  1.04314611e-07
123.307  5.14887746e-08  1.62270577e-07
123.488 -5.26832641e-08  1.53572783e-07
123.669 -1.32487543e-07  8.92131829e-08
123.851 -1.53657809e-07 -8.07697392e-09
124.032 -1.14930940e-07 -1.01222272e-07
124.213 -3.11382029e-08 -1.48604222e-07
124.395  6.78288185e-08 -1.36756581e-07
124.576  1.37532134e-07 -7.19000596e-08
124.757  1.53434790e-07  2.52644687e-08
124.939  1.12876174e-07  1.12110136e-07
125.120  2.63476736e-08  1.55249901e-07
125.301 -6.96456982e-08  1.43353896e-07
125.483 -1.36112211e-07  7.66348322e-08
125.664 -1.53881538e-07 -1.80595903e-08
125.845 -1.13738330e-07 -1.00125097e-07
126.027 -3.05662562e-08 -1.44049661e-07
126.208  5.76546229e-08 -1.32824259e-07
126.389  1.21132639e-07 -6.85672537e-08
126.571  1.37199489e-07  1.72823020e-08
126.752  9.59023906e-08  9.30811392e-08
126.933  1.90063937e-08  1.32791869e-07
127.115 -6.26024249e-08  1.16309780e-07
127.296 -1.21702294e-07  5.36647326e-08
127.477 -1.30795250e-07 -2.76729607e-08
127.659 -8.73472753e-08 -1.01279671e-07
127.840 -1.28550737e-08 -1.35498034e-07
128.021  6.88406428e-08 -1.15728354e-07
128.203  1.25310983e-07 -5.52846313e-08
128.384  1.31724730e-07  2.61541092e-08
128.565  9.16905299e-08  9.86061474e-08
128.747  1.94447094e-08  1.30018852e-07
128.928 -6.01670996e-08  1.13767192e-07
129.109 -1.11655033e-07  5.77864598e-08
129.291 -1.18748490e-07 -2.00573701e-08
129.472 -8.26934377e-08 -8.48317494e-08
129.653 -1.35139109e-08 -1.12235812e-07
129.835  5.80701731e-08 -9.68599686e-08
130.016  1.02152232e-07 -4.09210565e-08
130.197  1.07046006e-07  3.19896503e-08
130.379  6.78540032e-08  8.93471373e-08
130.560 -9.26268747e-10  1.13904460e-07
130.741 -6.74630126e-08  9.47549669e-08
130.923 -1.10086452e-07  3.63857353e-08
131.104 -1.13246191e-07 -3.34057867e-08
131.285 -7.15969843e-08 -9.01583749e-08
131.467 -5.92255033e-09 -1.15215843e-07
131.648  5.85953244e-08 -9.46403384e-08
131.829  1.01806660e-07 -4.00093599e-08
132.011  1.03304699e-07  2.50821040e-08
132.192  6.43834726e-08  8.05357880e-08
132.373  4.78348424e-09  1.02142234e-07
132.555 -5.67983694e-08  8.10719068e-08
132.736 -9.51380198e-08  3.12344460e-08
132.917 -9.25904886e-08 -3.11809704e-08
133.099 -5.57431113e-08 -8.24761844e-08
133.280  2.62426570e-09 -9.84224888e-08
133.461  6.23960735e-08 -7.74395417e-08
133.643  9.56344224e-08 -2.81471177e-08
133.824  9.25476409e-08  3.43766813e-08
134.005  5.70077441e-08  8.16762011e-08
134.187 -1.73958649e-09  9.66071590e-08
134.368 -5.78427085e-08  7.79424593e-08
134.549 -8.85323697e-08  2.89611209e-08
134.731 -8.74475438e-08 -2.97431867e-08
134.912 -5.23494276e-08 -7.21851393e-08
135.093  3.28499848e-09 -8.71984870e-08
135.275  5.30394882e-08 -6.78966237e-08
135.456  8.16383842e-08 -1.97512663e-08
135.637  7.86243150e-08  3.32158793e-08
135.819  4.15412514e-08  7.26805875e-08
136.000 -1.05440166e-08  8.57201662e-08
136.181 -5.76867378e-08  6.28706017e-08
136.363 -8.55451968e-08  1.62269624e-08
136.544 -7.92263625e-08 -3.43945834e-08
136.725 -4.26298364e-08 -7.42042194e-08
136.907  6.48494345e-09 -8.48955361e-08
137.088  5.37789319e-08 -6.19209924e-08
137.269  7.97210336e-08 -1.91076261e-08
137.451  7.20828431e-08  3.04740221e-08
137.632  3.91941237e-08  6.81427842e-08
137.813 -7.86932115e-09  7.56545247e-08
137.995 -5.29823981e-08  5.48071324e-08
138.176 -7.41909672e-08  1.40423758e-08
138.357 -6.64016811e-08 -3.42476511e-08
138.539 -3.48551972e-08 -6.70140122e-08
138.720  1.24017663e-08 -7.26566843e-08
138.901  5.38216168e-08 -5.27310523e-08
139.083  7.24317677e-08 -1.08313993e-08
139.264  6.57726534e-08  3.52760197e-08
139.445  3.32904297e-08  6.50494596e-08
139.627 -1.27322444e-08  7.19471693e-08
139.808 -5.04621890e-08  5.18746150e-08
139.989 -6.95609718e-08  1.06992538e-08
140.171 -6.31794587e-08 -3.09125771e-08
140.352 -3.06872018e-08 -5.94988442e-08
140.533  1.07203906e-08 -6.62841962e-08
140.715  4.54916271e-08 -4.48394462e-08
140.896  6.36748015e-08 -7.03584101e-09
141.077  5.43285178e-08  3.08152831e-08
141.259  2.28032141e-08  5.81969049e-08
141.440 -1.53702520e-08  6.12742839e-08
141.621 -4.96067442e-08  3.84478730e-08
141.803 -6.48894165e-08  2.83887765e-09
141.984 -5.30461761e-08 -3.53661906e-08
142.165 -2.32564132e-08 -6.15823206e-08
142.347  1.51999631e-08 -6.22166455e-08
142.528  4.95329952e-08 -4.13110488e-08
142.709  6.25196132e-08 -6.67786465e-09
142.891  5.24288143e-08  3.16723971e-08
143.072  2.50328811e-08  5.50656498e-08
143.253 -1.29592503e-08  5.60563621e-08
143.435 -4.36621586e-08  3.78517823e-08
143.616 -5.46727835e-08  3.80216497e-09
143.797 -4.62032626e-08 -3.09690113e-08
143.979 -1.85535975e-08 -5.04521134e-08
144.160  1.73821936e-08 -5.15760929e-08
144.341  4.37710898e-08 -3.21003056e-08
144.523  5.41913068e-08  2.15161360e-09
144.704  4.44208017e-08  3.35464818e-08
144.885  1.50266472e-08  5.25683257e-08
145.067 -1.85925835e-08  5.35351505e-08
145.248 -4.44847722e-08  3.21935691e-08
145.429 -5.59659302e-08 -7.26313124e-11
145.611 -4.49319762e-08 -2.99258466e-08
145.792 -1.74916354e-08 -5.00712325e-08
145.973  1.29633285e-08 -4.98927576e-08
146.155  3.88477387e-08 -2.96711349e-08
146.336  4.85072482e-08 -1.41292103e-09
146.517  3.66007955e-08  2.72691770e-08
146.699  1.23800940e-08  4.50448964e-08
146.880 -1.67723443e-08  4.18348531e-08
147.061 -4.09204925e-08  2.29924848e-08
147.243 -4.66449912e-08 -4.66331207e-09
147.424 -3.46297601e-08 -3.32931709e-08
147.605 -1.06660791e-08 -4.78591288e-08
147.787  1.98472167e-08 -4.41167316e-08
147.968  4.20895533e-08 -2.62554674e-08
148.149  4.72431115e-08  2.79921099e-09
148.331  3.73106740e-08  3.01644429e-08
148.512  1.29654522e-08  4.34237145e-08
148.693 -1.62150486e-08  4.19282731e-08
148.875 -3.56877158e-08  2.44998468e-08
149.056 -4.19131090e-08 -3.41570327e-09
149.237 -3.23352832e-08 -2.68973651e-08
149.419 -8.06323653e-09 -3.95639622e-08
149.600  1.73776209e-08 -3.79091476e-08
149.781  3.51353220e-08 -1.90756011e-08
149.963  4.10482620e-08  6.37586970e-09
150.144  2.91017927e-08  2.78290469e-08
150.325  5.71290645e-09  4.06161064e-08
150.507 -1.77574439e-08  3.66373761e-08
150.688 -3.61953310e-08  1.75160030e-08
150.869 -4.05805384e-08 -5.88744574e-09
151.051 -2.77077429e-08 -2.80727955e-08
151.232 -6.62679107e-09 -4.02016321e-08
151.413  1.69098547e-08 -3.48300782e-08
151.595  3.51487382e-08 -1.80245495e-08
151.776  3.75304437e-08  4.45840132e-09
151.957  2.62934167e-08  2.65488692e-08
152.139  6.82384462e-09  3.60424529e-08
152.320 -1.67422446e-08  3.09671575e-08
152.501 -3.21382118e-08  1.58480841e-08
152.683 -3.33237349e-08 -7.04974968e-09
152.864 -2.33964450e-08 -2.68633601e-08
153.045 -3.02871943e-09 -3.41454869e-08
153.227  1.94853245e-08 -3.00050136e-08
153.408  3.24043850e-08 -1.38931948e-08
153.589  3.44091731e-08  9.20698880e-09
153.771  2.40891205e-08  2.66964114e-08
153.952  2.86039121e-09  3.46370341e-08
154.133 -1.73886756e-08  3.10373376e-08
154.315 -3.02498325e-08  1.39804514e-08
154.496 -3.33195088e-08 -6.82546627e-09
154.677 -2.19998496e-08 -2.30119247e-08
154.859 -2.66980647e-09 -3.18122472e-08
155.040  1.51675475e-08 -2.68749637e-08
155.221  2.83323900e-08 -1.05793429e-08
155.403  2.97378119e-08  7.48586172e-09
155.584  1.76409569e-08  2.36375533e-08
155.765  5.66169370e-10  3.09861738e-08
155.947 -1.72590878e-08  2.40786420e-08
156.128 -2.98633462e-08  9.26925772e-09
156.309 -2.89513997e-08 -8.76804590e-09
156.491 -1.78101809e-08 -2.54276260e-08
156.672 -1.27361056e-09 -3.07688918e-08
156.853  1.75854604e-08 -2.44819397e-08
157.035  2.85337476e-08 -1.11002543e-08
157.216  2.76136522e-08  7.74998368e-09
157.397  1.84905420e-08  2.28470534e-08
157.579  1.62199313e-09  2.70375523e-08
157.760 -1.58403977e-08  2.25336996e-08
157.941 -2.44359617e-08  8.99788541e-09
158.123 -2.44169634e-08 -9.15960272e-09
158.304 -1.50032771e-08 -2.13654468e-08
158.485  2.36381144e-09 -2.55814823e-08
158.667  1.73363778e-08 -2.08182021e-08
158.848  2.55271408e-08 -5.73839150e-09
159.029  2.58060405e-08  1.08418916e-08
159.211  1.45868860e-08  2.24694164e-08
159.392 -1.94289155e-09  2.77978592e-08
159.573 -1.58988202e-08  2.17531505e-08
159.755 -2.55597407e-08  7.17132150e-09
159.936 -2.52287076e-08 -7.54706355e-09
160.117 -1.41561695e-08 -2.01360654e-08
160.299 -2.00733327e-10 -2.51015582e-08
160.480  1.37101349e-08 -1.83906361e-08
160.661  2.29329914e-08 -6.28268223e-09
160.843  2.08391730e-08  7.62942852e-09
161.024  1.12638218e-08  1.99285344e-08
161.205 -1.69657996e-09  2.24401860e-08
161.387 -1.59333435e-08  1.59854201e-08
161.568 -2.28861099e-08  4.80990676e-09
161.749 -2.01767736e-08 -1.01257517e-08
161.931 -1.16765250e-08 -2.09976448e-08
162.112  2.49186136e-09 -2.24774551e-08
162.293  1.61770561e-08 -1.74518298e-08
162.475  2.17717725e-08 -5.56622446e-09
162.656  2.06028833e-08  9.32881485e-09
162.837  1.21613536e-08  1.83531932e-08
163.019 -2.24622595e-09  2.08565067e-08
163.200 -1.36539381e-08  1.63898783e-08
163.381 -1.92678799e-08  3.86847218e-09
163.563 -1.87584266e-08 -8.83795237e-09
163.744 -9.13341589e-09 -1.69288401e-08
163.925  3.83558389e-09 -2.00868217e-08
164.107  1.37911589e-08 -1.41076900e-08
164.288  2.01933757e-08 -1.97952636e-09
164.469  1.83909323e-08  9.11068501e-09
164.651  8.30740033e-09  1.81191449e-08
164.832 -2.95862058e-09  2.06516170e-08
165.013 -1.36306188e-08  1.37232430e-08
165.195 -2.01127376e-08  3.37089816e-09
165.376 -1.70742576e-08 -7.80418331e-09
165.557 -8.62101617e-09 -1.73167255e-08
165.739  1.91543100e-09 -1.83630793e-08
165.920  1.32186912e-08 -1.25010835e-08
166.101  1.80460760e-08 -3.50300499e-09
166.283  1.51471114e-08  8.31045212e-09
166.464  8.27818541e-09  1.62796474e-08
166.645 -2.90040517e-09  1.64861621e-08
166.827 -1.31629722e-08  1.21092855e-08
167.008 -1.64465169e-08  2.54452619e-09
167.189 -1.47800926e-08 -8.98009274e-09
167.371 -7.64449977e-09 -1.50914253e-08
167.552  3.94569444e-09 -1.61961222e-08
167.733  1.23322841e-08 -1.20840341e-08
167.915  1.60355380e-08 -1.69318752e-09
168.096  1.52106752e-08  8.09312597e-09
168.277  7.16107301e-09  1.39264671e-08
168.459 -2.93144384e-09  1.62162339e-08
168.640 -1.01677846e-08  1.12840180e-08
168.821 -1.49655852e-08  1.96542332e-09
169.003 -1.33994733e-08 -5.86974524e-09
169.184 -5.69254237e-09 -1.23255953e-08
169.365  2.07204832e-09 -1.39052044e-08
169.547  9.36558408e-09 -8.35648312e-09
169.728  1.36133711e-08 -1.15246372e-09
169.909  1.05845183e-08  6.31626034e-09
170.091  4.37596257e-09  1.26356100e-08
170.272 -2.69615608e-09  1.23541645e-08
170.453 -1.03460960e-08  7.60625274e-09
170.635 -1.27912710e-08  1.49255172e-09
170.816 -9.89808232e-09 -6.56274099e-09
170.997 -5.21629327e-09 -1.13181533e-08
171.179  2.26211709e-09 -1.04045387e-08
171.360  8.54504703e-09 -7.34385977e-09
171.541  9.39091989e-09 -1.19136386e-09
171.723  7.75386536e-09  5.73527542e-09
171.904  3.20400785e-09  7.94406978e-09
172.085 -3.69518927e-09  7.30196386e-09
172.267 -6.96657852e-09  4.19160393e-09
172.448 -6.97161615e-09 -2.32720561e-09
172.629 -4.96467964e-09 -6.57325047e-09
172.811  1.00325878e-09 -7.15805615e-09
172.992  6.23005150e-09 -5.99566861e-09
173.173  7.56426515e-09 -7.36549729e-10
173.355  7.12931256e-09  5.39409427e-09
173.536  2.75607199e-09  7.72672213e-09
173.717 -4.06518481e-09  7.99513603e-09
173.899 -7.63270549e-09  4.63873853e-09
174.080 -8.66743755e-09 -2.59191412e-09
174.261 -6.40285455e-09 -7.63081606e-09
174.443  9.34756578e-10 -9.67229394e-09
174.624  7.67953283e-09 -8.64759732e-09
174.805  1.12195778e-08 -1.62010844e-09
174.987  1.18322247e-08  6.91158472e-09
175.168  5.83214730e-09  1.25812901e-08
175.349 -4.12905078e-09  1.55005431e-08
175.531 -1.23653164e-08  1.16205478e-08
175.712 -1.82999706e-08  1.23867282e-09
175.893 -1.78305362e-08 -9.43771887e-09
176.075 -8.64250481e-09 -1.87773049e-08
176.256  3.60014191e-09 -2.28526383e-08
176.437  1.61411726e-08 -1.67891147e-08
176.619  2.54035021e-08 -4.54594177e-09
176.800  2.43420314e-08  1.02975066e-08
176.981  1.41643460e-08  2.46829506e-08
177.163 -1.39271708e-09  3.01108233e-08
177.344 -2.00014911e-08  2.43212626e-08
177.525 -3.26991767e-08  1.02765643e-08
177.707 -3.35588136e-08 -1.07172981e-08
177.888 -2.37478435e-08 -3.04146960e-08
178.069 -3.17920610e-09 -3.96609421e-08
178.251  2.18697337e-08 -3.69566292e-08
178.432  4.01256692e-08 -2.04226432e-08
178.613  4.69526521e-08  6.80309132e-09
178.795  3.83632663e-08  3.30221061e-08
178.976  1.34427975e-08  5.06089174e-08
179.157 -1.77510281e-08  5.33847563e-08
179.339 -4.54792183e-08  3.59147832e-08
179.520 -6.16723514e-08  4.49997298e-09
179.701 -5.65195063e-08 -3.05759415e-08
179.883 -3.07876131e-08 -6.01394168e-08
180.064  6.75482832e-09 -7.08646299e-08
180.245  4.71131751e-08 -5.69364452e-08
180.427  7.50361276e-08 -2.34054409e-08
180.608  7.81284181e-08  2.25842509e-08
180.789  5.58246135e-08  6.60667731e-08
180.971  1.15928907e-08  8.93019955e-08
181.152 -4.24832629e-08  8.49881361e-08
181.333 -8.57780527e-08  5.12839777e-08
181.515 -1.04318457e-07 -5.23349746e-09
181.696 -8.99247326e-08 -6.44989462e-08
181.877 -4.14712469e-08 -1.07361857e-07
182.059  2.55011227e-08 -1.19281169e-07
182.240  8.95766959e-08 -9.01547328e-08
182.421  1.31128699e-07 -2.71785592e-08
182.603  1.31172312e-07  4.99804841e-08
182.784  8.56464649e-08  1.19264035e-07
182.965  7.97187780e-09  1.54556849e-07
183.147 -8.11888612e-08  1.39272012e-07
183.328 -1.52037997e-07  7.64486025e-08
183.509 -1.76391985e-07 -1.91348391e-08
183.691 -1.44070655e-07 -1.18858883e-07
183.872 -5.95957283e-08 -1.86302896e-07
184.053  5.52481335e-08 -1.97378002e-07
184.235  1.61401239e-07 -1.43025977e-07
184.416  2.22901234e-07 -3.26507268e-08
184.597  2.15767903e-07  9.92278684e-08
184.779  1.32672974e-07  2.09669545e-07
184.960 -4.07592331e-09  2.61146574e-07
185.141 -1.51897835e-07  2.27534738e-07
185.323 -2.64149589e-07  1.12157545e-07
185.504 -2.97023403e-07 -5.15428857e-08
185.685 -2.30478878e-07 -2.15082918e-07
185.867 -8.00901496e-08 -3.21719556e-07
186.048  1.13086556e-07 -3.27375160e-07
186.229  2.87600819e-07 -2.22853345e-07
186.411  3.79214020e-07 -3.19653990e-08
186.592  3.50634928e-07  1.89965569e-07
186.773  1.99922791e-07  3.67082656e-07
186.955 -3.56066662e-08  4.35621689e-07
187.136 -2.80921849e-07  3.62672891e-07
187.317 -4.52995979e-07  1.56700606e-07
187.499 -4.87746830e-07 -1.22771866e-07
187.680 -3.57277123e-07 -3.85911716e-07
187.861 -9.10816065e-08 -5.43348181e-07
188.043  2.30464042e-07 -5.28757768e-07
188.224  5.04754615e-07 -3.30069169e-07
188.405  6.31901343e-07 -5.89707148e-10
188.587  5.52486578e-07  3.60945221e-07
188.768  2.76975088e-07  6.33302982e-07
188.949 -1.19584395e-07  7.11882267e-07
189.131 -5.13296398e-07  5.53787827e-07
189.312 -7.65547547e-07  1.91178209e-07
189.493 -7.77848501e-07 -2.72209851e-07
189.675 -5.24721036e-07 -6.83467567e-07
189.856 -6.63351946e-08 -8.96531916e-07
190.037  4.56188727e-07 -8.21699520e-07
190.219  8.67836093e-07 -4.55910126e-07
190.400  1.01905914e-06  1.00178076e-07
190.581  8.32064755e-07  6.70195779e-07
190.763  3.40723309e-07  1.06131706e-06
190.944 -3.10183313e-07  1.12134966e-06
191.125 -9.12406028e-07  7.98763141e-07
191.307 -1.25362535e-06  1.73750285e-07
191.488 -1.19086257e-06 -5.65947619e-07
191.669 -7.12879503e-07 -1.17594368e-06
191.851  5.17745290e-08 -1.43166657e-06
192.032  8.65720214e-07 -1.21589609e-06
192.213  1.44948509e-06 -5.63336581e-07
192.395  1.58246986e-06  3.40402327e-07
192.576  1.18211636e-06  1.20241936e-06
192.757  3.39131510e-07  1.72095518e-06
192.939 -6.91251229e-07  1.69033395e-06
193.120 -1.56714794e-06  1.07311699e-06
193.301 -1.97557790e-06  3.39507411e-08
193.483 -1.73541748e-06 -1.10056691e-06
193.664 -8.75405803e-07 -1.94837776e-06
193.845  3.55095194e-07 -2.19266930e-06
194.027  1.56229578e-06 -1.69810201e-06
194.208  2.32767143e-06 -5.78622152e-07
194.389  2.34871510e-06  8.29340761e-07
194.571  1.56080774e-06  2.06357043e-06
194.752  1.72906384e-07  2.68098473e-06
194.933 -1.38448736e-06  2.42055653e-06
195.115 -2.58388966e-06  1.30525671e-06
195.296 -2.98257605e-06 -3.48029543e-07
195.477 -2.38309102e-06 -2.00766501e-06
195.659 -9.14083144e-07 -3.09891380e-06
195.840  9.82254790e-07 -3.20353832e-06
196.021  2.68026239e-06 -2.20918939e-06
196.203  3.57998516e-06 -3.76435739e-07
196.384  3.31000615e-06  1.72082110e-06
196.565  1.87522742e-06  3.37838712e-06
196.747 -3.11329012e-07  3.99088973e-06
196.928 -2.54902055e-06  3.26757814e-06
197.109 -4.06878848e-06  1.36356981e-06
197.291 -4.29042795e-06 -1.14740811e-06
197.472 -3.04525771e-06 -3.44220329e-06
197.653 -6.60814172e-07 -4.70915425e-06
197.835  2.12087098e-06 -4.43719624e-06
198.016  4.36365509e-06 -2.61421922e-06
198.197  5.25283326e-06  2.39493291e-07
198.379  4.38919519e-06  3.20735343e-06
198.560  1.94923056e-06  5.26830829e-06
198.741 -1.33099761e-06  5.64940042e-06
198.923 -4.37094490e-06  4.10387177e-06
199.104 -6.10412387e-06  1.03521052e-06
199.285 -5.84341500e-06 -2.59402092e-06
199.467 -3.54434876e-06 -5.56595440e-06
199.648  1.29733834e-07 -6.80974985e-06
199.829  3.99718475e-06 -5.77923675e-06
200.011  6.73381490e-06 -2.68455079e-06
200.192  7.31708033e-06  1.53533354e-06
200.373  5.40743116e-06  5.49405779e-06
200.555  1.50916888e-06  7.80297271e-06
200.736 -3.15599400e-06  7.55792524e-06
200.917 -7.02034894e-06  4.68599570e-06
201.099 -8.69467328e-06  1.63281893e-08
201.280 -7.46649170e-06 -4.94564492e-06
201.461 -3.58234162e-06 -8.49772471e-06
201.643  1.77562121e-06 -9.32639977e-06
201.824  6.83876401e-06 -6.98063824e-06
202.005  9.83762914e-06 -2.08083411e-06
202.187  9.61243988e-06  3.82584623e-06
202.368  6.04916160e-06  8.75371003e-06
202.549  1.88306237e-07  1.09411116e-05
202.731 -6.07295421e-06  9.46980087e-06
202.912 -1.05917321e-05  4.63984011e-06
203.093 -1.17023777e-05 -2.06583090e-06
203.275 -8.82751807e-06 -8.43325266e-06
203.456 -2.74181467e-06 -1.22376146e-05
203.637  4.62726269e-06 -1.20179278e-05
203.819  1.07984386e-05 -7.63124498e-06
204.000  1.35672470e-05 -3.68409625e-07
204.181  1.17929658e-05  7.41180210e-06
204.363  5.84656448e-06  1.30403375e-05
204.544 -2.43577904e-06  1.44550525e-05
204.725 -1.03062990e-05  1.09451525e-05
204.907 -1.50181440e-05  3.46743838e-06
205.088 -1.47779275e-05 -5.59142489e-06
205.269 -9.41340849e-06 -1.31742480e-05
205.451 -5.23863962e-07 -1.65820195e-05
205.632  8.98715383e-06 -1.44231815e-05
205.813  1.58584364e-05 -7.16877378e-06
205.995  1.75790492e-05  2.91711752e-06
206.176  1.33010540e-05  1.24807787e-05
206.357  4.21931848e-06  1.81841960e-05
206.539 -6.75086065e-06  1.78657101e-05
206.720 -1.58994710e-05  1.13532781e-05
206.901 -1.99700753e-05  6.12901264e-07
207.083 -1.73192386e-05 -1.08320275e-05
207.264 -8.55823860e-06 -1.90469192e-05
207.445  3.55661846e-06 -2.10404636e-05
207.627  1.49768929e-05 -1.58449184e-05
207.808  2.17152535e-05 -4.93969907e-06
207.989  2.12343150e-05  8.14624063e-06
208.171  1.33863810e-05  1.89726333e-05
208.352  5.75207847e-07  2.36942466e-05
208.533 -1.29687811e-05  2.04159559e-05
208.715 -2.25857859e-05  9.93843248e-06
208.896 -2.47814557e-05 -4.40326253e-06
209.077 -1.84908282e-05 -1.77991657e-05
209.259 -5.55378925e-06 -2.55704601e-05
209.440  9.81211521e-06 -2.47988074e-05
209.621  2.23795720e-05 -1.54178253e-05
209.803  2.76834710e-05 -3.44682924e-07
209.984  2.36091185e-05  1.54174148e-05
210.165  1.12156514e-05  2.64310055e-05
210.347 -5.51419556e-06  2.87029635e-05
210.528 -2.09412477e-05  2.11269723e-05
210.709 -2.96715336e-05  5.96999918e-06
210.891 -2.84429292e-05 -1.17857502e-05
211.072 -1.73297429e-05 -2.60768893e-05
211.253  1.59797826e-07 -3.18328541e-05
211.435  1.81800554e-05 -2.67671808e-05
211.616  3.05052127e-05 -1.22704829e-05
211.797  3.26757725e-05  6.94286393e-06
211.979  2.36070620e-05  2.43681320e-05
212.160  6.08411523e-06  3.39098648e-05
212.341 -1.40856648e-05  3.20106009e-05
212.523 -2.99949748e-05  1.89755526e-05
212.704 -3.59978842e-05 -1.01482169e-06
212.885 -2.97177284e-05 -2.12411667e-05
213.067 -1.29726715e-05 -3.46978554e-05
213.248  8.73596552e-06 -3.65243484e-05
213.429  2.80224185e-05 -2.57607561e-05
213.611  3.81318949e-05 -5.78809371e-06
213.792  3.53121568e-05  1.67200383e-05
213.973  2.01958360e-05  3.40255730e-05
214.155 -2.29790310e-06  3.99943388e-05
214.336 -2.45560348e-05  3.22675863e-05
214.517 -3.88556845e-05  1.31807501e-05
214.699 -4.00450075e-05 -1.09231223e-05
214.880 -2.73968293e-05 -3.18050662e-05
215.061 -4.97640354e-06 -4.21499271e-05
215.243  1.96618232e-05 -3.81286387e-05
215.424  3.80236155e-05 -2.08179919e-05
215.605  4.36032740e-05  4.06310835e-06
215.787  3.41962831e-05  2.80450571e-05
215.968  1.27615733e-05  4.27896155e-05
216.149 -1.35050990e-05  4.29969260e-05
216.331 -3.55840654e-05  2.83168928e-05
216.512 -4.57345676e-05  3.56396553e-06
216.693 -4.02202590e-05 -2.28560892e-05
216.875 -2.06804847e-05 -4.18021301e-05
217.056  6.34231069e-06 -4.65736293e-05
217.237  3.15892912e-05 -3.52841115e-05
217.419  4.62693155e-05 -1.15980424e-05
217.600  4.51281998e-05  1.64480065e-05
217.781  2.83309310e-05  3.91796364e-05
217.963  1.49302998e-06  4.86321965e-05
218.144 -2.61977782e-05  4.13456658e-05
218.325 -4.51373512e-05  1.96387055e-05
218.507 -4.86413496e-05 -9.12053995e-06
218.688 -3.53156936e-05 -3.50235869e-05
218.869 -9.61104908e-06 -4.90403494e-05
219.051  1.96670759e-05 -4.61784253e-05
219.232  4.23784653e-05 -2.72742317e-05
219.413  5.05691743e-05  1.24333991e-06
219.595  4.12742668e-05  2.95406601e-05
219.776  1.75946206e-05  4.77753736e-05
219.957 -1.23355763e-05  4.95376040e-05
220.139 -3.81432548e-05  3.41136231e-05
220.320 -5.08269630e-05  6.77238990e-06
220.501 -4.59112891e-05 -2.30294951e-05
220.683 -2.50320355e-05 -4.49289419e-05
220.864  4.59818883e-06 -5.12766405e-05
221.045  3.26849084e-05 -3.98177914e-05
221.227  4.94441869e-05 -1.45049654e-05
221.408  4.90212740e-05  1.58608777e-05
221.589  3.15499418e-05  4.07024955e-05
221.771  3.12230101e-06  5.13612113e-05
221.952 -2.63416279e-05  4.41288204e-05
222.133 -4.65645165e-05  2.15551660e-05
222.315 -5.05083160e-05 -8.44951242e-06
222.496 -3.68443055e-05 -3.53922486e-05
222.677 -1.04089777e-05 -4.98747428e-05
222.859  1.95090687e-05 -4.68923395e-05
223.040  4.24356247e-05 -2.75785667e-05
223.221  5.03951524e-05  1.21947794e-06
223.403  4.07047612e-05  2.93654490e-05
223.584  1.68854020e-05  4.70126004e-05
223.765 -1.26078976e-05  4.80693984e-05
223.947 -3.73899311e-05  3.23137605e-05
224.128 -4.88206523e-05  5.43084935e-06
224.309 -4.30314762e-05 -2.30313077e-05
224.491 -2.22470579e-05 -4.30657336e-05
224.672  6.05006480e-06 -4.77389656e-05
224.853  3.18172226e-05 -3.56045160e-05
225.035  4.60273276e-05 -1.11611615e-05
225.216  4.38438371e-05  1.68073824e-05
225.397  2.62863964e-05  3.83952091e-05
225.579 -2.05009228e-07  4.60912533e-05
225.760 -2.61306426e-05  3.74126529e-05
225.941 -4.23401607e-05  1.57168568e-05
226.123 -4.32783602e-05 -1.10832339e-05
226.304 -2.89088173e-05 -3.34002047e-05
226.485 -4.63199902e-06 -4.34106277e-05
226.667  2.07299195e-05 -3.78188718e-05
226.848  3.81376371e-05 -1.89495580e-05
227.029  4.15739828e-05  6.18628802e-06
227.211  3.01378470e-05  2.84830461e-05
227.392  8.26450511e-06  4.00484890e-05
227.573 -1.59674996e-05  3.70119024e-05
227.755 -3.38178819e-05  2.08278288e-05
227.936 -3.90478336e-05 -2.35533387e-06
228.117 -3.01105548e-05 -2.40149561e-05
228.299 -1.06096783e-05 -3.63903069e-05
228.480  1.21196918e-05 -3.52696722e-05
228.661  2.97625094e-05 -2.14377970e-05
228.843  3.60650840e-05 -2.77913421e-07
229.024  2.90633086e-05  2.03030030e-05
229.205  1.17023745e-05  3.28192069e-05
229.387 -9.36330416e-06  3.29321634e-05
229.568 -2.63010378e-05  2.09712901e-05
229.749 -3.30040940e-05  1.69726725e-06
229.931 -2.73061197e-05 -1.75628611e-05
230.112 -1.16868251e-05 -2.96807420e-05
230.293  7.76230108e-06 -3.03674656e-05
230.475  2.36824666e-05 -1.97028542e-05
230.656  3.02211844e-05 -1.99937022e-06
230.837  2.51899576e-05  1.59023613e-05
231.019  1.07990138e-05  2.72529894e-05
231.200 -7.26589345e-06  2.79356430e-05
231.381 -2.20558964e-05  1.79607235e-05
231.563 -2.80175211e-05  1.38094749e-06
231.744 -2.30715293e-05 -1.53160258e-05
231.925 -9.34148656e-06 -2.57224285e-05
232.107  7.71816486e-06 -2.59536989e-05
232.288  2.14600463e-05 -1.60936572e-05
232.469  2.66109246e-05 -1.15592501e-07
232.651  2.12783848e-05  1.56905413e-05
232.832  7.65080755e-06  2.51682648e-05
233.013 -8.87871165e-06  2.46658714e-05
233.195 -2.18234268e-05  1.44354727e-05
233.376 -2.61174561e-05 -1.47800308e-06
233.557 -2.00777785e-05 -1.68207712e-05
233.739 -6.06121066e-06 -2.55590091e-05
233.920  1.04509871e-05 -2.42231150e-05
234.101  2.29762155e-05 -1.32715352e-05
234.283  2.65452363e-05  3.07073507e-06
234.464  1.96523495e-05  1.84340481e-05
234.645  4.87031015e-06  2.67612308e-05
234.827 -1.21141282e-05  2.46720985e-05
235.008 -2.46719618e-05  1.28109955e-05
235.189 -2.77985103e-05 -4.35668327e-06
235.371 -2.00838382e-05 -2.02209282e-05
235.552 -4.30982422e-06 -2.85581121e-05
235.733  1.35572159e-05 -2.59536824e-05
235.915  2.66174370e-05 -1.31675974e-05
236.096  2.96915722e-05  5.08418602e-06
236.277  2.13481088e-05  2.18705505e-05
236.459  4.52414212e-06  3.06761637e-05
236.640 -1.45128560e-05  2.79132578e-05
236.821 -2.85065398e-05  1.43522919e-05
237.003 -3.19720525e-05 -5.08078328e-06
237.184 -2.33229990e-05 -2.31047079e-05
237.365 -5.55874468e-06 -3.28164408e-05
237.547  1.47847634e-05 -3.03218231e-05
237.728  3.00531880e-05 -1.62768393e-05
237.909  3.43508467e-05  4.26928188e-06
238.091  2.58060721e-05  2.37062076e-05
238.272  7.35844757e-06  3.46875719e-05
238.453 -1.42663420e-05  3.29044033e-05
238.635 -3.10212180e-05  1.87666049e-05
238.816 -3.65358017e-05 -2.67304017e-06
238.997 -2.85395373e-05 -2.35398988e-05
239.179 -9.77649176e-06 -3.60382105e-05
239.360  1.29486790e-05 -3.53722684e-05
239.541  3.12492006e-05 -2.15822847e-05
239.723  3.82648470e-05  4.09290779e-07
239.904  3.12402745e-05  2.25648906e-05
240.085  1.25945480e-05  3.66844334e-05
240.267 -1.09177485e-05  3.74551675e-05
240.448 -3.06666264e-05  2.44491239e-05
240.629 -3.93338997e-05  2.32796961e-06
240.811 -3.36322552e-05 -2.08364219e-05
240.992 -1.55504803e-05 -3.65277769e-05
241.173  8.34188525e-06 -3.89304027e-05
241.355  2.92987211e-05 -2.70895973e-05
241.536  3.96169466e-05 -5.29208086e-06
241.717  3.54776619e-05  1.84968650e-05
241.899  1.83690923e-05  3.55626756e-05
242.080 -5.45101936e-06  3.96464897e-05
242.261 -2.72600722e-05  2.92548603e-05
242.443 -3.90778872e-05  8.21217569e-06
242.624 -3.66031071e-05 -1.57568375e-05
242.805 -2.07928664e-05 -3.38742380e-05
242.987  2.50881446e-06 -3.95390629e-05
243.168  2.47386070e-05 -3.07517685e-05
243.349  3.77728061e-05 -1.08245850e-05
243.531  3.69173610e-05  1.28684528e-05
243.712  2.26104424e-05  3.16263021e-05
243.893  2.19250108e-07  3.86355699e-05
244.075 -2.19720520e-05  3.14624539e-05
244.256 -3.58408760e-05  1.29031812e-05
244.437 -3.64181932e-05 -1.00953559e-05
244.619 -2.36792880e-05 -2.90408749e-05
244.800 -2.49608338e-06 -3.70484938e-05
244.981  1.92203572e-05 -3.13552215e-05
245.163  3.34857340e-05 -1.42840883e-05
245.344  3.51897930e-05  7.68349682e-06
245.525  2.39404397e-05  2.63713568e-05
245.707  4.13840037e-06  3.49598994e-05
245.888 -1.67358077e-05  3.04865331e-05
246.069 -3.09500102e-05  1.48823676e-05
246.251 -3.33914394e-05 -5.83395305e-06
246.432 -2.34229625e-05 -2.38720113e-05
246.613 -5.03559279e-06 -3.25989545e-05
246.795  1.47337081e-05 -2.89922252e-05
246.976  2.84863981e-05 -1.46986281e-05
247.157  3.12374176e-05  4.68091935e-06
247.339  2.22370990e-05  2.17686810e-05
247.520  5.16007711e-06  3.02149235e-05
247.701 -1.33686787e-05  2.70689116e-05
247.883 -2.63293289e-05  1.38159589e-05
248.064 -2.89706650e-05 -4.27810365e-06
248.245 -2.05587137e-05 -2.02347296e-05
248.427 -4.56838455e-06 -2.80483602e-05
248.608  1.27194584e-05 -2.49491887e-05
248.789  2.46693444e-05 -1.23884939e-05
248.971  2.68336678e-05  4.59523765e-06
249.152  1.86076960e-05  1.93735632e-05
249.333  3.39235295e-06  2.63034104e-05
249.515 -1.27829647e-05  2.28741765e-05
249.696 -2.36322519e-05  1.06220887e-05
249.877 -2.50405946e-05 -5.52484209e-06
250.059 -1.66219855e-05 -1.92087907e-05
250.240 -1.82099574e-06 -2.51251499e-05
250.421  1.34774549e-05 -2.10661759e-05
250.603  2.32662897e-05 -8.74853971e-06
250.784  2.37542390e-05  6.89767784e-06
250.965  1.48295275e-05  1.96837600e-05
251.147  7.61154884e-08  2.45855148e-05
251.328 -1.46542683e-05  1.97041598e-05
251.509 -2.35396886e-05  6.99741913e-06
251.691 -2.30698784e-05 -8.50399112e-06
251.872 -1.34220033e-05 -2.06708969e-05
252.053  1.61402819e-06 -2.46784664e-05
252.235  1.61168426e-05 -1.89044328e-05
252.416  2.43478674e-05 -5.56981952e-06
252.597  2.30064945e-05  1.01184177e-05
252.779  1.25337346e-05  2.19894628e-05
252.960 -3.04062339e-06  2.53234705e-05
253.141 -1.76455439e-05  1.87088822e-05
253.323 -2.55285052e-05  4.61665781e-06
253.504 -2.35067673e-05 -1.15268661e-05
253.685 -1.22286476e-05 -2.34291301e-05
253.867  4.03770772e-06 -2.63771654e-05
254.048  1.90248318e-05 -1.90832170e-05
254.229  2.68823272e-05 -4.22351794e-06
254.411  2.44467710e-05  1.25516802e-05
254.592  1.24963038e-05  2.47754896e-05
254.773 -4.50029451e-06  2.76523279e-05
254.955 -2.00682619e-05  1.99247758e-05
255.136 -2.81973454e-05  4.40304637e-06
255.317 -2.56537759e-05 -1.30711576e-05
255.499 -1.32561204e-05 -2.58346237e-05
255.680  4.39464732e-06 -2.89419528e-05
255.861  2.06385153e-05 -2.10775211e-05
256.043  2.92743618e-05 -5.09577634e-06
256.224  2.69289088e-05  1.30311590e-05
256.405  1.43689843e-05  2.64550047e-05
256.587 -3.75925652e-06  3.00450512e-05
256.768 -2.06613814e-05  2.23520716e-05
256.949 -2.99507677e-05  6.17995026e-06
257.131 -2.80715588e-05 -1.24483692e-05
257.312 -1.56558748e-05 -2.65444785e-05
257.493  2.69671805e-06 -3.07904193e-05
257.675  2.01324657e-05 -2.35492430e-05
257.856  3.01187552e-05 -7.48926784e-06
258.037  2.89028813e-05  1.14054756e-05
258.219  1.69214165e-05  2.60792603e-05
258.400 -1.35862225e-06  3.10552620e-05
258.581 -1.91153868e-05  2.44844700e-05
258.763 -2.97354364e-05  8.83496726e-06
258.944 -2.92862017e-05 -1.00392419e-05
259.125 -1.79784074e-05 -2.51037794e-05
259.307 -7.39190340e-08 -3.07776821e-05
259.488  1.77315715e-05 -2.50099719e-05
259.669  2.88250891e-05 -1.00289501e-05
259.851  2.91425122e-05  8.52233049e-06
260.032  1.86700165e-05  2.37222671e-05
260.213  1.41279522e-06  2.99624256e-05
260.395 -1.61428561e-05  2.50315356e-05
260.576 -2.74739740e-05  1.09060456e-05
260.757 -2.84583824e-05 -7.04049769e-06
260.939 -1.88871539e-05 -2.20837737e-05
261.120 -2.48632287e-06 -2.86783622e-05
261.301  1.45299524e-05 -2.45174273e-05
261.483  2.58181189e-05 -1.13431971e-05
261.664  2.72847673e-05  5.76907458e-06
261.845  1.85796172e-05  2.03630088e-05
262.027  3.15997500e-06  2.70477036e-05
262.208 -1.30703552e-05  2.34994879e-05
262.389 -2.40253175e-05  1.12733883e-05
262.571 -2.57280376e-05 -4.85234403e-06
262.752 -1.77606046e-05 -1.87387763e-05
262.933 -3.35149626e-06 -2.52288460e-05
263.115  1.19175149e-05 -2.20674191e-05
263.296  2.22732402e-05 -1.06922627e-05
263.477  2.39352332e-05  4.38765246e-06
263.659  1.65035319e-05  1.73718048e-05
263.840  3.03861746e-06  2.33956499e-05
264.021 -1.11829308e-05  2.03565342e-05
264.203 -2.07270465e-05  9.65614812e-06
264.384 -2.20753856e-05 -4.41538957e-06
264.565 -1.49309012e-05 -1.63852918e-05
264.747 -2.25925822e-06 -2.17162628e-05
264.928  1.09235296e-05 -1.85298911e-05
265.109  1.95200661e-05 -8.27255650e-06
265.291  2.03186652e-05  4.91563309e-06
265.472  1.31971843e-05  1.58513256e-05
265.653  1.10511383e-06  2.03335636e-05
265.835 -1.11364603e-05  1.67571439e-05
266.016 -1.87394650e-05  6.68548160e-06
266.197 -1.88155148e-05 -5.81219378e-06
266.379 -1.14689218e-05 -1.57845574e-05
266.560  2.90664118e-07 -1.93487330e-05
266.741  1.17619163e-05 -1.51934813e-05
266.923  1.84174662e-05 -5.05737423e-06
267.104  1.76786327e-05  6.98393880e-06
267.285  9.90465808e-06  1.61427762e-05
267.467 -1.77096663e-06  1.88098891e-05
267.648 -1.26929163e-05  1.39616173e-05
267.829 -1.85289244e-05  3.54908037e-06
268.011 -1.69707297e-05 -8.28171830e-06
268.192 -8.63650329e-06 -1.68338364e-05
268.373  3.17521344e-06 -1.87080783e-05
268.555  1.37899881e-05 -1.31387854e-05
268.736  1.89962035e-05 -2.30007935e-06
268.917  1.66995040e-05  9.54762352e-06
269.099  7.75508200e-06  1.77281969e-05
269.280 -4.35920584e-06  1.89810531e-05
269.461 -1.48986762e-05  1.27492895e-05
269.643 -1.97008244e-05  1.41198019e-06
269.824 -1.68191416e-05 -1.06338964e-05
270.005 -7.29959614e-06 -1.86760219e-05
270.187  5.21165159e-06 -1.95233317e-05
270.368  1.58686237e-05 -1.27630619e-05
270.549  2.05000097e-05 -9.37704726e-07
270.731  1.72375991e-05  1.14201039e-05
270.912  7.25488946e-06  1.95268021e-05
271.093 -5.66591370e-06  2.02006397e-05
271.275 -1.65722206e-05  1.31011352e-05
271.456 -2.12452282e-05  8.77535902e-07
271.637 -1.78292389e-05 -1.18269955e-05
271.819 -7.55600448e-06 -2.01481329e-05
272.000  5.70631324e-06 -2.08669826e-05
272.181  1.69197744e-05 -1.36476336e-05
272.363  2.18001219e-05 -1.18151891e-06
272.544  1.84516678e-05  1.18250594e-05
272.725  8.09863056e-06  2.04408292e-05
272.907 -5.36849140e-06  2.13828261e-05
273.088 -1.68688237e-05  1.42660098e-05
273.269 -2.20563465e-05  1.75719534e-06
273.451 -1.89644219e-05 -1.14362804e-05
273.632 -8.75325525e-06 -2.03492959e-05
273.813  4.73336472e-06 -2.16324739e-05
273.995  1.64270105e-05 -1.48167103e-05
274.176  2.19461673e-05 -2.48216622e-06
274.357  1.92465498e-05  1.07289662e-05
274.539  9.38164064e-06  1.98668005e-05
274.720 -3.91500056e-06  2.15379622e-05
274.901 -1.56489924e-05  1.51741199e-05
275.083 -2.14498276e-05  3.22059315e-06
275.264 -1.92104843e-05 -9.80704174e-06
275.445 -9.85420729e-06 -1.90349109e-05
275.627  3.04464213e-06 -2.10670484e-05
275.808  1.46282527e-05 -1.52412347e-05
275.989  2.05961677e-05 -3.84107833e-06
276.171  1.88110949e-05  8.79607551e-06
276.352  1.00661963e-05  1.79367929e-05
276.533 -2.25386488e-06  2.02349393e-05
276.715 -1.34845528e-05  1.49609198e-05
276.896 -1.94567823e-05  4.23297512e-06
277.077 -1.80498504e-05 -7.82747714e-06
277.259 -9.95017548e-06 -1.66850372e-05
277.440  1.65875279e-06 -1.91005745e-05
277.621  1.23479445e-05 -1.43221041e-05
277.803  1.81352441e-05 -4.31898498e-06
277.984  1.69734958e-05  7.02200892e-06
278.165  9.48283978e-06  1.54061040e-05
278.347 -1.34631708e-06  1.77581635e-05
278.528 -1.13416968e-05  1.33594591e-05
278.709 -1.67533626e-05  4.06307434e-06
278.891 -1.56668015e-05 -6.47471109e-06
279.072 -8.68573433e-06 -1.42242177e-05
279.253  1.36444855e-06 -1.63246213e-05
279.435  1.05671443e-05 -1.21469053e-05
279.616  1.54359673e-05 -3.47355512e-06
279.797  1.42402898e-05  6.24375119e-06
279.979  7.62086746e-06  1.32466323e-05
280.160 -1.71694489e-06  1.49240869e-05
280.341 -1.00924166e-05  1.07867596e-05
280.523 -1.42953925e-05  2.60097873e-06
280.704 -1.28151955e-05 -6.34485311e-06
280.885 -6.38205785e-06 -1.25512264e-05
281.067  2.36470122e-06 -1.36717878e-05
281.248  9.94562915e-06 -9.39637965e-06
281.429  1.34175303e-05 -1.53050283e-06
281.611  1.15081886e-05  6.75142188e-06
281.792  5.08249415e-06  1.21775606e-05
281.973 -3.23267780e-06  1.26599960e-05
282.155 -1.01127171e-05  8.09353689e-06
282.336 -1.28518905e-05  3.69589387e-07
282.517 -1.04176191e-05 -7.39950148e-06
282.699 -3.83970768e-06 -1.21230165e-05
282.880  4.22084132e-06 -1.19479718e-05
283.061  1.05403162e-05 -6.98179750e-06
283.243  1.26072318e-05  7.66569312e-07
283.424  9.61227213e-06  8.19665634e-06
283.605  2.76038174e-06  1.23448812e-05
283.787 -5.21712629e-06  1.15562962e-05
283.968 -1.11437613e-05  6.13776497e-06
284.149 -1.26525268e-05 -1.76942246e-06
284.331 -9.12356465e-06 -9.03419479e-06
284.512 -1.92748171e-06 -1.27676892e-05
284.693  6.11136558e-06 -1.14655522e-05
284.875  1.18192722e-05 -5.60232433e-06
285.056  1.29223455e-05  2.54981722e-06
285.237  8.94266895e-06  9.80165614e-06
285.419  1.39131535e-06  1.32941265e-05
285.600 -6.80905134e-06  1.16198382e-05
285.781 -1.24580414e-05  5.37732400e-06
285.963 -1.33259074e-05 -3.04820296e-06
286.144 -9.02339476e-06 -1.04011327e-05
286.325 -1.16490564e-06 -1.38176408e-05
286.507  7.24298195e-06 -1.19351323e-05
286.688  1.29597663e-05 -5.42735838e-06
286.869  1.37591239e-05  3.24131123e-06
287.051  9.28991649e-06  1.07589742e-05
287.232  1.22353787e-06  1.42356669e-05
287.413 -7.38080317e-06  1.23113267e-05
287.595 -1.32443549e-05  5.68554714e-06
287.776 -1.41184556e-05 -3.14405971e-06
287.957 -9.64753671e-06 -1.08335997e-05
288.139 -1.50880827e-06 -1.44624642e-05
288.320  7.22736231e-06 -1.26457223e-05
288.501  1.32611287e-05 -6.06262686e-06
288.683  1.43143451e-05  2.80602315e-06
288.864  9.99487895e-06  1.06192164e-05
289.045  1.93723717e-06  1.44397390e-05
289.227 -6.82224618e-06  1.28457622e-05
289.408 -1.29945002e-05  6.45879812e-06
289.589 -1.42818572e-05 -2.30338380e-06
289.771 -1.02364706e-05 -1.01454809e-05
289.952 -2.41216490e-06 -1.41430484e-05
290.133  6.23361561e-06 -1.28397509e-05
290.315  1.24649267e-05 -6.77697623e-06
290.496  1.39873850e-05  1.72830591e-06
290.677  1.02946463e-05  9.47292193e-06
290.859  2.83661675e-06  1.35831999e-05
291.040 -5.54911918e-06  1.25850328e-05
291.221 -1.17247880e-05  6.93527468e-06
291.403 -1.34314894e-05 -1.17724339e-06
291.584 -1.01191271e-05 -8.68418801e-06
291.765 -3.12518190e-06 -1.28032197e-05
291.947  4.86434802e-06 -1.20727412e-05
292.128  1.08501555e-05 -6.87661675e-06
292.309  1.26479037e-05  7.39021709e-07
292.491  9.69240623e-06  7.87237387e-06
292.672  3.21382515e-06  1.18719100e-05
292.853 -4.27017443e-06  1.13279228e-05
293.035 -9.93032948e-06  6.57444914e-06
293.216 -1.16984817e-05 -4.83795691e-07
293.397 -9.03026724e-06 -7.12874917e-06
293.579 -3.06709651e-06 -1.08747609e-05
293.760  3.84118948e-06 -1.04048445e-05
293.941  9.05663854e-06 -6.03472222e-06
294.123  1.06643263e-05  4.54518574e-07
294.304  8.17820716e-06  6.53175788e-06
294.485  2.68195098e-06  9.90276178e-06
294.667 -3.62714435e-06  9.37865366e-06
294.848 -8.31124858e-06  5.29429153e-06
295.029 -9.63443969e-06 -6.62542955e-07
295.211 -7.20482381e-06 -6.13812180e-06
295.392 -2.08714487e-06 -9.04039416e-06
295.573  3.64815063e-06 -8.33517583e-06
295.755  7.75696082e-06 -4.41550954e-06
295.936  8.69407339e-06  1.08785802e-06
296.117  6.19279130e-06  5.97650767e-06
296.299  1.33807342e-06  8.35494113e-06
296.480 -3.89346088e-06  7.36019426e-06
296.661 -7.42965284e-06  3.47727045e-06
296.843 -7.91455184e-06 -1.68315511e-06
297.024 -5.22801402e-06 -6.04458582e-06
297.205 -5.08338562e-07 -7.88893717e-06
297.387  4.32365032e-06 -6.52896964e-06
297.568  7.33484687e-06 -2.56400117e-06
297.749  7.34529105e-06  2.38058750e-06
297.931  4.38831178e-06  6.31033781e-06
298.112 -3.20138537e-07  7.65627168e-06
298.293 -4.87631978e-06  5.89690933e-06
298.475 -7.44864195e-06  1.75469499e-06
298.656 -7.00831879e-06 -3.10064548e-06
298.837 -3.73361809e-06 -6.71758093e-06
299.019  1.06730478e-06 -7.64163815e-06
299.200  5.47503680e-06 -5.49292265e-06
299.381  7.72215377e-06 -1.11353605e-06
299.563  6.89610936e-06  3.76262963e-06
299.744  3.29935271e-06  7.19442146e-06
299.925 -1.66478893e-06  7.80321642e-06
300.107 -6.04000001e-06  5.31686693e-06
300.288 -8.08839365e-06  6.82761574e-07
300.469 -6.97354607e-06 -4.29530552e-06
300.651 -3.09337599e-06 -7.66283514e-06
300.832  2.06438550e-06 -8.07865456e-06
301.013  6.49832448e-06 -5.34114366e-06
301.195  8.47097642e-06 -4.78023555e-07
301.376  7.18376764e-06  4.64580451e-06
301.557  3.09607685e-06  8.04828757e-06
301.739 -2.24378994e-06  8.39393009e-06
301.920 -6.79259593e-06  5.51544074e-06
302.101 -8.79415700e-06  4.86945867e-07
302.283 -7.45654893e-06 -4.78536138e-06
302.464 -3.26346079e-06 -8.28886850e-06
302.645  2.20836523e-06 -8.67360770e-06
302.827  6.88722410e-06 -5.77364473e-06
303.008  8.99283205e-06 -6.71636587e-07
303.189  7.71754502e-06  4.71161049e-06
303.371  3.53334629e-06  8.34299324e-06
303.552 -1.98896972e-06  8.85047434e-06
303.733 -6.77231340e-06  6.04237636e-06
303.915 -9.02059246e-06  9.74813333e-07
304.096 -7.89737163e-06 -4.44790627e-06
304.277 -3.83413357e-06 -8.19426487e-06
304.459  1.63694005e-06 -8.87329454e-06
304.640  6.46440579e-06 -6.25057677e-06
304.821  8.85458565e-06 -1.32807372e-06
305.003  7.94004160e-06  4.03986775e-06
305.184  4.09460200e-06  7.85248995e-06
305.365 -1.21721176e-06  8.71238816e-06
305.547 -6.00349453e-06  6.33882029e-06
305.728 -8.49712567e-06  1.66073949e-06
305.909 -7.80990409e-06 -3.54905741e-06
306.091 -4.25287878e-06 -7.35103218e-06
306.272  8.00010705e-07 -8.36281001e-06
306.453  5.44671110e-06 -6.26656387e-06
306.635  7.97451419e-06 -1.90840540e-06
306.816  7.49571175e-06  3.04434566e-06
306.997  4.26345140e-06  6.74158437e-06
307.179 -4.51706206e-07  7.84445965e-06
307.360 -4.86018785e-06  6.01619860e-06
307.541 -7.33325342e-06  2.02071153e-06
307.723 -7.01093216e-06 -2.59257472e-06
307.904 -4.10200079e-06 -6.08733919e-06
308.085  2.26188915e-07 -7.19865564e-06
308.267  4.31063412e-06 -5.59400451e-06
308.448  6.63364200e-06 -1.96752056e-06
308.629  6.39067833e-06  2.25027931e-06
308.811  3.76791682e-06  5.45495728e-06
308.992 -1.58423302e-07  6.48171002e-06
309.173 -3.85734861e-06  5.02853944e-06
309.355 -5.94134356e-06  1.74223753e-06
309.536 -5.68635526e-06 -2.05739540e-06
309.717 -3.28385700e-06 -4.90588599e-06
309.899  2.61134900e-07 -5.75698440e-06
310.080  3.54507824e-06 -4.36659479e-06
310.261  5.31852037e-06 -1.36150265e-06
310.443  4.95891371e-06  2.03310446e-06
310.624  2.69194040e-06  4.48839596e-06
310.805 -5.24447886e-07  5.08687869e-06
310.987 -3.39856260e-06  3.66673156e-06
311.168 -4.81622148e-06  8.61740926e-07
311.349 -4.27110022e-06 -2.17395106e-06
311.531 -2.04724302e-06 -4.23191746e-06
311.712  9.17896782e-07 -4.52540788e-06
311.893  3.41993965e-06 -2.99108976e-06
312.075  4.46880673e-06 -2.93729843e-07
312.256  3.67927261e-06  2.45479240e-06
312.437  1.41010206e-06  4.14443170e-06
312.619 -1.39466537e-06  4.11169274e-06
312.800 -3.58960344e-06  2.39702807e-06
312.981 -4.29042323e-06 -2.84007218e-07
313.163 -3.22608808e-06 -2.83290557e-06
313.344 -8.38537781e-07 -4.21262299e-06
313.525  1.89805578e-06 -3.86517574e-06
313.707  3.86995929e-06 -1.93015324e-06
313.888  4.27368982e-06  8.12660133e-07
314.069  2.93556956e-06  3.25452670e-06
314.251  3.81365563e-07  4.40423944e-06
314.432 -2.36942822e-06  3.78370088e-06
314.613 -4.21090756e-06  1.61941820e-06
314.795 -4.39111993e-06 -1.24082698e-06
314.976 -2.81116404e-06 -3.66228249e-06
315.157 -7.23073878e-08 -4.67249933e-06
315.339  2.75603970e-06 -3.84488341e-06
315.520  4.55627974e-06 -1.47420888e-06
315.701  4.59947935e-06  1.53116705e-06
315.883  2.83636183e-06  4.00230808e-06
316.064 -7.41419661e-08  4.96250949e-06
316.245 -3.01737252e-06  4.01009914e-06
316.427 -4.85097223e-06  1.48353901e-06
316.608 -4.84629260e-06 -1.66464489e-06
316.789 -2.97733501e-06 -4.23061009e-06
316.971  6.40293000e-08 -5.21892201e-06
317.152  3.12941479e-06 -4.22996695e-06
317.333  5.04816460e-06 -1.61788249e-06
317.515  5.07699430e-06  1.64187194e-06
317.696  3.18747573e-06  4.31837478e-06
317.877  7.78846427e-08  5.39326330e-06
318.059 -3.08700688e-06  4.45060602e-06
318.240 -5.11533425e-06  1.83374674e-06
318.421 -5.24159004e-06 -1.48205892e-06
318.603 -3.41373869e-06 -4.25547285e-06
318.784 -3.12307748e-07 -5.44962790e-06
318.965  2.90416690e-06 -4.62042385e-06
319.147  5.03783059e-06 -2.08009916e-06
319.328  5.30048955e-06  1.22014704e-06
319.509  3.60397382e-06  4.05121140e-06
319.691  5.90842509e-07  5.36836447e-06
319.872 -2.61191075e-06  4.69684590e-06
320.053 -4.81967717e-06  2.30519971e-06
320.235 -5.22926405e-06 -9.02194680e-07
320.416 -3.71374414e-06 -3.73212146e-06
320.597 -8.62038445e-07 -5.14791458e-06
320.779  2.25351901e-06 -4.65172503e-06
320.960  4.48215694e-06 -2.46281629e-06
321.141  5.02156853e-06  5.79133408e-07
321.323  3.71141829e-06  3.33762550e-06
321.504  1.07783859e-06  4.80469833e-06
321.685 -1.87821519e-06  4.47428212e-06
321.867 -4.06074324e-06  2.51754437e-06
322.048 -4.68936465e-06 -2.99774847e-07
322.229 -3.58128542e-06 -2.91469591e-06
322.411 -1.19981248e-06 -4.37062326e-06
322.592  1.53467940e-06 -4.17140566e-06
322.773  3.60045293e-06 -2.44902364e-06
322.955  4.26037756e-06  1.04518856e-07
323.136  3.32492478e-06  2.51204165e-06
323.317  1.20397406e-06  3.88825099e-06
323.499 -1.26528571e-06  3.76593061e-06
323.680 -3.14974180e-06  2.25432164e-06
323.861 -3.77367361e-06 -2.08339554e-08
324.043 -2.96070772e-06 -2.17400790e-06
324.224 -1.08314049e-06 -3.40461608e-06
324.405  1.10126720e-06 -3.29341390e-06
324.587  2.75385626e-06 -1.94767976e-06
324.768  3.27442500e-06  6.06689576e-08
324.949  2.52103226e-06  1.93482439e-06
325.131  8.46772951e-07  2.96508970e-06
325.312 -1.05901634e-06  2.79747512e-06
325.493 -2.44906284e-06  1.55767773e-06
325.675 -2.80834760e-06 -2.19524080e-07
325.856 -2.04742581e-06 -1.81436771e-06
326.037 -5.18986848e-07 -2.60807352e-06
326.219  1.13821559e-06 -2.32386399e-06
326.400  2.25868854e-06 -1.12276882e-06
326.581  2.41596299e-06  4.77290637e-07
326.763  1.58454798e-06  1.81634693e-06
326.944  1.35221508e-07  2.36063520e-06
327.125 -1.32251277e-06  1.91417604e-06
327.307 -2.19101378e-06  6.86186536e-07
327.488 -2.12731406e-06 -8.01238299e-07
327.669 -1.17441136e-06 -1.92886260e-06
327.851  2.62402633e-07 -2.23528751e-06
328.032  1.58259874e-06 -1.60058459e-06
328.213  2.23874042e-06 -2.90635033e-07
328.395  1.95827688e-06  1.15094634e-06
328.576  8.51515325e-07  2.12662852e-06
328.757 -6.30831767e-07  2.22860276e-06
328.939 -1.88068569e-06  1.40241666e-06
329.120 -2.38014438e-06 -2.70852393e-08
329.301 -1.90926107e-06 -1.48409203e-06
329.483 -6.38940753e-07 -2.37437728e-06
329.664  9.31982005e-07 -2.32227149e-06
329.845  2.17542872e-06 -1.32449802e-06
330.027  2.58224068e-06  2.40896146e-07
330.208  1.96612028e-06  1.76185607e-06
330.389  5.45580954e-07  2.63144956e-06
330.571 -1.13751298e-06  2.48636667e-06
330.752 -2.42696932e-06  1.35697065e-06
330.933 -2.80570570e-06 -3.38613378e-07
331.115 -2.10255592e-06 -1.95336538e-06
331.296 -5.65194916e-07 -2.85734127e-06
331.477  1.23175468e-06 -2.68380068e-06
331.659  2.60195726e-06 -1.47671967e-06
331.840  3.01044278e-06  3.22774885e-07
332.021  2.28357439e-06  2.03916611e-06
332.203  6.77813153e-07  3.01722684e-06
332.384 -1.21294241e-06  2.87506354e-06
332.565 -2.67791255e-06  1.65068782e-06
332.747 -3.16060906e-06 -2.09413938e-07
332.928 -2.46999956e-06 -2.01355880e-06
333.109 -8.53148113e-07 -3.08624232e-06
333.291  1.09308142e-06 -3.02298614e-06
333.472  2.64590028e-06 -1.84074869e-06
333.653  3.22864003e-06  2.55170184e-08
333.835  2.62379405e-06  1.88514394e-06
334.016  1.05498836e-06  3.05194501e-06
334.197 -8.96290327e-07  3.09741151e-06
334.379 -2.51093538e-06  2.00902668e-06
334.560 -3.19831893e-06  1.94451217e-07
334.741 -2.71320468e-06 -1.67511668e-06
334.923 -1.24574086e-06 -2.91517141e-06
335.104  6.55369791e-07 -3.07912115e-06
335.285  2.29048122e-06 -2.12255211e-06
335.467  3.06670658e-06 -4.12969785e-07
335.648  2.71657268e-06  1.41374335e-06
335.829  1.39091460e-06  2.68961274e-06
336.011 -4.07002712e-07  2.96203511e-06
336.192 -2.01179791e-06  2.15687825e-06
336.373 -2.84431167e-06  5.94540819e-07
336.555 -2.62434784e-06 -1.13605909e-06
336.736 -1.46343825e-06 -2.39995998e-06
336.917  1.86703320e-07 -2.75322794e-06
337.099  1.70848108e-06 -2.09876411e-06
337.280  2.55312989e-06 -7.10449801e-07
337.461  2.43960679e-06  8.77541927e-07
337.643  1.44716596e-06  2.07839551e-06
337.824 -2.45330732e-08  2.47120024e-06
338.005 -1.41615210e-06  1.94773196e-06
338.187 -2.22304852e-06  7.42124984e-07
338.368 -2.17737727e-06 -6.69905903e-07
338.549 -1.33863602e-06 -1.75989058e-06
338.731 -5.81309995e-08 -2.14314776e-06
338.912  1.16762564e-06 -1.71589444e-06
339.093  1.88765518e-06 -6.82736662e-07
339.275  1.86260986e-06  5.37128644e-07
339.456  1.14672991e-06  1.47743332e-06
339.637  5.09100817e-08  1.80153280e-06
339.819 -9.88536589e-07  1.42577038e-06
340.000 -1.58014068e-06  5.37403322e-07
340.181 -1.52662353e-06 -4.92357031e-07
340.363 -8.90754387e-07 -1.25811770e-06
340.544  4.43671917e-08 -1.47990891e-06
340.725  8.94417194e-07 -1.10665769e-06
340.907  1.32937334e-06 -3.22300551e-07
341.088  1.20253029e-06  5.36558996e-07
341.269  5.97667492e-07  1.12027872e-06
341.451 -2.14142302e-07  1.20834479e-06
341.632 -8.89476053e-07  7.90577075e-07
341.813 -1.15625870e-06  6.24917412e-08
341.995 -9.20748209e-07 -6.59179802e-07
342.176 -2.98700109e-07 -1.07151954e-06
342.357  4.35499886e-07 -1.00942898e-06
342.539  9.66671668e-07 -5.08405932e-07
342.720  1.07103884e-06  2.11649414e-07
342.901  7.05454478e-07  8.40218193e-07
343.083  2.53267367e-08  1.10782875e-06
343.264 -6.79797531e-07  8.95767181e-07
343.445 -1.10879274e-06  2.86234070e-07
343.627 -1.07233045e-06 -4.68863555e-07
343.808 -5.72073820e-07 -1.05301442e-06
343.989  1.95042546e-07 -1.21433052e-06
344.171  9.16562615e-07 -8.69109685e-07
344.352  1.29073541e-06 -1.42048452e-07
344.533  1.14805500e-06  6.81196959e-07
344.715  5.25619515e-07  1.26755581e-06
344.896 -3.42688088e-07  1.36780622e-06
345.077 -1.11712318e-06  9.20666170e-07
345.259 -1.48307719e-06  8.34018084e-08
345.440 -1.27763641e-06 -8.27199094e-07
345.621 -5.60107110e-07 -1.45435236e-06
345.803  4.07689682e-07 -1.54030044e-06
345.984  1.25798035e-06 -1.03234853e-06
346.165  1.65633680e-06 -1.06808085e-07
346.347  1.43478256e-06  8.94101770e-07
346.528  6.59550483e-07  1.58847414e-06
346.709 -3.90478112e-07  1.70284431e-06
346.891 -1.32380673e-06  1.17913250e-06
347.072 -1.78486368e-06  1.98913744e-07
347.253 -1.59070066e-06 -8.79184438e-07
347.435 -8.00597498e-07 -1.65281307e-06
347.616  3.01311044e-07 -1.82884521e-06
347.797  1.30942764e-06 -1.33260040e-06
347.979  1.84969660e-06 -3.38780419e-07
348.160  1.71780755e-06  7.90093982e-07
348.341  9.56082633e-07  1.63982485e-06
348.523 -1.58898509e-07  1.89719655e-06
348.704 -1.22010268e-06  1.46502208e-06
348.885 -1.84043663e-06  5.00638258e-07
349.067 -1.79349983e-06 -6.43633609e-07
349.248 -1.09856849e-06 -1.55179286e-06
349.429 -1.20229778e-08 -1.89497513e-06
349.611  1.07014505e-06 -1.55294598e-06
349.792  1.75634081e-06 -6.57002777e-07
349.973  1.80306237e-06  4.63039167e-07
350.155  1.20349621e-06  1.40012000e-06
350.336  1.84183399e-07  1.81908868e-06
350.517 -8.80580675e-07  1.57972983e-06
350.699 -1.60639752e-06  7.82211264e-07
350.880 -1.74106389e-06 -2.74504316e-07
351.061 -1.25203780e-06 -1.20384745e-06
351.243 -3.31665815e-07 -1.67626369e-06
351.424  6.76444370e-07 -1.53712872e-06
351.605  1.40793080e-06 -8.55925595e-07
351.787  1.61136617e-06  1.03831072e-07
351.968  1.23350858e-06  9.87187004e-07
352.149  4.33203662e-07  1.48148953e-06
352.331 -4.83769353e-07  1.42614267e-06
352.512 -1.18381507e-06  8.65703552e-07
352.693 -1.42625824e-06  2.64885702e-08
352.875 -1.14670158e-06 -7.76091567e-07
353.056 -4.74400803e-07 -1.25564160e-06
353.237  3.26225871e-07 -1.25686760e-06
353.419  9.59093640e-07 -8.08070057e-07
353.600  1.20488585e-06 -9.98763842e-08
353.781  9.99605236e-07  5.94571474e-07
353.963  4.49052120e-07  1.02284037e-06
354.144 -2.21886302e-07  1.04693809e-06
354.325 -7.57829203e-07  6.88296871e-07
354.507 -9.70760799e-07  1.07805357e-07
354.688 -8.07701909e-07 -4.61690012e-07
354.869 -3.59765751e-07 -8.07557160e-07
355.051  1.80978466e-07 -8.18707293e-07
355.232  6.00413525e-07 -5.19405502e-07
355.413  7.48411391e-07 -5.08422362e-08
355.595  5.91578813e-07  3.89636127e-07
355.776  2.17612204e-07  6.31428888e-07
355.957 -2.05113405e-07  5.95973935e-07
356.139 -5.01199904e-07  3.20524742e-07
356.320 -5.59905704e-07 -6.18798275e-08
356.501 -3.74359286e-07 -3.82651286e-07
356.683 -4.04257067e-08 -5.10286835e-07
356.864  2.87712076e-07 -4.01034302e-07
357.045  4.66630716e-07 -1.14390208e-07
357.227  4.22136186e-07  2.14484727e-07
357.408  1.78930712e-07  4.36617122e-07
357.589 -1.50028933e-07  4.52225250e-07
357.771 -4.15113484e-07  2.52217918e-07
357.952 -4.94470809e-07 -7.59090484e-08
358.133 -3.45172483e-07 -3.86732930e-07
358.315 -2.49410876e-08 -5.39587844e-07
358.496  3.31203488e-07 -4.57105647e-07
358.677  5.68269743e-07 -1.61747574e-07
358.859  5.74553219e-07  2.30192943e-07
359.040  3.31415202e-07  5.56505678e-07
359.221 -7.39132702e-08  6.73606839e-07
359.403 -4.82510884e-07  5.17163972e-07
359.584 -7.25241852e-07  1.34118549e-07
359.765 -6.90699766e-07 -3.33624182e-07
359.947 -3.75376173e-07 -7.02451460e-07
360.128  1.11516534e-07 -8.17533530e-07
360.309  5.87569399e-07 -6.18211650e-07
360.491  8.64344766e-07 -1.65592733e-07
360.672  8.23073826e-07  3.78088064e-07
360.853  4.64375771e-07  8.06803260e-07
361.035 -8.95715337e-08  9.50049919e-07
361.216 -6.36120313e-07  7.41366769e-07
361.397 -9.67186389e-07  2.45139052e-07
361.579 -9.50566793e-07 -3.62828251e-07
361.760 -5.80453488e-07 -8.57832718e-07
361.941  1.68372227e-08 -1.05219643e-06
362.123  6.25409037e-07 -8.65527025e-07
362.304  1.02082553e-06 -3.56423714e-07
362.485  1.05331237e-06  2.94493523e-07
362.667  7.03165877e-07  8.51191479e-07
362.848  9.21438300e-08  1.10940264e-06
363.029 -5.60449733e-07  9.70394127e-07
363.211 -1.01890095e-06  4.80118246e-07
363.392 -1.11531653e-06 -1.86294423e-07
363.573 -8.12440914e-07 -7.89913681e-07
363.755 -2.18797869e-07 -1.11319099e-06
363.936  4.52913344e-07 -1.03928441e-06
364.117  9.62072969e-07 -5.96178689e-07
364.299  1.12665560e-06  5.60200115e-08
364.480  8.90901647e-07  6.83520524e-07
364.661  3.42953549e-07  1.06232846e-06
364.843 -3.19093169e-07  1.06101555e-06
365.024 -8.57915111e-07  6.86219768e-07
365.205 -1.08454406e-06  7.67078487e-08
365.387 -9.25687994e-07 -5.46698241e-07
365.568 -4.45730925e-07 -9.62870785e-07
365.749  1.77661708e-07 -1.03080212e-06
365.931  7.19946851e-07 -7.35956158e-07
366.112  9.93126673e-07 -1.93124210e-07
366.293  9.09958033e-07  3.97541821e-07
366.475  5.12121824e-07  8.26905565e-07
366.656 -4.75070251e-08  9.50523228e-07
366.837 -5.65599683e-07  7.37151710e-07
367.019 -8.62474130e-07  2.77433998e-07
367.200 -8.43823823e-07 -2.55174079e-07
367.381 -5.32614555e-07 -6.70497030e-07
367.563 -5.44977810e-08 -8.28476526e-07
367.744  4.13542759e-07 -6.88428971e-07
367.925  7.07230455e-07 -3.18431336e-07
368.107  7.34194702e-07  1.37003971e-07
368.288  5.03872596e-07  5.11524951e-07
368.469  1.15745770e-07  6.78307856e-07
368.651 -2.81169175e-07  5.94875709e-07
368.832 -5.44869995e-07  3.10809510e-07
369.013 -5.93403077e-07 -5.63780851e-08
369.195 -4.28849625e-07 -3.67645103e-07
369.376 -1.29605862e-07 -5.16949818e-07
369.557  1.82690659e-07 -4.66957448e-07
369.739  3.93382215e-07 -2.55898056e-07
369.920  4.37151912e-07  2.12042217e-08
370.101  3.16425655e-07  2.54202468e-07
370.283  9.59939058e-08  3.62035053e-07
370.464 -1.27709148e-07  3.19151855e-07
370.645 -2.68683817e-07  1.61326062e-07
370.827 -2.82448112e-07 -3.34701317e-08
371.008 -1.80251582e-07 -1.82166923e-07
371.189 -2.08170793e-08 -2.29564266e-07
371.371  1.20086354e-07 -1.68231603e-07
371.552  1.82500511e-07 -3.95544923e-08
371.733  1.45691999e-07  8.92621428e-08
371.915  3.66803228e-08  1.56653870e-07
372.096 -8.51736554e-08  1.32204166e-07
372.277 -1.57389486e-07  3.10262841e-08
372.459 -1.41225044e-07 -9.41518267e-08
372.640 -4.07336501e-08 -1.79227877e-07
372.821  9.77175952e-08 -1.76570917e-07
373.003  2.07745605e-07 -7.80371019e-08
373.184  2.31386065e-07  7.80075694e-08
373.365  1.45611885e-07  2.23686781e-07
373.547 -2.30110293e-08  2.89799835e-07
373.728 -2.08303180e-07  2.35311669e-07
373.909 -3.30867119e-07  6.95960647e-08
374.091 -3.29584259e-07 -1.48680643e-07
374.272 -1.90911948e-07 -3.33884876e-07
374.453  4.18203927e-08 -4.05257200e-07
374.635  2.83875929e-07 -3.21945621e-07
374.816  4.38862038e-07 -1.03479887e-07
374.997  4.37220850e-07  1.75992363e-07
375.179  2.67420510e-07  4.12324366e-07
375.360 -1.78199787e-08  5.10097439e-07
375.541 -3.17757623e-07  4.22564955e-07
375.723 -5.18679030e-07  1.70988448e-07
375.904 -5.39113254e-07 -1.60278504e-07
376.085 -3.61754980e-07 -4.51036507e-07
376.267 -4.18285232e-08 -5.91003353e-07
376.448  3.08604338e-07 -5.21926894e-07
376.629  5.61569090e-07 -2.59717561e-07
376.811  6.21316043e-07  1.06975767e-07
376.992  4.58898924e-07  4.47557699e-07
377.173  1.26145695e-07  6.38165623e-07
377.355 -2.60633232e-07  6.05522548e-07
377.536 -5.63801129e-07  3.55497567e-07
377.717 -6.72789061e-07 -2.59970835e-08
377.899 -5.44456490e-07 -4.04896406e-07
378.080 -2.21661658e-07 -6.46210774e-07
378.261  1.82858267e-07 -6.61685751e-07
378.443  5.26665312e-07 -4.44134289e-07
378.624  6.86936218e-07 -6.95934839e-08
378.805  6.06440385e-07  3.30618632e-07
378.987  3.14016528e-07  6.14867571e-07
379.168 -8.74524554e-08  6.83059986e-07
379.349 -4.56145900e-07  5.12944810e-07
379.531 -6.62457354e-07  1.65600216e-07
379.712 -6.36419864e-07 -2.35609067e-07
379.893 -3.89943672e-07 -5.49042703e-07
380.075 -1.21368023e-08 -6.67120316e-07
380.256  3.62223222e-07 -5.52296692e-07
380.437  6.03140033e-07 -2.48832871e-07
380.619  6.30302402e-07  1.32761807e-07
380.800  4.39221058e-07  4.57933457e-07
380.981  1.02823153e-07  6.16041957e-07
381.163 -2.57501066e-07  5.56980244e-07
381.344 -5.16848275e-07  3.08722585e-07
381.525 -5.88857334e-07 -3.54165762e-08
381.707 -4.55933588e-07 -3.53350187e-07
381.888 -1.73304520e-07 -5.36282285e-07
382.069  1.55211564e-07 -5.26863270e-07
382.251  4.14262506e-07 -3.38304465e-07
382.432  5.17640072e-07 -4.45421503e-08
382.613  4.38809329e-07  2.47883434e-07
382.795  2.15478995e-07  4.37805584e-07
382.976 -6.71916558e-08  4.66512624e-07
383.157 -3.07580768e-07  3.34859181e-07
383.339 -4.25981769e-07  9.84833519e-08
383.520 -3.90958095e-07 -1.53363589e-07
383.701 -2.25653613e-07 -3.32656827e-07
383.883  2.42864467e-09 -3.84087173e-07
384.064  2.08980251e-07 -3.00293650e-07
384.245  3.25267838e-07 -1.22094545e-07
384.427  3.19357666e-07  7.95370043e-08
384.608  2.05003325e-07  2.32982729e-07
384.789  3.37682127e-08  2.90047110e-07
384.971 -1.28789474e-07  2.40907695e-07
385.152 -2.27145371e-07  1.15538533e-07
385.333 -2.33988702e-07 -3.27654411e-08
385.515 -1.59021573e-07 -1.49111205e-07
385.696 -4.02739367e-08 -1.95849347e-07
385.877  7.38353957e-08 -1.66252950e-07
386.059  1.42060782e-07 -8.30618033e-08
386.240  1.46341401e-07  1.49775303e-08
386.421  9.63118826e-08  8.82430911e-08
386.603  2.03826478e-08  1.12416598e-07
386.784 -4.65655456e-08  8.73564302e-08
386.965 -7.80160471e-08  3.23753948e-08
387.147 -6.74369983e-08 -2.34039516e-08
387.328 -2.72505268e-08 -5.37618320e-08
387.509  1.85918033e-08 -4.83650294e-08
387.691  4.50622487e-08 -1.49475870e-08
387.872  3.93685868e-08  2.63185818e-08
388.053  5.98912373e-09  5.12997949e-08
388.235 -3.73498601e-08  4.48543055e-08
388.416 -6.66010317e-08  8.48008929e-09
388.597 -6.35651506e-08 -4.19541791e-08
388.779 -2.59343420e-08 -8.19101968e-08
388.960  3.27831539e-08 -8.92650432e-08
389.141  8.77916863e-08 -5.64233886e-08
389.323  1.12712848e-07  6.99140677e-09
389.504  9.32081727e-08  7.72320306e-08
389.685  3.29111848e-08  1.24385075e-07
389.867 -4.77325080e-08  1.26650826e-07
390.048 -1.17237426e-07  7.96612216e-08
390.229 -1.46894253e-07 -2.17170321e-09
390.411 -1.23123284e-07 -8.87976140e-08
390.592 -5.17724682e-08 -1.46614470e-07
390.773  4.20538654e-08 -1.52961536e-07
390.955  1.23136040e-07 -1.03492831e-07
391.136  1.61415296e-07 -1.50957915e-08
391.317  1.42143411e-07  7.93582139e-08
391.499  7.17095259e-08  1.45461840e-07
391.680 -2.32321103e-08  1.59467730e-07
391.861 -1.07793566e-07  1.16526608e-07
392.043 -1.52035382e-07  3.41104930e-08
392.224 -1.40868344e-07 -5.63231220e-08
392.405 -8.11330297e-08 -1.22288149e-07
392.587  2.29391385e-09 -1.40967826e-07
392.768  7.80783233e-08 -1.08887424e-07
392.949  1.19098646e-07 -4.25704802e-08
393.131  1.13454776e-07  3.07512478e-08
393.312  6.91816138e-08  8.31494941e-08
393.493  7.80417097e-09  9.71668491e-08
393.675 -4.46677756e-08  7.36667604e-08
393.856 -6.82142779e-08  2.84279654e-08
394.037 -5.87036385e-08 -1.57851268e-08
394.219 -2.74490957e-08 -3.86318125e-08
394.400  5.74853514e-09 -3.31663418e-08
394.581  2.10611416e-08 -8.16806562e-09
394.763  1.00335764e-08  1.79344439e-08
394.944 -1.94400823e-08  2.50318642e-08
395.125 -4.81735599e-08  2.94410550e-09
395.307 -5.36860890e-08 -4.09003763e-08
395.488 -2.21580855e-08 -8.49594447e-08
395.669  4.09278685e-08 -1.01847516e-07
395.851  1.11699925e-07 -7.09045214e-08
396.032  1.56092196e-07  7.85819633e-09
396.213  1.43100945e-07  1.10681665e-07
396.395  6.22207404e-08  1.97055380e-07
396.576 -6.79624904e-08  2.23203123e-07
396.757 -2.03690168e-07  1.62719085e-07
396.939 -2.88513334e-07  2.19088478e-08
397.120 -2.76054067e-07 -1.58690084e-07
397.301 -1.52535409e-07 -3.13726147e-07
397.483  5.39152397e-08 -3.75863251e-07
397.664  2.76934558e-07 -3.04691237e-07
397.845  4.31787907e-07 -1.05483256e-07
398.027  4.48304206e-07  1.65881183e-07
398.208  2.99410214e-07  4.16080337e-07
398.389  1.69722952e-08  5.47383451e-07
398.571 -3.10776997e-07  4.94400568e-07
398.752 -5.67202694e-07  2.51900797e-07
398.933 -6.48548940e-07 -1.13889128e-07
399.115 -5.02850717e-07 -4.82457894e-07
399.296 -1.56920839e-07 -7.19195799e-07
399.477  2.84736789e-07 -7.22166708e-07
399.659  6.72091772e-07 -4.64358435e-07
