0.172  8.48320079e-03 -1.34360701e-03
0.345  4.86497345e-03  1.23377293e-03
0.517  2.58706448e-03  2.40428848e-03
0.689  7.44289650e-04  2.61943465e-03
0.862 -6.09270984e-04  2.11489412e-03
1.034 -1.41207111e-03  1.17513694e-03
1.206 -1.55217448e-03  1.51251307e-04
1.379 -1.19633453e-03 -6.69600440e-04
1.551 -5.42350749e-04 -1.09374875e-03
1.724  1.55900966e-04 -1.08666448e-03
1.896  6.92227464e-04 -7.05554355e-04
2.068  8.97041222e-04 -1.56179439e-04
2.241  7.54299093e-04  3.49789063e-04
2.413  3.64383790e-04  6.69787236e-04
2.585 -8.42281116e-05  7.09545646e-04
2.758 -4.53645449e-04  5.02704929e-04
2.930 -6.14099029e-04  1.33211213e-04
3.102 -5.38397320e-04 -2.35536707e-04
3.275 -2.86765725e-04 -4.69746432e-04
3.447  4.93828290e-05 -5.25551011e-04
3.619  3.40589941e-04 -3.84989358e-04
3.792  4.76495499e-04 -1.13871769e-04
3.964  4.26464899e-04  1.76658189e-04
4.137  2.32504868e-04  3.76064454e-04
4.309 -3.36716459e-05  4.25512428e-04
4.481 -2.67936168e-04  3.12896438e-04
4.654 -3.83751408e-04  9.04823217e-05
4.826 -3.43118069e-04 -1.46507443e-04
4.998 -1.86324665e-04 -3.10844049e-04
5.171  2.78251729e-05 -3.49787363e-04
5.343  2.17767552e-04 -2.60425584e-04
5.515  3.18280091e-04 -8.31525361e-05
5.688  2.91566370e-04  1.17255516e-04
5.860  1.57811625e-04  2.57096278e-04
6.032 -2.76825273e-05  2.87905978e-04
6.205 -1.94069248e-04  2.08520438e-04
6.377 -2.78265535e-04  5.64441280e-05
6.550 -2.51500838e-04 -1.07028710e-04
6.722 -1.33850245e-04 -2.20750952e-04
6.894  2.64100643e-05 -2.46796810e-04
7.067  1.67244583e-04 -1.78436303e-04
7.239  2.38570299e-04 -4.50364702e-05
7.411  2.14759863e-04  9.99613390e-05
7.584  1.10747670e-04  2.01840624e-04
7.756 -2.77875788e-05  2.25634196e-04
7.928 -1.50520753e-04  1.63540049e-04
8.101 -2.12061142e-04  4.53846911e-05
8.273 -1.92491641e-04 -8.27870631e-05
8.445 -1.02514722e-04 -1.72232684e-04
8.618  2.04370855e-05 -1.92553834e-04
8.790  1.29759066e-04 -1.41380694e-04
8.963  1.84744005e-04 -3.92791077e-05
9.135  1.68145225e-04  7.45071013e-05
9.307  9.00860581e-05  1.55330437e-04
9.480 -1.82727863e-05  1.73476636e-04
9.652 -1.14695161e-04  1.26064757e-04
9.824 -1.63164644e-04  3.34394084e-05
9.997 -1.46888414e-04 -6.90124751e-05
10.169 -7.32056088e-05 -1.41120388e-04
10.341  2.74821102e-05 -1.56287779e-04
10.514  1.15591279e-04 -1.11840131e-04
10.686  1.57747147e-04 -2.65819848e-05
10.858  1.39901336e-04  6.53990138e-05
11.031  7.21162841e-05  1.29367050e-04
11.203 -1.77857792e-05  1.42717728e-04
11.376 -9.63749691e-05  1.01549320e-04
11.548 -1.35481975e-04  2.32395197e-05
11.720 -1.22026331e-04 -6.07894039e-05
11.893 -6.30916868e-05 -1.18889145e-04
12.065  1.68315885e-05 -1.30366959e-04
12.237  8.68401984e-05 -9.25530141e-05
12.410  1.20757149e-04 -2.17955232e-05
12.582  1.06619990e-04  5.39359881e-05
12.754  5.13779032e-05  1.06084649e-04
12.927 -2.26996898e-05  1.15483011e-04
13.099 -8.68092022e-05  8.02120630e-05
13.271 -1.16409121e-04  1.55859435e-05
13.444 -1.01071241e-04 -5.29011037e-05
13.616 -4.80982768e-05 -9.90009963e-05
13.789  2.15369594e-05 -1.05745055e-04
13.961  8.11718527e-05 -7.18016050e-05
14.133  1.08460615e-04 -1.10316745e-05
14.306  9.43363814e-05  5.27246252e-05
14.478  4.53669827e-05  9.47826804e-05
14.650 -1.92225284e-05  9.96275395e-05
14.823 -7.44381661e-05  6.62395696e-05
14.995 -9.95179536e-05  8.04919347e-06
15.167 -8.58724231e-05 -5.20468996e-05
15.340 -3.98181775e-05 -9.12700266e-05
15.512  1.99894539e-05 -9.59289168e-05
15.684  7.04335412e-05 -6.54270727e-05
15.857  9.30572074e-05 -1.23819224e-05
16.029  8.01034312e-05  4.24897549e-05
16.202  3.75287238e-05  7.85867796e-05
16.374 -1.71734878e-05  8.27930285e-05
16.546 -6.26881515e-05  5.45546457e-05
16.719 -8.19536220e-05  6.12604336e-06
16.891 -6.82236964e-05 -4.31862950e-05
17.063 -2.77648215e-05 -7.44620039e-05
17.236  2.30862224e-05 -7.58616353e-05
17.408  6.45542298e-05 -4.74832497e-05
17.580  8.07696042e-05 -9.88425315e-07
17.753  6.61589011e-05  4.55104055e-05
17.925  2.72410110e-05  7.42133309e-05
18.097 -2.08024511e-05  7.45898089e-05
18.270 -5.97233992e-05  4.73244665e-05
18.442 -7.50835862e-05  3.30224753e-06
18.614 -6.19592522e-05 -4.05274103e-05
18.787 -2.61666626e-05 -6.75278329e-05
18.959  1.81569652e-05 -6.81355880e-05
19.132  5.37893262e-05 -4.30712428e-05
19.304  6.74720585e-05 -2.57188737e-06
19.476  5.47647742e-05  3.74176371e-05
19.649  2.11523568e-05  6.17025276e-05
19.821 -1.99634875e-05  6.16182392e-05
19.993 -5.26754461e-05  3.77409601e-05
20.166 -6.48811605e-05 -2.36708390e-07
20.338 -5.24061849e-05 -3.73488204e-05
20.510 -2.05905314e-05 -5.95203629e-05
20.683  1.77591912e-05 -5.86125066e-05
20.855  4.78336345e-05 -3.54436329e-05
21.027  5.83930147e-05  4.30247129e-07
21.200  4.58121462e-05  3.49606117e-05
21.372  1.55584904e-05  5.50544954e-05
21.545 -2.03716148e-05  5.32542181e-05
21.717 -4.82746733e-05  3.07448356e-05
21.889 -5.76604981e-05 -3.37295487e-06
22.062 -4.54068752e-05 -3.59568069e-05
22.234 -1.68604653e-05 -5.46331709e-05
22.406  1.66982567e-05 -5.26216173e-05
22.579  4.22636184e-05 -3.13673178e-05
22.751  5.00943474e-05  5.44113978e-07
22.923  3.76358147e-05  3.06910829e-05
23.096  1.00580583e-05  4.75039785e-05
23.268 -2.18749003e-05  4.49719190e-05
23.440 -4.58122353e-05  2.46202233e-05
23.613 -5.28581316e-05 -5.37086667e-06
23.785 -4.08359669e-05 -3.31728576e-05
23.958 -1.47322542e-05 -4.81378410e-05
24.130  1.51135200e-05 -4.49173775e-05
24.302  3.71973166e-05 -2.50932645e-05
24.475  4.34581802e-05  3.37826563e-06
24.647  3.19884870e-05  2.93178767e-05
24.819  7.71228675e-06  4.29262087e-05
24.992 -1.95268778e-05  3.92679853e-05
25.164 -3.91248405e-05  2.00439815e-05
25.336 -4.36422919e-05 -6.99043386e-06
25.509 -3.14666258e-05 -3.13775803e-05
25.681 -7.55482500e-06 -4.39891761e-05
25.853  1.87884255e-05 -4.02594684e-05
26.026  3.76438277e-05 -2.20381619e-05
26.198  4.20136299e-05  3.34036048e-06
26.371  3.05954567e-05  2.61472606e-05
26.543  8.19965702e-06  3.77746019e-05
26.715 -1.64555958e-05  3.40823699e-05
26.888 -3.39632188e-05  1.70148669e-05
27.060 -3.78167890e-05 -6.53035446e-06
27.232 -2.70312948e-05 -2.73421791e-05
27.405 -6.17290236e-06 -3.73551778e-05
27.577  1.65084035e-05 -3.29438841e-05
27.749  3.21328679e-05 -1.60757123e-05
27.922  3.48152198e-05  6.64627223e-06
28.094  2.38086880e-05  2.63809469e-05
28.266  3.51315585e-06  3.56348475e-05
28.439 -1.81051103e-05  3.11617263e-05
28.611 -3.27086978e-05  1.49069109e-05
28.784 -3.49283369e-05 -6.67994411e-06
28.956 -2.41385988e-05 -2.51819364e-05
29.128 -4.68928145e-06 -3.36723368e-05
29.301  1.57512350e-05 -2.91522826e-05
29.473  2.94135575e-05 -1.36067068e-05
29.645  3.12894392e-05  6.69505652e-06
29.818  2.08949247e-05  2.38834966e-05
29.990  2.55214438e-06  3.15088839e-05
30.162 -1.65041978e-05  2.68162224e-05
30.335 -2.90243264e-05  1.19034768e-05
30.507 -3.03251239e-05 -7.24281061e-06
30.679 -2.01650361e-05 -2.32626394e-05
30.852 -2.76946390e-06 -3.00792413e-05
31.024  1.50708994e-05 -2.52687702e-05
31.197  2.65062961e-05 -1.10189385e-05
31.369  2.72425197e-05  7.00272712e-06
31.541  1.72934472e-05  2.18092168e-05
31.714  7.14240908e-07  2.77123432e-05
31.886 -1.60295918e-05  2.26556277e-05
32.058 -2.64395816e-05  8.81213514e-06
32.231 -2.66385321e-05 -8.40547477e-06
32.403 -1.67631870e-05 -2.23081543e-05
32.575 -6.98844284e-07 -2.76384291e-05
32.748  1.53130212e-05 -2.25932384e-05
32.920  2.51662899e-05 -9.27115404e-06
33.092  2.53307637e-05  7.08144020e-06
33.265  1.59724926e-05  2.01230668e-05
33.437  8.80992012e-07  2.50172117e-05
33.610 -1.39709516e-05  2.01032186e-05
33.782 -2.29283085e-05  7.46161024e-06
33.954 -2.27197961e-05 -7.82516267e-06
34.127 -1.35864459e-05 -1.98340914e-05
34.299  7.29005930e-07 -2.40655602e-05
34.471  1.45996769e-05 -1.90099322e-05
34.644  2.27612584e-05 -6.81297873e-06
34.816  2.21685620e-05  7.66703747e-06
34.988  1.32319744e-05  1.88870741e-05
35.161 -3.86230613e-07  2.26045512e-05
35.333 -1.33899323e-05  1.75351131e-05
35.505 -2.07898339e-05  5.87112499e-06
35.678 -1.98035504e-05 -7.78629422e-06
35.850 -1.10087491e-05 -1.81679426e-05
36.022  2.08079490e-06 -2.12994233e-05
36.195  1.44104645e-05 -1.61450480e-05
36.367  2.12335732e-05 -4.85274241e-06
36.540  2.00586358e-05  8.18849076e-06
36.712  1.15246425e-05  1.79334217e-05
36.884 -1.01421886e-06  2.07258862e-05
37.057 -1.26902990e-05  1.57013366e-05
37.229 -1.90631656e-05  4.92325191e-06
37.401 -1.78961844e-05 -7.35851317e-06
37.574 -9.82428896e-06 -1.63656814e-05
37.746  1.89046241e-06 -1.87564669e-05
37.918  1.25942696e-05 -1.37565637e-05
38.091  1.81918733e-05 -3.40390188e-06
38.263  1.66288227e-05  8.17870808e-06
38.435  8.58067588e-06  1.65306606e-05
38.608 -2.73189616e-06  1.85496959e-05
38.780 -1.29185609e-05  1.35506187e-05
38.953 -1.81638875e-05  3.60174652e-06
39.125 -1.65510823e-05 -7.36258032e-06
39.297 -8.85313391e-06 -1.51758715e-05
39.470  1.79931748e-06 -1.69137482e-05
39.642  1.12845360e-05 -1.20382925e-05
39.814  1.59848510e-05 -2.62518238e-06
39.987  1.41578790e-05  7.61289302e-06
40.159  6.67263193e-06  1.47200023e-05
40.331 -3.48853340e-06  1.59617864e-05
40.504 -1.24050284e-05  1.09708629e-05
40.676 -1.66429168e-05  1.76378529e-06
40.848 -1.46744059e-05 -8.12149654e-06
41.021 -7.39619558e-06 -1.48942516e-05
41.193  2.34981426e-06 -1.60521356e-05
41.366  1.07903143e-05 -1.13369110e-05
41.538  1.47262011e-05 -2.67402641e-06
41.710  1.28170049e-05  6.51919002e-06
41.883  5.93868904e-06  1.26648360e-05
42.055 -3.14647882e-06  1.35017435e-05
42.227 -1.08315399e-05  8.82507457e-06
42.400 -1.41797232e-05  5.25820097e-07
42.572 -1.19726330e-05 -8.08553829e-06
42.744 -5.09899333e-06 -1.36818863e-05
42.917  3.71882288e-06 -1.41772651e-05
43.089  1.10795464e-05 -9.41922798e-06
43.261  1.42490871e-05 -1.31422276e-06
43.434  1.20895027e-05  6.97628062e-06
43.606  5.54439020e-06  1.23424950e-05
43.779 -2.75029045e-06  1.28091038e-05
43.951 -9.60831707e-06  8.31214973e-06
44.123 -1.24360196e-05  7.42062226e-07
44.296 -1.02120162e-05 -6.92665226e-06
44.468 -3.93485486e-06 -1.17424842e-05
44.640  3.89570895e-06 -1.18620491e-05
44.813  1.02564162e-05 -7.33640864e-06
44.985  1.26906529e-05  1.23310398e-08
45.157  1.03356292e-05  7.35816188e-06
45.330  4.19636866e-06  1.18763932e-05
45.502 -3.34681967e-06  1.18991540e-05
45.674 -9.38028444e-06  7.55017644e-06
45.847 -1.16206718e-05  5.67812273e-07
46.019 -9.33550634e-06 -6.31497291e-06
46.192 -3.49411658e-06 -1.04323970e-05
46.364  3.59217042e-06 -1.02920822e-05
46.536  9.13688336e-06 -6.03822726e-06
46.709  1.10523552e-05  6.31345261e-07
46.881  8.67923751e-06  7.07060839e-06
47.053  2.97502639e-06  1.08073901e-05
47.226 -3.79323746e-06  1.04694262e-05
47.398 -9.00882550e-06  6.21980290e-06
47.570 -1.07376779e-05 -2.46110272e-07
47.743 -8.36723331e-06 -6.41012624e-06
47.915 -2.88507886e-06 -9.97039745e-06
48.087  3.52172847e-06 -9.62721525e-06
48.260  8.41136536e-06 -5.59885948e-06
48.432  9.95140443e-06  4.46591262e-07
48.605  7.60918554e-06  6.15105072e-06
48.777  2.40351223e-06  9.33644926e-06
48.949 -3.59904144e-06  8.79953802e-06
49.122 -8.08622924e-06  4.84044374e-06
49.294 -9.32555892e-06 -9.40207213e-07
49.466 -6.90046848e-06 -6.30756103e-06
49.639 -1.82095107e-06 -9.17950641e-06
49.811  3.94979667e-06 -8.48638398e-06
49.983  8.18265687e-06 -4.57598322e-06
50.156  9.27514634e-06  1.02575593e-06
50.328  6.90126635e-06  6.15319436e-06
50.500  2.02699525e-06  8.83983419e-06
50.673 -3.44397181e-06  8.13968749e-06
50.845 -7.38041738e-06  4.39533401e-06
51.018 -8.32698480e-06 -9.12285554e-07
51.190 -5.99826785e-06 -5.68944410e-06
51.362 -1.33646289e-06 -8.12089238e-06
51.535  3.79569243e-06 -7.34236715e-06
51.707  7.40455612e-06 -3.69536633e-06
51.879  8.15023891e-06  1.35030130e-06
52.052  5.77250216e-06  5.80998392e-06
52.224  1.23163410e-06  8.00405893e-06
52.396 -3.67672439e-06  7.11759122e-06
52.569 -7.09595829e-06  3.53120384e-06
52.741 -7.75400900e-06 -1.30958740e-06
52.913 -5.44174232e-06 -5.54717533e-06
53.086 -1.13455270e-06 -7.58864844e-06
53.258  3.47618649e-06 -6.68123525e-06
53.430  6.63375591e-06 -3.25865698e-06
53.603  7.13498333e-06  1.29989200e-06
53.775  4.85278608e-06  5.23809049e-06
53.948  7.41402015e-07  7.03247853e-06
54.120 -3.59985090e-06  6.02870923e-06
54.292 -6.48011158e-06  2.68590929e-06
54.465 -6.79792038e-06 -1.68818184e-06
54.637 -4.49242120e-06 -5.39421955e-06
54.809 -4.74071617e-07 -6.99946004e-06
54.982  3.70507032e-06 -5.94310639e-06
55.154  6.42709938e-06 -2.66941502e-06
55.326  6.69998212e-06  1.55409741e-06
55.499  4.47994320e-06  5.08339418e-06
55.671  6.46521262e-07  6.60197672e-06
55.843 -3.28519796e-06  5.60116092e-06
56.016 -5.80877501e-06  2.50995869e-06
56.188 -6.01679000e-06 -1.42090958e-06
56.361 -3.87196952e-06 -4.64104780e-06
56.533 -2.58899371e-07 -5.94195683e-06
56.705  3.37005962e-06 -4.84589180e-06
56.878  5.62337900e-06 -1.80754248e-06
57.050  5.64431746e-06  1.94635738e-06
57.222  3.43407588e-06  4.96992856e-06
57.395 -1.11021557e-07  6.11762949e-06
57.567 -3.62228012e-06  4.95381972e-06
57.739 -5.77944049e-06  1.97115433e-06
57.912 -5.76798358e-06 -1.66148377e-06
58.084 -3.64477123e-06 -4.57552462e-06
58.256 -2.78219836e-07 -5.66896038e-06
58.429  3.04126557e-06 -4.57323539e-06
58.601  5.04011075e-06 -1.78658046e-06
58.774  4.97723702e-06  1.59241195e-06
58.946  2.95047315e-06  4.24413111e-06
59.118 -2.21540482e-07  5.13979948e-06
59.291 -3.29338682e-06  3.98313648e-06
59.463 -5.05384772e-06  1.25235898e-06
59.635 -4.85200919e-06 -1.98942054e-06
59.808 -2.79570324e-06 -4.46656068e-06
59.980  3.22125959e-07 -5.24365940e-06
60.152  3.28148970e-06 -4.06114519e-06
60.325  4.95690388e-06 -1.38117286e-06
60.497  4.75666587e-06  1.74331847e-06
60.669  2.78341468e-06  4.10731486e-06
60.842 -1.69302645e-07  4.85217631e-06
61.014 -2.93301053e-06  3.72758582e-06
61.187 -4.47096527e-06  1.20531091e-06
61.359 -4.22005163e-06 -1.68961720e-06
61.531 -2.30282656e-06 -3.84203603e-06
61.704  4.87084530e-07 -4.44022460e-06
61.876  3.05797209e-06 -3.26191378e-06
62.048  4.43189544e-06 -8.04644034e-07
62.221  4.07729472e-06  1.96040403e-06
62.393  2.16072341e-06  3.98228092e-06
62.565 -5.50292063e-07  4.48136493e-06
62.738 -3.02738049e-06  3.28866629e-06
62.910 -4.32393092e-06  9.03556564e-07
63.082 -3.96247766e-06 -1.76034878e-06
63.255 -2.13613587e-06 -3.68446357e-06
63.427  4.34567863e-07 -4.14009213e-06
63.600  2.75632163e-06 -3.00705853e-06
63.772  3.92823487e-06 -7.56183168e-07
63.944  3.53945210e-06  1.73355500e-06
64.117  1.77965036e-06  3.48016747e-06
64.289 -6.59857078e-07  3.83017005e-06
64.461 -2.80982398e-06  2.68644665e-06
64.634 -3.84210007e-06  4.99963309e-07
64.806 -3.39187944e-06 -1.86075021e-06
64.978 -1.64054397e-06 -3.47369775e-06
65.151  7.19303945e-07 -3.74692146e-06
65.323  2.75912731e-06 -2.58649467e-06
65.495  3.71939059e-06 -4.51543535e-07
65.668  3.24991090e-06  1.80995468e-06
65.840  1.54291579e-06  3.34525193e-06
66.013 -7.11279021e-07  3.59017869e-06
66.185 -2.64775700e-06  2.46383036e-06
66.357 -3.54855376e-06  4.39597940e-07
66.530 -3.07998542e-06 -1.68505750e-06
66.702 -1.46281846e-06 -3.10985274e-06
66.874  6.42944172e-07 -3.29165796e-06
67.047  2.42934738e-06 -2.18886906e-06
67.219  3.20343048e-06 -2.69739034e-07
67.391  2.67588209e-06  1.72093544e-06
67.564  1.08758416e-06  3.00918152e-06
67.736 -9.42385907e-07  3.09370465e-06
67.908 -2.63173239e-06  1.97256449e-06
68.081 -3.32114245e-06  8.85282783e-08
68.253 -2.77273745e-06 -1.83881018e-06
68.426 -1.21919799e-06 -3.05948532e-06
68.598  7.45156562e-07 -3.12841731e-06
68.770  2.35355730e-06 -2.05394906e-06
68.943  3.00171237e-06 -2.56278174e-07
69.115  2.48066234e-06  1.55408814e-06
69.287  1.00657136e-06  2.67594827e-06
69.460 -8.29877153e-07  2.71006451e-06
69.632 -2.29906345e-06  1.65913909e-06
69.804 -2.85377187e-06 -5.46689688e-08
69.977 -2.29260579e-06 -1.74163255e-06
70.149 -8.38113004e-07 -2.76020541e-06
70.321  9.22331125e-07 -2.73136466e-06
70.494  2.31328974e-06 -1.66655025e-06
70.666  2.81878025e-06  2.86148743e-10
70.838  2.24732867e-06  1.62185977e-06
71.011  8.44158169e-07  2.59635718e-06
71.183 -8.29906101e-07  2.55600341e-06
71.356 -2.14434090e-06  1.54117761e-06
71.528 -2.59720284e-06 -2.24844793e-08
71.700 -2.02860400e-06 -1.53292921e-06
71.873 -6.94739691e-07 -2.40609139e-06
72.045  8.82473166e-07 -2.30483313e-06
72.217  2.09295138e-06 -1.29779533e-06
72.390  2.46041264e-06  2.16331181e-07
72.562  1.86498699e-06  1.65735137e-06
72.734  5.50837204e-07  2.45963801e-06
72.907 -9.82559657e-07  2.33132507e-06
73.079 -2.13660359e-06  1.34513795e-06
73.251 -2.47967022e-06 -1.21689189e-07
73.424 -1.91186212e-06 -1.49515722e-06
73.596 -6.59526634e-07 -2.24894618e-06
73.769  7.80700672e-07 -2.12541736e-06
73.941  1.84059388e-06 -1.18690863e-06
74.113  2.13351930e-06  1.89582949e-07
74.286  1.56015242e-06  1.44823498e-06
74.458  3.49244411e-07  2.11210699e-06
74.630 -1.00660751e-06  1.93595018e-06
74.803 -1.98527455e-06  9.86232080e-07
74.975 -2.22276370e-06 -3.51290414e-07
75.147 -1.62434658e-06 -1.55761641e-06
75.320 -4.36464970e-07 -2.18648947e-06
75.492  8.72208995e-07 -1.99774302e-06
75.664  1.81562198e-06 -1.08012703e-06
75.837  2.03666574e-06  1.89881769e-07
76.009  1.46386275e-06  1.33128336e-06
76.182  3.49299280e-07  1.90835903e-06
76.354 -8.73693373e-07  1.70285882e-06
76.526 -1.73415104e-06  8.23248871e-07
76.699 -1.89378465e-06 -3.81153752e-07
76.871 -1.31194526e-06 -1.44791323e-06
77.043 -2.26087571e-07 -1.95522859e-06
77.216  9.50666072e-07 -1.72151688e-06
77.388  1.75580957e-06 -8.54914265e-07
77.560  1.88793572e-06  3.15295831e-07
77.733  1.32021505e-06  1.33070966e-06
77.905  2.72594012e-07  1.80190298e-06
78.077 -8.43074347e-07  1.57346104e-06
78.250 -1.58868630e-06  7.41247924e-07
78.422 -1.69805333e-06 -3.65599851e-07
78.595 -1.14000241e-06 -1.30316483e-06
78.767 -1.34591397e-07 -1.72181507e-06
78.939  9.10140890e-07 -1.47163329e-06
79.112  1.59486374e-06 -6.48713003e-07
79.284  1.66872501e-06  4.11681952e-07
79.456  1.10077858e-06  1.29796234e-06
79.629  1.24474225e-07  1.68412248e-06
79.801 -8.74320555e-07  1.42087410e-06
79.973 -1.52591024e-06  6.21480587e-07
80.146 -1.58183689e-06 -3.88824464e-07
80.318 -1.02902947e-06 -1.23093969e-06
80.490 -1.03556210e-07 -1.58467092e-06
80.663  8.40056433e-07 -1.31707954e-06
80.835  1.44249911e-06 -5.55813804e-07
81.008  1.46884011e-06  3.99572714e-07
81.180  9.29951436e-07  1.18476849e-06
81.352  4.61151900e-08  1.48942394e-06
81.525 -8.45707650e-07  1.21027630e-06
81.697 -1.39186095e-06  4.71577433e-07
81.869 -1.38787367e-06 -4.45306751e-07
82.042 -8.53727349e-07 -1.17800490e-06
82.214  7.00502052e-09 -1.44279322e-06
82.386  8.57120936e-07 -1.15625428e-06
82.559  1.36253808e-06 -4.29489936e-07
82.731  1.34637117e-06  4.55678019e-07
82.903  8.21068343e-07  1.14802779e-06
83.076 -1.07266422e-08  1.39562836e-06
83.248 -8.14825202e-07  1.11518185e-06
83.421 -1.28942816e-06  4.15169534e-07
83.593 -1.26691488e-06 -4.18528514e-07
83.765 -7.56503178e-07 -1.06338455e-06
83.938  2.94192030e-08 -1.28572615e-06
84.110  7.77724272e-07 -9.99973581e-07
84.282  1.21170856e-06 -3.28106632e-07
84.455  1.16376333e-06  4.54432283e-07
84.627  6.57928182e-07  1.05339230e-06
84.799 -9.20689766e-08  1.23821547e-06
84.972 -8.00276760e-07  9.36806638e-07
85.144 -1.19647260e-06  2.83107535e-07
85.316 -1.12293326e-06 -4.69805530e-07
85.489 -6.23199811e-07 -1.03770557e-06
85.661  1.03980652e-07 -1.19548141e-06
85.834  7.86222291e-07 -8.94370161e-07
86.006  1.15507372e-06 -2.62428360e-07
86.178  1.07651814e-06  4.63511272e-07
86.351  5.98155787e-07  9.98973055e-07
86.523 -9.82317233e-08  1.14004431e-06
86.695 -7.39779189e-07  8.51762429e-07
86.868 -1.07454998e-06  2.47388323e-07
87.040 -9.90573305e-07 -4.36679219e-07
87.212 -5.25938716e-07 -9.26138703e-07
87.385  1.39248104e-07 -1.04425267e-06
87.557  7.35063788e-07 -7.53999335e-07
87.729  1.03764939e-06 -1.65761218e-07
87.902  9.41167997e-07  4.80186252e-07
88.074  4.79969495e-07  9.34272312e-07
88.246 -1.56789337e-07  1.03348571e-06
88.419 -7.17099566e-07  7.36907975e-07
88.591 -9.96642712e-07  1.66657057e-07
88.764 -8.86536288e-07 -4.46057134e-07
88.936 -4.32809215e-07 -8.74532561e-07
89.108  1.75224411e-07 -9.54914477e-07
89.281  7.08919894e-07 -6.55758970e-07
89.453  9.66706533e-07 -1.07618632e-07
89.625  8.45851760e-07  4.79134293e-07
89.798  4.07162335e-07  8.85010735e-07
89.970 -1.75518019e-07  9.48927743e-07
90.142 -6.85228578e-07  6.58028632e-07
90.315 -9.20661962e-07  1.35074239e-07
90.487 -7.98796062e-07 -4.24566276e-07
90.659 -3.81772813e-07 -8.00419836e-07
90.832  1.72607670e-07 -8.49561259e-07
91.004  6.46291458e-07 -5.69655785e-07
91.177  8.52112099e-07 -6.91764770e-08
91.349  7.25165555e-07  4.56177681e-07
91.521  3.17634352e-07  7.94244921e-07
91.694 -2.13713474e-07  8.24815672e-07
91.866 -6.52572700e-07  5.41677918e-07
92.038 -8.35329119e-07  5.05396504e-08
92.211 -6.99948926e-07 -4.48752790e-07
92.383 -2.94061125e-07 -7.64872069e-07
92.555  2.17460651e-07 -7.87017009e-07
92.728  6.33816363e-07 -5.03273034e-07
92.900  8.06466998e-07 -2.89702016e-08
93.072  6.67984246e-07  4.44672453e-07
93.245  2.74973757e-07  7.45442927e-07
93.417 -2.08880169e-07  7.59313190e-07
93.590 -6.03547118e-07  4.81236882e-07
93.762 -7.61105429e-07  3.24342025e-08
93.934 -6.18272485e-07 -4.15349854e-07
94.107 -2.43444322e-07 -6.95246306e-07
94.279  2.14786707e-07 -6.94698392e-07
94.451  5.86194287e-07 -4.24345486e-07
94.624  7.22133644e-07  2.81917683e-09
94.796  5.76276967e-07  4.28064486e-07
94.968  2.16962208e-07  6.82465666e-07
95.141 -2.21504986e-07  6.68960029e-07
95.313 -5.66585090e-07  4.06207593e-07
95.485 -6.81303428e-07 -6.09907712e-09
95.658 -5.33923868e-07 -4.07750069e-07
95.830 -1.82554805e-07 -6.36134449e-07
96.003  2.38844378e-07 -6.12784308e-07
96.175  5.58375578e-07 -3.50804911e-07
96.347  6.58667370e-07  5.29105060e-08
96.520  5.08096644e-07  4.34018624e-07
96.692  1.59527928e-07  6.47684707e-07
96.864 -2.45974606e-07  6.21535919e-07
97.037 -5.50267506e-07  3.61816314e-07
97.209 -6.47715058e-07 -2.66171005e-08
97.381 -4.99901612e-07 -3.87740105e-07
97.554 -1.66816740e-07 -5.92949260e-07
97.726  2.12570010e-07 -5.65234865e-07
97.898  4.98680991e-07 -3.16140313e-07
98.071  5.85087301e-07  4.52160133e-08
98.243  4.36420764e-07  3.80742241e-07
98.416  1.22537165e-07  5.65591928e-07
98.588 -2.31765975e-07  5.23455074e-07
98.760 -4.94793343e-07  2.79563827e-07
98.933 -5.58588490e-07 -6.49499811e-08
99.105 -4.02622705e-07 -3.82781891e-07
99.277 -9.59651923e-08 -5.45847739e-07
99.450  2.48819995e-07 -4.90941737e-07
99.622  4.96265115e-07 -2.49258657e-07
99.794  5.47619852e-07  9.02791684e-08
99.967  3.93663942e-07  3.97708439e-07
100.139  9.28763492e-08  5.49352879e-07
100.311 -2.42118513e-07  4.96831033e-07
100.484 -4.75762289e-07  2.64130666e-07
100.656 -5.25661801e-07 -6.30143051e-08
100.829 -3.80455413e-07 -3.51078762e-07
101.001 -9.27027242e-08 -4.92158532e-07
101.173  2.19160985e-07 -4.41820972e-07
101.346  4.32517608e-07 -2.16826099e-07
101.518  4.74801463e-07  9.02567735e-08
101.690  3.27807914e-07  3.53996087e-07
101.863  5.06657483e-08  4.80675281e-07
102.035 -2.40241874e-07  4.20887031e-07
102.207 -4.38460681e-07  1.96406184e-07
102.380 -4.69398761e-07 -9.62188309e-08
102.552 -3.17296487e-07 -3.47073049e-07
102.724 -5.00817751e-08 -4.64011970e-07
102.897  2.28418902e-07 -3.97114581e-07
103.069  4.17132643e-07 -1.79766833e-07
103.242  4.38450353e-07  9.93577572e-08
103.414  2.88802117e-07  3.39160947e-07
103.586  3.39425819e-08  4.43120434e-07
103.759 -2.33480737e-07  3.72040396e-07
103.931 -4.08113652e-07  1.63017273e-07
104.103 -4.20043802e-07 -1.07178508e-07
104.276 -2.74597394e-07 -3.34681503e-07
104.448 -2.68318739e-08 -4.26782103e-07
104.620  2.30394695e-07 -3.56914713e-07
104.793  3.91586319e-07 -1.54576283e-07
104.965  4.01222618e-07  1.06219112e-07
105.137  2.61629373e-07  3.18150339e-07
105.310  2.24848844e-08  4.02482189e-07
105.482 -2.17709573e-07  3.35061932e-07
105.654 -3.64918013e-07  1.38438148e-07
105.827 -3.71312041e-07 -1.06860733e-07
105.999 -2.32157323e-07 -3.00714671e-07
106.172 -3.18497839e-09 -3.76172448e-07
106.344  2.19019187e-07 -3.03348754e-07
106.516  3.54308095e-07 -1.09141974e-07
106.689  3.51599653e-07  1.22557812e-07
106.861  2.07865223e-07  3.05347490e-07
107.033 -1.36018518e-08  3.72279303e-07
107.206 -2.27707200e-07  2.92179803e-07
107.378 -3.57962602e-07  1.01883019e-07
107.550 -3.49486835e-07 -1.22466280e-07
107.723 -2.09557414e-07 -3.01713299e-07
107.895  1.57155100e-09 -3.63874201e-07
108.067  2.08886978e-07 -2.86786274e-07
108.240  3.31240010e-07 -1.09385952e-07
108.412  3.20303267e-07  1.03538445e-07
108.585  1.90377982e-07  2.69909940e-07
108.757 -8.82805735e-09  3.21122086e-07
108.929 -2.01882113e-07  2.45896651e-07
109.102 -3.07534234e-07  7.54748981e-08
109.274 -2.90323856e-07 -1.27584093e-07
109.446 -1.61127878e-07 -2.77850260e-07
109.619  3.49301262e-08 -3.19239964e-07
109.791  2.16712433e-07 -2.41831561e-07
109.963  3.13001093e-07 -7.05355081e-08
110.136  2.94168579e-07  1.25528918e-07
110.308  1.63981401e-07  2.67037834e-07
110.480 -2.66969917e-08  3.07335140e-07
110.653 -1.98356926e-07  2.29949888e-07
110.825 -2.91484817e-07  6.33844347e-08
110.998 -2.71963110e-07 -1.20610233e-07
111.170 -1.44368393e-07 -2.55014488e-07
111.342  3.43316507e-08 -2.91992464e-07
111.515  1.95633346e-07 -2.13210759e-07
111.687  2.82746847e-07 -5.55482322e-08
111.859  2.57683600e-07  1.17135773e-07
112.032  1.34161385e-07  2.44197134e-07
112.204 -3.43148402e-08  2.72913291e-07
112.376 -1.88276310e-07  1.93237073e-07
112.549 -2.66187306e-07  4.35155093e-08
112.721 -2.36071421e-07 -1.22600019e-07
112.893 -1.17653287e-07 -2.41003627e-07
113.066  4.52469791e-08 -2.61790018e-07
113.238  1.91907684e-07 -1.84289222e-07
113.411  2.60178701e-07 -3.93070463e-08
113.583  2.29150052e-07  1.20968752e-07
113.755  1.14442987e-07  2.28849968e-07
113.928 -4.42482308e-08  2.45307384e-07
114.100 -1.80671630e-07  1.69748356e-07
114.272 -2.41601314e-07  2.68142026e-08
114.445 -2.10428465e-07 -1.25185809e-07
114.617 -9.56451632e-08 -2.24209685e-07
114.789  5.77624448e-08 -2.39107932e-07
114.962  1.85248850e-07 -1.62547247e-07
115.134  2.43845737e-07 -2.24641799e-08
115.306  2.12000366e-07  1.20658564e-07
115.479  9.88631569e-08  2.15841695e-07
115.651 -4.52086492e-08  2.29970710e-07
115.824 -1.65801207e-07  1.53753109e-07
115.996 -2.21618028e-07  2.25811354e-08
116.168 -1.87140870e-07 -1.10600019e-07
116.341 -7.97042560e-08 -2.00027965e-07
116.513  5.39891600e-08 -2.07585289e-07
116.685  1.67435624e-07 -1.31443477e-07
116.858  2.14382752e-07 -7.81318417e-09
117.030  1.74715353e-07  1.19589975e-07
117.202  7.07710829e-08  2.01145330e-07
117.375 -5.97452512e-08  2.01129909e-07
117.547 -1.68480112e-07  1.25818690e-07
117.719 -2.08281794e-07  4.09209931e-09
117.892 -1.68670282e-07 -1.21123608e-07
118.064 -6.74716335e-08 -1.96498150e-07
118.237  6.11910837e-08 -1.95815767e-07
118.409  1.63540957e-07 -1.24438190e-07
118.581  2.00346319e-07 -5.36093140e-09
118.754  1.64105318e-07  1.12707856e-07
118.926  6.55562259e-08  1.81653991e-07
119.098 -5.62993235e-08  1.81792595e-07
119.271 -1.49514969e-07  1.11640896e-07
119.443 -1.83931198e-07 -2.77535865e-09
119.615 -1.46867564e-07 -1.11044624e-07
119.788 -4.97176659e-08 -1.75130078e-07
119.960  6.37307328e-08 -1.72907931e-07
120.132  1.50868844e-07 -1.01098209e-07
120.305  1.82376266e-07  7.42262383e-09
120.477  1.41704154e-07  1.09265808e-07
120.650  4.77668524e-08  1.70467830e-07
120.822 -5.92519360e-08  1.63775752e-07
120.994 -1.43454325e-07  9.26364247e-08
121.167 -1.70237529e-07 -9.79074880e-09
121.339 -1.27759219e-07 -1.08408326e-07
121.511 -3.88942202e-08 -1.65002447e-07
121.684  6.46943934e-08 -1.54252856e-07
121.856  1.44906356e-07 -8.64314623e-08
122.028  1.66142668e-07  1.26235770e-08
122.201  1.25001779e-07  1.08281413e-07
122.373  3.95034361e-08  1.58841261e-07
122.545 -6.19023845e-08  1.47581877e-07
122.718 -1.36046738e-07  8.32679334e-08
122.890 -1.54673796e-07 -1.37161454e-08
123.062 -1.16555596e-07 -1.03250775e-07
123.235 -3.30235491e-08 -1.48570835e-07
123.407  6.27223186e-08 -1.38502283e-07
123.580  1.29315079e-07 -7.51780598e-08
123.752  1.46485582e-07  1.79534685e-08
123.924  1.07717589e-07  9.92648068e-08
124.097  2.51196099e-08  1.41020233e-07
124.269 -6.37237544e-08  1.29122867e-07
124.441 -1.25950811e-07  6.40278778e-08
124.614 -1.41327984e-07 -2.45367290e-08
124.786 -9.95193866e-08 -1.01515215e-07
124.958 -1.94854560e-08 -1.42267716e-07
125.131  6.48276775e-08 -1.27520564e-07
125.303  1.26319187e-07 -6.38024388e-08
125.475  1.39355248e-07  1.93883548e-08
125.648  9.78178471e-08  9.45469793e-08
125.820  2.37825524e-08  1.32632455e-07
125.993 -5.68783567e-08  1.16105202e-07
126.165 -1.14662221e-07  5.73703043e-08
126.337 -1.23045394e-07 -2.12262449e-08
126.510 -8.35010955e-08 -9.23260258e-08
126.682 -1.31851185e-08 -1.23687343e-07
126.854  6.47478895e-08 -1.05708929e-07
127.027  1.15994457e-07 -4.89872904e-08
127.199  1.20882448e-07  2.89719503e-08
127.371  8.24656827e-08  9.54330075e-08
127.544  1.17542691e-08  1.22736688e-07
127.716 -6.33072169e-08  1.05931657e-07
127.888 -1.10048067e-07  4.92404013e-08
128.061 -1.15706242e-07 -2.66733714e-08
128.233 -7.79180391e-08 -8.76694334e-08
128.406 -8.54625677e-09 -1.14103591e-07
128.578  6.04807217e-08 -9.76403501e-08
128.750  1.04279695e-07 -4.08915474e-08
128.923  1.09472111e-07  2.97918547e-08
129.095  6.99837375e-08  8.65273289e-08
129.267  3.93806336e-09  1.12039416e-07
129.440 -6.04270271e-08  9.29620642e-08
129.612 -1.03235058e-07  3.75488360e-08
129.784 -1.05792484e-07 -2.84039087e-08
129.957 -6.60117048e-08 -8.38246648e-08
130.129 -4.59870910e-09 -1.06941063e-07
130.301  5.76586973e-08 -8.60408047e-08
130.474  9.81636575e-08 -3.45534196e-08
130.646  9.73458134e-08  2.85160418e-08
130.819  5.99117140e-08  8.17680906e-08
130.991  1.63689934e-09  1.00319947e-07
131.163 -5.88967118e-08  7.96395810e-08
131.336 -9.44583804e-08  3.09667357e-08
131.508 -9.17688200e-08 -3.10745689e-08
131.680 -5.64668370e-08 -7.99057717e-08
131.853  1.45314081e-09 -9.49574799e-08
132.025  5.87555416e-08 -7.55631119e-08
132.197  8.98541036e-08 -2.68192848e-08
132.370  8.75631506e-08  3.34896430e-08
132.542  5.21379266e-08  7.75993964e-08
132.714 -5.42974787e-09  9.21908673e-08
132.887 -5.82703285e-08  7.29897540e-08
133.059 -8.79662214e-08  2.37051338e-08
133.232 -8.62294850e-08 -3.26164777e-08
133.404 -4.98251529e-08 -7.41018554e-08
133.576  4.43526337e-09 -8.91306652e-08
133.749  5.33297781e-08 -6.85623618e-08
133.921  8.27192991e-08 -2.13754293e-08
134.093  7.90796886e-08  3.02066813e-08
134.266  4.29416584e-08  7.04484346e-08
134.438 -6.79410097e-09  8.31902598e-08
134.610 -5.38158599e-08  6.09061556e-08
134.783 -8.10589739e-08  1.71401041e-08
134.955 -7.42261035e-08 -3.23330624e-08
135.127 -4.00036958e-08 -7.10699405e-08
135.300  7.55731881e-09 -7.99687877e-08
135.472  5.38500869e-08 -5.80873534e-08
135.645  7.73420141e-08 -1.65512198e-08
135.817  6.95457597e-08  3.27365984e-08
135.989  3.75569915e-08  6.82880599e-08
136.162 -9.95489056e-09  7.50322522e-08
136.334 -5.38209233e-08  5.51729951e-08
136.506 -7.41285524e-08  1.39122335e-08
136.679 -6.77184713e-08 -3.37106059e-08
136.851 -3.63267526e-08 -6.52490872e-08
137.023  1.02980387e-08 -7.22149935e-08
137.196  4.97473994e-08 -5.30466582e-08
137.368  6.87983053e-08 -1.17652880e-08
137.540  6.28634436e-08  3.17600061e-08
137.713  3.04852199e-08  6.07107701e-08
137.885 -1.31261570e-08  6.78133693e-08
138.058 -4.91576235e-08  4.69332178e-08
138.230 -6.80542495e-08  7.13194970e-09
138.402 -6.01719555e-08 -3.26954474e-08
138.575 -2.77195507e-08 -6.12121585e-08
138.747  1.23467354e-08 -6.65944801e-08
138.919  4.75444606e-08 -4.43286130e-08
139.092  6.51799274e-08 -7.54262050e-09
139.264  5.49235923e-08  3.09383578e-08
139.436  2.45624673e-08  5.87010419e-08
139.609 -1.36983057e-08  6.11294793e-08
139.781 -4.86323953e-08  3.97461716e-08
139.953 -6.32627297e-08  5.06959275e-09
140.126 -5.26585960e-08 -3.34927576e-08
140.298 -2.45865003e-08 -5.86565179e-08
140.470  1.37346718e-08 -5.96317427e-08
140.643  4.66217642e-08 -4.05075979e-08
140.815  5.87340686e-08 -6.16119722e-09
140.988  4.98401532e-08  3.08508082e-08
141.160  2.24705379e-08  5.24828043e-08
141.332 -1.49268545e-08  5.39394468e-08
141.505 -4.37325588e-08  3.54737025e-08
141.677 -5.48189086e-08  1.04288227e-09
141.849 -4.62455433e-08 -3.22963395e-08
142.022 -1.76539377e-08 -5.18154358e-08
142.194  1.73404210e-08 -5.34610128e-08
142.366  4.36088652e-08 -3.31737320e-08
142.539  5.50928286e-08  2.70877765e-10
142.711  4.49365533e-08  3.09149212e-08
142.883  1.63169169e-08  5.08958395e-08
143.056 -1.57461347e-08  5.15984244e-08
143.228 -4.19455483e-08  3.05604904e-08
143.401 -5.29286975e-08  1.29907397e-10
143.573 -4.12490033e-08 -2.94956109e-08
143.745 -1.51231473e-08 -4.91087446e-08
143.918  1.51053337e-08 -4.75017196e-08
144.090  4.10346723e-08 -2.77833495e-08
144.262  4.92801047e-08  4.51692795e-10
144.435  3.74856139e-08  3.00196081e-08
144.607  1.35285694e-08  4.70585746e-08
144.779 -1.68235138e-08  4.40607717e-08
144.952 -4.08120752e-08  2.62533387e-08
145.124 -4.67217283e-08 -2.06905523e-09
145.296 -3.63655382e-08 -3.05207998e-08
145.469 -1.25693573e-08 -4.46315684e-08
145.641  1.74864171e-08 -4.23410808e-08
145.814  3.83453205e-08 -2.50041981e-08
145.986  4.40301343e-08  3.74740779e-09
146.158  3.43813502e-08  2.93198059e-08
146.331  9.60334905e-09  4.22515462e-08
146.503 -1.82542170e-08  4.07881936e-08
146.675 -3.71460002e-08  2.22048045e-08
146.848 -4.36457618e-08 -5.28920269e-09
147.020 -3.28434212e-08 -2.83489479e-08
147.192 -8.35744864e-09 -4.18683511e-08
147.365  1.66842350e-08 -3.95966100e-08
147.537  3.56253559e-08 -2.04332472e-08
147.709  4.16804464e-08  4.26006865e-09
147.882  2.95077758e-08  2.65968885e-08
148.054  7.33411293e-09  3.99147218e-08
148.227 -1.62578765e-08  3.56059011e-08
148.399 -3.51761633e-08  1.77659083e-08
148.571 -3.88441172e-08 -5.05931316e-09
148.744 -2.67410805e-08 -2.75811516e-08
148.916 -6.50191114e-09 -3.86651845e-08
149.088  1.74540012e-08 -3.32698521e-08
149.261  3.47592742e-08 -1.72024785e-08
149.433  3.65180634e-08  5.96335653e-09
149.605  2.58834101e-08  2.77001135e-08
149.778  5.61373281e-09  3.64094675e-08
149.950 -1.83114596e-08  3.19974353e-08
150.122 -3.30717656e-08  1.63840173e-08
150.295 -3.50933614e-08 -7.29251211e-09
150.467 -2.53533487e-08 -2.65906718e-08
150.640 -4.25473674e-09 -3.46611089e-08
150.812  1.76353443e-08 -3.13626068e-08
150.984  3.08422604e-08 -1.47932220e-08
151.157  3.39023920e-08  7.53746726e-09
151.329  2.32444843e-08  2.45618534e-08
151.501  2.60096013e-09  3.33264511e-08
151.674 -1.66562049e-08  2.92937018e-08
151.846 -3.00291599e-08  1.22371147e-08
152.018 -3.26560495e-08 -7.54209564e-09
152.191 -2.06968644e-08 -2.41304335e-08
152.363 -2.10959043e-09 -3.28291550e-08
152.535  1.61333170e-08 -2.69688166e-08
152.708  2.97853220e-08 -1.11742033e-08
152.880  3.04240661e-08  7.11149140e-09
153.053  1.87767759e-08  2.41932746e-08
153.225  1.98333545e-09  3.10880652e-08
153.397 -1.67735089e-08  2.45708715e-08
153.570 -2.90793930e-08  1.06108979e-08
153.742 -2.82229554e-08 -8.01998747e-09
153.914 -1.81687262e-08 -2.43897284e-08
154.087 -1.36015585e-09 -2.92203912e-08
154.259  1.73451538e-08 -2.38102748e-08
154.431  2.73414506e-08 -1.02729422e-08
154.604  2.68968151e-08  8.83446577e-09
154.776  1.76760778e-08  2.29533152e-08
154.948  5.69023491e-11  2.73399361e-08
155.121 -1.67609566e-08  2.29787339e-08
155.293 -2.54512278e-08  8.46072442e-09
155.466 -2.60161891e-08 -9.43905713e-09
155.638 -1.58125578e-08 -2.16165818e-08
155.810  1.49113114e-09 -2.67940351e-08
155.983  1.60983247e-08 -2.16807730e-08
156.155  2.52474932e-08 -6.61506634e-09
156.327  2.55115797e-08  9.13544311e-09
156.500  1.41352647e-08  2.13020517e-08
156.672 -1.32709294e-09  2.66802827e-08
156.844 -1.53139881e-08  2.00526989e-08
157.017 -2.50186475e-08  6.28812295e-09
157.189 -2.36668825e-08 -8.22402238e-09
157.361 -1.28289543e-08 -2.10778299e-08
157.534  9.55021185e-10 -2.49656577e-08
157.706  1.55603428e-08 -1.79982727e-08
157.878  2.41226567e-08 -6.06095709e-09
158.051  2.16063748e-08  8.83495847e-09
158.223  1.24251122e-08  2.10548810e-08
158.396 -1.38971863e-09  2.31516853e-08
158.568 -1.59316096e-08  1.73695505e-08
158.740 -2.23827921e-08  5.78833485e-09
158.913 -2.03618946e-08 -9.58608650e-09
159.085 -1.18807163e-08 -1.97548482e-08
159.257  2.82416767e-09 -2.15904805e-08
159.430  1.57360952e-08 -1.67777173e-08
159.602  2.12429911e-08 -4.14828651e-09
159.774  2.03468078e-08  1.02342044e-08
159.947  1.09708530e-08  1.89028089e-08
160.119 -3.41928237e-09  2.18030959e-08
160.291 -1.44220811e-08  1.64667481e-08
160.464 -2.06281555e-08  3.52071361e-09
160.636 -1.96128978e-08 -8.77989387e-09
160.809 -9.33901158e-09 -1.75338891e-08
160.981  3.16677400e-09 -2.06402505e-08
161.153  1.35988604e-08 -1.39292239e-08
161.326  2.02718430e-08 -2.27667126e-09
161.498  1.76615101e-08  8.94522822e-09
161.670  7.86668317e-09  1.83859172e-08
161.843 -3.24277141e-09  2.00493753e-08
162.015 -1.44541001e-08  1.30198417e-08
162.187 -2.01412418e-08  2.93149826e-09
162.360 -1.65590797e-08 -8.90999052e-09
162.532 -8.31558291e-09 -1.79242453e-08
162.704  3.01224738e-09 -1.81136829e-08
162.877  1.43126407e-08 -1.23411369e-08
163.049  1.82117752e-08 -2.51101096e-09
163.222  1.53061776e-08  9.86778466e-09
163.394  7.72251805e-09  1.70833341e-08
163.566 -4.49615634e-09  1.72428547e-08
163.739 -1.43405035e-08  1.24299798e-08
163.911 -1.75598356e-08  1.56580822e-09
164.083 -1.58125272e-08 -9.93156689e-09
164.256 -7.35435951e-09 -1.59396612e-08
164.428  4.59797720e-09 -1.72701598e-08
164.600  1.28306904e-08 -1.19787517e-08
164.773  1.69432496e-08 -8.27062588e-10
164.945  1.51717186e-08  8.84208405e-09
165.117  5.94394622e-09  1.51975579e-08
165.290 -4.26544978e-09  1.68841005e-08
165.462 -1.21912687e-08  1.04474040e-08
165.635 -1.69332080e-08  6.14983989e-10
165.807 -1.38398593e-08 -8.15739816e-09
165.979 -5.26578262e-09 -1.53016628e-08
166.152  3.62131852e-09 -1.57575963e-08
166.324  1.23469580e-08 -9.22713517e-09
166.496  1.61970853e-08 -9.32569245e-10
166.669  1.23264439e-08  8.47104600e-09
166.841  5.27148778e-09  1.52188680e-08
167.013 -3.90975793e-09  1.43873068e-08
167.186 -1.27715928e-08  9.12281594e-09
167.358 -1.50669944e-08  9.83677217e-10
167.530 -1.20072542e-08 -9.00641057e-09
167.703 -5.58054337e-09 -1.41962476e-08
167.875  4.46289376e-09 -1.35777789e-08
168.048  1.20062035e-08 -9.32761515e-09
168.220  1.38614329e-08 -2.62919385e-10
168.392  1.20189588e-08  8.84703789e-09
168.565  4.80514154e-09  1.30073809e-08
168.737 -4.92720189e-09  1.35866763e-08
168.909 -1.10371697e-08  8.86394185e-09
169.082 -1.38687536e-08 -4.74080841e-10
169.254 -1.20085767e-08 -7.99373058e-09
169.426 -4.06780501e-09 -1.27395221e-08
169.599  4.14215855e-09 -1.38104342e-08
169.771  1.02952405e-08 -8.13950837e-09
169.943  1.40332222e-08 -8.49418173e-11
170.116  1.12352977e-08  6.82763434e-09
170.288  4.19591903e-09  1.26530172e-08
170.461 -2.76358962e-09  1.29538801e-08
170.633 -9.86744858e-09  7.67286313e-09
170.805 -1.30836554e-08  1.34761875e-09
170.978 -1.00848244e-08 -6.12545794e-09
171.150 -4.96459079e-09 -1.17051372e-08
171.322  1.99758853e-09 -1.12287360e-08
171.495  9.10829012e-09 -7.71791480e-09
171.667  1.10792870e-08 -2.00410095e-09
171.839  9.37563564e-09  5.64806780e-09
172.012  5.41115952e-09  9.68510283e-09
172.184 -1.78673488e-09  9.76224879e-09
172.356 -7.26087889e-09  7.75225042e-09
172.529 -8.88358011e-09  1.85652705e-09
172.701 -8.72651386e-09 -4.27920236e-09
172.874 -4.70463637e-09 -7.04994527e-09
173.046  1.29704786e-09 -8.37599710e-09
173.218  4.72856527e-09 -6.44139540e-09
173.391  6.98296914e-09 -1.25630645e-09
173.563  6.97244379e-09  2.35024877e-09
173.735  3.05993074e-09  4.91290056e-09
173.908 -3.29875846e-10  6.34198696e-09
174.080 -2.64913612e-09  3.86553171e-09
174.252 -4.83086174e-09  9.20231482e-10
174.425 -3.65473401e-09 -7.90587580e-10
174.597 -1.18148294e-09 -2.99199998e-09
174.769 -1.74414774e-10 -2.73257159e-09
174.942  1.43679713e-09 -5.60307142e-10
175.114  1.56751704e-09 -4.45155658e-11
175.286 -6.28614168e-10  6.49307143e-10
175.459 -1.15481456e-09  6.54878526e-10
175.631 -1.00591349e-09 -1.94401165e-09
175.804 -5.61484741e-10 -3.17814900e-09
175.976  2.72359716e-09 -2.70036253e-09
176.148  5.38583569e-09 -1.82964451e-09
176.321  5.45181103e-09  2.16034682e-09
176.493  4.60382721e-09  6.76245326e-09
176.665  2.86252391e-10  8.39924876e-09
176.838 -6.32833775e-09  8.40043316e-09
177.010 -1.04276826e-08  4.56609399e-09
177.182 -1.23053231e-08 -3.53541946e-09
177.355 -1.01143876e-08 -1.05536806e-08
177.527 -1.68693229e-09 -1.52749776e-08
177.699  8.02986191e-09 -1.60504938e-08
177.872  1.62064852e-08 -9.00386967e-09
178.044  2.11707514e-08  2.36914255e-09
178.217  1.75446666e-08  1.39621845e-08
178.389  6.39530400e-09  2.39078366e-08
178.561 -7.67468433e-09  2.57267271e-08
178.734 -2.25976640e-08  1.73446319e-08
178.906 -3.13932583e-08  2.74732333e-09
179.078 -2.85783321e-08 -1.60420607e-08
179.251 -1.62804676e-08 -3.23308441e-08
179.423  4.03314187e-09 -3.75373034e-08
179.595  2.68926259e-08 -3.08324733e-08
179.768  4.15590995e-08 -1.24187501e-08
179.940  4.35801565e-08  1.44544319e-08
180.112  3.11420099e-08  3.84122851e-08
180.285  4.34359667e-09  5.13896368e-08
180.457 -2.67391784e-08  4.89801305e-08
180.630 -5.12600522e-08  2.74400147e-08
180.802 -6.20547011e-08 -6.52762416e-09
180.974 -5.12719226e-08 -4.09402193e-08
181.147 -2.03830415e-08 -6.63186233e-08
181.319  1.97652937e-08 -7.10422402e-08
181.491  5.85287479e-08 -5.00919391e-08
181.664  8.15752687e-08 -1.06359610e-08
181.836  7.70876843e-08  3.73210565e-08
182.008  4.62284528e-08  7.85269629e-08
182.181 -3.87188299e-09  9.52541317e-08
182.353 -5.94386408e-08  8.10822109e-08
182.525 -9.89864367e-08  3.79918569e-08
182.698 -1.08169097e-07 -2.44397820e-08
182.870 -8.19994463e-08 -8.42351746e-08
183.043 -2.32411829e-08 -1.20336516e-07
183.215  4.96241434e-08 -1.19951235e-07
183.387  1.11666258e-07 -7.70388621e-08
183.560  1.42865549e-07 -2.47830021e-09
183.732  1.27546053e-07  7.91416201e-08
183.904  6.55057839e-08  1.42801050e-07
184.077 -2.40184152e-08  1.63958694e-07
184.249 -1.14814080e-07  1.29260122e-07
184.421 -1.76082230e-07  4.76354673e-08
184.594 -1.81319032e-07 -5.84773579e-08
184.766 -1.25256395e-07 -1.56396930e-07
184.938 -2.11939958e-08 -2.08955667e-07
185.111  1.02010491e-07 -1.94848962e-07
185.283  2.01510919e-07 -1.13495155e-07
185.456  2.40952565e-07  1.63074053e-08
185.628  2.02861895e-07  1.53062361e-07
185.800  9.03019045e-08  2.49533712e-07
185.973 -6.47157599e-08  2.71073483e-07
186.145 -2.11219685e-07  2.01114998e-07
186.317 -3.00481633e-07  5.42755689e-08
186.490 -2.95333221e-07 -1.24027115e-07
186.662 -1.86861995e-07 -2.77552782e-07
186.834 -4.91421312e-09 -3.51295124e-07
187.007  1.96214078e-07 -3.09961776e-07
187.179  3.50432656e-07 -1.58906561e-07
187.351  3.97680047e-07  6.05756883e-08
187.524  3.12947316e-07  2.81581932e-07
187.696  1.13738130e-07  4.25902596e-07
187.869 -1.44762095e-07  4.37070468e-07
188.041 -3.77523786e-07  3.00462574e-07
188.213 -5.01415640e-07  4.67113824e-08
188.386 -4.65939408e-07 -2.47109443e-07
188.558 -2.66441791e-07 -4.82065212e-07
188.730  4.40288708e-08 -5.74263030e-07
188.903  3.66695470e-07 -4.77612092e-07
189.075  5.93714119e-07 -2.06576317e-07
189.247  6.38064762e-07  1.59158099e-07
189.420  4.65615408e-07  5.03712945e-07
189.592  1.18142184e-07  7.07503844e-07
189.764 -3.00987455e-07  6.85071552e-07
189.937 -6.55760316e-07  4.25197235e-07
190.109 -8.15789325e-07 -3.34928595e-09
190.282 -7.09062053e-07 -4.70439191e-07
190.454 -3.50074962e-07 -8.16744419e-07
190.626  1.62347468e-07 -9.11736728e-07
190.799  6.64238377e-07 -7.02582526e-07
190.971  9.80271167e-07 -2.32503612e-07
191.143  9.87539801e-07  3.59447036e-07
191.316  6.55270586e-07  8.77732811e-07
191.488  6.73894066e-08  1.13932912e-06
191.660 -5.93095576e-07  1.03150422e-06
191.833 -1.10607659e-06  5.57696476e-07
192.005 -1.28268965e-06 -1.47782316e-07
192.177 -1.03093399e-06 -8.61831715e-07
192.350 -4.02991375e-07 -1.34042233e-06
192.522  4.15729341e-07 -1.39613528e-06
192.694  1.16088882e-06 -9.75008986e-07
192.867  1.56719368e-06 -1.83942332e-07
193.039  1.46598655e-06  7.37097093e-07
193.212  8.52274986e-07  1.47973493e-06
193.384 -1.06272502e-07  1.77168605e-06
193.556 -1.10673551e-06  1.47756383e-06
193.729 -1.80509094e-06  6.49848062e-07
193.901 -1.93783046e-06 -4.69653427e-07
194.073 -1.41311174e-06 -1.51543887e-06
194.246 -3.57848077e-07 -2.12192913e-06
194.418  9.03382144e-07 -2.04518381e-06
194.590  1.95185112e-06 -1.25541442e-06
194.763  2.40999800e-06  2.88296245e-08
194.935  2.07100632e-06  1.40220389e-06
195.107  9.90994654e-07  2.39911825e-06
195.280 -5.12901445e-07  2.64395981e-06
195.452 -1.95580647e-06  1.99429768e-06
195.625 -2.83307824e-06  6.08214297e-07
195.797 -2.79755755e-06 -1.09323188e-06
195.969 -1.79483686e-06 -2.54538800e-06
196.142 -9.74453462e-08 -3.22581130e-06
196.314  1.76030589e-06 -2.84386663e-06
196.486  3.14585079e-06 -1.45219870e-06
196.659  3.54703678e-06  5.43965481e-07
196.831  2.75341422e-06  2.49648136e-06
197.003  9.50351927e-07  3.72793715e-06
197.176 -1.30982615e-06  3.76162473e-06
197.348 -3.27833451e-06  2.49755726e-06
197.520 -4.25553389e-06  2.81332859e-07
197.693 -3.83113752e-06 -2.18717460e-06
197.865 -2.05332561e-06 -4.07426935e-06
198.038  5.56091373e-07 -4.68518953e-06
198.210  3.15458584e-06 -3.71909948e-06
198.382  4.84214105e-06 -1.40328896e-06
198.555  4.97095208e-06  1.55551697e-06
198.727  3.39230178e-06  4.17819320e-06
198.899  5.35777435e-07  5.53269820e-06
199.072 -2.69782387e-06  5.06690612e-06
199.244 -5.21292409e-06  2.82043470e-06
199.416 -6.09280152e-06 -5.49728910e-07
199.589 -4.92632814e-06 -3.94986257e-06
199.761 -1.98088508e-06 -6.20576097e-06
199.933  1.83889664e-06 -6.46434375e-06
200.106  5.26711823e-06 -4.50517660e-06
200.278  7.09471869e-06 -8.64334988e-07
200.451  6.58600571e-06  3.30394251e-06
200.623  3.76882782e-06  6.59287581e-06
200.795 -5.24822631e-07  7.80863742e-06
200.968 -4.90291463e-06  6.40008474e-06
201.140 -7.85601796e-06  2.69451071e-06
201.312 -8.27290509e-06 -2.16774558e-06
201.485 -5.85667786e-06 -6.57576008e-06
201.657 -1.27216274e-06 -8.97458533e-06
201.829  4.02604971e-06 -8.41476022e-06
202.002  8.24504125e-06 -4.91475475e-06
202.174  9.86134650e-06  4.90020200e-07
202.346  8.16467064e-06  6.03942325e-06
202.519  3.54747677e-06  9.82077005e-06
202.691 -2.56026659e-06  1.04254497e-05
202.864 -8.12869127e-06  7.46078460e-06
203.036 -1.12020955e-05  1.74980303e-06
203.208 -1.05754431e-05 -4.88370441e-06
203.381 -6.25775009e-06 -1.01971646e-05
203.553  4.59001437e-07 -1.22785040e-05
203.725  7.38296182e-06 -1.02279873e-05
203.898  1.21298843e-05 -4.53210006e-06
204.070  1.29371044e-05  3.03482568e-06
204.242  9.31553172e-06  9.95553787e-06
204.415  2.28424901e-06  1.37983169e-05
204.587 -5.90445198e-06  1.30715474e-05
204.759 -1.24750507e-05  7.78986994e-06
204.932 -1.50691172e-05 -4.56016900e-07
205.104 -1.25869172e-05 -8.96297023e-06
205.277 -5.62829615e-06 -1.47983293e-05
205.449  3.62331548e-06 -1.58098146e-05
205.621  1.20778585e-05 -1.14059110e-05
205.794  1.67711146e-05 -2.84273355e-06
205.966  1.58943764e-05  7.11678088e-06
206.138  9.47971723e-06  1.50937514e-05
206.311 -5.15994703e-07  1.82324013e-05
206.483 -1.08029040e-05  1.52144026e-05
206.655 -1.78350116e-05  6.79641993e-06
206.828 -1.90244013e-05 -4.35822560e-06
207.000 -1.36907163e-05 -1.45159009e-05
207.172 -3.38423477e-06 -2.01130193e-05
207.345  8.55336605e-06 -1.90057861e-05
207.517  1.80611952e-05 -1.12799313e-05
207.690  2.17391457e-05  6.83917416e-07
207.862  1.80610574e-05  1.29289105e-05
208.034  7.98125870e-06  2.12260966e-05
208.207 -5.28489211e-06  2.25358517e-05
208.379 -1.72770229e-05  1.61090476e-05
208.551 -2.37911412e-05  3.84602414e-06
208.724 -2.23461022e-05 -1.02465163e-05
208.896 -1.31153864e-05 -2.13644049e-05
209.068  1.01754433e-06 -2.55394371e-05
209.241  1.53542529e-05 -2.10473344e-05
209.413  2.49404240e-05 -9.10303927e-06
209.585  2.62704100e-05  6.44630719e-06
209.758  1.85666175e-05  2.03569082e-05
209.930  4.15586597e-06  2.77488310e-05
210.102 -1.22244655e-05  2.58176652e-05
210.275 -2.49747285e-05  1.48898296e-05
210.447 -2.95459300e-05 -1.57948395e-06
210.620 -2.40630270e-05 -1.80868733e-05
210.792 -1.00679842e-05 -2.89153512e-05
210.964  7.89143958e-06 -3.01179549e-05
211.137  2.37303820e-05 -2.09470833e-05
211.309  3.18922946e-05 -4.22488257e-06
211.481  2.92949835e-05  1.45083282e-05
211.654  1.64817367e-05  2.88307851e-05
211.826 -2.44010615e-06  3.36407678e-05
211.998 -2.11111299e-05  2.69670808e-05
212.171 -3.30586280e-05  1.07605927e-05
212.343 -3.39356190e-05 -9.65841825e-06
212.515 -2.31012770e-05 -2.73472228e-05
212.688 -3.96042713e-06 -3.60969272e-05
212.860  1.71019215e-05 -3.26130053e-05
213.033  3.28457320e-05 -1.77513794e-05
213.205  3.76648985e-05  3.66251629e-06
213.377  2.95878709e-05  2.43938337e-05
213.550  1.10613773e-05  3.72402137e-05
213.722 -1.17773565e-05  3.75411919e-05
213.894 -3.11272589e-05  2.48647151e-05
214.067 -4.01947685e-05  3.26765976e-06
214.239 -3.55812775e-05 -1.99903511e-05
214.411 -1.85470208e-05 -3.68907657e-05
214.584  5.30418632e-06 -4.14263783e-05
214.756  2.78663989e-05 -3.17334539e-05
214.928  4.12931875e-05 -1.08434538e-05
215.101  4.07260622e-05  1.42535564e-05
215.273  2.60541367e-05  3.49531842e-05
215.446  2.06347286e-06  4.39877190e-05
215.618 -2.31249551e-05  3.79817216e-05
215.790 -4.08054436e-05  1.87144766e-05
215.963 -4.46997152e-05 -7.39570309e-06
216.135 -3.31954856e-05 -3.14294612e-05
216.307 -9.99673244e-06 -4.50144103e-05
216.480  1.70649658e-05 -4.32530211e-05
216.652  3.86722358e-05 -2.64907194e-05
216.824  4.72401301e-05 -2.86315160e-07
216.997  3.95875396e-05  2.64254175e-05
217.169  1.81135502e-05  4.43868807e-05
217.341 -9.94192812e-06  4.72380827e-05
217.514 -3.49403321e-05  3.37707689e-05
217.686 -4.81682330e-05  8.42960716e-06
217.859 -4.48800255e-05 -2.01489427e-05
218.031 -2.60058371e-05 -4.20901842e-05
218.203  2.09087656e-06 -4.97005766e-05
218.376  2.97642545e-05 -4.01727915e-05
218.548  4.74052609e-05 -1.66292925e-05
218.720  4.87853765e-05  1.28991801e-05
218.893  3.32695846e-05  3.82192863e-05
219.065  6.09549079e-06  5.04993945e-05
219.237 -2.33980524e-05  4.53652107e-05
219.410 -4.49833093e-05  2.44675585e-05
219.582 -5.11040020e-05 -5.04605407e-06
219.754 -3.95356261e-05 -3.29756742e-05
219.927 -1.41957752e-05 -4.96036681e-05
220.099  1.61785096e-05 -4.90934554e-05
220.272  4.10472446e-05 -3.15458678e-05
220.444  5.17420959e-05 -2.99702908e-06
220.616  4.44992873e-05  2.66555653e-05
220.789  2.17929085e-05  4.70981468e-05
220.961 -8.50146974e-06  5.12014841e-05
221.133 -3.58462852e-05  3.75176606e-05
221.306 -5.07207461e-05  1.08045311e-05
221.478 -4.79465079e-05 -1.96290040e-05
221.650 -2.85073061e-05 -4.31779673e-05
221.823  7.92277895e-07 -5.16463173e-05
221.995  2.97153107e-05 -4.21171039e-05
222.167  4.81761141e-05 -1.79715745e-05
222.340  4.97728676e-05  1.23110348e-05
222.512  3.40269425e-05  3.81342795e-05
222.685  6.52807892e-06  5.05036733e-05
222.857 -2.30482809e-05  4.51808276e-05
223.029 -4.43502871e-05  2.41466294e-05
223.202 -4.99926343e-05 -5.12765998e-06
223.374 -3.81325690e-05 -3.23317403e-05
223.546 -1.30780247e-05 -4.79623474e-05
223.719  1.62665861e-05 -4.66607150e-05
223.891  3.95720010e-05 -2.90608500e-05
224.063  4.87367080e-05 -1.51893196e-06
224.236  4.07158632e-05  2.61792395e-05
224.408  1.85468602e-05  4.43077414e-05
224.580 -9.78511416e-06  4.66275546e-05
224.753 -3.42286708e-05  3.25504925e-05
224.925 -4.62409391e-05  7.28283220e-06
225.098 -4.17884996e-05 -2.00953746e-05
225.270 -2.27196591e-05 -3.98967107e-05
225.442  3.97756969e-06 -4.52647394e-05
225.615  2.87323414e-05 -3.45692925e-05
225.787  4.28254519e-05 -1.19025329e-05
225.959  4.14794860e-05  1.44720309e-05
226.132  2.54933788e-05  3.51264689e-05
226.304  8.55345703e-07  4.28510978e-05
226.476 -2.34841008e-05  3.51895663e-05
226.649 -3.88662409e-05  1.52222126e-05
226.821 -4.00210771e-05 -9.64092493e-06
226.993 -2.68836413e-05 -3.04001906e-05
227.166 -4.51101662e-06 -3.97341469e-05
227.338  1.88400838e-05 -3.45930892e-05
227.510  3.47606925e-05 -1.72036079e-05
227.683  3.77253472e-05  5.84650370e-06
227.855  2.70210323e-05  2.60913576e-05
228.028  6.89989219e-06  3.62968139e-05
228.200 -1.50814603e-05  3.30525406e-05
228.372 -3.08908054e-05  1.79260567e-05
228.545 -3.49543370e-05 -3.22721813e-06
228.717 -2.61362349e-05 -2.25103871e-05
228.889 -8.04942078e-06 -3.29218724e-05
229.062  1.23907427e-05 -3.09044622e-05
229.234  2.75885971e-05 -1.75748025e-05
229.406  3.20858855e-05  1.80609398e-06
229.579  2.45348234e-05  1.98776660e-05
229.751  8.09731275e-06  2.99572221e-05
229.923 -1.08377021e-05  2.85154019e-05
230.096 -2.51075807e-05  1.64194340e-05
230.268 -2.94777192e-05 -1.49216665e-06
230.441 -2.25651492e-05 -1.83066401e-05
230.613 -7.27502832e-06 -2.76847697e-05
230.785  1.03771386e-05 -2.62453974e-05
230.958  2.36022284e-05 -1.47854996e-05
231.130  2.74333742e-05  2.09329784e-06
231.302  2.05833955e-05  1.77977174e-05
231.475  5.88226267e-06  2.62952365e-05
231.647 -1.08584929e-05  2.44131008e-05
231.819 -2.31165894e-05  1.30211211e-05
231.992 -2.61741920e-05 -3.33972469e-06
232.164 -1.89188549e-05 -1.82429652e-05
232.336 -4.25410771e-06 -2.58725210e-05
232.509  1.20455962e-05 -2.32665544e-05
232.681  2.35839320e-05 -1.14613754e-05
232.854  2.58211760e-05  4.91483691e-06
233.026  1.78423997e-05  1.94408608e-05
233.198  2.72524734e-06  2.63899161e-05
233.371 -1.36435637e-05  2.29616450e-05
233.543 -2.48379107e-05  1.03942330e-05
233.715 -2.63874481e-05 -6.48909689e-06
233.888 -1.75406161e-05 -2.11202953e-05
234.060 -1.59547968e-06 -2.77180558e-05
234.232  1.53310506e-05 -2.35494645e-05
234.405  2.66345167e-05 -1.00322540e-05
234.577  2.77813354e-05  7.75421304e-06
234.749  1.80992460e-05  2.29721731e-05
234.922  1.10039372e-06  2.96430221e-05
235.094 -1.67951941e-05  2.49746311e-05
235.267 -2.86814777e-05  1.04937900e-05
235.439 -2.98196757e-05 -8.45459327e-06
235.611 -1.94983870e-05 -2.46842853e-05
235.784 -1.38938970e-06 -3.18918895e-05
235.956  1.77652383e-05 -2.70852587e-05
236.128  3.06710594e-05 -1.17946165e-05
236.301  3.22505721e-05  8.41327464e-06
236.473  2.16193179e-05  2.59750055e-05
236.645  2.51246650e-06  3.41638094e-05
236.818 -1.80405321e-05  2.96536097e-05
236.990 -3.23133347e-05  1.38499779e-05
237.162 -3.47837289e-05 -7.54874841e-06
237.335 -2.42612715e-05 -2.66221741e-05
237.507 -4.41774875e-06 -3.61639817e-05
237.680  1.75094232e-05 -3.24041487e-05
237.852  3.33671304e-05 -1.64867710e-05
238.024  3.71242187e-05  5.88030620e-06
238.197  2.71657607e-05  2.64850473e-05
238.369  6.96061526e-06  3.76365406e-05
238.541 -1.61579984e-05  3.50451943e-05
238.714 -3.36656238e-05  1.94652839e-05
238.886 -3.90052099e-05 -3.52192233e-06
239.058 -3.00465705e-05 -2.55176164e-05
239.231 -9.92336761e-06 -3.83918950e-05
239.403  1.40686113e-05 -3.73011640e-05
239.575  3.31329677e-05 -2.25084020e-05
239.748  4.02160937e-05  6.66454811e-07
239.920  3.26226692e-05  2.37714019e-05
240.093  1.30421047e-05  3.83252898e-05
240.265 -1.14084555e-05  3.89427395e-05
240.437 -3.17897525e-05  2.53342272e-05
240.610 -4.06240322e-05  2.43766367e-06
240.782 -3.46501509e-05 -2.13868158e-05
240.954 -1.60372565e-05 -3.74255323e-05
241.127  8.40860950e-06 -3.98118231e-05
241.299  2.97472511e-05 -2.76877212e-05
241.471  4.01870294e-05 -5.51542313e-06
241.644  3.59486840e-05  1.85742112e-05
241.816  1.86447653e-05  3.57737344e-05
241.988 -5.33580718e-06  3.98376397e-05
242.161 -2.71922810e-05  2.93678962e-05
242.333 -3.89566742e-05  8.29709110e-06
242.506 -3.64194346e-05 -1.55879884e-05
242.678 -2.06453008e-05 -3.35323033e-05
242.850  2.46094650e-06 -3.90419508e-05
243.023  2.43647080e-05 -3.02486626e-05
243.195  3.70696892e-05 -1.05490538e-05
243.367  3.60534587e-05  1.26971520e-05
243.540  2.18883277e-05  3.09246015e-05
243.712 -2.86314046e-08  3.75334187e-05
243.884 -2.15293916e-05  3.02914056e-05
244.057 -3.47295359e-05  1.20992211e-05
244.229 -3.49304389e-05 -1.01552065e-05
244.401 -2.23074988e-05 -2.82075793e-05
244.574 -1.76900892e-06 -3.54929136e-05
244.746  1.89453334e-05 -2.95474397e-05
244.918  3.21813193e-05 -1.28541416e-05
245.091  3.32078299e-05  8.17195299e-06
245.263  2.19253692e-05  2.56413366e-05
245.436  2.81227912e-06  3.31516290e-05
245.608 -1.68360113e-05  2.81494891e-05
245.780 -2.96833648e-05  1.28068132e-05
245.953 -3.11009596e-05 -6.89049479e-06
246.125 -2.08476545e-05 -2.34599078e-05
246.297 -3.06577925e-06 -3.07639077e-05
246.470  1.53651576e-05 -2.62936990e-05
246.642  2.74782232e-05 -1.20352128e-05
246.814  2.88564605e-05  6.37272849e-06
246.987  1.92488365e-05  2.18461917e-05
247.159  2.58039784e-06  2.85774091e-05
247.331 -1.46205896e-05  2.42152593e-05
247.504 -2.57655566e-05  1.06914569e-05
247.676 -2.67228747e-05 -6.59527103e-06
247.849 -1.73507974e-05 -2.09129907e-05
248.021 -1.48459835e-06 -2.68046621e-05
248.193  1.46071038e-05 -2.21609579e-05
248.366  2.46803011e-05 -8.98224155e-06
248.538  2.49226864e-05  7.45543574e-06
248.710  1.53964589e-05  2.06919884e-05
248.883 -3.32801016e-08  2.56000941e-05
249.055 -1.52483013e-05  2.03612894e-05
249.227 -2.42791701e-05  7.14300599e-06
249.400 -2.36284340e-05 -8.78545364e-06
249.572 -1.36209836e-05 -2.11323618e-05
249.744  1.74873342e-06 -2.50449227e-05
249.917  1.63975139e-05 -1.90045070e-05
250.089  2.45373260e-05 -5.40959743e-06
250.262  2.29448366e-05  1.03733657e-05
250.434  1.22245931e-05  2.21097579e-05
250.606 -3.42758114e-06  2.51408319e-05
250.779 -1.78570828e-05  1.82160027e-05
250.951 -2.53546724e-05  3.99155450e-06
251.123 -2.28987009e-05 -1.19886169e-05
251.296 -1.13509014e-05 -2.34437894e-05
251.468  4.85274788e-06 -2.58122701e-05
251.640  1.94035002e-05 -1.80459314e-05
251.813  2.65699918e-05 -3.04947835e-06
251.985  2.34382495e-05  1.34097794e-05
252.157  1.10729694e-05  2.49210917e-05
252.330 -5.84895956e-06  2.69175201e-05
252.502 -2.08146422e-05  1.84666952e-05
252.675 -2.79813713e-05  2.67831764e-06
252.847 -2.44423914e-05 -1.44504182e-05
253.019 -1.13878107e-05 -2.63208486e-05
253.192  6.30209946e-06 -2.82677179e-05
253.364  2.18952213e-05 -1.93795983e-05
253.536  2.93710462e-05 -2.89826794e-06
253.709  2.57380581e-05  1.49794123e-05
253.881  1.22192378e-05  2.74404504e-05
254.053 -6.17039123e-06  2.96513165e-05
254.226 -2.24981062e-05  2.06289597e-05
254.398 -3.05320222e-05  3.65489140e-06
254.570 -2.71226272e-05 -1.49336694e-05
254.743 -1.34291296e-05 -2.81188820e-05
254.915  5.48603931e-06 -3.08601958e-05
255.088  2.25398104e-05 -2.20220951e-05
255.260  3.12925753e-05 -4.82872640e-06
255.432  2.83884758e-05  1.43227260e-05
255.605  1.48362109e-05  2.82547486e-05
255.777 -4.34816204e-06  3.17138152e-05
255.949 -2.20085310e-05  2.33534023e-05
256.122 -3.15351735e-05  6.25248412e-06
256.294 -2.93474835e-05 -1.32252997e-05
256.466 -1.62398280e-05 -2.78162116e-05
256.639  2.90868004e-06 -3.20791828e-05
256.811  2.09631981e-05 -2.44298520e-05
256.983  3.12079247e-05 -7.73284271e-06
257.156  2.98530783e-05  1.17777953e-05
257.328  1.74449282e-05  2.68417198e-05
257.501 -1.35275086e-06  3.18850779e-05
257.673 -1.95234873e-05  2.50941005e-05
257.845 -3.03282311e-05  9.07403954e-06
258.018 -2.98168842e-05 -1.01557366e-05
258.190 -1.82848919e-05 -2.54324866e-05
258.362 -1.24552631e-07 -3.11289720e-05
258.535  1.78527511e-05 -2.52419688e-05
258.707  2.89787064e-05 -1.01011902e-05
258.879  2.92173775e-05  8.55069549e-06
259.052  1.86401289e-05  2.37383677e-05
259.224  1.34258701e-06  2.98752296e-05
259.396 -1.61368451e-05  2.48326165e-05
259.569 -2.72954339e-05  1.06809864e-05
259.741 -2.80996949e-05 -7.14643025e-06
259.914 -1.84510190e-05 -2.19386855e-05
260.086 -2.15685890e-06 -2.82447192e-05
260.258  1.45614812e-05 -2.38912197e-05
260.431  2.54495932e-05 -1.07369370e-05
260.603  2.65676308e-05  6.09738236e-06
260.775  1.77236848e-05  2.02196724e-05
260.948  2.47504684e-06  2.63978669e-05
261.120 -1.32901033e-05  2.25042379e-05
261.292 -2.36251017e-05  1.02567388e-05
261.465 -2.47694999e-05 -5.51145453e-06
261.637 -1.65273434e-05 -1.87512795e-05
261.809 -2.26590527e-06 -2.45141025e-05
261.982  1.24445386e-05 -2.08074216e-05
262.154  2.19958696e-05 -9.29116858e-06
262.326  2.28793486e-05  5.43835180e-06
262.499  1.49835256e-05  1.76668478e-05
262.671  1.56097534e-06  2.27701547e-05
262.844 -1.20911588e-05  1.89676459e-05
263.016 -2.07056145e-05  7.94561516e-06
263.188 -2.10751662e-05 -5.86494407e-06
263.361 -1.32492649e-05 -1.70485217e-05
263.533 -4.49210500e-07 -2.13191074e-05
263.705  1.22347728e-05 -1.71612660e-05
263.878  1.98519952e-05 -6.36593040e-06
264.050  1.95168426e-05  6.71875038e-06
264.222  1.14971623e-05  1.69195983e-05
264.395 -9.35254212e-07  2.02724000e-05
264.567 -1.28206307e-05  1.55524915e-05
264.739 -1.94762253e-05  4.72003772e-06
264.912 -1.83272315e-05 -7.87908352e-06
265.084 -9.89462951e-06 -1.72437601e-05
265.257  2.43103676e-06 -1.96873745e-05
265.429  1.37433245e-05 -1.42745105e-05
265.601  1.95595449e-05 -3.17692646e-06
265.774  1.75789749e-05  9.19369599e-06
265.946  8.58412348e-06  1.79310615e-05
266.118 -3.87041722e-06  1.95624002e-05
266.291 -1.48609238e-05  1.34149585e-05
266.463 -2.00275060e-05  1.88576478e-06
266.635 -1.72880717e-05 -1.04980802e-05
266.808 -7.66648550e-06 -1.88503681e-05
266.980  5.09984080e-06 -1.98397324e-05
267.152  1.60129498e-05 -1.30067810e-05
267.325  2.07614419e-05 -9.58344678e-07
267.497  1.74140224e-05  1.16352706e-05
267.670  7.18985346e-06  1.98470264e-05
267.842 -5.99749362e-06  2.04148097e-05
268.014 -1.70405790e-05  1.30257857e-05
268.187 -2.16149117e-05  4.57294209e-07
268.359 -1.78663911e-05 -1.24744312e-05
268.531 -7.14598086e-06 -2.07630130e-05
268.704  6.48651899e-06 -2.11503429e-05
268.876  1.78063681e-05 -1.33956846e-05
269.048  2.24323460e-05 -3.90826440e-07
269.221  1.85174189e-05  1.29261900e-05
269.393  7.47390728e-06  2.14563108e-05
269.565 -6.54293211e-06  2.18938506e-05
269.738 -1.82104362e-05  1.39998488e-05
269.910 -2.30678866e-05  7.13762938e-07
270.083 -1.92193920e-05 -1.29523811e-05
270.255 -8.06960954e-06 -2.18171912e-05
270.427  6.19702168e-06 -2.24970361e-05
270.600  1.82008931e-05 -1.46975071e-05
270.772  2.34027939e-05 -1.33462605e-06
270.944  1.98240032e-05  1.25685809e-05
271.117  8.80000581e-06  2.17801457e-05
271.289 -5.52760265e-06  2.28343486e-05
271.461 -1.77779573e-05  1.53417203e-05
271.634 -2.33594788e-05  2.12838805e-06
271.806 -2.02006042e-05 -1.18396739e-05
271.978 -9.52003180e-06 -2.13306095e-05
272.151  4.65002192e-06 -2.28178095e-05
272.323  1.69920948e-05 -1.57972520e-05
272.496  2.29099272e-05 -2.95350015e-06
272.668  2.02512082e-05  1.08698966e-05
272.840  1.00911700e-05  2.05053630e-05
273.013 -3.70024719e-06  2.24061202e-05
273.185 -1.59364462e-05  1.59568065e-05
273.357 -2.20771472e-05  3.67044324e-06
273.530 -1.99211729e-05 -9.78895518e-06
273.702 -1.03988508e-05 -1.93861341e-05
273.874  2.81758401e-06 -2.16076978e-05
274.047  1.47339867e-05 -1.57537787e-05
274.219  2.09300300e-05 -4.15885752e-06
274.391  1.92047744e-05  8.73543889e-06
274.564  1.03659450e-05  1.80874222e-05
274.736 -2.12777781e-06  2.04780332e-05
274.909 -1.35208796e-05  1.51694092e-05
275.081 -1.95731458e-05  4.33129111e-06
275.253 -1.81446670e-05 -7.83915299e-06
275.426 -9.96060124e-06 -1.67409173e-05
275.598  1.72793142e-06 -1.91116913e-05
275.770  1.24287558e-05 -1.42332016e-05
275.943  1.81330244e-05 -4.14267348e-06
276.115  1.68248956e-05  7.20487432e-06
276.287  9.19825688e-06  1.54789311e-05
276.460 -1.67500890e-06  1.76294337e-05
276.632 -1.15687072e-05  1.30171476e-05
276.804 -1.67420927e-05  3.59479005e-06
276.977 -1.53586032e-05 -6.90016503e-06
277.149 -8.13827964e-06 -1.44184765e-05
277.322  1.97989765e-06 -1.61620005e-05
277.494  1.10187615e-05 -1.16253363e-05
277.666  1.55218839e-05 -2.73486395e-06
277.839  1.38728261e-05  6.94874910e-06
278.011  6.87559932e-06  1.36473223e-05
278.183 -2.60795409e-06  1.48332402e-05
278.356 -1.08155772e-05  1.01804417e-05
278.528 -1.45679461e-05  1.64804330e-06
278.700 -1.24926610e-05 -7.32946811e-06
278.873 -5.52784888e-06 -1.32137227e-05
279.045  3.48534657e-06 -1.37452244e-05
279.217  1.09510153e-05 -8.80821929e-06
279.390  1.39389304e-05 -4.45060287e-07
279.562  1.13263268e-05  7.98028887e-06
279.734  4.21962126e-06  1.31216401e-05
279.907 -4.50956764e-06  1.29669158e-05
280.079 -1.13743697e-05  7.62160545e-06
280.252 -1.36511254e-05 -7.52556059e-07
280.424 -1.04523372e-05 -8.80698098e-06
280.596 -3.06646680e-06 -1.33321866e-05
280.769  5.56269802e-06 -1.25269853e-05
280.941  1.20003388e-05 -6.70676998e-06
281.113  1.36783167e-05  1.82755385e-06
281.286  9.91041994e-06  9.69590254e-06
281.458  2.16112191e-06  1.37704638e-05
281.630 -6.52632105e-06  1.24113745e-05
281.803 -1.27213528e-05  6.11344101e-06
281.975 -1.39563786e-05 -2.68092113e-06
282.147 -9.69784338e-06 -1.05292313e-05
282.320 -1.56333252e-06 -1.43361409e-05
282.492  7.29652613e-06 -1.25662753e-05
282.665  1.34219054e-05 -5.85054049e-06
282.837  1.43922053e-05  3.24361603e-06
283.009  9.77168613e-06  1.12000848e-05
283.182  1.29374831e-06  1.49164291e-05
283.354 -7.79672522e-06  1.29064916e-05
283.526 -1.39928538e-05  5.88687999e-06
283.699 -1.48763702e-05 -3.48449940e-06
283.871 -1.00561005e-05 -1.16251953e-05
284.043 -1.33241128e-06 -1.54003839e-05
284.216  7.98613852e-06 -1.33276962e-05
284.388  1.43444182e-05 -6.15627177e-06
284.560  1.52978140e-05  3.41296898e-06
284.733  1.04529047e-05  1.17539726e-05
284.905  1.62242139e-06  1.56930109e-05
285.078 -7.86311937e-06  1.37202725e-05
285.250 -1.44168426e-05  6.56665688e-06
285.422 -1.55580741e-05 -3.07593284e-06
285.595 -1.08542276e-05 -1.15735876e-05
285.767 -2.07861799e-06 -1.57269727e-05
285.939  7.46369467e-06 -1.39828310e-05
286.112  1.41872304e-05 -7.01258694e-06
286.284  1.55828875e-05  2.55019516e-06
286.456  1.11561820e-05  1.11096237e-05
286.629  2.59970974e-06  1.54699375e-05
286.801 -6.85600016e-06  1.40342632e-05
286.973 -1.36712047e-05  7.38934135e-06
287.146 -1.53301860e-05 -1.93190395e-06
287.318 -1.12720738e-05 -1.04217940e-05
287.491 -3.08159457e-06 -1.49269314e-05
287.663  6.13101570e-06 -1.38233650e-05
287.835  1.29192028e-05 -7.60625990e-06
288.008  1.47942175e-05  1.32427379e-06
288.180  1.11430263e-05  9.59501147e-06
288.352  3.43008572e-06  1.41381889e-05
288.525 -5.39030949e-06  1.33346285e-05
288.697 -1.20085826e-05  7.59730189e-06
288.869 -1.40054030e-05 -8.24558512e-07
289.042 -1.07442451e-05 -8.72744140e-06
289.214 -3.57203679e-06 -1.31732025e-05
289.386  4.73252254e-06 -1.25889971e-05
289.559  1.10331669e-05 -7.32802029e-06
289.731  1.30255100e-05  5.11737634e-07
289.904  1.00864668e-05  7.91773705e-06
290.076  3.46396229e-06  1.21213814e-05
290.248 -4.24093393e-06  1.16395588e-05
290.421 -1.00913687e-05  6.79878042e-06
290.593 -1.19385431e-05 -4.36944309e-07
290.765 -9.21319236e-06 -7.25310726e-06
290.938 -3.09683855e-06 -1.10800695e-05
291.110  3.97391903e-06 -1.05634438e-05
291.282  9.27382736e-06 -6.04388920e-06
291.455  1.08390331e-05  6.18232667e-07
291.627  8.19441622e-06  6.79910375e-06
291.799  2.49602182e-06  1.01416586e-05
291.972 -3.95894872e-06  9.45151656e-06
292.144 -8.65198507e-06  5.12629327e-06
292.317 -9.81985596e-06 -1.03996425e-06
292.489 -7.11726538e-06 -6.59196818e-06
292.661 -1.71641381e-06 -9.38205109e-06
292.834  4.19021581e-06 -8.39693693e-06
293.006  8.26953890e-06 -4.12835538e-06
293.178  8.96109670e-06  1.65612363e-06
293.351  6.07433398e-06  6.63477065e-06
293.523  8.34216031e-07  8.85210632e-06
293.695 -4.63016987e-06  7.48347196e-06
293.868 -8.13818588e-06  3.14042890e-06
294.040 -8.32072863e-06 -2.39684788e-06
294.212 -5.15144788e-06 -6.89826194e-06
294.385  6.31833903e-08 -8.57256520e-06
294.557  5.21522920e-06 -6.77495430e-06
294.730  8.23777888e-06 -2.24928300e-06
294.902  7.92789113e-06  3.17775636e-06
295.074  4.41701808e-06  7.32616469e-06
295.247 -8.88186660e-07  8.53246334e-06
295.419 -5.86505761e-06  6.30772425e-06
295.591 -8.52012417e-06  1.52775771e-06
295.764 -7.77991296e-06 -3.91126186e-06
295.936 -3.91444139e-06 -7.84350217e-06
296.108  1.56399283e-06 -8.69126798e-06
296.281  6.49366331e-06 -6.08729637e-06
296.453  8.91571294e-06 -1.02630989e-06
296.625  7.84386912e-06  4.51814011e-06
296.798  3.65789874e-06  8.36647601e-06
296.970 -2.03427154e-06  8.98493699e-06
297.142 -7.02035139e-06  6.08921799e-06
297.315 -9.34297253e-06  7.67180847e-07
297.487 -8.06225945e-06 -4.93729775e-06
297.660 -3.63149577e-06 -8.81296062e-06
297.832  2.26976998e-06 -9.33519226e-06
298.004  7.37928786e-06 -6.26328331e-06
298.177  9.71919154e-06 -7.42247605e-07
298.349  8.36136331e-06  5.13245668e-06
298.521  3.79193924e-06  9.11282636e-06
298.694 -2.27078399e-06  9.66025421e-06
298.866 -7.52711612e-06  6.54041110e-06
299.038 -9.97141224e-06  9.15216264e-07
299.211 -8.66084375e-06 -5.09553629e-06
299.383 -4.07487938e-06 -9.21676464e-06
299.555  2.06566654e-06 -9.88516023e-06
299.728  7.44794545e-06 -6.84177206e-06
299.900  1.00453385e-05 -1.22761835e-06
300.073  8.88374280e-06  4.84684818e-06
300.245  4.40412570e-06  9.10198784e-06
300.417 -1.70626200e-06  9.95056317e-06
300.590 -7.15473101e-06  7.08929969e-06
300.762 -9.91114743e-06  1.60713703e-06
300.934 -8.96612364e-06 -4.43194256e-06
301.107 -4.70198300e-06 -8.77389895e-06
301.279  1.26093648e-06 -9.81954182e-06
301.451  6.68651205e-06 -7.21589834e-06
301.624  9.56610806e-06 -1.97690251e-06
301.796  8.86506841e-06  3.91504464e-06
301.968  4.89892724e-06  8.26403593e-06
302.141 -8.05617185e-07  9.48179205e-06
302.313 -6.10216539e-06  7.17351124e-06
302.486 -9.03417236e-06  2.26497356e-06
302.658 -8.56351567e-06 -3.36994861e-06
302.830 -4.94165461e-06 -7.62521746e-06
303.003  4.13722371e-07 -8.95429679e-06
303.175  5.47215992e-06 -6.93810269e-06
303.347  8.36240608e-06 -2.41330206e-06
303.520  8.07118951e-06  2.87011166e-06
303.692  4.79911864e-06  6.92453331e-06
303.864 -1.46642373e-07  8.27806324e-06
304.037 -4.86960220e-06  6.51156805e-06
304.209 -7.61426353e-06  2.38492726e-06
304.381 -7.42204675e-06 -2.47962564e-06
304.554 -4.46597067e-06 -6.23458967e-06
304.726  4.64884825e-08 -7.51168963e-06
304.899  4.36127936e-06 -5.92078069e-06
305.071  6.86063843e-06 -2.16799550e-06
305.243  6.66919256e-06  2.24589914e-06
305.416  3.96257657e-06  5.62390240e-06
305.588 -1.31897443e-07  6.72324764e-06
305.760 -3.99936644e-06  5.21366461e-06
305.933 -6.17041511e-06  1.77600806e-06
306.105 -5.87787863e-06 -2.19436030e-06
306.277 -3.33131690e-06 -5.14806797e-06
306.450  3.96775421e-07 -5.98169595e-06
306.622  3.81500982e-06 -4.45236259e-06
306.794  5.60208773e-06 -1.24483439e-06
306.967  5.11698779e-06  2.32572105e-06
307.139  2.63002491e-06  4.84330343e-06
307.312 -8.11740240e-07  5.34845372e-06
307.484 -3.81508052e-06  3.70448524e-06
307.656 -5.19715271e-06  6.27451183e-07
307.829 -4.44990882e-06 -2.61655891e-06
308.001 -1.92403905e-06 -4.72299431e-06
308.173  1.32835209e-06 -4.86977111e-06
308.346  3.98254894e-06 -3.03414151e-06
308.518  4.97551638e-06  1.30085378e-08
308.690  3.92639316e-06  3.02339227e-06
308.863  1.27800561e-06  4.77703795e-06
309.035 -1.88600170e-06  4.57106081e-06
309.207 -4.27984508e-06  2.49419988e-06
309.380 -4.93341673e-06 -6.11503192e-07
309.552 -3.57685645e-06 -3.48931755e-06
309.725 -7.47984450e-07 -4.97372129e-06
309.897  2.42042651e-06 -4.45437786e-06
310.069  4.65424580e-06 -2.12036664e-06
310.242  5.04454929e-06  1.10971360e-06
310.414  3.40962344e-06  3.95174997e-06
310.586  3.74468508e-07  5.26420299e-06
310.759 -2.87218571e-06  4.49935827e-06
310.931 -5.04473707e-06  1.92726022e-06
311.103 -5.26445931e-06 -1.46350992e-06
311.276 -3.41081752e-06 -4.35021600e-06
311.448 -1.77432215e-07 -5.58941204e-06
311.620  3.19376581e-06 -4.66689509e-06
311.793  5.38996929e-06 -1.90694411e-06
311.965  5.53720352e-06  1.64791998e-06
312.138  3.54662105e-06  4.63371649e-06
312.310  1.54489320e-07  5.88829543e-06
312.482 -3.35484413e-06  4.90460373e-06
312.655 -5.63638496e-06  2.03054102e-06
312.827 -5.80285099e-06 -1.65923601e-06
312.999 -3.76795861e-06 -4.76707587e-06
313.172 -2.82336692e-07 -6.10578808e-06
313.344  3.34558755e-06 -5.15356107e-06
313.516  5.74502237e-06 -2.25288579e-06
313.689  6.00485856e-06  1.51463169e-06
313.861  4.01736284e-06  4.73521005e-06
314.033  5.20690656e-07  6.19929704e-06
314.206 -3.17755526e-06  5.35594638e-06
314.378 -5.69578736e-06  2.51916390e-06
314.550 -6.09690676e-06 -1.24957090e-06
314.723 -4.23692356e-06 -4.54433974e-06
314.895 -8.17784753e-07 -6.14333618e-06
315.068  2.88165071e-06 -5.46265997e-06
315.240  5.48896041e-06 -2.77214288e-06
315.412  6.04863701e-06  9.12971171e-07
315.585  4.37574506e-06  4.22009875e-06
315.757  1.11695444e-06  5.93223757e-06
315.929 -2.50326199e-06  5.43947864e-06
316.102 -5.14437176e-06  2.95912165e-06
316.274 -5.84927000e-06 -5.60410737e-07
316.446 -4.39582324e-06 -3.80339024e-06
316.619 -1.36394482e-06 -5.58053608e-06
316.791  2.09569036e-06 -5.27066580e-06
316.963  4.69852775e-06 -3.03824534e-06
317.136  5.50823823e-06  2.46504209e-07
317.308  4.27608115e-06  3.34489795e-06
317.481  1.51401672e-06  5.12053906e-06
317.653 -1.71321425e-06  4.95992599e-06
317.825 -4.19966587e-06  2.98365037e-06
317.998 -5.05290147e-06 -1.79629280e-08
318.170 -4.01453221e-06 -2.89868445e-06
318.342 -1.53747111e-06 -4.59731137e-06
318.515  1.40457212e-06 -4.52918779e-06
318.687  3.70107151e-06 -2.78846837e-06
318.859  4.52424519e-06 -9.16922572e-08
319.032  3.62819166e-06  2.51523163e-06
319.204  1.42263349e-06  4.06221038e-06
319.376 -1.20715974e-06  4.01549342e-06
319.549 -3.25379999e-06  2.46492530e-06
319.721 -3.97143777e-06  6.55983095e-08
319.894 -3.15031284e-06 -2.23484696e-06
320.066 -1.17630214e-06 -3.56626620e-06
320.238  1.14245544e-06 -3.46598594e-06
320.411  2.90025527e-06 -2.04171593e-06
320.583  3.44563556e-06  9.47967917e-08
320.755  2.62526403e-06  2.08275096e-06
320.928  8.22185724e-07  3.15409934e-06
321.100 -1.21359580e-06  2.93136823e-06
321.272 -2.66947359e-06  1.55959048e-06
321.445 -2.99338339e-06 -3.70252134e-07
321.617 -2.10220519e-06 -2.06668151e-06
321.789 -3.97599047e-07 -2.85861854e-06
321.962  1.40576283e-06 -2.45898908e-06
322.134  2.57419196e-06 -1.06599069e-06
322.307  2.65052930e-06  7.26783831e-07
322.479  1.62880084e-06  2.17690586e-06
322.651 -5.15805788e-08  2.69699247e-06
322.824 -1.68910060e-06  2.08693662e-06
322.996 -2.60966651e-06  6.09081676e-07
323.168 -2.43790177e-06 -1.12085310e-06
323.341 -1.24557127e-06 -2.38808351e-06
323.513  4.77283220e-07 -2.66876906e-06
323.685  2.02319808e-06 -1.83987113e-06
323.858  2.75457765e-06 -2.31520438e-07
324.030  2.35946479e-06  1.50551614e-06
324.202  9.81076739e-07  2.66272367e-06
324.375 -8.35782794e-07  2.75670233e-06
324.547 -2.36234437e-06  1.72659567e-06
324.720 -2.97432084e-06 -3.51278149e-08
324.892 -2.40274414e-06 -1.83636652e-06
325.064 -8.48409878e-07 -2.95622560e-06
325.237  1.09309586e-06 -2.92991211e-06
325.409  2.66125398e-06 -1.73930744e-06
325.581  3.22621918e-06  1.74147299e-07
325.754  2.54094771e-06  2.07675454e-06
325.926  8.43822014e-07  3.22305216e-06
326.098 -1.22862373e-06  3.14839700e-06
326.271 -2.88092497e-06  1.85484858e-06
326.443 -3.46547225e-06 -1.85004557e-07
326.615 -2.73653816e-06 -2.20213284e-06
326.788 -9.47943882e-07 -3.42287851e-06
326.960  1.23711344e-06 -3.36815443e-06
327.133  2.99373042e-06 -2.03819437e-06
327.305  3.65074415e-06  8.25526116e-08
327.477  2.94623816e-06  2.20306983e-06
327.650  1.12914214e-06  3.52549259e-06
327.822 -1.12901179e-06  3.54664917e-06
327.994 -2.98663691e-06  2.24765228e-06
328.167 -3.74896043e-06  1.05305024e-07
328.339 -3.12698522e-06 -2.08615360e-06
328.511 -1.34802614e-06 -3.51393781e-06
328.684  9.28909071e-07 -3.64829585e-06
328.856  2.86206467e-06 -2.44058572e-06
329.028  3.73920109e-06 -3.41267234e-07
329.201  3.24168572e-06  1.87242164e-06
329.373  1.56240973e-06  3.38603963e-06
329.546 -6.71894129e-07  3.64906934e-06
329.718 -2.63676498e-06  2.57864167e-06
329.890 -3.61524659e-06  5.83576415e-07
330.063 -3.26362862e-06 -1.59385086e-06
330.235 -1.73251191e-06 -3.15440144e-06
330.407  3.98403762e-07 -3.53921098e-06
330.580  2.33930757e-06 -2.63213342e-06
330.752  3.38604858e-06 -7.91735379e-07
330.924  3.17915516e-06  1.28889023e-06
331.097  1.82606337e-06  2.84458158e-06
331.269 -1.48744555e-07  3.32365468e-06
331.441 -2.00637985e-06  2.58350008e-06
331.614 -3.07385282e-06  9.31862671e-07
331.786 -2.98878462e-06 -9.97676637e-07
331.958 -1.82244921e-06 -2.49132926e-06
332.131 -4.17712506e-08 -3.02061843e-06
332.303  1.67793523e-06 -2.42941199e-06
332.476  2.71057551e-06 -9.80633345e-07
332.648  2.70688690e-06  7.57110472e-07
332.820  1.71493003e-06  2.13351383e-06
332.993  1.46805000e-07  2.65895119e-06
333.165 -1.39173058e-06  2.18084381e-06
333.337 -2.33340526e-06  9.27502802e-07
333.510 -2.35962938e-06 -5.96122674e-07
333.682 -1.51067244e-06 -1.80890898e-06
333.854 -1.52037390e-07 -2.27441347e-06
334.027  1.17837013e-06 -1.86093156e-06
334.199  1.98021245e-06 -7.75464653e-07
334.371  1.98112850e-06  5.31984954e-07
334.544  1.22909328e-06  1.54969192e-06
334.716  5.68604221e-08  1.90493724e-06
334.889 -1.05782190e-06  1.50127223e-06
335.061 -1.68490623e-06  5.40433731e-07
335.233 -1.60848660e-06 -5.68545279e-07
335.406 -8.99099406e-07 -1.37885504e-06
335.578  1.25912184e-07 -1.58543057e-06
335.750  1.03761173e-06 -1.13762089e-06
335.923  1.47307082e-06 -2.48996729e-07
336.095  1.27685179e-06  6.96555971e-07
336.267  5.55375673e-07  1.30755324e-06
336.440 -3.72415088e-07  1.34321900e-06
336.612 -1.11240104e-06  8.05506570e-07
336.784 -1.35871214e-06 -6.54879399e-08
336.957 -1.01527778e-06 -8.95539325e-07
337.129 -2.33776287e-07 -1.33379796e-06
337.302  6.51473956e-07 -1.19500112e-06
337.474  1.26486083e-06 -5.35873652e-07
337.646  1.34292065e-06  3.67720969e-07
337.819  8.43511716e-07  1.13662416e-06
337.991 -3.35936282e-08  1.44307514e-06
338.163 -9.28790338e-07  1.14543194e-06
338.336 -1.46808483e-06  3.51080564e-07
338.508 -1.41452146e-06 -6.25116687e-07
338.680 -7.69713475e-07 -1.38622661e-06
338.853  2.22543471e-07 -1.61090525e-06
339.025  1.17110892e-06 -1.18700472e-06
339.197  1.68951115e-06 -2.62065382e-07
339.370  1.55211426e-06  8.11587413e-07
339.542  7.89508048e-07  1.61051017e-06
339.715 -3.19421734e-07  1.80659600e-06
339.887 -1.35029097e-06  1.30115024e-06
340.059 -1.89559874e-06  2.67406036e-07
340.232 -1.72695738e-06 -9.10395220e-07
340.404 -8.86898067e-07 -1.78001948e-06
340.576  3.22172304e-07 -1.99728916e-06
340.749  1.44696137e-06 -1.46078328e-06
340.921  2.05618872e-06 -3.54256700e-07
341.093  1.90659589e-06  9.16082675e-07
341.266  1.03697831e-06  1.87345909e-06
341.438 -2.40179408e-07  2.15190283e-06
341.610 -1.45294284e-06  1.63421738e-06
341.783 -2.14793994e-06  5.00528283e-07
341.955 -2.05915782e-06 -8.35089211e-07
342.128 -1.20966881e-06 -1.87991855e-06
342.300  9.29731675e-08 -2.24492067e-06
342.472  1.37182817e-06 -1.78966754e-06
342.645  2.15683699e-06 -6.77793374e-07
342.817  2.15769795e-06  6.84577065e-07
342.989  1.37360605e-06  1.79959740e-06
343.162  9.24209388e-08  2.25969410e-06
343.334 -1.21779259e-06  1.89931342e-06
343.506 -2.07979321e-06  8.54842305e-07
343.679 -2.18359826e-06 -4.89596055e-07
343.851 -1.49985458e-06 -1.64340686e-06
344.023 -2.85364373e-07 -2.19049631e-06
344.196  1.01330426e-06 -1.94239497e-06
344.368  1.92496273e-06 -1.00180300e-06
344.541  2.12841520e-06  2.79396847e-07
344.713  1.56541492e-06  1.43150867e-06
344.885  4.55917900e-07  2.04275646e-06
345.058 -7.86222526e-07  1.90739443e-06
345.230 -1.71033649e-06  1.09419160e-06
345.402 -1.99430181e-06 -8.37100107e-08
345.575 -1.55619172e-06 -1.19058745e-06
345.747 -5.78604206e-07 -1.83165444e-06
345.919  5.66330633e-07 -1.79333368e-06
346.092  1.46081791e-06 -1.11594498e-06
346.264  1.79339522e-06 -7.07317179e-08
346.436  1.46868823e-06  9.50024038e-07
346.609  6.35174769e-07  1.57975184e-06
346.781 -3.81402322e-07  1.60980859e-06
346.954 -1.20460634e-06  1.06091287e-06
347.126 -1.54621531e-06  1.63425012e-07
347.298 -1.30993201e-06 -7.37786853e-07
347.471 -6.16484236e-07 -1.31411440e-06
347.643  2.53444777e-07 -1.37538519e-06
347.815  9.69657710e-07 -9.33005408e-07
347.988  1.27888447e-06 -1.82742296e-07
348.160  1.09588404e-06  5.76969250e-07
348.332  5.23504568e-07  1.06294764e-06
348.505 -1.96021808e-07  1.11461538e-06
348.677 -7.80441412e-07  7.45393813e-07
348.849 -1.01937709e-06  1.27288022e-07
349.022 -8.49016998e-07 -4.83338661e-07
349.194 -3.67107346e-07 -8.51857323e-07
349.366  2.13093351e-07 -8.54511276e-07
349.539  6.54978110e-07 -5.18793574e-07
349.711  7.93624791e-07 -5.54494856e-09
349.884  5.95480429e-07  4.63750333e-07
350.056  1.66288684e-07  7.00383928e-07
350.228 -2.99114869e-07  6.21195835e-07
350.401 -6.02501803e-07  2.78653906e-07
350.573 -6.22350561e-07 -1.65872148e-07
350.745 -3.61850500e-07 -5.15394575e-07
350.918  5.48484035e-08 -6.19667717e-07
351.090  4.39997556e-07 -4.36892555e-07
351.262  6.22420119e-07 -5.15007715e-08
351.435  5.18919787e-07  3.64666565e-07
351.607  1.71589516e-07  6.26241582e-07
351.779 -2.70511074e-07  6.11596032e-07
351.952 -6.14918054e-07  3.17224686e-07
352.124 -7.04919105e-07 -1.38736186e-07
352.297 -4.88022411e-07 -5.65636065e-07
352.469 -4.18681934e-08 -7.76960997e-07
352.641  4.56370199e-07 -6.69122886e-07
352.814  7.99139313e-07 -2.69171382e-07
352.986  8.32836703e-07  2.73597953e-07
353.158  5.25160238e-07  7.43799715e-07
353.331 -1.84424494e-08  9.43948681e-07
353.503 -5.92341220e-07  7.77366095e-07
353.675 -9.67558731e-07  2.90323183e-07
353.848 -9.84119350e-07 -3.41958405e-07
354.020 -6.17295478e-07 -8.77736054e-07
354.192  9.33939191e-09 -1.10262007e-06
354.365  6.65032495e-07 -9.15489166e-07
354.537  1.09815407e-06 -3.69710821e-07
354.710  1.13452640e-06  3.41092692e-07
354.882  7.44889624e-07  9.52477845e-07
355.054  6.08267721e-08  1.23036407e-06
355.227 -6.69509114e-07  1.05951451e-06
355.399 -1.17457263e-06  4.89779487e-07
355.571 -1.26062606e-06 -2.76970350e-07
355.744 -8.84917410e-07 -9.61208767e-07
355.916 -1.76563660e-07 -1.30909883e-06
356.088  6.09763313e-07 -1.18574934e-06
356.261  1.18772211e-06 -6.28832516e-07
356.433  1.34292899e-06  1.63425067e-07
356.605  1.01402349e-06  9.05570217e-07
356.778  3.17172517e-07  1.32747687e-06
356.950 -4.97687209e-07  1.27400052e-06
357.123 -1.13660797e-06  7.63652101e-07
357.295 -1.36850587e-06 -2.00198799e-08
357.467 -1.11127436e-06 -7.94975829e-07
357.640 -4.59537197e-07 -1.28238269e-06
357.812  3.51022271e-07 -1.30988600e-06
357.984  1.02842605e-06 -8.72358098e-07
358.157  1.33238795e-06 -1.30933789e-07
358.329  1.16049413e-06  6.45305590e-07
358.501  5.81416144e-07  1.17914941e-06
358.674 -1.90946082e-07  1.28616949e-06
358.846 -8.77571706e-07  9.37335802e-07
359.018 -1.23763471e-06  2.67385147e-07
359.191 -1.15223564e-06 -4.76934031e-07
359.363 -6.64423499e-07 -1.03035771e-06
359.536  3.95453917e-08 -1.20338452e-06
359.708  7.03430979e-07 -9.47582428e-07
359.880  1.09449978e-06 -3.70092746e-07
360.053  1.08502571e-06  3.11980612e-07
360.225  6.96070962e-07  8.53731672e-07
360.397  8.29002008e-08  1.06974500e-06
360.570 -5.27451194e-07  8.99827550e-07
360.742 -9.19050070e-07  4.24746105e-07
360.914 -9.65347912e-07 -1.71162237e-07
361.087 -6.70861720e-07 -6.69772163e-07
361.259 -1.60639839e-07 -9.00013718e-07
361.431  3.70289227e-07 -7.98383118e-07
361.604  7.31173878e-07 -4.23712230e-07
361.776  8.06291559e-07  7.10470378e-08
361.949  5.90718540e-07  4.99332473e-07
362.121  1.84533997e-07  7.13240768e-07
362.293 -2.49465662e-07  6.54182802e-07
362.466 -5.51884561e-07  3.67042589e-07
362.638 -6.25415788e-07 -2.22729554e-08
362.810 -4.64730425e-07 -3.61048578e-07
362.983 -1.52911025e-07 -5.29902656e-07
363.155  1.77451012e-07 -4.83344326e-07
363.327  4.00326713e-07 -2.62242230e-07
363.500  4.42443916e-07  2.86787621e-08
363.672  3.07900228e-07  2.68823301e-07
363.844  7.12216217e-08  3.69216006e-07
364.017 -1.60133491e-07  3.05172721e-07
364.189 -2.91264765e-07  1.22792292e-07
364.362 -2.76949650e-07 -8.70542038e-08
364.534 -1.38850619e-07 -2.29999075e-07
364.706  4.90271447e-08 -2.46993097e-07
364.879  1.96035494e-07 -1.39530505e-07
365.051  2.33551347e-07  3.39969087e-08
365.223  1.45936865e-07  1.87539247e-07
365.396 -2.29522992e-08  2.44748011e-07
365.568 -1.91748617e-07  1.73928223e-07
365.740 -2.76737627e-07  4.00510117e-09
365.913 -2.29466746e-07 -1.89217044e-07
366.085 -6.15275172e-08 -3.14977676e-07
366.257  1.59713560e-07 -3.06590744e-07
366.430  3.38263566e-07 -1.54268741e-07
366.602  3.88459198e-07  8.83696346e-08
366.774  2.74629234e-07  3.24558669e-07
366.947  2.93799932e-08  4.51223934e-07
367.119 -2.57255400e-07  4.03546528e-07
367.292 -4.69851716e-07  1.85239175e-07
367.464 -5.14196443e-07 -1.30407209e-07
367.636 -3.58521928e-07 -4.24580170e-07
367.809 -4.83072724e-08 -5.77820699e-07
367.981  3.06539616e-07 -5.19632320e-07
368.153  5.70416992e-07 -2.57637358e-07
368.326  6.35867172e-07  1.21238186e-07
368.498  4.65928354e-07  4.78819646e-07
368.670  1.10946573e-07  6.78337084e-07
368.843 -3.04805527e-07  6.36826492e-07
369.015 -6.28536931e-07  3.57495038e-07
369.187 -7.36385848e-07 -6.62579459e-08
369.360 -5.79233471e-07 -4.83142364e-07
369.532 -2.04973028e-07 -7.40121132e-07
369.705  2.55954670e-07 -7.37531645e-07
369.877  6.38532065e-07 -4.68188868e-07
370.049  8.01781156e-07 -2.35096666e-08
370.222  6.80989865e-07  4.39913787e-07
370.394  3.14605145e-07  7.55640943e-07
370.566 -1.69803787e-07  8.07068407e-07
370.739 -6.00762938e-07  5.72488287e-07
370.911 -8.23112714e-07  1.32911210e-07
371.083 -7.56077047e-07 -3.57201657e-07
371.256 -4.22533056e-07 -7.23444761e-07
371.428  6.03662063e-08 -8.35501449e-07
371.600  5.21454290e-07 -6.54505556e-07
371.773  7.97596995e-07 -2.44941731e-07
371.945  7.93266728e-07  2.47518326e-07
372.118  5.12283879e-07  6.48371378e-07
372.290  5.62151427e-08  8.18499077e-07
372.462 -4.11966712e-07  7.01663275e-07
372.635 -7.28591356e-07  3.43188938e-07
372.807 -7.86393807e-07 -1.26323361e-07
372.979 -5.70541684e-07 -5.40673051e-07
373.152 -1.63610354e-07 -7.57475987e-07
373.324  2.87252038e-07 -7.06422239e-07
373.496  6.24689691e-07 -4.13812899e-07
373.669  7.35152043e-07  1.01415466e-08
373.841  5.88757313e-07  4.14259740e-07
374.013  2.47125839e-07  6.59311565e-07
374.186 -1.63613860e-07  6.67199217e-07
374.358 -4.98439041e-07  4.46931731e-07
374.531 -6.45146864e-07  8.56977876e-08
374.703 -5.63813339e-07 -2.84691208e-07
374.875 -2.95524215e-07 -5.35546117e-07
375.048  5.63941819e-08 -5.88181514e-07
375.220  3.64863281e-07 -4.37633718e-07
375.392  5.26908246e-07 -1.49205880e-07
375.565  4.98030413e-07  1.67346424e-07
375.737  3.02570009e-07  4.00806918e-07
375.909  2.18272781e-08  4.78337010e-07
376.082 -2.39636807e-07  3.86621666e-07
376.254 -3.94117201e-07  1.73135869e-07
376.426 -3.98796296e-07 -7.57278827e-08
376.599 -2.67752551e-07 -2.70621523e-07
376.771 -6.24469413e-08 -3.50121659e-07
376.944  1.36935072e-07 -3.00123980e-07
377.116  2.61670420e-07 -1.55467886e-07
377.288  2.77701877e-07  1.97869942e-08
377.461  1.95949648e-07  1.59243112e-07
377.633  6.17012185e-08  2.18035939e-07
377.805 -6.74651093e-08  1.88816171e-07
377.978 -1.43967687e-07  9.92953886e-08
378.150 -1.48953112e-07 -4.55435271e-09
378.322 -9.63709449e-08 -7.80279996e-08
378.495 -2.11710757e-08 -9.68631927e-08
378.667  3.72655972e-08 -6.60475236e-08
378.839  5.33449175e-08 -1.23795850e-08
379.012  2.72506572e-08  2.96000228e-08
379.184 -1.87287206e-08  3.43869938e-08
379.357 -5.24345282e-08 -3.61920498e-10
379.529 -4.73888219e-08 -5.40092969e-08
379.701  1.45615304e-09 -9.37610984e-08
379.874  7.42383166e-08 -8.95042729e-08
380.046  1.35449381e-07 -3.10616232e-08
380.218  1.48431621e-07  6.41452047e-08
380.391  9.41206509e-08  1.57946770e-07
380.563 -1.64855192e-08  2.05438933e-07
380.735 -1.45323838e-07  1.74964390e-07
380.908 -2.39933747e-07  6.57506485e-08
381.080 -2.53918038e-07 -8.95361763e-08
381.252 -1.69488890e-07 -2.34557978e-07
381.425 -7.04976519e-09 -3.08837584e-07
381.597  1.79680285e-07 -2.74062609e-07
381.770  3.20272526e-07 -1.31443161e-07
381.942  3.55527099e-07  7.62882510e-08
382.114  2.62208885e-07  2.76220443e-07
382.287  6.33778594e-08  3.91884899e-07
382.459 -1.75434150e-07  3.73612723e-07
382.631 -3.68113623e-07  2.17631877e-07
382.804 -4.40884968e-07 -2.85418268e-08
382.976 -3.59258217e-07 -2.79921215e-07
383.148 -1.43306289e-07 -4.45514439e-07
383.321  1.35410510e-07 -4.60763919e-07
383.493  3.79469192e-07 -3.12039220e-07
383.665  4.99908818e-07 -4.57393058e-08
383.838  4.47824164e-07  2.47451679e-07
384.010  2.35461147e-07  4.64390234e-07
384.182 -6.66898043e-08  5.24769022e-07
384.355 -3.54721564e-07  4.02263150e-07
384.527 -5.26037426e-07  1.35740491e-07
384.700 -5.17010445e-07 -1.84701063e-07
384.872 -3.27571489e-07 -4.47356456e-07
385.044 -2.06557912e-08 -5.58402097e-07
385.217  2.98212280e-07 -4.77095050e-07
385.389  5.17077406e-07 -2.29346623e-07
385.561  5.58909277e-07  1.00482400e-07
385.734  4.07978467e-07  3.97554144e-07
385.906  1.15246933e-07  5.58563691e-07
386.078 -2.17624618e-07  5.27671118e-07
386.251 -4.75224344e-07  3.14983508e-07
386.423 -5.69156580e-07 -5.32733620e-09
386.595 -4.67252829e-07 -3.21867429e-07
386.768 -2.05925966e-07 -5.26128574e-07
386.940  1.22986608e-07 -5.48537156e-07
387.113  4.06241516e-07 -3.83146289e-07
387.285  5.47233747e-07 -8.97302389e-08
387.457  4.99407149e-07  2.29612568e-07
387.630  2.82926435e-07  4.65434672e-07
387.802 -2.51517014e-08  5.38302204e-07
387.974 -3.18254937e-07  4.27270914e-07
388.147 -4.96442571e-07  1.74558593e-07
388.319 -5.02286688e-07 -1.30899676e-07
388.491 -3.38865379e-07 -3.83603692e-07
388.664 -6.59262719e-08 -4.99473405e-07
388.836  2.20579973e-07 -4.44105986e-07
389.008  4.23230566e-07 -2.41380097e-07
389.181  4.77245293e-07  3.52252201e-08
389.353  3.69624077e-07  2.89513429e-07
389.526  1.42531837e-07  4.37508634e-07
389.698 -1.22572290e-07  4.33847399e-07
389.870 -3.35825368e-07  2.85760227e-07
390.043 -4.28516910e-07  4.95428002e-08
390.215 -3.74787087e-07 -1.92307831e-07
390.387 -1.99845132e-07 -3.59567642e-07
390.560  3.23337252e-08 -3.99948348e-07
390.732  2.42636755e-07 -3.06764570e-07
390.904  3.62453327e-07 -1.17985069e-07
391.077  3.57267651e-07  9.97914540e-08
391.249  2.36111120e-07  2.73355705e-07
391.421  4.45613005e-08  3.48299953e-07
391.594 -1.50965408e-07  3.06439056e-07
391.766 -2.86445742e-07  1.67806150e-07
391.939 -3.22208953e-07 -1.72867998e-08
392.111 -2.52578824e-07 -1.86029657e-07
392.283 -1.05813267e-07 -2.85788600e-07
392.456  6.61413054e-08 -2.89032820e-07
392.628  2.07448706e-07 -2.00029948e-07
392.800  2.75662208e-07 -5.27974067e-08
392.973  2.53110573e-07  1.03008815e-07
393.145  1.52296514e-07  2.18716003e-07
393.317  9.11659010e-09  2.60115788e-07
393.490 -1.30483196e-07  2.18381396e-07
393.662 -2.23414502e-07  1.10911375e-07
393.834 -2.43178222e-07 -2.68838696e-08
394.007 -1.87310885e-07 -1.51602098e-07
394.179 -7.51498320e-08 -2.25410302e-07
394.352  5.76839884e-08 -2.27995796e-07
394.524  1.69918419e-07 -1.60073522e-07
394.696  2.28301068e-07 -4.30763169e-08
394.869  2.15610769e-07  8.64595073e-08
395.041  1.35280881e-07  1.89292119e-07
395.213  1.19047787e-08  2.33974463e-07
395.386 -1.17183845e-07  2.05231737e-07
395.558 -2.12438512e-07  1.10542923e-07
395.730 -2.42346092e-07 -2.23271848e-08
395.903 -1.94908644e-07 -1.53368749e-07
396.075 -8.20349457e-08 -2.40140036e-07
396.247  6.38549975e-08 -2.52018388e-07
396.420  1.96839687e-07 -1.81112661e-07
396.592  2.71741214e-07 -4.49438076e-08
396.765  2.59970738e-07  1.15687978e-07
396.937  1.58699060e-07  2.47931058e-07
397.109 -4.96844606e-09  3.05003542e-07
397.282 -1.79410416e-07  2.61086845e-07
397.454 -3.05507665e-07  1.22309691e-07
397.626 -3.35306099e-07 -7.07417212e-08
397.799 -2.49190342e-07 -2.55320921e-07
397.971 -6.73729404e-08 -3.65985761e-07
398.143  1.54389382e-07 -3.56161291e-07
398.316  3.41432052e-07 -2.18300320e-07
398.488  4.23252915e-07  9.99917195e-09
398.660  3.60545861e-07  2.56018380e-07
398.833  1.62687004e-07  4.32807155e-07
399.005 -1.12355380e-07  4.69863953e-07
399.178 -3.72682396e-07  3.41170314e-07
399.350 -5.22415577e-07  7.72506641e-08
399.522 -4.97527338e-07 -2.39444124e-07
399.695 -2.90582352e-07 -4.98731895e-07
