0.171  8.56712916e-03 -1.35689996e-03
0.341  4.90903750e-03  1.24305127e-03
0.512  2.61124414e-03  2.43221664e-03
0.683  7.60710738e-04  2.64808740e-03
0.853 -6.09138590e-04  2.13725776e-03
1.024 -1.42479120e-03  1.17182462e-03
1.195 -1.58256813e-03  1.54479135e-04
1.365 -1.21833763e-03 -6.65557476e-04
1.536 -5.46105999e-04 -1.10083471e-03
1.707  1.76449549e-04 -1.10906460e-03
1.877  6.97232542e-04 -7.22258677e-04
2.048  8.95292372e-04 -1.55336064e-04
2.219  7.59507258e-04  3.71900002e-04
2.389  3.81957654e-04  6.77158903e-04
2.560 -8.72266073e-05  7.26302616e-04
2.731 -4.58338085e-04  4.95676146e-04
2.901 -6.24519108e-04  1.33956107e-04
3.072 -5.51432510e-04 -2.30689099e-04
3.243 -2.86107283e-04 -4.87714464e-04
3.413  5.74758694e-05 -5.35939756e-04
3.584  3.46558522e-04 -3.84923823e-04
3.755  4.87295951e-04 -1.11238701e-04
3.925  4.37561866e-04  1.78227563e-04
4.096  2.27411251e-04  3.81688899e-04
4.267 -4.56294653e-05  4.23434680e-04
4.437 -2.73201970e-04  3.06583452e-04
4.608 -3.81845216e-04  8.96068689e-05
4.779 -3.45530903e-04 -1.46687656e-04
4.949 -1.89991942e-04 -3.15840716e-04
5.120  2.77086384e-05 -3.53917647e-04
5.291  2.20754188e-04 -2.54544561e-04
5.461  3.15576740e-04 -7.29012457e-05
5.632  2.87980978e-04  1.22602156e-04
5.803  1.52067462e-04  2.56739867e-04
5.973 -3.32694075e-05  2.87882047e-04
6.144 -1.93538563e-04  2.10903146e-04
6.315 -2.72591088e-04  5.73526075e-05
6.485 -2.47827754e-04 -1.09087649e-04
6.656 -1.33400545e-04 -2.21969678e-04
6.827  2.56939917e-05 -2.44380242e-04
6.997  1.66309538e-04 -1.75583196e-04
7.168  2.37302935e-04 -4.37401080e-05
7.339  2.17098033e-04  9.97466259e-05
7.509  1.18381950e-04  2.01695200e-04
7.680 -1.95085091e-05  2.25568646e-04
7.851 -1.43830957e-04  1.63934848e-04
8.021 -2.09921891e-04  4.64473458e-05
8.192 -1.92690010e-04 -8.32111223e-05
8.363 -1.03852140e-04 -1.75433287e-04
8.533  1.84267691e-05 -1.97004242e-04
8.704  1.28323928e-04 -1.43088252e-04
8.875  1.84704510e-04 -3.74200391e-05
9.045  1.69324999e-04  7.80060248e-05
9.216  9.00788723e-05  1.58460429e-04
9.387 -2.01352175e-05  1.73922019e-04
9.557 -1.17956971e-04  1.23112588e-04
9.728 -1.66362484e-04  2.83054743e-05
9.899 -1.49072568e-04 -7.37162887e-05
10.069 -7.49223499e-05 -1.44483669e-04
10.240  2.64889820e-05 -1.58690836e-04
10.411  1.15686541e-04 -1.12848312e-04
10.581  1.59535504e-04 -2.58542387e-05
10.752  1.43854921e-04  6.78447583e-05
10.923  7.65783117e-05  1.32637502e-04
11.093 -1.57095862e-05  1.45526839e-04
11.264 -9.73667803e-05  1.02792583e-04
11.435 -1.37941898e-04  2.26426784e-05
11.605 -1.23820878e-04 -6.29779042e-05
11.776 -6.28421297e-05 -1.21887564e-04
11.947  1.92235644e-05 -1.33032538e-04
12.117  9.00237236e-05 -9.41052460e-05
12.288  1.23471872e-04 -2.24347351e-05
12.459  1.08510977e-04  5.36740907e-05
12.629  5.23058836e-05  1.05644831e-04
12.800 -2.28380035e-05  1.14305764e-04
12.971 -8.79514710e-05  7.78949310e-05
13.141 -1.18409148e-04  1.21171759e-05
13.312 -1.03610319e-04 -5.68657538e-05
13.483 -5.09211664e-05 -1.02206448e-04
13.653  1.84734372e-05 -1.07089698e-04
13.824  7.76023498e-05 -7.10802049e-05
13.995  1.04260838e-04 -8.79130576e-06
14.165  8.97183985e-05  5.58980640e-05
14.336  4.08323901e-05  9.83524570e-05
14.507 -2.29154131e-05  1.02961991e-04
14.677 -7.65236034e-05  6.87665732e-05
14.848 -9.97083400e-05  9.46734157e-06
15.019 -8.45177269e-05 -5.17961250e-05
15.189 -3.76239194e-05 -9.19469111e-05
15.360  2.22251965e-05 -9.68364477e-05
15.531  7.18744644e-05 -6.58457786e-05
15.701  9.31317848e-05 -1.20270330e-05
15.872  7.89567290e-05  4.32152351e-05
16.043  3.60364653e-05  7.91477616e-05
16.213 -1.82235342e-05  8.29744766e-05
16.384 -6.31416428e-05  5.42408576e-05
16.555 -8.21292626e-05  5.10776091e-06
16.725 -6.84734701e-05 -4.49103449e-05
16.896 -2.83482170e-05 -7.64604901e-05
17.067  2.20758659e-05 -7.75705297e-05
17.237  6.32969681e-05 -4.85412498e-05
17.408  7.96525140e-05 -1.27068502e-06
17.579  6.55332462e-05  4.60620353e-05
17.749  2.71758860e-05  7.56109810e-05
17.920 -2.04545891e-05  7.66523744e-05
18.091 -5.91353421e-05  4.96768278e-05
18.261 -7.43274046e-05  5.52111755e-06
18.432 -6.10780328e-05 -3.87163564e-05
18.603 -2.53003729e-05 -6.62040692e-05
18.773  1.88577784e-05 -6.72257362e-05
18.944  5.42925904e-05 -4.23246301e-05
19.115  6.78162871e-05 -1.64432851e-06
19.285  5.49566977e-05  3.86991261e-05
19.456  2.11798398e-05  6.31566541e-05
19.627 -1.99933993e-05  6.28169963e-05
19.797 -5.24793458e-05  3.83329323e-05
19.968 -6.41653935e-05 -2.98617225e-07
20.139 -5.10718260e-05 -3.78207118e-05
20.309 -1.87871746e-05 -6.00344478e-05
20.480  1.97240142e-05 -5.88660642e-05
20.651  4.96209518e-05 -3.52795360e-05
20.821  5.96795487e-05  1.00400432e-06
20.992  4.63374038e-05  3.57594926e-05
21.163  1.52361036e-05  5.57865751e-05
21.333 -2.13824741e-05  5.36530537e-05
21.504 -4.96372701e-05  3.06792374e-05
21.675 -5.90141788e-05 -3.88705793e-06
21.845 -4.65090895e-05 -3.68426456e-05
22.016 -1.76264810e-05 -5.58104861e-05
22.187  1.62688163e-05 -5.39904190e-05
22.357  4.21530158e-05 -3.28123597e-05
22.528  5.02861326e-05 -8.84947581e-07
22.699  3.81272205e-05  2.93111922e-05
22.869  1.08594130e-05  4.61125913e-05
23.040 -2.07446837e-05  4.34088070e-05
23.211 -4.43089427e-05  2.26931231e-05
23.381 -5.09099690e-05 -7.78350057e-06
23.552 -3.83872068e-05 -3.60402772e-05
23.723 -1.17931040e-05 -5.12508561e-05
23.893  1.84232181e-05 -4.79344895e-05
24.064  4.06180702e-05 -2.76380935e-05
24.235  4.66122611e-05  1.59782919e-06
24.405  3.44499611e-05  2.84035985e-05
24.576  9.12436693e-06  4.27456659e-05
24.747 -1.93100319e-05  3.94989453e-05
24.917 -3.99689682e-05  2.02895560e-05
25.088 -4.51879249e-05 -7.05419994e-06
25.259 -3.32526899e-05 -3.18884733e-05
25.429 -9.16418791e-06 -4.48620970e-05
25.600  1.76011167e-05 -4.12361439e-05
25.771  3.69094877e-05 -2.28151325e-05
25.941  4.16004810e-05  2.96523480e-06
26.112  3.03215849e-05  2.61939553e-05
26.283  7.95047154e-06  3.80813072e-05
26.453 -1.66627197e-05  3.43735706e-05
26.624 -3.39862554e-05  1.70271405e-05
26.795 -3.74491791e-05 -6.93481154e-06
26.965 -2.60946988e-05 -2.81276876e-05
27.136 -4.60370374e-06 -3.83293906e-05
27.307  1.86204014e-05 -3.38336396e-05
27.477  3.45538718e-05 -1.66320690e-05
27.648  3.72293273e-05  6.56776356e-06
27.819  2.59154742e-05  2.67848517e-05
27.989  5.11245448e-06  3.63937261e-05
28.160 -1.70578718e-05  3.20681681e-05
28.331 -3.20893533e-05  1.57451459e-05
28.501 -3.44984240e-05 -6.06329322e-06
28.672 -2.36429010e-05 -2.48263249e-05
28.843 -3.94441279e-06 -3.35031369e-05
29.013  1.68004923e-05 -2.90224986e-05
29.184  3.06889519e-05 -1.33537293e-05
29.355  3.26223885e-05  7.18204486e-06
29.525  2.20904990e-05  2.46116461e-05
29.696  3.46494190e-06  3.23756323e-05
29.867 -1.59076212e-05  2.76444727e-05
30.037 -2.86542355e-05  1.25104289e-05
30.208 -3.00039414e-05 -6.96388040e-06
30.379 -1.96959427e-05 -2.32964637e-05
30.549 -2.01998306e-06 -3.02950133e-05
30.720  1.61155645e-05 -2.54674041e-05
30.891  2.77372360e-05 -1.10108151e-05
31.061  2.84593100e-05  7.32635878e-06
31.232  1.82743841e-05  2.24395068e-05
31.403  1.30032185e-06  2.85207336e-05
31.573 -1.58780924e-05  2.34396854e-05
31.744 -2.66300340e-05  9.37596412e-06
31.915 -2.69854314e-05 -8.18202521e-06
32.085 -1.70674973e-05 -2.24301916e-05
32.256 -8.21291599e-07 -2.79980822e-05
32.427  1.54077776e-05 -2.30205249e-05
32.597  2.54022193e-05 -9.60314811e-06
32.768  2.55621351e-05  6.94110087e-06
32.939  1.60507160e-05  2.01695417e-05
33.109  7.12859962e-07  2.51567706e-05
33.280 -1.43843129e-05  2.02018998e-05
33.451 -2.34902833e-05  7.40059674e-06
33.621 -2.32774493e-05 -8.09688521e-06
33.792 -1.39851272e-05 -2.02718390e-05
33.963  5.86530747e-07 -2.45446978e-05
34.133  1.47088804e-05 -1.93697903e-05
34.304  2.30144507e-05 -6.91622025e-06
34.475  2.23884580e-05  7.87586442e-06
34.645  1.32276598e-05  1.93560948e-05
34.816 -7.49457519e-07  2.31869990e-05
34.987 -1.41406707e-05  1.80310814e-05
35.157 -2.18392046e-05  6.09535153e-06
35.328 -2.09690088e-05 -7.94113931e-06
35.499 -1.20749497e-05 -1.87000031e-05
35.669  1.28875828e-06 -2.20992106e-05
35.840  1.39770159e-05 -1.70353066e-05
36.011  2.11327662e-05 -5.65421945e-06
36.181  2.01731446e-05  7.59944677e-06
36.352  1.17024577e-05  1.75890720e-05
36.523 -8.98708808e-07  2.05644328e-05
36.693 -1.26909154e-05  1.56060279e-05
36.864 -1.91436175e-05  4.77759043e-06
37.035 -1.79549660e-05 -7.62287532e-06
37.205 -9.74550205e-06 -1.67384166e-05
37.376  2.18655778e-06 -1.91548632e-05
37.547  1.31105529e-05 -1.40638631e-05
37.717  1.88455829e-05 -3.51618504e-06
37.888  1.72820307e-05  8.30653892e-06
38.059  9.08836936e-06  1.68601931e-05
38.229 -2.46752860e-06  1.89724713e-05
38.400 -1.29062877e-05  1.39253016e-05
38.571 -1.83198155e-05  3.80452114e-06
38.741 -1.67271165e-05 -7.38718942e-06
38.912 -8.88603405e-06 -1.53926788e-05
39.083  2.02720241e-06 -1.72073981e-05
39.253  1.18037078e-05 -1.22482014e-05
39.424  1.67314392e-05 -2.60195183e-06
39.595  1.49949158e-05  7.95592292e-06
39.765  7.44017207e-06  1.53830525e-05
39.936 -2.91520898e-06  1.68613815e-05
40.107 -1.20782967e-05  1.19733980e-05
40.277 -1.65310167e-05  2.73929173e-06
40.448 -1.46809815e-05 -7.25551355e-06
40.619 -7.40901593e-06 -1.41485731e-05
40.789  2.40989520e-06 -1.53684736e-05
40.960  1.09360240e-05 -1.06243777e-05
41.131  1.48939828e-05 -1.85661681e-06
41.301  1.28937420e-05  7.46399530e-06
41.472  5.80954979e-06  1.36840444e-05
41.643 -3.55246190e-06  1.44786569e-05
41.813 -1.15069851e-05  9.61987997e-06
41.984 -1.50345856e-05  1.02188061e-06
42.155 -1.28647564e-05 -7.93893745e-06
42.325 -5.87870014e-06 -1.38483701e-05
42.496  3.16035015e-06 -1.45482417e-05
42.667  1.07738180e-05 -9.85037782e-06
42.837  1.41476945e-05 -1.67282611e-06
43.008  1.20885534e-05  6.76531613e-06
43.179  5.52511552e-06  1.22778504e-05
43.349 -2.87247824e-06  1.28238887e-05
43.520 -9.85276028e-06  8.30456553e-06
43.691 -1.27550799e-05  6.22146319e-07
43.861 -1.05111592e-05 -7.19748368e-06
44.032 -4.11410872e-06 -1.21378041e-05
44.203  3.89678868e-06 -1.22986852e-05
44.373  1.04346272e-05 -7.70651162e-06
44.544  1.29768393e-05 -2.04127994e-07
44.715  1.06170869e-05  7.32942509e-06
44.885  4.36067067e-06  1.20033056e-05
45.056 -3.37218245e-06  1.20927978e-05
45.227 -9.60408735e-06  7.70060685e-06
45.397 -1.19836925e-05  5.85429229e-07
45.568 -9.73557359e-06 -6.46862977e-06
45.739 -3.82635250e-06 -1.07284847e-05
45.909  3.39920647e-06 -1.06463198e-05
46.080  9.09412270e-06 -6.34529754e-06
46.251  1.11072778e-05  4.60864152e-07
46.421  8.74073102e-06  7.07697142e-06
46.592  2.94777531e-06  1.09663915e-05
46.763 -3.97256221e-06  1.07064454e-05
46.933 -9.34564072e-06  6.43896491e-06
47.104 -1.11813926e-05 -1.26653836e-07
47.275 -8.83318832e-06 -6.42541147e-06
47.445 -3.28662375e-06 -1.00990492e-05
47.616  3.23637941e-06 -9.80458483e-06
47.787  8.23887986e-06 -5.74307018e-06
47.957  9.83723378e-06  3.97885455e-07
48.128  7.46720783e-06  6.21215358e-06
48.299  2.15122305e-06  9.46786783e-06
48.469 -4.00467300e-06  8.91934988e-06
48.640 -8.63228376e-06  4.85385534e-06
48.811 -9.94473118e-06 -1.10212641e-06
48.981 -7.49229253e-06 -6.66261729e-06
49.152 -2.28990653e-06 -9.68626614e-06
49.323  3.66170661e-06 -9.05494508e-06
49.493  8.07793751e-06 -5.10082072e-06
49.664  9.29943594e-06  6.29945280e-07
49.835  6.96658504e-06  5.92638393e-06
50.005  2.04636890e-06  8.76454184e-06
50.176 -3.52747607e-06  8.15279016e-06
50.347 -7.57330213e-06  4.41788017e-06
50.517 -8.58568863e-06 -9.45412143e-07
50.688 -6.25215258e-06 -5.80420268e-06
50.859 -1.51632576e-06 -8.29428977e-06
51.029  3.72948457e-06 -7.51690574e-06
51.200  7.44350896e-06 -3.80395353e-06
51.371  8.24293476e-06  1.35648140e-06
51.541  5.84512683e-06  5.93694587e-06
51.712  1.21489125e-06  8.21104785e-06
51.883 -3.81805042e-06  7.33173312e-06
52.053 -7.34881169e-06  3.67125511e-06
52.224 -8.06342640e-06 -1.30189079e-06
52.395 -5.72902764e-06 -5.68445279e-06
52.565 -1.32724860e-06 -7.83554121e-06
52.736  3.41518966e-06 -6.96583671e-06
52.907  6.69467014e-06 -3.49836555e-06
53.077  7.26421718e-06  1.16583922e-06
53.248  4.97150722e-06  5.22884202e-06
53.419  7.77303843e-07  7.12018416e-06
53.589 -3.68703424e-06  6.14810887e-06
53.760 -6.68589705e-06  2.76169979e-06
53.931 -7.07359877e-06 -1.71301216e-06
54.101 -4.76560520e-06 -5.54007981e-06
54.272 -6.77255941e-07 -7.24231785e-06
54.443  3.61231966e-06 -6.22625454e-06
54.613  6.44350137e-06 -2.92907166e-06
54.784  6.78532477e-06  1.36533057e-06
54.955  4.57617311e-06  4.97762965e-06
55.125  7.01484318e-07  6.55068553e-06
55.296 -3.29571972e-06  5.55032443e-06
55.467 -5.86797304e-06  2.40257444e-06
55.637 -6.07452335e-06 -1.62138941e-06
55.808 -3.86448071e-06 -4.93130725e-06
55.979 -1.32267090e-07 -6.27820091e-06
56.149  3.63557338e-06 -5.15899520e-06
56.320  6.00368851e-06 -2.02465888e-06
56.491  6.07992696e-06  1.87487282e-06
56.661  3.84751363e-06  5.05256159e-06
56.832  2.11114245e-07  6.32204440e-06
57.003 -3.42822240e-06  5.21812756e-06
57.173 -5.71023364e-06  2.22627223e-06
57.344 -5.78482769e-06 -1.46525635e-06
57.515 -3.68972697e-06 -4.45444972e-06
57.685 -3.00448292e-07 -5.60405268e-06
57.856  3.06658046e-06 -4.51998635e-06
58.027  5.10443168e-06 -1.69827584e-06
58.197  5.04173297e-06  1.74292050e-06
58.368  2.96481983e-06  4.45281247e-06
58.539 -2.95857134e-07  5.36869116e-06
58.709 -3.46744034e-06  4.17364141e-06
58.880 -5.30268324e-06  1.34854195e-06
59.051 -5.12076960e-06 -2.02180961e-06
59.221 -3.02023594e-06 -4.62616880e-06
59.392  1.94632082e-07 -5.49169073e-06
59.563  3.27474362e-06 -4.33687070e-06
59.733  5.05603195e-06 -1.62218023e-06
59.904  4.91670287e-06  1.58133621e-06
60.075  2.94690337e-06  4.03467516e-06
60.245 -5.28122934e-08  4.84568628e-06
60.416 -2.88712967e-06  3.74360153e-06
60.587 -4.48555261e-06  1.19686317e-06
60.757 -4.25909905e-06 -1.75178433e-06
60.928 -2.31844439e-06 -3.95656849e-06
61.099  5.34062551e-07 -4.57763595e-06
61.269  3.18011963e-06 -3.37481357e-06
61.440  4.61167753e-06 -8.46094943e-07
61.611  4.27275200e-06  2.01607996e-06
61.781  2.32005859e-06  4.13052807e-06
61.952 -4.66919215e-07  4.68859741e-06
62.123 -3.03379602e-06  3.50236326e-06
62.293 -4.40417910e-06  1.07311243e-06
62.464 -4.07530595e-06 -1.66559210e-06
62.635 -2.23232943e-06 -3.66678177e-06
62.805  3.92324341e-07 -4.17225636e-06
62.976  2.78136015e-06 -3.04463056e-06
63.147  4.00383711e-06 -7.57415782e-07
63.317  3.62518497e-06  1.79279387e-06
63.488  1.82939543e-06  3.59605633e-06
63.659 -6.81316384e-07  3.97076309e-06
63.829 -2.91329850e-06  2.80582929e-06
64.000 -4.00761581e-06  5.54911541e-07
64.171 -3.57752576e-06 -1.89559450e-06
64.341 -1.79779464e-06 -3.59433003e-06
64.512  6.30003137e-07 -3.92270573e-06
64.683  2.75304838e-06 -2.77271082e-06
64.853  3.78378568e-06 -6.03901750e-07
65.024  3.35246215e-06  1.71827033e-06
65.195  1.64391500e-06  3.31432065e-06
65.365 -6.42091312e-07  3.59735949e-06
65.536 -2.61764709e-06  2.47322705e-06
65.707 -3.54112557e-06  4.17477024e-07
65.877 -3.06152825e-06 -1.75367143e-06
66.048 -1.39519040e-06 -3.21566041e-06
66.219  7.84249378e-07 -3.40390239e-06
66.389  2.64509214e-06 -2.26480376e-06
66.560  3.46959883e-06 -2.72474954e-07
66.731  2.94905624e-06  1.80836137e-06
66.901  1.32075444e-06  3.17865751e-06
67.072 -7.83058976e-07  3.31274220e-06
67.243 -2.55787202e-06  2.19608880e-06
67.413 -3.31816226e-06  2.76193905e-07
67.584 -2.80626658e-06 -1.71084173e-06
67.755 -1.25087721e-06 -2.99087944e-06
67.925  7.44404228e-07 -3.09559099e-06
68.096  2.39330153e-06 -2.02287999e-06
68.267  3.06778500e-06 -1.96168180e-07
68.437  2.54374712e-06  1.65918566e-06
68.608  1.03508874e-06  2.81874008e-06
68.779 -8.57813767e-07  2.86390138e-06
68.949 -2.38429908e-06  1.78938397e-06
69.120 -2.97506381e-06  2.11051487e-08
69.291 -2.41553273e-06 -1.73410918e-06
69.461 -9.25865730e-07 -2.81155760e-06
69.632  8.94938552e-07 -2.81442716e-06
69.803  2.34942555e-06 -1.74533623e-06
69.973  2.90079328e-06 -4.26986109e-08
70.144  2.34329050e-06  1.62817619e-06
70.315  9.19292836e-07  2.64420993e-06
70.485 -7.97915797e-07  2.61993440e-06
70.656 -2.15779308e-06  1.58659862e-06
70.827 -2.63858415e-06 -2.40309130e-08
70.997 -2.06559575e-06 -1.59272582e-06
71.168 -6.93721188e-07 -2.51520594e-06
71.339  9.43056597e-07 -2.43549802e-06
71.509  2.21653017e-06 -1.41387198e-06
71.680  2.63014710e-06  1.45024234e-07
71.851  2.05011646e-06  1.64647934e-06
72.021  7.20277032e-07  2.50523775e-06
72.192 -8.50089789e-07  2.41174053e-06
72.363 -2.04543756e-06  1.43260876e-06
72.533 -2.41508074e-06 -5.00410289e-08
72.704 -1.84871781e-06 -1.44882089e-06
72.875 -5.73446294e-07 -2.21835968e-06
73.045  9.04025596e-07 -2.08689401e-06
73.216  1.99689465e-06 -1.11309340e-06
73.387  2.30064994e-06  3.20120178e-07
73.557  1.70690473e-06  1.64050046e-06
73.728  4.44661440e-07  2.35096712e-06
73.899 -9.81670136e-07  2.19221984e-06
74.069 -2.03022177e-06  1.22488849e-06
74.240 -2.31960025e-06 -1.59776982e-07
74.411 -1.74383214e-06 -1.42620350e-06
74.581 -5.47805291e-07 -2.10990312e-06
74.752  7.88759734e-07 -1.95616067e-06
74.923  1.76348795e-06 -1.04642672e-06
75.093  2.00410111e-06  2.37499121e-07
75.264  1.42841190e-06  1.40104386e-06
75.435  2.89083936e-07  1.99362931e-06
75.605 -9.69676181e-07  1.78389293e-06
75.776 -1.86255923e-06  8.76231900e-07
75.947 -2.03633180e-06 -3.72608682e-07
76.117 -1.44167513e-06 -1.48714691e-06
76.288 -3.19167055e-07 -2.02974268e-06
76.459  9.07278160e-07 -1.80594290e-06
76.629  1.75952057e-06 -9.21827916e-07
76.800  1.91990522e-06  2.86229608e-07
76.971  1.35390783e-06  1.34628812e-06
77.141  2.83565862e-07  1.85141912e-06
77.312 -8.69661470e-07  1.63400601e-06
77.483 -1.65129854e-06  7.87144592e-07
77.653 -1.78016876e-06 -3.54890069e-07
77.824 -1.21808324e-06 -1.33444107e-06
77.995 -1.85606097e-07 -1.78560787e-06
78.165  8.99472419e-07 -1.54794767e-06
78.336  1.62218571e-06 -7.13686925e-07
78.507  1.71905908e-06  3.76837609e-07
78.677  1.15195161e-06  1.29850230e-06
78.848  1.54945881e-07  1.71172360e-06
79.019 -8.75501484e-07  1.45752341e-06
79.189 -1.55606650e-06  6.45644687e-07
79.360 -1.62688573e-06 -3.91848223e-07
79.531 -1.06781040e-06 -1.26323402e-06
79.701 -1.17635243e-07 -1.63606753e-06
79.872  8.58248110e-07 -1.36754379e-06
80.043  1.48793898e-06 -5.83785752e-07
80.213  1.52428888e-06  4.07430180e-07
80.384  9.72025636e-07  1.22967864e-06
80.555  5.56361235e-08  1.55891637e-06
80.725 -8.77796912e-07  1.28142837e-06
80.896 -1.46108971e-06  5.20787527e-07
81.067 -1.47633105e-06 -4.34829753e-07
81.237 -9.37981241e-07 -1.21134345e-06
81.408 -5.23009211e-08 -1.51040120e-06
81.579  8.35055344e-07 -1.23906318e-06
81.749  1.37631757e-06 -5.06941414e-07
81.920  1.38280579e-06  3.99593673e-07
82.091  8.62289895e-07  1.11810897e-06
82.261  1.86206392e-08  1.38416668e-06
82.432 -8.05605429e-07  1.10755358e-06
82.603 -1.29609131e-06  3.95300231e-07
82.773 -1.27635770e-06 -4.61127148e-07
82.944 -7.51690425e-07 -1.12728684e-06
83.115  6.29891903e-08 -1.35888610e-06
83.285  8.44025360e-07 -1.06387751e-06
83.456  1.30273459e-06 -3.63313279e-07
83.627  1.26242115e-06  4.59407174e-07
83.797  7.42211727e-07  1.09778625e-06
83.968 -4.03381845e-08  1.31017621e-06
84.139 -7.88714933e-07  1.01584707e-06
84.309 -1.22127212e-06  3.47636119e-07
84.480 -1.16942122e-06 -4.34120009e-07
84.651 -6.71221463e-07 -1.03506996e-06
84.821  7.12227132e-08 -1.21875867e-06
84.992  7.77693335e-07 -9.27807840e-07
85.163  1.16937332e-06 -2.89861311e-07
85.333  1.10202920e-06  4.53056429e-07
85.504  6.19810220e-07  1.00790447e-06
85.675 -9.26356937e-08  1.16015829e-06
85.845 -7.55681590e-07  8.68997895e-07
86.016 -1.10690891e-06  2.48413627e-07
86.187 -1.02626289e-06 -4.60231489e-07
86.357 -5.50130204e-07 -9.72819641e-07
86.528  1.38571917e-07 -1.10267324e-06
86.699  7.61568377e-07 -8.08409583e-07
86.869  1.08396718e-06 -2.00709537e-07
87.040  9.92938652e-07  4.74087057e-07
87.211  5.20299444e-07  9.55365865e-07
87.381 -1.41885697e-07  1.07094512e-06
87.552 -7.32048927e-07  7.74571559e-07
87.723 -1.03568129e-06  1.87638503e-07
87.893 -9.36504303e-07 -4.51910737e-07
88.064 -4.76521740e-07 -9.07522285e-07
88.235  1.51721419e-07 -1.00691974e-06
88.405  7.11192640e-07 -7.12156183e-07
88.576  9.91913178e-07 -1.53416480e-07
88.747  8.83309951e-07  4.52816229e-07
88.917  4.42787310e-07  8.79535531e-07
89.088 -1.52172496e-07  9.57640334e-07
89.259 -6.78274439e-07  6.68770240e-07
89.429 -9.26604862e-07  1.37064117e-07
89.600 -8.07186600e-07 -4.36865388e-07
89.771 -3.81312954e-07 -8.25461463e-07
89.941  1.89158876e-07 -8.77731604e-07
90.112  6.79718959e-07 -5.88074806e-07
90.283  8.94344011e-07 -6.73992554e-08
90.453  7.62228883e-07  4.83116708e-07
90.624  3.35612024e-07  8.42228541e-07
90.795 -2.25049694e-07  8.81301534e-07
90.965 -6.95313992e-07  5.91130373e-07
91.136 -9.01637828e-07  7.83858596e-08
91.307 -7.76158578e-07 -4.51347904e-07
91.477 -3.64540130e-07 -7.97018138e-07
91.648  1.65830433e-07 -8.40250102e-07
91.819  6.06144863e-07 -5.64898057e-07
91.989  7.99854854e-07 -8.56916906e-08
92.160  6.74110574e-07  4.00675597e-07
92.331  2.82653233e-07  7.14537440e-07
92.501 -2.07858228e-07  7.36186466e-07
92.672 -6.10786254e-07  4.56476967e-07
92.843 -7.72499558e-07 -2.42471910e-09
93.013 -6.24838218e-07 -4.62913942e-07
93.184 -2.35251561e-07 -7.52125440e-07
93.355  2.42823934e-07 -7.51773270e-07
93.525  6.32905412e-07 -4.69407248e-07
93.696  7.79792270e-07 -2.11017326e-08
93.867  6.31784941e-07  4.28464258e-07
94.037  2.57703100e-07  7.03421761e-07
94.208 -2.03464281e-07  6.99370267e-07
94.379 -5.72744592e-07  4.32361153e-07
94.549 -7.04838318e-07  4.55562231e-09
94.720 -5.62611513e-07 -4.18962430e-07
94.891 -2.04057389e-07 -6.67645253e-07
95.061  2.34149303e-07 -6.55840108e-07
95.232  5.73697216e-07 -3.94240375e-07
95.403  6.89424066e-07  1.97017703e-08
95.573  5.45619722e-07  4.17361104e-07
95.744  1.93975067e-07  6.46532558e-07
95.915 -2.22332324e-07  6.29780268e-07
96.085 -5.38835211e-07  3.71058538e-07
96.256 -6.44324122e-07 -2.44185949e-08
96.427 -4.97379780e-07 -3.95526872e-07
96.597 -1.57009376e-07 -6.07701441e-07
96.768  2.34023819e-07 -5.80200375e-07
96.939  5.29896076e-07 -3.22357521e-07
97.109  6.19537334e-07  5.45014645e-08
97.280  4.64041099e-07  4.06153533e-07
97.451  1.33417966e-07  6.02200035e-07
97.621 -2.42322325e-07  5.61400560e-07
97.792 -5.25492353e-07  3.06645972e-07
97.963 -6.02162001e-07 -5.77003779e-08
98.133 -4.47009597e-07 -3.98882343e-07
98.304 -1.29601165e-07 -5.82718861e-07
98.475  2.33570956e-07 -5.39577605e-07
98.645  5.01878313e-07 -2.98446136e-07
98.816  5.69764727e-07  4.97949794e-08
98.987  4.23809918e-07  3.71602932e-07
99.157  1.22652639e-07  5.37230754e-07
99.328 -2.19091298e-07  4.93055434e-07
99.499 -4.61080661e-07  2.61936054e-07
99.669 -5.15333210e-07 -6.95192995e-08
99.840 -3.68421035e-07 -3.64226373e-07
100.011 -7.30732928e-08 -5.08566632e-07
100.181  2.49715772e-07 -4.55009437e-07
100.352  4.71586128e-07 -2.19718051e-07
100.523  5.15609143e-07  1.03259468e-07
100.693  3.61850782e-07  3.83128260e-07
100.864  6.94879517e-08  5.20641981e-07
101.035 -2.40857777e-07  4.63284677e-07
101.205 -4.56651228e-07  2.31144912e-07
101.376 -4.98998408e-07 -7.69265382e-08
101.547 -3.48810786e-07 -3.45374097e-07
101.717 -7.39485040e-08 -4.77206030e-07
101.888  2.17471077e-07 -4.18131973e-07
102.059  4.19728408e-07 -1.99300576e-07
102.229  4.50594370e-07  8.81255944e-08
102.400  3.02718504e-07  3.39084291e-07
102.571  4.25095511e-08  4.52783505e-07
102.741 -2.34296487e-07  3.85412545e-07
102.912 -4.18725181e-07  1.73073257e-07
103.083 -4.36004943e-07 -1.05283693e-07
103.253 -2.89061441e-07 -3.42868643e-07
103.424 -3.41917432e-08 -4.42258642e-07
103.595  2.33479332e-07 -3.73285950e-07
103.765  4.04160915e-07 -1.65604007e-07
103.936  4.17765446e-07  1.05207578e-07
104.107  2.75517770e-07  3.28225300e-07
104.277  2.78387684e-08  4.19550692e-07
104.448 -2.24128525e-07  3.52592447e-07
104.619 -3.81079350e-07  1.49670390e-07
104.789 -3.91486177e-07 -1.07253064e-07
104.960 -2.49286888e-07 -3.13286834e-07
105.131 -1.02401443e-08 -3.96848928e-07
105.301  2.25451638e-07 -3.25657062e-07
105.472  3.72677081e-07 -1.25215655e-07
105.643  3.77162771e-07  1.18636613e-07
105.813  2.33331440e-07  3.14907296e-07
105.984  4.57451629e-09  3.93112943e-07
106.155 -2.20397653e-07  3.18886093e-07
106.325 -3.61674759e-07  1.27534059e-07
106.496 -3.61117037e-07 -1.02448640e-07
106.667 -2.23381584e-07 -2.88849389e-07
106.837 -9.84354970e-09 -3.56727544e-07
107.008  2.01769054e-07 -2.80723985e-07
107.179  3.27655235e-07 -9.97867787e-08
107.349  3.15970817e-07  1.18869392e-07
107.520  1.79879110e-07  2.90655897e-07
107.691 -2.89648954e-08  3.43201539e-07
107.861 -2.32745934e-07  2.62783740e-07
108.032 -3.46353743e-07  8.16489987e-08
108.203 -3.30564973e-07 -1.35688616e-07
108.373 -1.95836853e-07 -3.00273707e-07
108.544  1.16461752e-08 -3.51347709e-07
108.715  2.08178823e-07 -2.77021766e-07
108.885  3.17769959e-07 -1.02111338e-07
109.056  3.07662180e-07  1.03089547e-07
109.227  1.80534621e-07  2.55223501e-07
109.397 -1.29255904e-08  3.03971378e-07
109.568 -1.90383713e-07  2.31198193e-07
109.739 -2.88629812e-07  6.43039001e-08
109.909 -2.71632020e-07 -1.23373551e-07
110.080 -1.42411136e-07 -2.61302851e-07
110.251  4.15284043e-08 -2.99524207e-07
110.421  2.08424927e-07 -2.17922622e-07
110.592  2.99003475e-07 -5.29782258e-08
110.763  2.73224817e-07  1.28631099e-07
110.933  1.43425346e-07  2.63370519e-07
111.104 -3.49156714e-08  2.96125339e-07
111.275 -1.99288553e-07  2.14457287e-07
111.445 -2.85540899e-07  5.73993710e-08
111.616 -2.58491034e-07 -1.18676036e-07
111.787 -1.37030817e-07 -2.47124930e-07
111.957  3.30835079e-08 -2.74461631e-07
112.128  1.89012229e-07 -1.97770993e-07
112.299  2.65194989e-07 -4.87279899e-08
112.469  2.37460926e-07  1.19005015e-07
112.640  1.21184389e-07  2.34957414e-07
112.811 -4.31554740e-08  2.56346436e-07
112.981 -1.87401655e-07  1.81325851e-07
113.152 -2.54580954e-07  3.46989995e-08
113.323 -2.26006539e-07 -1.24246569e-07
113.493 -1.09808132e-07 -2.30137685e-07
113.664  4.88785892e-08 -2.49142104e-07
113.835  1.82878296e-07 -1.73123550e-07
114.005  2.46160583e-07 -2.95207067e-08
114.176  2.15956233e-07  1.19410282e-07
114.347  1.00441947e-07  2.19470972e-07
114.517 -4.91831090e-08  2.35889045e-07
114.688 -1.75386412e-07  1.58024891e-07
114.859 -2.34757455e-07  2.11403667e-08
115.029 -2.00101904e-07 -1.19126028e-07
115.200 -8.76418177e-08 -2.14528046e-07
115.371  5.40342385e-08 -2.24995635e-07
115.541  1.75822586e-07 -1.46678631e-07
115.712  2.29393834e-07 -1.65182063e-08
115.883  1.91949863e-07  1.19438412e-07
116.053  8.52553601e-08  2.09630129e-07
116.224 -5.12746261e-08  2.15422667e-07
116.395 -1.67728315e-07  1.41362913e-07
116.565 -2.14291478e-07  1.72434628e-08
116.736 -1.77975282e-07 -1.12930210e-07
116.907 -7.67315249e-08 -1.93750468e-07
117.077  5.46408664e-08 -1.96140092e-07
117.248  1.60966956e-07 -1.24896472e-07
117.419  2.00126638e-07 -3.43046883e-09
117.589  1.63416058e-07  1.18734522e-07
117.760  6.17756610e-08  1.90764958e-07
117.931 -6.54389442e-08  1.91125586e-07
118.101 -1.63901542e-07  1.18212479e-07
118.272 -2.00998290e-07 -2.02299152e-09
118.443 -1.63437000e-07 -1.17356595e-07
118.613 -6.20833755e-08 -1.86906298e-07
118.784  5.82754444e-08 -1.87367085e-07
118.955  1.52171693e-07 -1.14493034e-07
119.125  1.88615016e-07 -1.19599063e-09
119.296  1.49772796e-07  1.06689849e-07
119.467  5.36728576e-08  1.73245324e-07
119.637 -5.77981175e-08  1.69811823e-07
119.808 -1.46720824e-07  9.82590116e-08
119.979 -1.77133824e-07 -7.44782952e-09
120.149 -1.35239220e-07 -1.10294438e-07
120.320 -4.38098316e-08 -1.70828692e-07
120.491  6.38153903e-08 -1.61681916e-07
120.661  1.48412111e-07 -9.21930317e-08
120.832  1.72451669e-07  1.05004858e-08
121.003  1.30900204e-07  1.10724084e-07
121.173  4.25526802e-08  1.65097451e-07
121.344 -6.31713966e-08  1.54738426e-07
121.515 -1.41748521e-07  8.85157457e-08
121.685 -1.62446801e-07 -1.23479733e-08
121.856 -1.23368455e-07 -1.06752433e-07
122.027 -3.64371599e-08 -1.55399223e-07
122.197  6.45771046e-08 -1.45660075e-07
122.368  1.36004011e-07 -7.98732468e-08
122.539  1.55453301e-07  1.83836033e-08
122.709  1.16114069e-07  1.05701555e-07
122.880  2.97832904e-08  1.51821197e-07
123.051 -6.49314005e-08  1.41833728e-07
123.221 -1.32606098e-07  7.55187458e-08
123.392 -1.51769008e-07 -1.72221146e-08
123.563 -1.11198753e-07 -9.90831533e-08
123.733 -2.92722342e-08 -1.43897962e-07
123.904  5.83675041e-08 -1.31457634e-07
124.075  1.22919335e-07 -6.71707831e-08
124.245  1.37841147e-07  1.84314872e-08
124.416  9.55922966e-08  9.60450654e-08
124.587  1.85754255e-08  1.35705177e-07
124.757 -6.55377292e-08  1.18298520e-07
124.928 -1.26215424e-07  5.58061737e-08
125.099 -1.35289056e-07 -2.78323702e-08
125.269 -9.30241803e-08 -1.04116064e-07
125.440 -1.76660036e-08 -1.39189366e-07
125.611  6.65001035e-08 -1.21539714e-07
125.781  1.23763601e-07 -6.20859894e-08
125.952  1.32094282e-07  2.07377854e-08
126.123  9.40036991e-08  9.31920710e-08
126.293  2.10855022e-08  1.25199840e-07
126.464 -5.82260845e-08  1.10507678e-07
126.635 -1.09164911e-07  5.35425111e-08
126.805 -1.17139301e-07 -2.50145141e-08
126.976 -7.96451866e-08 -8.94975742e-08
127.147 -8.24280926e-09 -1.18151913e-07
127.317  6.42684922e-08 -1.02175941e-07
127.488  1.10826864e-07 -4.37125879e-08
127.659  1.17239354e-07  3.06527319e-08
127.829  7.68806295e-08  9.09908303e-08
128.000  7.53327669e-09  1.18843258e-07
128.171 -6.08611211e-08  1.00224771e-07
128.341 -1.06916288e-07  4.25561508e-08
128.512 -1.11236153e-07 -2.72157413e-08
128.683 -7.05244659e-08 -8.63168366e-08
128.853 -5.92356748e-09 -1.12186549e-07
129.024  6.00877553e-08 -9.16873409e-08
129.195  1.04059644e-07 -3.79114478e-08
129.365  1.04962050e-07  2.86804594e-08
129.536  6.64477791e-08  8.58061282e-08
129.707  5.31007080e-09  1.07257312e-07
129.877 -5.90043112e-08  8.68913316e-08
130.048 -9.82027563e-08  3.63784810e-08
130.219 -9.70728304e-08 -2.88686261e-08
130.389 -6.10267198e-08 -8.15443502e-08
130.560 -7.07264836e-10 -9.90889416e-08
130.731  6.02647618e-08 -7.99678246e-08
130.901  9.45062066e-08 -2.97166624e-08
131.072  9.34188444e-08  3.37929175e-08
131.243  5.74186255e-08  8.13942475e-08
131.413 -2.63816524e-09  9.79753010e-08
131.584 -5.89991040e-08  7.90836918e-08
131.755 -9.12794218e-08  2.81488278e-08
131.925 -9.06301161e-08 -3.14640743e-08
132.096 -5.34462140e-08 -7.59680228e-08
132.267  3.68443100e-09 -9.27913903e-08
132.437  5.59113806e-08 -7.23552236e-08
132.608  8.78079065e-08 -2.29488352e-08
132.779  8.53445446e-08  3.20686503e-08
132.949  4.80194442e-08  7.54607083e-08
133.120 -4.77302371e-09  9.04936798e-08
133.291 -5.51870918e-08  6.84223285e-08
133.461 -8.55249770e-08  2.25850823e-08
133.632 -8.02594166e-08 -2.98781892e-08
133.803 -4.52286351e-08 -7.18508993e-08
133.973  4.49727838e-09 -8.31509607e-08
134.144  5.36140296e-08 -6.14998165e-08
134.315  7.97607943e-08 -1.85708549e-08
134.485  7.28319667e-08  3.30271886e-08
134.656  3.99276113e-08  7.12579543e-08
134.827 -9.60448358e-09  7.93625497e-08
134.997 -5.62945724e-08  5.89836011e-08
135.168 -7.86624188e-08  1.59004057e-08
135.339 -7.24528287e-08 -3.47378100e-08
135.509 -3.97665615e-08 -6.91984809e-08
135.680  9.68331998e-09 -7.74635335e-08
135.851  5.26163626e-08 -5.80074789e-08
136.021  7.40276176e-08 -1.46986360e-08
136.192  6.89649075e-08  3.22224750e-08
136.363  3.57230368e-08  6.41436649e-08
136.533 -1.06321155e-08  7.30217179e-08
136.704 -4.97326129e-08  5.24026073e-08
136.875 -7.09148320e-08  1.07518204e-08
137.045 -6.41624052e-08 -3.19318263e-08
137.216 -3.07657812e-08 -6.29847185e-08
137.387  1.18027865e-08 -7.01661540e-08
137.557  4.96720766e-08 -4.78856402e-08
137.728  6.96826261e-08 -9.15355015e-09
137.899  6.04330347e-08  3.19272022e-08
138.069  2.90038490e-08  6.24233373e-08
138.240 -1.14004245e-08  6.67899886e-08
138.411 -4.89823677e-08  4.53825257e-08
138.581 -6.60713643e-08  9.30735893e-09
138.752 -5.62947711e-08 -3.14199891e-08
138.923 -2.75143851e-08 -5.90869574e-08
139.093  1.24391668e-08 -6.13903585e-08
139.264  4.76919456e-08 -4.19955353e-08
139.435  6.15066040e-08 -6.33108526e-09
139.605  5.27389804e-08  3.30329233e-08
139.776  2.43163999e-08  5.69257413e-08
139.947 -1.54161651e-08  5.92424428e-08
140.117 -4.71027218e-08  4.03735387e-08
140.288 -6.00689841e-08  4.10087503e-09
140.459 -5.21770721e-08 -3.22430793e-08
140.629 -2.28529352e-08 -5.43625111e-08
140.800  1.44784042e-08 -5.76579449e-08
140.971  4.33286378e-08 -3.78471403e-08
141.141  5.67938727e-08 -3.12641053e-09
141.312  4.78130273e-08  2.95771367e-08
141.483  1.87383279e-08  5.13440958e-08
141.653 -1.49357438e-08  5.33676590e-08
141.824 -4.27403152e-08  3.22788118e-08
141.995 -5.51040435e-08  3.78971527e-10
142.165 -4.37274912e-08 -3.09900602e-08
142.336 -1.62922538e-08 -5.23165104e-08
142.507  1.58764152e-08 -5.16804480e-08
142.677  4.39505143e-08 -3.12451612e-08
142.848  5.40204706e-08 -1.26960329e-09
143.019  4.25018445e-08  3.05297485e-08
143.189  1.74923699e-08  4.99760435e-08
143.360 -1.46631755e-08  4.82255655e-08
143.531 -4.10995171e-08  3.02259768e-08
143.701 -4.88554112e-08  8.10601662e-10
143.872 -3.89967036e-08 -2.97029671e-08
144.043 -1.47669321e-08 -4.58658974e-08
144.213  1.68308826e-08 -4.45126517e-08
144.384  3.97464868e-08 -2.72245650e-08
144.555  4.66973085e-08  2.57256159e-09
144.725  3.75028984e-08  3.01138933e-08
144.896  1.22011229e-08  4.46084000e-08
145.067 -1.73759004e-08  4.39968616e-08
145.237 -3.80005095e-08  2.54602698e-08
145.408 -4.56536174e-08 -3.30973936e-09
145.579 -3.53952983e-08 -2.80804823e-08
145.749 -1.01446270e-08 -4.29026989e-08
145.920  1.64831446e-08 -4.15157681e-08
146.091  3.68213593e-08 -2.20619052e-08
146.261  4.40307606e-08  4.06470408e-09
146.432  3.20626921e-08  2.79258005e-08
146.603  8.72562251e-09  4.27023322e-08
146.773 -1.64577764e-08  3.92124105e-08
146.944 -3.71050736e-08  2.07481840e-08
147.115 -4.22506863e-08 -3.46934322e-09
147.285 -3.03096450e-08 -2.77359310e-08
147.456 -9.20825297e-09 -4.07358739e-08
147.627  1.61372905e-08 -3.62709665e-08
147.797  3.53743838e-08 -2.00029270e-08
147.968  3.85413135e-08  3.98014891e-09
148.139  2.82316954e-08  2.73111962e-08
148.309  7.66691402e-09  3.75728401e-08
148.480 -1.73974723e-08  3.37849738e-08
148.651 -3.36639069e-08  1.82078927e-08
148.821 -3.64724744e-08 -6.21768165e-09
148.992 -2.69473264e-08 -2.69374469e-08
149.163 -5.38742066e-09 -3.59593407e-08
149.333  1.78517970e-08 -3.30340861e-08
149.504  3.22413286e-08 -1.62701254e-08
149.675  3.59198210e-08  7.28046020e-09
149.845  2.54130222e-08  2.57211168e-08
150.016  3.84776362e-09  3.54260047e-08
150.187 -1.69140572e-08  3.19817495e-08
150.357 -3.15018652e-08  1.45130274e-08
150.528 -3.51374523e-08 -6.59577054e-09
150.699 -2.33904705e-08 -2.44802913e-08
150.869 -3.89200843e-09 -3.44267421e-08
151.040  1.55006311e-08 -2.93185716e-08
151.211  3.03884504e-08 -1.31090141e-08
151.381  3.20966296e-08  6.07583812e-09
151.552  2.04562461e-08  2.42362546e-08
151.723  2.98314141e-09  3.23366663e-08
151.893 -1.66971993e-08  2.61782919e-08
152.064 -3.02777636e-08  1.17374186e-08
152.235 -3.01412793e-08 -7.68274687e-09
152.405 -1.98791510e-08 -2.53477259e-08
152.576 -2.47257815e-09 -3.12646005e-08
152.747  1.74314405e-08 -2.60224649e-08
152.917  2.87889485e-08 -1.21784382e-08
153.088  2.89199610e-08  7.86884191e-09
153.259  1.97419363e-08  2.34396210e-08
153.429  1.56730109e-09  2.87426424e-08
153.600 -1.65902298e-08  2.47550151e-08
153.771 -2.64165332e-08  1.01090385e-08
153.941 -2.76216848e-08 -8.85406863e-09
154.112 -1.76952758e-08 -2.22521256e-08
154.283  2.77429294e-10 -2.82550049e-08
154.453  1.60442940e-08 -2.37568013e-08
154.624  2.61017498e-08 -8.48115288e-09
154.795  2.72024899e-08  8.22719363e-09
154.965  1.60597990e-08  2.12712916e-08
155.136 -6.38777431e-11  2.75582046e-08
155.307 -1.48110425e-08  2.15104080e-08
155.477 -2.53604520e-08  7.40509396e-09
155.648 -2.47923762e-08 -7.71992665e-09
155.819 -1.38974240e-08 -2.12798313e-08
155.989  3.80226588e-10 -2.60274551e-08
156.160  1.55666007e-08 -1.92369745e-08
156.331  2.50094416e-08 -6.88809349e-09
156.501  2.29065127e-08  8.52368721e-09
156.672  1.34319206e-08  2.16461585e-08
156.843 -8.39806148e-10  2.44415361e-08
157.013 -1.62703712e-08  1.86060181e-08
157.184 -2.37019404e-08  6.72060933e-09
157.355 -2.19748623e-08 -9.39319568e-09
157.525 -1.34591618e-08 -2.06810209e-08
157.696  1.66342428e-09 -2.31284035e-08
157.867  1.55906247e-08 -1.85584635e-08
158.037  2.18562275e-08 -5.89553655e-09
158.208  2.13417374e-08  9.21661665e-09
158.379  1.21966510e-08  1.86209079e-08
158.549 -2.63722494e-09  2.18854612e-08
158.720 -1.43278222e-08  1.68534156e-08
158.891 -2.08711218e-08  3.63695098e-09
159.061 -2.01608592e-08 -9.38667031e-09
159.232 -9.74941185e-09 -1.85800019e-08
159.403  3.52588219e-09 -2.20770967e-08
159.573  1.45889804e-08 -1.54631058e-08
159.744  2.18304860e-08 -3.15280619e-09
159.915  1.96684355e-08  8.80257005e-09
160.085  9.54843989e-09  1.89304026e-08
160.256 -2.19110132e-09  2.13525732e-08
160.427 -1.40239762e-08  1.44207597e-08
160.597 -2.05777067e-08  3.94393225e-09
160.768 -1.74239313e-08 -8.31328307e-09
160.939 -9.02433467e-09 -1.80960524e-08
161.109  2.51102511e-09 -1.88913236e-08
161.280  1.43875842e-08 -1.31268180e-08
161.451  1.89651373e-08 -3.23049204e-09
161.621  1.61967746e-08  9.51486422e-09
161.792  8.63849169e-09  1.74072529e-08
161.963 -3.73513693e-09  1.78124714e-08
162.133 -1.41705305e-08  1.30747173e-08
162.304 -1.76963869e-08  2.23743033e-09
162.475 -1.60095493e-08 -9.70435997e-09
162.645 -7.66769394e-09 -1.60352032e-08
162.816  4.59663857e-09 -1.73607919e-08
162.987  1.31834767e-08 -1.21624121e-08
163.157  1.72563892e-08 -7.65728127e-10
163.328  1.55102869e-08  9.34915818e-09
163.499  6.07370823e-09  1.57382314e-08
163.669 -4.69349357e-09  1.74328521e-08
163.840 -1.28238814e-08  1.08676979e-08
164.011 -1.76360401e-08  4.37617480e-10
164.181 -1.45646689e-08 -8.72045634e-09
164.352 -5.48056831e-09 -1.60276456e-08
164.523  3.90066986e-09 -1.66769291e-08
164.693  1.28484003e-08 -9.82681779e-09
164.864  1.70077222e-08 -1.02483570e-09
165.035  1.30313086e-08  8.60322249e-09
165.205  5.51092997e-09  1.56753225e-08
165.376 -3.87790867e-09  1.48974968e-08
165.547 -1.30038837e-08  9.20393922e-09
165.717 -1.54394737e-08  8.24859627e-10
165.888 -1.19622485e-08 -9.37601024e-09
166.059 -5.18225804e-09 -1.47691577e-08
166.229  5.09572155e-09 -1.37678643e-08
166.400  1.29445682e-08 -9.01747958e-09
166.571  1.45445590e-08  3.79009306e-10
166.741  1.21165031e-08  9.94107704e-09
166.912  4.46999348e-09  1.40818041e-08
167.083 -5.84373093e-09  1.41114493e-08
167.253 -1.22112845e-08  8.91090092e-09
167.424 -1.46247832e-08 -1.06221989e-09
167.595 -1.22830292e-08 -9.07478705e-09
167.765 -3.70897210e-09 -1.35671082e-08
167.936  5.17621051e-09 -1.41411319e-08
168.107  1.12667695e-08 -7.81888757e-09
168.277  1.44844976e-08  1.10009669e-09
168.448  1.09648605e-08  8.23259600e-09
168.619  2.82283918e-09  1.35992578e-08
168.789 -4.79009513e-09  1.31231402e-08
168.960 -1.16996912e-08  6.49970130e-09
169.131 -1.42297636e-08 -1.03597615e-09
169.301 -9.77624529e-09 -8.83369247e-09
169.472 -2.89778533e-09 -1.40732171e-08
169.643  5.09771428e-09 -1.22980368e-08
169.813  1.24869460e-08 -6.67600898e-09
169.984  1.36600792e-08  8.10134432e-10
170.155  9.84931543e-09  9.54916953e-09
170.325  3.53751111e-09  1.36171309e-08
170.496 -5.59599171e-09  1.20379496e-08
170.667 -1.21608556e-08  7.44623740e-09
170.837 -1.30329999e-08 -1.09748794e-09
171.008 -1.05364706e-08 -9.46252342e-09
171.179 -3.47716863e-09 -1.27745850e-08
171.349  5.77216515e-09 -1.25606288e-08
171.520  1.12695616e-08 -7.70459058e-09
171.691  1.33359614e-08  1.38383850e-09
171.861  1.11663675e-08  8.55986184e-09
172.032  3.31063333e-09  1.27016842e-08
172.203 -4.79593054e-09  1.34101699e-08
172.373 -1.05918768e-08  7.75339144e-09
172.544 -1.40368597e-08 -3.55473004e-10
172.715 -1.12949916e-08 -7.18269690e-09
172.885 -4.17907943e-09 -1.28883085e-08
173.056  2.90878987e-09 -1.34082712e-08
173.227  1.01134288e-08 -8.21034408e-09
173.397  1.38048061e-08 -1.70185206e-09
173.568  1.12401891e-08  6.03833743e-09
173.739  6.12501772e-09  1.23598443e-08
173.909 -1.09397285e-09  1.28064806e-08
174.080 -9.09493886e-09  9.76247893e-09
174.251 -1.24889536e-08  4.08515547e-09
174.421 -1.19308308e-08 -4.33749346e-09
174.592 -8.62141750e-09 -1.01179297e-08
174.763 -1.16222503e-09 -1.20727180e-08
174.933  5.98570071e-09 -1.15897064e-08
175.104  1.00231897e-08 -6.35468878e-09
175.275  1.23203750e-08  8.46304902e-10
175.445  1.01776441e-08  6.11680237e-09
175.616  4.27509957e-09  1.06052077e-08
175.787 -1.11032746e-09  1.18261414e-08
175.957 -6.74572677e-09  8.32680526e-09
176.128 -1.09256690e-08  3.99017560e-09
176.299 -1.04547171e-08 -1.48265313e-09
176.469 -8.14614102e-09 -7.59753554e-09
176.640 -4.17596052e-09 -1.01592125e-08
176.811  2.38870580e-09 -1.04752976e-08
176.981  7.31477002e-09 -9.13869801e-09
177.152  1.03054330e-08 -3.83886848e-09
177.323  1.22827749e-08  2.15326407e-09
177.493  9.88455497e-09  7.20555867e-09
177.664  4.58164679e-09  1.24966140e-08
177.835 -1.24650418e-09  1.41867257e-08
178.005 -9.01545076e-09  1.14562707e-08
178.176 -1.51623871e-08  6.65097501e-09
178.347 -1.65692669e-08 -1.92977174e-09
178.517 -1.47573209e-08 -1.18301613e-08
178.688 -7.64572784e-09 -1.81620117e-08
178.859  4.18941915e-09 -2.10264341e-08
179.029  1.51056492e-08 -1.78769540e-08
179.200  2.35646036e-08 -6.84186487e-09
179.371  2.65603466e-08  7.03096648e-09
179.541  1.95510346e-08  2.08323725e-08
179.712  5.55199039e-09  3.12799960e-08
179.883 -1.19202307e-08  3.13956806e-08
180.053 -2.97273855e-08  2.09328578e-08
180.224 -3.92000569e-08  2.87295536e-09
180.395 -3.61096496e-08 -2.04544921e-08
180.565 -2.16107449e-08 -3.99217688e-08
180.736  3.61611106e-09 -4.73518735e-08
180.907  3.15894093e-08 -4.09410729e-08
181.077  5.11022356e-08 -1.88543391e-08
181.248  5.67521427e-08  1.38377064e-08
181.419  4.35110271e-08  4.46744313e-08
181.589  1.19039930e-08  6.47855398e-08
181.760 -2.67815214e-08  6.57075505e-08
181.931 -6.12651347e-08  4.22500466e-08
182.101 -8.00640161e-08  1.82633314e-09
182.272 -7.18941137e-08 -4.38303985e-08
182.443 -3.78225284e-08 -8.14309234e-08
182.613  1.25800483e-08 -9.42685159e-08
182.784  6.62217522e-08 -7.53741110e-08
182.955  1.02813465e-07 -2.93272282e-08
183.125  1.06946576e-07  3.35804828e-08
183.296  7.57595331e-08  9.24122328e-08
183.467  1.39275280e-08  1.24548200e-07
183.637 -6.06904728e-08  1.18253644e-07
183.808 -1.21209626e-07  7.01015514e-08
183.979 -1.47164029e-07 -9.11489559e-09
184.149 -1.25490433e-07 -9.26684205e-08
184.320 -5.63669123e-08 -1.53412755e-07
184.491  3.89529525e-08 -1.68645516e-07
184.661  1.30599011e-07 -1.25594924e-07
184.832  1.88158240e-07 -3.47058366e-08
185.003  1.85503217e-07  7.68818449e-08
185.173  1.17965132e-07  1.74996207e-07
185.344  3.80953519e-09  2.22176751e-07
185.515 -1.24699598e-07  1.96417585e-07
185.685 -2.23358581e-07  1.01395443e-07
185.856 -2.53530489e-07 -3.91801945e-08
186.027 -2.00281104e-07 -1.81193609e-07
186.197 -7.22456784e-08 -2.73453245e-07
186.368  9.47924270e-08 -2.81260204e-07
186.539  2.44403259e-07 -1.93114753e-07
186.709  3.24670548e-07 -2.80854203e-08
186.880  3.01691695e-07  1.61930544e-07
187.051  1.70868245e-07  3.14301040e-07
187.221 -3.12496805e-08  3.74308776e-07
187.392 -2.41280316e-07  3.09782934e-07
187.563 -3.89655574e-07  1.31950912e-07
187.733 -4.17133531e-07 -1.07209661e-07
187.904 -3.02558606e-07 -3.33377633e-07
188.075 -7.41222364e-08 -4.65934610e-07
188.245  2.02223144e-07 -4.49102225e-07
188.416  4.35318399e-07 -2.77057243e-07
188.587  5.38677664e-07  6.83121201e-09
188.757  4.66800638e-07  3.15794209e-07
188.928  2.27698083e-07  5.43111995e-07
189.099 -1.13246938e-07  6.04486073e-07
189.269 -4.45337547e-07  4.63984869e-07
189.440 -6.53968121e-07  1.49358461e-07
189.611 -6.57344154e-07 -2.44741259e-07
189.781 -4.33288457e-07 -5.89299225e-07
189.952 -3.97184932e-08 -7.63057904e-07
190.123  4.01573446e-07 -6.88626045e-07
190.293  7.44954019e-07 -3.69609753e-07
190.464  8.61832461e-07  1.03711774e-07
190.635  6.90902525e-07  5.83871312e-07
190.805  2.68118670e-07  9.05351578e-07
190.976 -2.84328573e-07  9.41537517e-07
191.147 -7.87724365e-07  6.57314418e-07
191.317 -1.06182632e-06  1.22199499e-07
191.488 -9.94015077e-07 -5.02355505e-07
191.659 -5.78559454e-07 -1.00617161e-06
191.829  7.30740203e-08 -1.20602471e-06
192.000  7.54141435e-07 -1.00828327e-06
192.171  1.23207965e-06 -4.45122361e-07
192.341  1.32675166e-06  3.18669276e-07
192.512  9.71173259e-07  1.03532403e-06
192.683  2.50763788e-07  1.45583696e-06
192.853 -6.14346764e-07  1.40893093e-06
193.024 -1.33969268e-06  8.71438533e-07
193.195 -1.66275898e-06 -9.21619702e-09
193.365 -1.43751189e-06 -9.58785342e-07
193.536 -6.99337105e-07 -1.65542394e-06
193.707  3.39319814e-07 -1.83597189e-06
193.877  1.34533671e-06 -1.39837397e-06
194.048  1.96640186e-06 -4.44291574e-07
194.219  1.95848318e-06  7.39951230e-07
194.389  1.27549002e-06  1.76158652e-06
194.560  9.78012113e-08  2.25513138e-06
194.731 -1.20522669e-06  2.01049787e-06
194.901 -2.19249934e-06  1.05247359e-06
195.072 -2.50069341e-06 -3.42849699e-07
195.243 -1.96936357e-06 -1.72557334e-06
195.413 -7.17193635e-07 -2.61923212e-06
195.584  8.76046408e-07 -2.67700463e-06
195.755  2.28750615e-06 -1.81417919e-06
195.925  3.01596940e-06 -2.61730026e-07
196.096  2.75653442e-06  1.49660087e-06
196.267  1.52718229e-06  2.86964037e-06
196.437 -3.19166372e-07  3.35210892e-06
196.608 -2.19165065e-06  2.71296145e-06
196.779 -3.44295023e-06  1.09186977e-06
196.949 -3.59575082e-06 -1.02446464e-06
197.120 -2.51944329e-06 -2.93882533e-06
197.291 -4.95622261e-07 -3.97436971e-06
197.461  1.84310539e-06 -3.71245700e-06
197.632  3.70915192e-06 -2.14986197e-06
197.803  4.42621663e-06  2.65221876e-07
197.973  3.66493086e-06  2.75556379e-06
198.144  1.58437233e-06  4.46719883e-06
198.315 -1.18517523e-06  4.75441689e-06
198.485 -3.73458387e-06  3.41812418e-06
198.656 -5.16816373e-06  8.11473005e-07
198.827 -4.91228858e-06 -2.25061693e-06
198.997 -2.94293128e-06 -4.74157421e-06
199.168  1.72931608e-07 -5.75962684e-06
199.339  3.43604617e-06 -4.85524815e-06
199.509  5.72598310e-06 -2.21565784e-06
199.680  6.18646953e-06  1.36218659e-06
199.851  4.54097304e-06  4.70112179e-06
200.021  1.22058326e-06  6.62953700e-06
200.192 -2.73394166e-06  6.39185411e-06
200.363 -5.99331068e-06  3.93096524e-06
200.533 -7.38786154e-06 -4.37602943e-08
200.704 -6.31764539e-06 -4.25049124e-06
200.875 -2.99720225e-06 -7.24972753e-06
201.045  1.56235728e-06 -7.92971907e-06
201.216  5.86036349e-06 -5.91033540e-06
201.387  8.39535976e-06 -1.72669572e-06
201.557  8.18127617e-06  3.30461100e-06
201.728  5.12733231e-06  7.49586253e-06
201.899  1.21716101e-07  9.34505524e-06
202.069 -5.22148456e-06  8.07325092e-06
202.240 -9.07240568e-06  3.93864964e-06
202.411 -1.00103578e-05 -1.79713299e-06
202.581 -7.54404877e-06 -7.24211707e-06
202.752 -2.32996347e-06 -1.04937574e-05
202.923  3.98520074e-06 -1.03036660e-05
203.093  9.27640966e-06 -6.54251160e-06
203.264  1.16565635e-05 -3.09840819e-07
203.435  1.01404726e-05  6.37313079e-06
203.605  5.03567622e-06  1.12191703e-05
203.776 -2.08619844e-06  1.24519707e-05
203.947 -8.86973318e-06  9.44664944e-06
204.117 -1.29509505e-05  3.01591872e-06
204.288 -1.27714310e-05 -4.79642653e-06
204.459 -8.16777249e-06 -1.13617992e-05
204.629 -5.02861690e-07 -1.43414675e-05
204.800  7.73153938e-06 -1.25168139e-05
204.971  1.37145921e-05 -6.27371475e-06
205.141  1.52589426e-05  2.45405661e-06
205.312  1.16072850e-05  1.07721213e-05
205.483  3.76237338e-06  1.57789530e-05
205.653 -5.77027132e-06  1.55784856e-05
205.824 -1.37722734e-05  9.98409197e-06
205.995 -1.73999949e-05  6.67239970e-07
206.165 -1.51876168e-05 -9.32536854e-06
206.336 -7.61955018e-06 -1.65671201e-05
206.507  2.93730062e-06 -1.84227484e-05
206.677  1.29679579e-05 -1.39955386e-05
206.848  1.89778328e-05 -4.52637410e-06
207.019  1.87005503e-05  6.93712053e-06
207.189  1.19453415e-05  1.65193281e-05
207.360  7.60862380e-07  2.08181106e-05
207.531 -1.11799044e-05  1.81085444e-05
207.701 -1.97771795e-05  9.02156343e-06
207.872 -2.19071221e-05 -3.57590968e-06
208.043 -1.65549480e-05 -1.54755154e-05
208.213 -5.25449054e-06 -2.25260744e-05
208.384  8.33483146e-06 -2.20830857e-05
208.555  1.96022801e-05 -1.39883609e-05
208.725  2.45514309e-05 -7.26847048e-07
208.896  2.12130130e-05  1.33197566e-05
209.067  1.04072865e-05  2.33192911e-05
209.237 -4.42149491e-06  2.56507026e-05
209.408 -1.82960819e-05  1.92041397e-05
209.579 -2.63776414e-05  5.87023286e-06
209.749 -2.56455106e-05 -9.99669576e-06
209.920 -1.60183293e-05 -2.30003929e-05
210.091 -4.98910862e-07 -2.85318447e-05
210.261  1.57573747e-05 -2.43985868e-05
210.432  2.71497494e-05 -1.16817070e-05
210.603  2.95571453e-05  5.52363336e-06
210.773  2.18289512e-05  2.14205061e-05
210.944  6.28820276e-06  3.04570830e-05
211.115 -1.19545487e-05  2.92684944e-05
211.285 -2.66727745e-05  1.79210657e-05
211.456 -3.26515318e-05  2.98078013e-09
211.627 -2.75347005e-05 -1.84967608e-05
211.797 -1.27332786e-05 -3.11894109e-05
211.968  6.93631302e-06 -3.34961150e-05
212.139  2.48134627e-05 -2.42912956e-05
212.309  3.46532160e-05 -6.40606690e-06
212.480  3.28038071e-05  1.42273395e-05
212.651  1.95550163e-05  3.05459257e-05
212.821 -8.37534215e-07  3.67721571e-05
212.992 -2.15170468e-05  3.04567076e-05
213.163 -3.53306145e-05  1.34329216e-05
213.333 -3.73010566e-05 -8.69972995e-06
213.504 -2.64231666e-05 -2.84161333e-05
213.675 -6.12250801e-06 -3.88207993e-05
213.845  1.68176778e-05 -3.60648775e-05
214.016  3.45178390e-05 -2.07665584e-05
214.187  4.07131483e-05  2.09154809e-06
214.357  3.29756787e-05  2.47769355e-05
214.528  1.36494782e-05  3.94243825e-05
214.699 -1.08435644e-05  4.07711743e-05
214.869 -3.21341690e-05  2.80443857e-05
215.040 -4.27741817e-05  5.33593985e-06
215.211 -3.88437606e-05 -1.97026226e-05
215.381 -2.13915126e-05 -3.84447226e-05
215.552  3.81501040e-06 -4.42654035e-05
215.723  2.81967386e-05 -3.48835663e-05
215.893  4.32886272e-05 -1.32514937e-05
216.064  4.36802244e-05  1.33664835e-05
216.235  2.89620366e-05  3.58381716e-05
216.405  3.96532596e-06  4.62980515e-05
216.576 -2.28250187e-05  4.09090352e-05
216.747 -4.21508887e-05  2.12735220e-05
216.917 -4.71879619e-05 -6.03360323e-06
217.088 -3.59662119e-05 -3.16647550e-05
217.259 -1.21305913e-05 -4.67040316e-05
217.429  1.62373124e-05 -4.57821708e-05
217.600  3.93595648e-05 -2.89962804e-05
217.771  4.91453982e-05 -1.95511653e-06
217.941  4.20304061e-05  2.60898899e-05
218.112  2.02754595e-05  4.54199443e-05
218.283 -8.73933575e-06  4.92280201e-05
218.453 -3.50231005e-05  3.60206952e-05
218.624 -4.94263525e-05  1.02056422e-05
218.795 -4.68324933e-05 -1.93771061e-05
218.965 -2.79861050e-05 -4.24926912e-05
219.136  7.05052215e-07 -5.10593858e-05
219.307  2.93552664e-05 -4.19861293e-05
219.477  4.80132459e-05 -1.82984737e-05
219.648  5.01294516e-05  1.18710386e-05
219.819  3.48712951e-05  3.80792217e-05
219.989  7.44980102e-06  5.11951190e-05
220.160 -2.26613696e-05  4.65992685e-05
220.331 -4.50026601e-05  2.58199384e-05
220.501 -5.17787933e-05 -3.97233106e-06
220.672 -4.05929775e-05 -3.24380112e-05
220.843 -1.52998721e-05 -4.96699002e-05
221.013  1.53167462e-05 -4.96582653e-05
221.184  4.06011710e-05 -3.23955456e-05
221.355  5.17513913e-05 -3.89309847e-06
221.525  4.48943785e-05  2.59114102e-05
221.696  2.24443283e-05  4.66330602e-05
221.867 -7.73891153e-06  5.10701258e-05
222.037 -3.51103407e-05  3.77210445e-05
222.208 -5.01348992e-05  1.13069075e-05
222.379 -4.76222494e-05 -1.88995502e-05
222.549 -2.85387271e-05 -4.23373388e-05
222.720  3.55020504e-07 -5.08599877e-05
222.891  2.89026601e-05 -4.15874490e-05
223.061  4.71281013e-05 -1.78914165e-05
223.232  4.87402210e-05  1.18277197e-05
223.403  3.33224288e-05  3.71191053e-05
223.573  6.43328393e-06  4.91700876e-05
223.744 -2.23912114e-05  4.38975207e-05
223.915 -4.30255398e-05  2.33406938e-05
224.085 -4.83311620e-05 -5.11106851e-06
224.256 -3.66397655e-05 -3.13713739e-05
224.427 -1.22835763e-05 -4.62473854e-05
224.597  1.59959810e-05 -4.46729168e-05
224.768  3.81925213e-05 -2.74462715e-05
224.939  4.65887563e-05 -8.79452398e-07
225.109  3.84527570e-05  2.55108359e-05
225.280  1.69405483e-05  4.24210808e-05
225.451 -1.01091966e-05  4.40514564e-05
225.621 -3.30328581e-05  3.01136137e-05
225.792 -4.37998969e-05  5.84695623e-06
225.963 -3.88431422e-05 -1.99418277e-05
226.133 -2.02556038e-05 -3.80733692e-05
226.304  5.06209687e-06 -4.22742657e-05
226.475  2.79532420e-05 -3.13677269e-05
226.645  4.03190887e-05 -9.59282862e-06
226.816  3.80026730e-05  1.50209338e-05
226.987  2.21972406e-05  3.36057698e-05
227.157 -1.09663522e-06  3.96623877e-05
227.328 -2.33279952e-05  3.13475479e-05
227.499 -3.65358834e-05  1.20323765e-05
227.669 -3.62126303e-05 -1.10270103e-05
227.840 -2.28511391e-05 -2.94037071e-05
228.011 -1.65358663e-06 -3.65854491e-05
228.181  1.94674713e-05 -3.02905980e-05
228.352  3.28386075e-05 -1.31995138e-05
228.523  3.38159464e-05  8.13925052e-06
228.693  2.24095900e-05  2.58020326e-05
228.864  3.17146179e-06  3.34264115e-05
229.035 -1.65918544e-05  2.85090508e-05
229.205 -2.95783607e-05  1.32394789e-05
229.376 -3.11843771e-05 -6.42429266e-06
229.547 -2.11500835e-05 -2.30551413e-05
229.717 -3.55343074e-06 -3.05460955e-05
229.888  1.48131489e-05 -2.63582436e-05
230.059  2.70377118e-05 -1.23905662e-05
230.229  2.86829843e-05  5.83357589e-06
230.400  1.94052366e-05  2.13158941e-05
230.571  2.99627276e-06  2.82505137e-05
230.741 -1.41283693e-05  2.42006568e-05
230.912 -2.54071747e-05  1.09577191e-05
231.083 -2.66351380e-05 -6.21197343e-06
231.253 -1.75283633e-05 -2.06256311e-05
231.424 -1.77483449e-06 -2.67635128e-05
231.595  1.44248410e-05 -2.23700153e-05
231.765  2.47705664e-05 -9.28088343e-06
231.936  2.52918819e-05  7.31734954e-06
232.107  1.58584027e-05  2.09150230e-05
232.277  2.11858648e-07  2.62072510e-05
232.448 -1.54964863e-05  2.11395115e-05
232.619 -2.51004576e-05  7.70001330e-06
232.789 -2.48096997e-05 -8.84915561e-06
232.960 -1.46869962e-05 -2.20153848e-05
233.131  1.35723732e-06 -2.65938434e-05
233.301  1.70686304e-05 -2.06974002e-05
233.472  2.62651372e-05 -6.52016103e-06
233.643  2.52392112e-05  1.04817468e-05
233.813  1.42305532e-05  2.36793974e-05
233.984 -2.61976155e-06  2.78291359e-05
234.155 -1.88284263e-05  2.11312564e-05
234.325 -2.80466638e-05  5.98070708e-06
234.496 -2.65245893e-05 -1.18986954e-05
234.667 -1.46100090e-05 -2.56099798e-05
234.837  3.31731530e-06 -2.97274127e-05
235.008  2.04589333e-05 -2.24222055e-05
235.179  3.01679718e-05 -6.23271951e-06
235.349  2.85133364e-05  1.28253667e-05
235.520  1.58415002e-05  2.74944076e-05
235.691 -3.27049481e-06  3.20346740e-05
235.861 -2.16735274e-05  2.44506003e-05
236.032 -3.23249859e-05  7.32685575e-06
236.203 -3.09757083e-05 -1.30569462e-05
236.373 -1.78391015e-05 -2.90389623e-05
236.544  2.39515830e-06 -3.44579218e-05
236.715  2.22463471e-05 -2.70129545e-05
236.885  3.42199992e-05 -9.21193585e-06
237.056  3.36324451e-05  1.24787860e-05
237.227  2.04284084e-05  2.99998538e-05
237.397 -7.08791189e-07  3.66981847e-05
237.568 -2.20347456e-05  2.98477552e-05
237.739 -3.55935015e-05  1.17436617e-05
237.909 -3.61876790e-05 -1.10760980e-05
238.080 -2.33685069e-05 -3.02076703e-05
238.251 -1.67433709e-06 -3.84840737e-05
238.421  2.09916524e-05 -3.26663154e-05
238.592  3.62518398e-05 -1.47029640e-05
238.763  3.83625892e-05  8.93186165e-06
238.933  2.63801483e-05  2.95837394e-05
239.104  4.55923684e-06  3.96015897e-05
239.275 -1.91674707e-05  3.51851313e-05
239.445 -3.60873140e-05  1.78227428e-05
239.616 -3.99254890e-05 -6.21402685e-06
239.787 -2.91777586e-05 -2.81466724e-05
239.957 -7.69498462e-06 -3.99160523e-05
240.128  1.67019806e-05 -3.71568186e-05
240.299  3.50877807e-05 -2.08196611e-05
240.469  4.07156763e-05  3.15452345e-06
240.640  3.15019924e-05  2.60078925e-05
240.811  1.08044188e-05  3.93842631e-05
240.981 -1.38067522e-05  3.83970547e-05
241.152 -3.33347830e-05  2.34266612e-05
241.323 -4.06594690e-05 -2.21063212e-08
241.493 -3.31486034e-05 -2.33561798e-05
241.664 -1.36153806e-05 -3.80565255e-05
241.835  1.07393016e-05 -3.88041045e-05
242.005  3.09913062e-05 -2.54220380e-05
242.176  3.97766438e-05 -2.90863502e-06
242.347  3.39896395e-05  2.04337485e-05
242.517  1.58906872e-05  3.60688952e-05
242.688 -7.77231596e-06  3.83680569e-05
242.859 -2.82815096e-05  2.66525045e-05
243.029 -3.81760050e-05  5.38878562e-06
243.200 -3.39850966e-05 -1.75075740e-05
243.371 -1.74541382e-05 -3.36260836e-05
243.541  5.16233528e-06 -3.71688600e-05
243.712  2.54644905e-05 -2.70486057e-05
243.883  3.60403332e-05 -7.22285006e-06
244.053  3.31848153e-05  1.48393053e-05
244.224  1.82092656e-05  3.09764205e-05
244.395 -3.12178064e-06  3.53644486e-05
244.565 -2.28042742e-05  2.66308502e-05
244.736 -3.36031751e-05  8.28907955e-06
244.907 -3.17208541e-05 -1.26562793e-05
245.077 -1.81479947e-05 -2.83820025e-05
245.248  1.79680783e-06 -3.31709969e-05
245.419  2.05393752e-05 -2.55050799e-05
245.589  3.11210927e-05 -8.55040988e-06
245.760  2.97906970e-05  1.11265819e-05
245.931  1.73483772e-05  2.60885840e-05
246.101 -1.25269353e-06  3.08374932e-05
246.272 -1.88562686e-05  2.38476449e-05
246.443 -2.88446979e-05  8.05602881e-06
246.613 -2.76328943e-05 -1.03412447e-05
246.784 -1.59628924e-05 -2.42987854e-05
246.955  1.46823054e-06 -2.86166935e-05
247.125  1.78701048e-05 -2.18828032e-05
247.296  2.69907594e-05 -6.93370893e-06
247.467  2.54981615e-05  1.03063207e-05
247.637  1.41991701e-05  2.31509856e-05
247.808 -2.34063800e-06  2.67358158e-05
247.979 -1.76145511e-05  1.98558747e-05
248.149 -2.57183534e-05  5.37325135e-06
248.320 -2.36204279e-05 -1.09455264e-05
248.491 -1.22952549e-05 -2.27055633e-05
248.661  3.70031042e-06 -2.53712201e-05
248.832  1.80407142e-05 -1.80053107e-05
249.003  2.51121367e-05 -3.60265977e-06
249.173  2.21912800e-05  1.21119548e-05
249.344  1.04915111e-05  2.29400156e-05
249.515 -5.33288823e-06  2.46303182e-05
249.685 -1.90249753e-05  1.65359881e-05
249.856 -2.51752819e-05  1.86022129e-06
250.027 -2.13399882e-05 -1.36069204e-05
250.197 -9.00249854e-06 -2.37542152e-05
250.368  7.00521577e-06 -2.45422609e-05
250.539  2.03853757e-05 -1.55964994e-05
250.709  2.58325787e-05 -3.66707058e-07
250.880  2.11206886e-05  1.52040631e-05
251.051  7.99291575e-06  2.49851730e-05
251.221 -8.49223673e-06  2.50574618e-05
251.392 -2.19049473e-05  1.52636013e-05
251.563 -2.69422374e-05 -6.98891395e-07
251.733 -2.15083206e-05 -1.66764784e-05
251.904 -7.56077506e-06 -2.64286117e-05
252.075  9.60247512e-06 -2.60556769e-05
252.245  2.33586586e-05 -1.55360905e-05
252.416  2.83143662e-05  1.21813632e-06
252.587  2.24043225e-05  1.78236196e-05
252.757  7.72903550e-06  2.78640510e-05
252.928 -1.01995092e-05  2.73622735e-05
253.099 -2.45400017e-05  1.63384416e-05
253.269 -2.97344252e-05 -1.14492463e-06
253.440 -2.36514175e-05 -1.84940148e-05
253.611 -8.44576564e-06 -2.90806242e-05
253.781  1.02163084e-05 -2.87710505e-05
253.952  2.52839512e-05 -1.75327172e-05
254.123  3.09894047e-05  5.08700333e-07
254.293  2.50547375e-05  1.86008095e-05
254.464  9.59254693e-06  2.99013406e-05
254.635 -9.66033735e-06  3.00702507e-05
254.805 -2.54844721e-05  1.89367652e-05
254.976 -3.18934648e-05  5.91790124e-07
255.147 -2.64060459e-05 -1.81290732e-05
255.317 -1.10006784e-05 -3.02032148e-05
255.488  8.60930568e-06 -3.10678652e-05
255.659  2.51051694e-05 -2.03469970e-05
255.829  3.23092307e-05 -2.00331276e-06
256.000  2.75084278e-05  1.71349566e-05
256.171  1.24734627e-05  2.99303364e-05
256.341 -7.19913844e-06  3.16132523e-05
256.512 -2.41816117e-05  2.15635901e-05
256.683 -3.21620210e-05  3.53882510e-06
256.853 -2.81993056e-05 -1.57369296e-05
257.024 -1.38112758e-05 -2.90979180e-05
257.195  5.60603577e-06 -3.16133455e-05
257.365  2.28145070e-05 -2.24148461e-05
257.536  3.14460614e-05 -5.00084880e-06
257.707  2.83691960e-05  1.40996109e-05
257.877  1.48355913e-05  2.77873958e-05
258.048 -4.02434331e-06  3.10421276e-05
258.219 -2.11548168e-05  2.27770368e-05
258.389 -3.02229018e-05  6.20503371e-06
258.560 -2.79734555e-05 -1.24119994e-05
258.731 -1.54092226e-05 -2.61342381e-05
258.901  2.64234706e-06 -2.99420112e-05
259.072  1.93835219e-05 -2.25872758e-05
259.243  2.86122749e-05 -7.00189138e-06
259.413  2.70352534e-05  1.08633666e-05
259.584  1.54512135e-05  2.43102603e-05
259.755 -1.61921133e-06  2.84164301e-05
259.925 -1.76890917e-05  2.18486348e-05
260.096 -2.67759452e-05  7.29417280e-06
260.267 -2.56400099e-05 -9.62050394e-06
260.437 -1.49451172e-05 -2.25021228e-05
260.608  1.06658725e-06 -2.66148620e-05
260.779  1.62450406e-05 -2.06277902e-05
260.949  2.48964510e-05 -7.04726388e-06
261.120  2.39230239e-05  8.80886934e-06
261.291  1.39394112e-05  2.08881386e-05
261.461 -1.03711284e-06  2.47130469e-05
261.632 -1.51894948e-05  1.90455008e-05
261.803 -2.31539803e-05  6.29108911e-06
261.973 -2.20520574e-05 -8.49901418e-06
262.144 -1.25395268e-05 -1.96165148e-05
262.315  1.52037068e-06 -2.28913034e-05
262.485  1.46091801e-05 -1.72604934e-05
262.656  2.17048714e-05 -5.11391286e-06
262.827  2.02064543e-05  8.69947774e-06
262.997  1.08927891e-05  1.87883893e-05
263.168 -2.44600251e-06  2.13131801e-05
263.339 -1.45303614e-05  1.54487062e-05
263.509 -2.06641303e-05  3.64978145e-06
263.680 -1.85549525e-05 -9.35733931e-06
263.851 -9.16908423e-06 -1.84476968e-05
264.021  3.69361640e-06 -2.01063299e-05
264.192  1.49180032e-05 -1.37811613e-05
264.363  2.00931776e-05 -2.06138905e-06
264.533  1.72352475e-05  1.03667302e-05
264.704  7.54004449e-06  1.85781829e-05
264.875 -5.10882878e-06  1.93478621e-05
265.045 -1.56825648e-05  1.24037282e-05
265.216 -1.99938926e-05  5.19842927e-07
265.387 -1.63384434e-05 -1.15839307e-05
265.557 -6.15879877e-06 -1.91072412e-05
265.728  6.52348968e-06 -1.90565838e-05
265.899  1.66927065e-05 -1.14209887e-05
266.069  2.03100914e-05  8.16511041e-07
266.240  1.59002425e-05  1.28462315e-05
266.411  5.14213472e-06  1.99161725e-05
266.581 -7.77681148e-06  1.91931823e-05
266.752 -1.77921303e-05  1.08852760e-05
266.923 -2.09365527e-05 -1.82121305e-06
267.093 -1.58989938e-05 -1.39918786e-05
267.264 -4.55721224e-06 -2.08561369e-05
267.435  8.73433643e-06 -1.96675919e-05
267.605  1.88191406e-05 -1.07918568e-05
267.776  2.17341074e-05  2.41382338e-06
267.947  1.62602118e-05  1.48792020e-05
268.117  4.41507381e-06  2.17677955e-05
268.288 -9.30274031e-06  2.03517906e-05
268.459 -1.96267900e-05  1.10812794e-05
268.629 -2.25479948e-05 -2.56746087e-06
268.800 -1.68671475e-05 -1.54031913e-05
268.971 -4.67179955e-06 -2.25014452e-05
269.141  9.43953485e-06 -2.10963380e-05
269.312  2.01007031e-05 -1.16488842e-05
269.483  2.32269344e-05  2.30974602e-06
269.653  1.75766235e-05  1.55074259e-05
269.824  5.23641059e-06  2.29347076e-05
269.995 -9.15676806e-06  2.17492290e-05
270.165 -2.01718047e-05  1.23598341e-05
270.336 -2.36411207e-05 -1.71764612e-06
270.507 -1.82380501e-05 -1.51893364e-05
270.677 -5.98370609e-06 -2.29860255e-05
270.848  8.51785964e-06 -2.21750008e-05
271.019  1.98226340e-05 -1.30669346e-05
271.189  2.36975523e-05  9.06637780e-07
271.360  1.87125540e-05  1.44981308e-05
271.531  6.77046679e-06  2.26231427e-05
271.701 -7.62766007e-06  2.22712641e-05
271.872 -1.90873332e-05  1.36288205e-05
272.043 -2.33506436e-05 -1.50317080e-08
272.213 -1.88894106e-05 -1.35264136e-05
272.384 -7.45359144e-06 -2.18657388e-05
272.555  6.61751713e-06 -2.19800717e-05
272.725  1.80458986e-05 -1.39268376e-05
272.896  2.26062990e-05 -8.14406648e-07
273.067  1.86982609e-05  1.23973332e-05
273.237  7.90815995e-06  2.07814810e-05
273.408 -5.62801855e-06  2.12930373e-05
273.579 -1.68131182e-05  1.38791268e-05
273.749 -2.15189731e-05  1.45255298e-06
273.920 -1.81164014e-05 -1.12487611e-05
274.091 -8.04267750e-06 -1.94757259e-05
274.261  4.79171032e-06 -2.02504420e-05
274.432  1.55231111e-05 -1.34499656e-05
274.603  2.01828844e-05 -1.79912701e-06
274.773  1.71704186e-05  1.02158835e-05
274.944  7.80913496e-06  1.80767260e-05
275.115 -4.21730734e-06  1.89349403e-05
275.285 -1.43116054e-05  1.26527081e-05
275.456 -1.87191862e-05  1.79366333e-06
275.627 -1.59315093e-05 -9.41418812e-06
275.797 -7.20698444e-06 -1.67189684e-05
275.968  3.97683576e-06 -1.74603287e-05
276.139  1.32988858e-05 -1.15460481e-05
276.309  1.72605682e-05 -1.42166308e-06
276.480  1.45048926e-05  8.92548356e-06
276.651  6.28142779e-06  1.55268038e-05
276.821 -4.09751429e-06  1.59563440e-05
276.992 -1.25757978e-05  1.02248887e-05
277.163 -1.59345927e-05  7.15282770e-07
277.333 -1.30152063e-05 -8.78910560e-06
277.504 -5.11663853e-06 -1.45997412e-05
277.675  4.55989002e-06 -1.45516299e-05
277.845  1.21939831e-05 -8.80759042e-06
278.016  1.48477326e-05  2.52010018e-07
278.187  1.15904720e-05  8.99902115e-06
278.357  3.82441325e-06  1.40007847e-05
278.528 -5.30230517e-06  1.33577284e-05
278.699 -1.21608179e-05  7.42102302e-06
278.869 -1.40726346e-05 -1.37625866e-06
279.040 -1.03466425e-05 -9.50630232e-06
279.211 -2.52927395e-06 -1.37495034e-05
279.381  6.23030926e-06 -1.24562795e-05
279.552  1.24396160e-05 -6.18467507e-06
279.723  1.36405503e-05  2.53736946e-06
279.893  9.37397506e-06  1.02263211e-05
280.064  1.35216086e-06  1.38211739e-05
280.235 -7.22927605e-06  1.18904165e-05
280.405 -1.29555631e-05  5.19573899e-06
280.576 -1.35394503e-05 -3.61449472e-06
280.747 -8.72652452e-06 -1.10501615e-05
280.917 -3.95459635e-07 -1.41519073e-05
281.088  8.17887786e-06 -1.16607399e-05
281.259  1.36067181e-05 -4.51758764e-06
281.429  1.37172015e-05  4.50056879e-06
281.600  8.41635741e-06  1.18591761e-05
281.771 -2.68627876e-07  1.46482869e-05
281.941 -8.96818747e-06  1.17263576e-05
282.112 -1.42780673e-05  4.17338678e-06
282.283 -1.40891231e-05 -5.11486806e-06
282.453 -8.41364204e-06 -1.25405416e-05
282.624  6.05567760e-07 -1.51998033e-05
282.795  9.50954829e-06 -1.20113472e-05
282.965  1.48562286e-05 -4.14515505e-06
283.136  1.45494069e-05  5.41239495e-06
283.307  8.65236223e-06  1.30011974e-05
283.477 -6.21544318e-07  1.56928233e-05
283.648 -9.74891767e-06  1.24158703e-05
283.819 -1.52430732e-05  4.37757686e-06
283.989 -1.49852943e-05 -5.38857516e-06
284.160 -9.04012008e-06 -1.31783385e-05
284.331  3.61643769e-07 -1.60248973e-05
284.501  9.67112996e-06 -1.28298878e-05
284.672  1.53672440e-05 -4.78586154e-06
284.843  1.52918620e-05  5.07828670e-06
285.013  9.47034462e-06  1.30458295e-05
285.184  9.70679545e-08  1.61175954e-05
285.355 -9.29995756e-06  1.31471639e-05
285.525 -1.51924548e-05  5.26711959e-06
285.696 -1.53849358e-05 -4.54963239e-06
285.867 -9.83573004e-06 -1.26163391e-05
286.037 -6.56710670e-07 -1.59257087e-05
286.208  8.69373360e-06 -1.32779810e-05
286.379  1.47211600e-05 -5.71412043e-06
286.549  1.52104867e-05  3.89403682e-06
286.720  1.00417423e-05  1.19388179e-05
286.891  1.21192304e-06  1.54414510e-05
287.061 -7.93725082e-06  1.31596444e-05
287.232 -1.39927743e-05  6.02929669e-06
287.403 -1.47500282e-05 -3.21430422e-06
287.573 -1.00184376e-05 -1.10911810e-05
287.744 -1.66315053e-06 -1.46937091e-05
287.915  7.13048011e-06 -1.27637377e-05
288.085  1.30770037e-05 -6.13664124e-06
288.256  1.40218963e-05  2.61174132e-06
288.427  9.72855841e-06  1.01691586e-05
288.597  1.92845495e-06  1.37431748e-05
288.768 -6.37527572e-06  1.20988276e-05
288.939 -1.20639121e-05  5.99004617e-06
289.109 -1.30780959e-05 -2.17345620e-06
289.280 -9.17074233e-06 -9.27338918e-06
289.451 -1.95303867e-06 -1.26740660e-05
289.621  5.76216376e-06 -1.12079498e-05
289.792  1.10522864e-05 -5.57774217e-06
289.963  1.19966558e-05  1.96153935e-06
290.133  8.37803165e-06  8.49686279e-06
290.304  1.71549986e-06  1.15829916e-05
290.475 -5.35944773e-06  1.01615735e-05
290.645 -1.01373448e-05  4.92278703e-06
290.816 -1.08705573e-05 -2.00602936e-06
290.987 -7.41258463e-06 -7.91400620e-06
291.157 -1.22963372e-06 -1.05661533e-05
291.328  5.20588608e-06 -9.04769427e-06
291.499  9.39884405e-06 -4.07934527e-06
291.669  9.79529219e-06  2.30263848e-06
291.840  6.35727741e-06  7.57211365e-06
292.011  5.41255646e-07  9.70694222e-06
292.181 -5.30715830e-06  7.96055183e-06
292.352 -8.89124357e-06  3.12478649e-06
292.523 -8.85705315e-06 -2.81490985e-06
292.693 -5.30476567e-06 -7.48604373e-06
292.864  2.79129170e-07 -9.06602673e-06
293.035  5.63610238e-06 -6.98893960e-06
293.205  8.63768622e-06 -2.14874489e-06
293.376  8.12269721e-06  3.47986369e-06
293.547  4.34521182e-06  7.63726279e-06
293.717 -1.14615167e-06  8.67500609e-06
293.888 -6.13694016e-06  6.20512214e-06
294.059 -8.62859811e-06  1.24117914e-06
294.229 -7.63210278e-06 -4.21645778e-06
294.400 -3.55469754e-06 -7.97761315e-06
294.571  1.97047318e-06 -8.53372385e-06
294.741  6.73336995e-06 -5.65595652e-06
294.912  8.82444054e-06 -4.81313156e-07
295.083  7.39376668e-06  4.93628752e-06
295.253  2.98626643e-06  8.43687194e-06
295.424 -2.66986433e-06  8.61117020e-06
295.595 -7.33932889e-06  5.35784020e-06
295.765 -9.16165500e-06 -7.15407412e-08
295.936 -7.38463351e-06 -5.55531075e-06
296.107 -2.66451041e-06 -8.93244775e-06
296.277  3.17948293e-06 -8.85014998e-06
296.448  7.87040293e-06 -5.29612149e-06
296.619  9.56113338e-06  3.84734912e-07
296.789  7.55438482e-06  6.00461984e-06
296.960  2.58367043e-06  9.37985806e-06
297.131 -3.45982563e-06  9.17550737e-06
297.301 -8.25413649e-06  5.42837867e-06
297.472 -9.93864346e-06 -4.55839495e-07
297.643 -7.83316368e-06 -6.23847190e-06
297.813 -2.70914244e-06 -9.70318758e-06
297.984  3.50086294e-06 -9.50466171e-06
298.155  8.43837178e-06 -5.69060050e-06
298.325  1.02159841e-05  3.12093242e-07
298.496  8.14109255e-06  6.23882269e-06
298.667  2.98252194e-06  9.84457540e-06
298.837 -3.32188895e-06  9.75846661e-06
299.008 -8.39715640e-06  6.00561881e-06
299.179 -1.03309523e-05 -5.66221471e-09
299.349 -8.39831328e-06 -6.01649885e-06
299.520 -3.32990637e-06 -9.77127315e-06
299.691  2.96778001e-06 -9.87077503e-06
299.861  8.13349733e-06 -6.29322532e-06
300.032  1.02444760e-05 -3.94188902e-07
300.203  8.53481793e-06  5.60915089e-06
300.373  3.67215865e-06  9.47891689e-06
300.544 -2.50264046e-06  9.79596713e-06
300.715 -7.67815883e-06  6.48074056e-06
300.885 -9.94432275e-06  8.10391363e-07
301.056 -8.49916141e-06 -5.07589472e-06
301.227 -3.93519762e-06 -8.99070450e-06
301.397  2.00145284e-06 -9.51405490e-06
301.568  7.08453604e-06 -6.51218496e-06
301.739  9.44560412e-06 -1.16765341e-06
301.909  8.26466013e-06  4.48898715e-06
302.080  4.05882432e-06  8.35325886e-06
302.251 -1.54030337e-06  9.03269040e-06
302.421 -6.42078301e-06  6.35454883e-06
302.592 -8.78825017e-06  1.40166059e-06
302.763 -7.83185588e-06 -3.92387564e-06
302.933 -4.00346670e-06 -7.63015708e-06
303.104  1.18641215e-06 -8.38537496e-06
303.275  5.76078155e-06 -6.00072749e-06
303.445  8.03139662e-06 -1.46703023e-06
303.616  7.22708660e-06  3.44949273e-06
303.787  3.75452323e-06  6.89370717e-06
303.957 -9.89746704e-07  7.62601335e-06
304.128 -5.17503799e-06  5.46941741e-06
304.299 -7.24509046e-06  1.34268720e-06
304.469 -6.49801772e-06 -3.12015788e-06
304.640 -3.32367879e-06 -6.21554335e-06
304.811  9.77578748e-07 -6.82105294e-06
304.981  4.72211154e-06 -4.80217012e-06
305.152  6.50068782e-06 -1.03357297e-06
305.323  5.70710585e-06  2.96958722e-06
305.493  2.74658449e-06  5.65726512e-06
305.664 -1.15227217e-06  6.04075109e-06
305.835 -4.44140103e-06  4.05757961e-06
306.005 -5.86174545e-06  5.68672072e-07
306.176 -4.92354121e-06 -3.00726973e-06
306.347 -2.07715455e-06 -5.26282151e-06
306.517  1.49193832e-06 -5.35056435e-06
306.688  4.34855466e-06 -3.30306652e-06
306.859  5.37663745e-06  3.72820923e-09
307.029  4.21423651e-06  3.21779113e-06
307.200  1.37976668e-06  5.05385633e-06
307.371 -1.95374687e-06  4.80320027e-06
307.541 -4.43446115e-06  2.60565338e-06
307.712 -5.07328686e-06 -6.22592633e-07
307.883 -3.63507847e-06 -3.56362503e-06
308.053 -7.20856791e-07 -5.02816751e-06
308.224  2.47988746e-06 -4.43212341e-06
308.395  4.66770744e-06 -2.02345913e-06
308.565  4.95621937e-06  1.22199673e-06
308.736  3.22406473e-06  3.99103580e-06
308.907  1.60809813e-07  5.16085855e-06
309.077 -3.00566422e-06  4.24771140e-06
309.248 -4.99953384e-06  1.59901282e-06
309.419 -5.00647440e-06 -1.73972568e-06
309.589 -2.99739608e-06 -4.43777185e-06
309.760  2.53374847e-07 -5.40796088e-06
309.931  3.46831879e-06 -4.23689121e-06
310.101  5.37036485e-06 -1.35467223e-06
310.272  5.18481061e-06  2.12541101e-06
310.443  2.94855525e-06  4.84111930e-06
310.613 -4.93882574e-07  5.71249685e-06
310.784 -3.81493150e-06  4.36602170e-06
310.955 -5.71743920e-06  1.29031098e-06
311.125 -5.43775334e-06 -2.34666355e-06
311.296 -3.04989953e-06 -5.14550484e-06
311.467  5.55223154e-07 -6.01241372e-06
311.637  4.00843213e-06 -4.58600966e-06
311.808  5.98298205e-06 -1.38376476e-06
311.979  5.70513998e-06  2.39227660e-06
312.149  3.25654316e-06  5.30922872e-06
312.320 -4.54004294e-07  6.24898392e-06
312.491 -4.03153042e-06  4.83877584e-06
312.661 -6.12173308e-06  1.59439417e-06
312.832 -5.92780051e-06 -2.27258173e-06
313.003 -3.51247486e-06 -5.30959724e-06
313.173  2.25684311e-07 -6.37410488e-06
313.344  3.88844223e-06 -5.06463056e-06
313.515  6.10637617e-06 -1.86922445e-06
313.685  6.05465417e-06  2.01746836e-06
313.856  3.75829718e-06  5.14540121e-06
314.027  8.06554229e-08  6.35565845e-06
314.197 -3.60395795e-06  5.21000786e-06
314.368 -5.93008043e-06  2.15030565e-06
314.539 -6.04885397e-06 -1.67229019e-06
314.709 -3.93918533e-06 -4.83615296e-06
314.880 -4.08673399e-07 -6.18082669e-06
315.051  3.21957782e-06 -5.23439061e-06
315.221  5.60634343e-06 -2.38200142e-06
315.392  5.89228164e-06  1.29173693e-06
315.563  4.01159164e-06  4.41853175e-06
315.733  7.01866450e-07  5.85727674e-06
315.904 -2.78732869e-06  5.11506436e-06
316.075 -5.16667421e-06  2.51758131e-06
316.245 -5.58740731e-06 -9.32321447e-07
316.416 -3.94797832e-06 -3.94109179e-06
316.587 -9.10856598e-07 -5.41179338e-06
316.757  2.36262377e-06 -4.84903994e-06
316.928  4.65633504e-06 -2.52479270e-06
317.099  5.15604392e-06  6.44876453e-07
317.269  3.73955664e-06  3.45803612e-06
317.440  9.99722643e-07  4.88616410e-06
317.611 -1.99737859e-06  4.45243471e-06
317.781 -4.12824156e-06  2.38974763e-06
317.952 -4.63553784e-06 -4.68436819e-07
318.123 -3.39697307e-06 -3.02241446e-06
318.293 -9.50106094e-07 -4.33099763e-06
318.464  1.73391955e-06 -3.95786749e-06
318.635  3.63570498e-06 -2.11820631e-06
318.805  4.07345689e-06  4.26106640e-07
318.976  2.94855465e-06  2.67928908e-06
319.147  7.62559872e-07  3.79883300e-06
319.317 -1.59996547e-06  3.41007837e-06
319.488 -3.22539290e-06  1.73390028e-06
319.659 -3.52152852e-06 -5.22858928e-07
319.829 -2.43599069e-06 -2.45998464e-06
320.000 -4.55515446e-07 -3.33766926e-06
320.171  1.60531945e-06 -2.85989188e-06
320.341  2.93178772e-06 -1.27451766e-06
320.512  3.02915064e-06  7.45306527e-07
320.683  1.90819510e-06  2.37860057e-06
320.853  6.24357901e-08  2.98536810e-06
321.024 -1.74111860e-06  2.35723906e-06
321.195 -2.77362400e-06  7.86411274e-07
321.365 -2.63701118e-06 -1.06379744e-06
321.536 -1.41468922e-06 -2.43119150e-06
321.707  3.72647431e-07 -2.76516766e-06
321.877  1.98189227e-06 -1.94458687e-06
322.048  2.75218924e-06 -3.18725392e-07
322.219  2.37190458e-06  1.43689145e-06
322.389  9.99550464e-07  2.59716709e-06
322.560 -8.01076223e-07  2.68292159e-06
322.731 -2.28973497e-06  1.65195772e-06
322.901 -2.85150968e-06 -8.27691497e-08
323.072 -2.24382992e-06 -1.81741705e-06
323.243 -6.96297933e-07 -2.84233785e-06
323.413  1.17624504e-06 -2.72683931e-06
323.584  2.61954318e-06 -1.49390639e-06
323.755  3.04074292e-06  3.81603163e-07
323.925  2.24565683e-06  2.15879423e-06
324.096  5.23916531e-07  3.12342451e-06
324.267 -1.45970052e-06  2.86987745e-06
324.437 -2.92467819e-06  1.46828376e-06
324.608 -3.27876949e-06 -5.55243385e-07
324.779 -2.35484570e-06 -2.42066480e-06
324.949 -4.84610171e-07 -3.39387695e-06
325.120  1.62557922e-06 -3.07402608e-06
325.291  3.16279876e-06 -1.55679614e-06
325.461  3.52013566e-06  5.97442469e-07
325.632  2.53665158e-06  2.57353738e-06
325.803  5.63990315e-07  3.61023809e-06
325.973 -1.66312265e-06  3.29545849e-06
326.144 -3.30134108e-06  1.72765308e-06
326.315 -3.72106434e-06 -5.18131152e-07
326.485 -2.74864633e-06 -2.60227615e-06
326.656 -7.33753727e-07 -3.73777345e-06
326.827  1.57748871e-06 -3.48996508e-06
326.997  3.32162306e-06 -1.94023332e-06
327.168  3.84466543e-06  3.41422510e-07
327.339  2.94638851e-06  2.50786703e-06
327.509  9.56040083e-07  3.75438638e-06
327.680 -1.38885885e-06  3.61844826e-06
327.851 -3.22067696e-06  2.15088292e-06
328.021 -3.86512655e-06 -1.02288051e-07
328.192 -3.08945913e-06 -2.30682214e-06
328.363 -1.18846598e-06 -3.65265715e-06
328.533  1.12957501e-06 -3.65196043e-06
328.704  3.01074219e-06 -2.31860073e-06
328.875  3.77073857e-06 -1.57946494e-07
329.045  3.14662480e-06  2.02826029e-06
329.216  1.38931473e-06  3.44026640e-06
329.387 -8.39436803e-07  3.57529842e-06
329.557 -2.71703614e-06  2.40983184e-06
329.728 -3.56521379e-06  3.97099208e-07
329.899 -3.09925134e-06 -1.70951669e-06
330.069 -1.52268980e-06 -3.13880678e-06
330.240  5.60075328e-07 -3.38835317e-06
330.411  2.37434582e-06 -2.40222018e-06
330.581  3.26672380e-06 -5.77829093e-07
330.752  2.94289942e-06  1.39125031e-06
330.923  1.56311903e-06  2.78074279e-06
331.093 -3.29603755e-07  3.10524478e-06
331.264 -2.02256927e-06  2.28719580e-06
331.435 -2.90478048e-06  6.72339305e-07
331.605 -2.68739584e-06 -1.11251003e-06
331.776 -1.49866101e-06 -2.40470504e-06
331.947  1.78234534e-07 -2.75189935e-06
332.117  1.70140860e-06 -2.07087707e-06
332.288  2.51584779e-06 -6.65311661e-07
332.459  2.35538562e-06  9.05923451e-07
332.629  1.33180577e-06  2.05005954e-06
332.800 -1.24947464e-07  2.36258842e-06
332.971 -1.44501913e-06  1.77278075e-06
333.141 -2.13861276e-06  5.55090936e-07
333.312 -1.97915008e-06 -7.93516625e-07
333.483 -1.07829258e-06 -1.75190169e-06
333.653  1.75315455e-07 -1.97554076e-06
333.824  1.27775695e-06 -1.42254336e-06
333.995  1.80931609e-06 -3.53439151e-07
334.165  1.59592924e-06  7.84072513e-07
334.336  7.64529702e-07  1.53707524e-06
334.507 -3.20986356e-07  1.62784241e-06
334.677 -1.21169956e-06  1.05556658e-06
334.848 -1.55728181e-06  8.38619364e-08
335.019 -1.24270668e-06 -8.72645047e-07
335.189 -4.24111178e-07 -1.42124227e-06
335.360  5.41262982e-07 -1.35043676e-06
335.531  1.24584040e-06 -7.08470828e-07
335.701  1.40114863e-06  2.21681625e-07
335.872  9.51550925e-07  1.04201944e-06
336.043  9.35207471e-08  1.40709584e-06
336.213 -8.06503818e-07  1.16431117e-06
336.384 -1.36661755e-06  4.14695930e-07
336.555 -1.34666904e-06 -5.27400396e-07
336.725 -7.46024925e-07 -1.26541448e-06
336.896  1.92747801e-07 -1.48419415e-06
337.067  1.08241519e-06 -1.07844733e-06
337.237  1.54978027e-06 -2.00367503e-07
337.408  1.38660345e-06  7.98653940e-07
337.579  6.38637513e-07  1.50996162e-06
337.749 -4.06838202e-07  1.63079404e-06
337.920 -1.33439992e-06  1.08936208e-06
338.091 -1.76375672e-06  8.09262013e-08
338.261 -1.50242103e-06 -1.00626289e-06
338.432 -6.29417010e-07 -1.74088998e-06
338.603  5.30919317e-07 -1.81733879e-06
338.773  1.53168285e-06 -1.18188646e-06
338.944  1.97419323e-06 -5.93424134e-08
339.115  1.66709111e-06  1.12972148e-06
339.285  7.06066033e-07  1.92617448e-06
339.456 -5.58831714e-07  2.01066141e-06
339.627 -1.65111386e-06  1.33119357e-06
339.797 -2.14869090e-06  1.26355817e-07
339.968 -1.84853370e-06 -1.15938637e-06
340.139 -8.46013453e-07 -2.04083230e-06
340.309  4.96232537e-07 -2.17812332e-06
340.480  1.68015591e-06 -1.50621548e-06
340.651  2.26076932e-06 -2.62380875e-07
340.821  2.01367713e-06  1.09756783e-06
340.992  1.01995635e-06  2.06989968e-06
341.163 -3.59597617e-07  2.29146477e-06
341.333 -1.61828019e-06  1.67407730e-06
341.504 -2.29271548e-06  4.40356779e-07
341.675 -2.13286596e-06 -9.58084965e-07
341.845 -1.19595154e-06 -2.00970235e-06
342.016  1.74061307e-07 -2.33028482e-06
342.187  1.47641482e-06 -1.80457667e-06
342.357  2.23743455e-06 -6.29148041e-07
342.528  2.18380941e-06  7.64028528e-07
342.699  1.34333441e-06  1.86771716e-06
342.869  3.00233431e-08  2.28466258e-06
343.040 -1.27486868e-06  1.87380453e-06
343.211 -2.09923125e-06  7.97460484e-07
343.381 -2.15416371e-06 -5.44194949e-07
343.552 -1.43629523e-06 -1.66138493e-06
343.723 -2.21393331e-07 -2.15618787e-06
343.893  1.04045047e-06 -1.86664612e-06
344.064  1.89310435e-06 -9.18003088e-07
344.235  2.04245320e-06  3.29126380e-07
344.405  1.45704482e-06  1.41584466e-06
344.576  3.72089740e-07  1.95713019e-06
344.747 -8.03136975e-07  1.77831508e-06
344.917 -1.64235547e-06  9.71092749e-07
345.088 -1.85767850e-06 -1.47419051e-07
345.259 -1.39808556e-06 -1.16049478e-06
345.429 -4.60741520e-07 -1.70822422e-06
345.600  5.92310146e-07 -1.61485014e-06
345.771  1.37502645e-06 -9.46860146e-07
345.941  1.61796786e-06  2.24178520e-08
346.112  1.26290300e-06  9.24826739e-07
346.283  4.74735195e-07  1.43578215e-06
346.453 -4.32845296e-07  1.39217625e-06
346.624 -1.12008777e-06  8.45847695e-07
346.795 -1.34823003e-06  3.06447750e-08
346.965 -1.06488598e-06 -7.34482303e-07
347.136 -4.11453590e-07 -1.16844727e-06
347.307  3.41843593e-07 -1.13358878e-06
347.477  9.03978742e-07 -6.78393008e-07
347.648  1.07673807e-06 -6.58655190e-09
347.819  8.25003557e-07  6.08298992e-07
347.989  2.78511866e-07  9.33593326e-07
348.160 -3.26784432e-07  8.66219012e-07
348.331 -7.47568568e-07  4.63144529e-07
348.501 -8.31120205e-07 -8.93469032e-08
348.672 -5.68933036e-07 -5.56454487e-07
348.843 -9.26119745e-08 -7.53665006e-07
349.013  3.85224065e-07 -6.17385116e-07
349.184  6.63588962e-07 -2.24655601e-07
349.355  6.34691912e-07  2.42780700e-07
349.525  3.23912759e-07  5.79501699e-07
349.696 -1.23070407e-07  6.43239725e-07
349.867 -5.05609553e-07  4.11366990e-07
350.037 -6.55012142e-07 -9.98961225e-09
350.208 -5.03821311e-07 -4.32614630e-07
350.379 -1.15311328e-07 -6.68370317e-07
350.549  3.42369498e-07 -6.07519188e-07
350.720  6.68874490e-07 -2.66627769e-07
350.891  7.14962194e-07  2.15015161e-07
351.061  4.46369924e-07  6.33858965e-07
351.232 -3.67789270e-08  8.05693131e-07
351.403 -5.39603696e-07  6.42298456e-07
351.573 -8.50882507e-07  1.93528821e-07
351.744 -8.28203173e-07 -3.69344806e-07
351.915 -4.60980226e-07 -8.20670346e-07
352.085  1.20160000e-07 -9.68490379e-07
352.256  6.92565261e-07 -7.34950737e-07
352.427  1.02574162e-06 -1.93005480e-07
352.597  9.73597810e-07  4.58927102e-07
352.768  5.37292018e-07  9.69606488e-07
352.939 -1.31717186e-07  1.13158168e-06
353.109 -7.85045038e-07  8.66111617e-07
353.280 -1.16946168e-06  2.56742813e-07
353.451 -1.12688840e-06 -4.78016617e-07
353.621 -6.57424711e-07 -1.06278044e-06
353.792  7.72053774e-08 -1.27087511e-06
353.963  8.08847365e-07 -1.01214004e-06
354.133  1.26306973e-06 -3.68824808e-07
354.304  1.26361077e-06  4.29654903e-07
354.475  7.98707920e-07  1.09016870e-06
354.645  2.98807895e-08  1.36612232e-06
354.816 -7.64834755e-07  1.14835685e-06
354.987 -1.29463717e-06  5.08223034e-07
355.157 -1.36216838e-06 -3.25261792e-07
355.328 -9.37003055e-07 -1.05050105e-06
355.499 -1.70058037e-07 -1.40319712e-06
355.669  6.62512559e-07 -1.25251119e-06
355.840  1.26030169e-06 -6.51506116e-07
356.011  1.40673614e-06  1.83020931e-07
356.181  1.04979877e-06  9.50827916e-07
356.352  3.20314658e-07  1.37585338e-06
356.523 -5.18245700e-07  1.30762161e-06
356.693 -1.16453771e-06  7.75622609e-07
356.864 -1.38927039e-06 -2.51262858e-08
357.035 -1.11873384e-06 -8.05269770e-07
357.205 -4.57258425e-07 -1.28650855e-06
357.376  3.52763328e-07 -1.30371831e-06
357.547  1.01957694e-06 -8.60791747e-07
357.717  1.31012013e-06 -1.25432144e-07
357.888  1.13163886e-06  6.33219736e-07
358.059  5.60385026e-07  1.14561327e-06
358.229 -1.88535276e-07  1.23862503e-06
358.400 -8.43684826e-07  8.93160480e-07
358.571 -1.17740101e-06  2.47764501e-07
358.741 -1.08405065e-06 -4.56900426e-07
358.912 -6.14648540e-07 -9.69760080e-07
359.083  4.71270006e-08 -1.11803958e-06
359.253  6.58405335e-07 -8.66527910e-07
359.424  1.00564709e-06 -3.25375690e-07
359.595  9.79753674e-07  2.98319296e-07
359.765  6.11933355e-07  7.79202321e-07
359.936  5.35065510e-08  9.54804728e-07
360.107 -4.85468568e-07  7.82699732e-07
360.277 -8.13985751e-07  3.47980867e-07
360.448 -8.29958539e-07 -1.76203023e-07
360.619 -5.51615614e-07 -5.95328765e-07
360.789 -1.01436860e-07 -7.67096890e-07
360.960  3.44097083e-07 -6.50693228e-07
361.131  6.23726044e-07 -3.12790688e-07
361.301  6.51327135e-07  1.03691565e-07
361.472  4.40474063e-07  4.38160916e-07
361.643  9.22146672e-08  5.75688593e-07
361.813 -2.48933413e-07  4.85313265e-07
361.984 -4.55427518e-07  2.24829667e-07
362.155 -4.63524453e-07 -8.71210434e-08
362.325 -2.91831116e-07 -3.23830650e-07
362.496 -2.89893379e-08 -4.00989712e-07
362.667  2.08439131e-07 -3.05315947e-07
362.837  3.26040031e-07 -9.59466343e-08
363.008  2.86801228e-07  1.25662940e-07
363.179  1.23673684e-07  2.62398433e-07
363.349 -7.84314782e-08  2.60557342e-07
363.520 -2.23823977e-07  1.31041005e-07
363.691 -2.46854396e-07 -5.72207941e-08
363.861 -1.39635944e-07 -2.11563470e-07
364.032  4.40496318e-08 -2.56657181e-07
364.203  2.15061572e-07 -1.67237474e-07
364.373  2.88931790e-07  1.83980995e-08
364.544  2.22523771e-07  2.15645409e-07
364.715  3.63937941e-08  3.31113825e-07
364.885 -1.92244518e-07  3.02226589e-07
365.056 -3.62569557e-07  1.27766535e-07
365.227 -3.91376201e-07 -1.27768118e-07
365.397 -2.50884113e-07 -3.60212346e-07
365.568  1.46288673e-08 -4.66579379e-07
365.739  3.04958383e-07 -3.88616500e-07
365.909  5.01591972e-07 -1.41900046e-07
366.080  5.14616234e-07  1.87518017e-07
366.251  3.23325701e-07  4.73931576e-07
366.421 -1.21591835e-08  5.98852778e-07
366.592 -3.71033590e-07  5.00744625e-07
366.763 -6.14415773e-07  2.02485238e-07
366.933 -6.40292589e-07 -1.94535481e-07
367.104 -4.25857888e-07 -5.44101270e-07
367.275 -3.83398781e-08 -7.10120112e-07
367.445  3.85315494e-07 -6.20754566e-07
367.616  6.87426865e-07 -2.96722395e-07
367.787  7.50408958e-07  1.52163391e-07
367.957  5.41072318e-07  5.64045237e-07
368.128  1.25835326e-07  7.85948138e-07
368.299 -3.49338192e-07  7.30266068e-07
368.469 -7.12674294e-07  4.08262217e-07
368.640 -8.29399392e-07 -6.97126743e-08
368.811 -6.50733584e-07 -5.33840879e-07
368.981 -2.35264488e-07 -8.16741576e-07
369.152  2.71081698e-07 -8.12925092e-07
369.323  6.88420668e-07 -5.19467599e-07
369.493  8.66117972e-07 -3.86822469e-08
369.664  7.38290049e-07  4.59857238e-07
369.835  3.49327312e-07  7.98772477e-07
370.005 -1.63603314e-07  8.56648780e-07
370.176 -6.19012095e-07  6.13470602e-07
370.347 -8.55366246e-07  1.56046462e-07
370.517 -7.90764520e-07 -3.53505012e-07
370.688 -4.50666784e-07 -7.34692733e-07
370.859  4.29348635e-08 -8.54961362e-07
371.029  5.14289892e-07 -6.76096070e-07
371.200  7.98408007e-07 -2.65081838e-07
371.371  8.00024428e-07  2.29687004e-07
371.541  5.24282752e-07  6.33136109e-07
371.712  7.40951458e-08  8.07353305e-07
371.883 -3.88379227e-07  6.97681266e-07
372.053 -7.02350776e-07  3.50518412e-07
372.224 -7.63643200e-07 -1.05039875e-07
372.395 -5.59575291e-07 -5.07258806e-07
372.565 -1.71791676e-07 -7.19019752e-07
372.736  2.57698611e-07 -6.74400990e-07
372.907  5.78827625e-07 -4.00812474e-07
373.077  6.85250719e-07 -4.17046610e-09
373.248  5.51461818e-07  3.72645483e-07
373.419  2.37374708e-07  6.00183374e-07
373.589 -1.38525660e-07  6.08581723e-07
373.760 -4.42449688e-07  4.09238347e-07
373.931 -5.73993348e-07  8.43234053e-08
374.101 -5.00558477e-07 -2.45223177e-07
374.272 -2.62632527e-07 -4.64827506e-07
374.443  4.48078870e-08 -5.07942334e-07
374.613  3.09088841e-07 -3.74591044e-07
374.784  4.42998596e-07 -1.26287696e-07
374.955  4.12800284e-07  1.39459140e-07
375.125  2.45051289e-07  3.28708875e-07
375.296  1.33471035e-08  3.84221914e-07
375.467 -1.93853602e-07  3.01384594e-07
375.637 -3.07302069e-07  1.26328763e-07
375.808 -2.98685732e-07 -6.67194234e-08
375.979 -1.87940257e-07 -2.07014380e-07
376.149 -3.05932380e-08 -2.51643431e-07
376.320  1.08956308e-07 -1.99181757e-07
376.491  1.81859113e-07 -8.61249569e-08
376.661  1.71963784e-07  3.37783392e-08
376.832  9.95458920e-08  1.12335734e-07
377.003  6.89843409e-09  1.25242586e-07
377.173 -6.20654142e-08  8.09957320e-08
377.344 -7.98706499e-08  1.22808396e-08
377.515 -4.76589522e-08 -4.18779514e-08
377.685  8.36222246e-09 -5.33427977e-08
377.856  5.24006412e-08 -1.89276314e-08
378.027  5.55990647e-08  3.87518266e-08
378.197  1.12790519e-08  8.44976455e-08
378.368 -6.01748036e-08  8.67809253e-08
378.539 -1.22009596e-07  3.40238670e-08
378.709 -1.37388844e-07 -5.65107478e-08
378.880 -8.68621470e-08 -1.46117795e-07
379.051  1.85636677e-08 -1.90754903e-07
379.221  1.40315896e-07 -1.59770315e-07
379.392  2.27238847e-07 -5.32754296e-08
379.563  2.35222974e-07  9.48547432e-08
379.733  1.48629855e-07  2.29185783e-07
379.904 -9.65400111e-09  2.92241532e-07
380.075 -1.85525204e-07  2.49095796e-07
380.245 -3.11364745e-07  1.04983257e-07
380.416 -3.32135337e-07 -9.49746529e-08
380.587 -2.30035146e-07 -2.79437505e-07
380.757 -3.28835221e-08 -3.76060034e-07
380.928  1.93153072e-07 -3.41469594e-07
381.099  3.65023049e-07 -1.78923928e-07
381.269  4.15218925e-07  6.05501159e-08
381.440  3.17954294e-07  2.92931499e-07
381.611  9.98987359e-08  4.32366525e-07
381.781 -1.65415628e-07  4.23639538e-07
381.952 -3.83439970e-07  2.62459032e-07
382.123 -4.73855118e-07  6.01437753e-10
382.293 -3.98940299e-07 -2.70886855e-07
382.464 -1.79687029e-07 -4.55353896e-07
382.635  1.09185185e-07 -4.84161599e-07
382.805  3.66767750e-07 -3.42496787e-07
382.976  5.00960310e-07 -7.74701791e-08
383.147  4.61269399e-07  2.19305940e-07
383.317  2.59462552e-07  4.43717626e-07
383.488 -3.49847866e-08  5.15113092e-07
383.659 -3.19676653e-07  4.07179760e-07
383.829 -4.94020414e-07  1.57271598e-07
384.000 -4.96491114e-07 -1.47779663e-07
384.171 -3.26887175e-07 -4.00808263e-07
384.341 -4.47445319e-08 -5.13187268e-07
384.512  2.50603902e-07 -4.47202835e-07
384.683  4.55511235e-07 -2.27358875e-07
384.853  5.00259277e-07  6.79956295e-08
385.024  3.71768739e-07  3.34301367e-07
385.195  1.17564734e-07  4.79864850e-07
385.365 -1.70753038e-07  4.56948869e-07
385.536 -3.92376939e-07  2.77177549e-07
385.707 -4.72672985e-07  7.71624542e-09
385.877 -3.87651074e-07 -2.55094575e-07
386.048 -1.72641763e-07 -4.20891865e-07
386.219  9.26422189e-08 -4.35393866e-07
386.389  3.14753316e-07 -2.99679950e-07
386.560  4.18319214e-07 -6.78795458e-08
386.731  3.72751875e-07  1.75538723e-07
386.901  2.01972317e-07  3.45458760e-07
387.072 -2.82056383e-08  3.86380493e-07
387.243 -2.34457486e-07  2.92026723e-07
387.413 -3.45833312e-07  1.03511379e-07
387.584 -3.29992569e-07 -1.07550581e-07
387.755 -2.01430692e-07 -2.65146556e-07
387.925 -1.30846935e-08 -3.17969495e-07
388.096  1.63543844e-07 -2.55827181e-07
388.267  2.66705959e-07 -1.09610908e-07
388.437  2.66383022e-07  6.10802727e-08
388.608  1.71568858e-07  1.92436174e-07
388.779  2.55235541e-08  2.41093463e-07
388.949 -1.12823858e-07  1.97093488e-07
389.120 -1.93478752e-07  8.59692678e-08
389.291 -1.92144397e-07 -4.29475966e-08
389.461 -1.17768855e-07 -1.38810841e-07
389.632 -7.77836274e-09 -1.68030284e-07
389.803  9.02589364e-08 -1.25708904e-07
389.973  1.37879345e-07 -3.70907154e-08
390.144  1.19606498e-07  5.58502989e-08
390.315  4.94926359e-08  1.12929973e-07
390.485 -3.69352625e-08  1.10958223e-07
390.656 -9.95398772e-08  5.41567332e-08
390.827 -1.09331024e-07 -2.84847494e-08
390.997 -6.16726142e-08 -9.76322335e-08
391.168  2.11143394e-08 -1.19397130e-07
391.339  1.00954304e-07 -8.04678076e-08
391.509  1.39362609e-07  4.31744778e-09
391.680  1.13813756e-07  9.90920747e-08
391.851  2.99061464e-08  1.61212303e-07
392.021 -8.07597833e-08  1.58202343e-07
392.192 -1.72763472e-07  8.39533614e-08
392.363 -2.03567562e-07 -3.75612407e-08
392.533 -1.52880541e-07 -1.61081318e-07
392.704 -3.27249166e-08 -2.35396981e-07
392.875  1.16460095e-07 -2.24559710e-07
393.045  2.38322217e-07 -1.24214077e-07
393.216  2.81832757e-07  3.59948721e-08
393.387  2.22940613e-07  2.00397843e-07
393.557  7.41928514e-08  3.06294851e-07
393.728 -1.17061848e-07  3.09012751e-07
393.899 -2.82925490e-07  1.98756939e-07
394.069 -3.60579835e-07  6.22693177e-09
394.240 -3.15211624e-07 -2.04527124e-07
394.411 -1.53448121e-07 -3.58845873e-07
394.581  7.48922990e-08 -3.98045723e-07
394.752  2.93058363e-07 -2.99929698e-07
394.923  4.24125388e-07 -9.01793805e-08
395.093  4.16534924e-07  1.64314986e-07
395.264  2.64483803e-07  3.78288707e-07
395.435  1.28061859e-08  4.75426224e-07
395.605 -2.57894896e-07  4.15561684e-07
395.776 -4.56293944e-07  2.11394883e-07
395.947 -5.10755363e-07 -7.52087045e-08
396.117 -3.96184993e-07 -3.51735542e-07
396.288 -1.43131556e-07 -5.24061906e-07
396.459  1.70534160e-07 -5.29803843e-07
396.629  4.42399729e-07 -3.59757960e-07
396.800  5.80205035e-07 -6.20812681e-08
396.971  5.32884023e-07  2.69904516e-07
397.141  3.07560637e-07  5.27847993e-07
397.312 -2.91573002e-08  6.24240436e-07
397.483 -3.71110886e-07  5.20237702e-07
397.653 -6.07163813e-07  2.41216279e-07
397.824 -6.55650719e-07 -1.28652037e-07
397.995 -4.92443964e-07 -4.73204970e-07
398.165 -1.62057151e-07 -6.79498015e-07
398.336  2.35779818e-07 -6.74150418e-07
398.507  5.75490531e-07 -4.50100729e-07
398.677  7.44089562e-07 -7.01488389e-08
398.848  6.79687740e-07  3.50433624e-07
399.019  3.92667598e-07  6.77247137e-07
399.189 -3.52766577e-08  8.00527983e-07
399.360 -4.72464413e-07  6.71277875e-07
399.531 -7.78146051e-07  3.18445422e-07
399.701 -8.47740504e-07 -1.55063256e-07
