0.167  8.73498022e-03 -1.38348495e-03
0.335  4.99307122e-03  1.26871606e-03
0.502  2.67489122e-03  2.48947589e-03
0.670  7.94633561e-04  2.68078643e-03
0.837 -6.44340486e-04  2.17281619e-03
1.004 -1.44386642e-03  1.20578954e-03
1.172 -1.61589316e-03  1.64462063e-04
1.339 -1.25431492e-03 -6.76510075e-04
1.506 -5.59634308e-04 -1.13369605e-03
1.674  1.82138692e-04 -1.12531022e-03
1.841  7.07348450e-04 -7.36199074e-04
2.009  9.15097691e-04 -1.61934139e-04
2.176  7.86694944e-04  3.74533299e-04
2.343  3.89376238e-04  7.02312570e-04
2.511 -6.79902138e-05  7.44288638e-04
2.678 -4.68537500e-04  5.15643027e-04
2.846 -6.44911408e-04  1.47575293e-04
3.013 -5.67177366e-04 -2.48466874e-04
3.180 -2.97203372e-04 -5.15061744e-04
3.348  5.61966826e-05 -5.57083629e-04
3.515  3.54756145e-04 -3.95944888e-04
3.682  4.98027432e-04 -1.14301652e-04
3.850  4.45712142e-04  1.80003323e-04
4.017  2.34271032e-04  3.85011429e-04
4.185 -4.44447713e-05  4.33096455e-04
4.352 -2.83280652e-04  3.14432975e-04
4.519 -3.99717422e-04  9.14423248e-05
4.687 -3.65738441e-04 -1.47109084e-04
4.854 -1.98464292e-04 -3.11220073e-04
5.022  3.12022218e-05 -3.50246190e-04
5.189  2.28885941e-04 -2.53561465e-04
5.356  3.23599495e-04 -7.19156802e-05
5.524  2.93274860e-04  1.23024948e-04
5.691  1.59112383e-04  2.66241579e-04
5.858 -2.36525865e-05  3.02260544e-04
6.026 -1.87191120e-04  2.22561722e-04
6.193 -2.75895386e-04  6.28965937e-05
6.361 -2.55365359e-04 -1.13309095e-04
6.528 -1.36954964e-04 -2.35491487e-04
6.695  2.49503895e-05 -2.62143901e-04
6.863  1.67671961e-04 -1.89552520e-04
7.030  2.42760373e-04 -5.06648197e-05
7.198  2.24181185e-04  9.95861910e-05
7.365  1.23381854e-04  2.04759368e-04
7.532 -1.83554817e-05  2.30930831e-04
7.700 -1.45970117e-04  1.70883558e-04
7.867 -2.12631842e-04  4.96045406e-05
8.034 -1.93945302e-04 -8.27782266e-05
8.202 -1.02618937e-04 -1.76787404e-04
8.369  2.34972013e-05 -1.97955478e-04
8.537  1.34067521e-04 -1.43819890e-04
8.704  1.89096464e-04 -3.91514859e-05
8.871  1.70322994e-04  7.61709235e-05
9.039  8.87948579e-05  1.57384192e-04
9.206 -2.23359948e-05  1.75475305e-04
9.374 -1.19900971e-04  1.25946958e-04
9.541 -1.67508209e-04  2.94833239e-05
9.708 -1.50650253e-04 -7.57607434e-05
9.876 -7.78442283e-05 -1.49995142e-04
10.043  2.29611846e-05 -1.67030804e-04
10.210  1.12554349e-04 -1.22546757e-04
10.378  1.57055459e-04 -3.47700472e-05
10.545  1.41150943e-04  6.23298335e-05
10.713  7.26807093e-05  1.31644005e-04
10.880 -2.03743416e-05  1.47565265e-04
11.047 -1.01963749e-04  1.05850261e-04
11.215 -1.42184331e-04  2.42472040e-05
11.382 -1.26875142e-04 -6.40951098e-05
11.550 -6.40491538e-05 -1.24734713e-04
11.717  2.01891711e-05 -1.35978436e-04
11.884  9.35897355e-05 -9.57057691e-05
12.052  1.28857737e-04 -2.11541280e-05
12.219  1.13537143e-04  5.82287847e-05
12.386  5.52618453e-05  1.12399545e-04
12.554 -2.27996967e-05  1.22045864e-04
12.721 -9.11290315e-05  8.53206829e-05
12.889 -1.24071070e-04  1.78335667e-05
13.056 -1.10471029e-04 -5.39999115e-05
13.223 -5.77793761e-05 -1.02867621e-04
13.391  1.25990437e-05 -1.11078834e-04
13.558  7.35541479e-05 -7.71497454e-05
13.726  1.02374957e-04 -1.48755334e-05
13.893  8.94341899e-05  5.18377570e-05
14.060  4.10584018e-05  9.75316953e-05
14.228 -2.31761586e-05  1.05633733e-04
14.395 -7.78975719e-05  7.43590292e-05
14.562 -1.02261419e-04  1.66951763e-05
14.730 -8.76281195e-05 -4.43997074e-05
14.897 -4.01552858e-05 -8.54068558e-05
15.065  2.14397015e-05 -9.14758480e-05
15.232  7.35291646e-05 -6.13408071e-05
15.399  9.70020037e-05 -7.76554325e-06
15.567  8.39302932e-05  4.77925659e-05
15.734  4.04166450e-05  8.40912500e-05
15.902 -1.57640413e-05  8.76721100e-05
16.069 -6.29235208e-05  5.77153562e-05
16.236 -8.36159152e-05  6.52967487e-06
16.404 -7.07357727e-05 -4.60313728e-05
16.571 -3.02505782e-05 -8.02538273e-05
16.738  2.16483429e-05 -8.35241245e-05
16.906  6.50264874e-05 -5.54388219e-05
17.073  8.33764529e-05 -7.65803701e-06
17.241  7.02855211e-05  4.12356533e-05
17.408  3.18029882e-05  7.27107006e-05
17.575 -1.67764037e-05  7.54336279e-05
17.743 -5.67043894e-05  4.95550320e-05
17.910 -7.29275290e-05  5.80801418e-06
18.078 -6.00679790e-05 -3.86455447e-05
18.245 -2.38804908e-05 -6.65680726e-05
18.412  2.11342002e-05 -6.76829527e-05
18.580  5.71827596e-05 -4.22591608e-05
18.747  7.05243251e-05 -5.37365231e-07
18.914  5.65315715e-05  4.10419599e-05
19.082  2.08723178e-05  6.65196140e-05
19.249 -2.24957481e-05  6.66067486e-05
19.417 -5.69222749e-05  4.17125286e-05
19.584 -6.97841732e-05  1.88282253e-06
19.751 -5.68383229e-05 -3.72211259e-05
19.919 -2.37367624e-05 -6.08682018e-05
20.086  1.62033492e-05 -6.05880861e-05
20.254  4.76844234e-05 -3.71936164e-05
20.421  5.91046317e-05 -4.94311786e-07
20.588  4.66364220e-05  3.50390781e-05
20.756  1.58210338e-05  5.58829411e-05
20.923 -2.09768668e-05  5.42632530e-05
21.090 -4.95775811e-05  3.12746555e-05
21.258 -5.90871828e-05 -3.79853424e-06
21.425 -4.62142981e-05 -3.74335600e-05
21.593 -1.64563993e-05 -5.67893300e-05
21.760  1.85393182e-05 -5.47139418e-05
21.927  4.53192634e-05 -3.25744839e-05
22.095  5.37605344e-05  8.10581421e-07
22.262  4.11721874e-05  3.25762913e-05
22.430  1.28723893e-05  5.06246986e-05
22.597 -2.00280589e-05  4.85312903e-05
22.764 -4.47133827e-05  2.76932363e-05
22.932 -5.18703553e-05 -3.51415442e-06
23.099 -3.91602207e-05 -3.27836864e-05
23.266 -1.17351630e-05 -4.88634404e-05
23.434  1.96231168e-05 -4.59616385e-05
23.601  4.28511434e-05 -2.55508337e-05
23.769  4.94679872e-05  4.19383009e-06
23.936  3.74235681e-05  3.16522091e-05
24.103  1.17789482e-05  4.65407168e-05
24.271 -1.72412208e-05  4.35579865e-05
24.438 -3.85347509e-05  2.42461023e-05
24.606 -4.42284270e-05 -3.51559243e-06
24.773 -3.24570703e-05 -2.89008042e-05
24.940 -8.20223561e-06 -4.23247590e-05
25.108  1.89199391e-05 -3.88571076e-05
25.275  3.85477369e-05 -2.02457330e-05
25.442  4.32922384e-05  5.94433298e-06
25.610  3.16635686e-05  2.95597653e-05
25.777  8.57457154e-06  4.15622533e-05
25.945 -1.69235795e-05  3.75265078e-05
26.112 -3.50099261e-05  1.93884912e-05
26.279 -3.88296651e-05 -5.68848921e-06
26.447 -2.72756390e-05 -2.80707290e-05
26.614 -5.08050176e-06 -3.92495007e-05
26.782  1.91362180e-05 -3.53018965e-05
26.949  3.60443285e-05 -1.81654034e-05
27.116  3.93908316e-05  5.34290325e-06
27.284  2.82927245e-05  2.60115407e-05
27.451  7.26632549e-06  3.59508316e-05
27.618 -1.54070709e-05  3.16599968e-05
27.786 -3.09797456e-05  1.50489361e-05
27.953 -3.37543128e-05 -7.25408080e-06
28.121 -2.29817057e-05 -2.64961579e-05
28.288 -3.10759691e-06 -3.54067433e-05
28.455  1.79163146e-05 -3.07759291e-05
28.623  3.19744556e-05 -1.45681361e-05
28.790  3.38031193e-05  6.75649070e-06
28.958  2.28286796e-05  2.49921333e-05
29.125  3.48949656e-06  3.33535343e-05
29.292 -1.66823554e-05  2.88594411e-05
29.460 -3.00828999e-05  1.35743008e-05
29.627 -3.17410856e-05 -6.31758930e-06
29.794 -2.12981287e-05 -2.31188460e-05
29.962 -3.10698833e-06 -3.04105681e-05
30.129  1.57237577e-05 -2.55399478e-05
30.297  2.79652064e-05 -1.06871636e-05
30.464  2.90044921e-05  8.26622546e-06
30.631  1.87297611e-05  2.39961906e-05
30.799  1.31961916e-06  3.04652827e-05
30.966 -1.64575473e-05  2.53971585e-05
31.134 -2.77302820e-05  1.09752276e-05
31.301 -2.83230203e-05 -7.17387959e-06
31.468 -1.82817072e-05 -2.20246372e-05
31.636 -1.61788778e-06 -2.79801293e-05
31.803  1.51463896e-05 -2.30435617e-05
31.970  2.55673685e-05 -9.32723533e-06
32.138  2.58692668e-05  7.72252634e-06
32.305  1.61572639e-05  2.14406596e-05
32.473  3.47467857e-07  2.66811908e-05
32.640 -1.53070422e-05  2.16149136e-05
32.807 -2.48278229e-05  8.33807224e-06
32.975 -2.47156143e-05 -7.86232206e-06
33.142 -1.51483738e-05 -2.07422985e-05
33.310 -2.37327010e-09 -2.55054228e-05
33.477  1.47990638e-05 -2.04678437e-05
33.644  2.36598555e-05 -7.78536848e-06
33.812  2.32834361e-05  7.47585753e-06
33.979  1.39914220e-05  1.94608191e-05
34.146 -4.27769755e-07  2.36303165e-05
34.314 -1.43929721e-05  1.85145220e-05
34.481 -2.25873670e-05  6.31736506e-06
34.649 -2.19627328e-05 -8.15914729e-06
34.816 -1.30002819e-05 -1.93508687e-05
34.983  6.76428973e-07 -2.29924185e-05
35.151  1.37642409e-05 -1.78754903e-05
35.318  2.12172142e-05 -6.17118052e-06
35.486  2.03053162e-05  7.54234691e-06
35.653  1.15969758e-05  1.79349386e-05
35.820 -1.44646155e-06  2.10690870e-05
35.988 -1.37207271e-05  1.59281092e-05
36.155 -2.04980151e-05  4.60195677e-06
36.322 -1.93323035e-05 -8.47694625e-06
36.490 -1.08098068e-05 -1.82462455e-05
36.657  1.69187977e-06 -2.10972573e-05
36.825  1.32685588e-05 -1.61142899e-05
36.992  1.95381167e-05 -5.35244401e-06
37.159  1.82459973e-05  6.88960471e-06
37.327  1.00132101e-05  1.58814605e-05
37.494 -1.82539208e-06  1.82794164e-05
37.662 -1.26296326e-05  1.32663828e-05
37.829 -1.83121854e-05  2.93516887e-06
37.996 -1.67607896e-05 -8.59343673e-06
38.164 -8.69293735e-06 -1.68914474e-05
38.331  2.63983265e-06 -1.88014824e-05
38.498  1.28744622e-05 -1.36561551e-05
38.666  1.81334288e-05 -3.56909898e-06
38.833  1.64779002e-05  7.55752778e-06
39.001  8.72606671e-06  1.55136224e-05
39.168 -2.02226065e-06  1.73268852e-05
39.335 -1.16253162e-05  1.24992150e-05
39.503 -1.63999855e-05  3.08206072e-06
39.670 -1.46324237e-05 -7.21997243e-06
39.838 -7.18213834e-06 -1.43810805e-05
40.005  2.99791170e-06 -1.56775954e-05
40.172  1.19232881e-05 -1.07460195e-05
40.340  1.61523736e-05 -1.55650914e-06
40.507  1.41791306e-05  8.30596103e-06
40.674  6.85595044e-06  1.50220752e-05
40.842 -2.94099754e-06  1.61170773e-05
41.009 -1.13828691e-05  1.12899972e-05
41.177 -1.52896525e-05  2.47394945e-06
41.344 -1.32835879e-05 -6.84716405e-06
41.511 -6.22246631e-06 -1.31029053e-05
41.679  3.06081185e-06 -1.40023033e-05
41.846  1.09464431e-05 -9.29209643e-06
42.014  1.44744740e-05 -9.14610677e-07
42.181  1.23553604e-05  7.79851522e-06
42.348  5.50269159e-06  1.35137485e-05
42.516 -3.33120016e-06  1.40678778e-05
42.683 -1.07513655e-05  9.30370044e-06
42.850 -1.39526923e-05  1.16104128e-06
43.018 -1.17655744e-05 -7.21479153e-06
43.185 -5.16761798e-06 -1.26596598e-05
43.353  3.22307457e-06 -1.31431093e-05
43.520  1.01878536e-05 -8.62688850e-06
43.687  1.30632635e-05 -9.84105125e-07
43.855  1.08422647e-05  6.80537704e-06
44.022  4.51548287e-06  1.17175578e-05
44.190 -3.43023512e-06  1.19072775e-05
44.357 -9.89988624e-06  7.42524903e-06
44.524 -1.24116340e-05  6.16877163e-08
44.692 -1.01063639e-05 -7.30378158e-06
44.859 -3.94725588e-06 -1.18068945e-05
45.026  3.65137923e-06 -1.17895256e-05
45.194  9.71836125e-06 -7.33346534e-06
45.361  1.19723602e-05 -1.86626245e-07
45.529  9.63717442e-06  6.85304652e-06
45.696  3.66046074e-06  1.11131235e-05
45.863 -3.58823550e-06  1.10631724e-05
46.031 -9.30803326e-06  6.79894776e-06
46.198 -1.13847398e-05  5.92357505e-08
46.366 -9.09368404e-06 -6.48990669e-06
46.533 -3.41102560e-06 -1.03652002e-05
46.700  3.37075615e-06 -1.01247380e-05
46.868  8.63707222e-06 -5.92613662e-06
47.035  1.03909379e-05  5.06869355e-07
47.202  7.99334737e-06  6.66725673e-06
47.370  2.46374042e-06  1.02047623e-05
47.537 -4.01891226e-06  9.77456038e-06
47.705 -8.97583562e-06  5.62238692e-06
47.872 -1.05087162e-05 -5.87368366e-07
48.039 -8.09502024e-06 -6.47618251e-06
48.207 -2.75128576e-06 -9.78948999e-06
48.374  3.45479045e-06 -9.31230477e-06
48.542  8.13521412e-06 -5.34144325e-06
48.709  9.52299057e-06  5.42616006e-07
48.876  7.19563079e-06  6.04583242e-06
49.044  2.12616116e-06  9.03737948e-06
49.211 -3.68802631e-06  8.44212047e-06
49.378 -7.96148592e-06  4.56405874e-06
49.546 -9.08608216e-06 -1.06401444e-06
49.713 -6.69469140e-06 -6.21968995e-06
49.881 -1.73673489e-06 -8.92889575e-06
50.048  3.83012083e-06 -8.21353717e-06
50.215  7.85798070e-06 -4.38058323e-06
50.383  8.86630804e-06  1.04558995e-06
50.550  6.51688722e-06  5.94592424e-06
50.718  1.77520749e-06  8.48914082e-06
50.885 -3.46542076e-06  7.75052497e-06
51.052 -7.20365120e-06  4.07214314e-06
51.220 -8.03912652e-06 -1.04329407e-06
51.387 -5.68744993e-06 -5.60942479e-06
51.554 -1.13776882e-06 -7.89457784e-06
51.722  3.81678456e-06 -7.03915235e-06
51.889  7.28252859e-06 -3.44502063e-06
52.057  7.92865806e-06  1.44426950e-06
52.224  5.55537947e-06  5.74978135e-06
52.391  1.13911716e-06  7.81100866e-06
52.559 -3.62230859e-06  6.86620084e-06
52.726 -6.90293835e-06  3.34987354e-06
52.894 -7.46915004e-06 -1.36897362e-06
53.061 -5.19071091e-06 -5.47558153e-06
53.228 -9.96162793e-07 -7.39986772e-06
53.396  3.47720391e-06 -6.48081416e-06
53.563  6.48281655e-06 -3.14239136e-06
53.730  6.90883988e-06  1.29502946e-06
53.898  4.65686332e-06  5.07626165e-06
54.065  6.25513176e-07  6.75611694e-06
54.233 -3.58305269e-06  5.74278924e-06
54.400 -6.33365453e-06  2.45149054e-06
54.567 -6.61142250e-06 -1.80862392e-06
54.735 -4.33068886e-06 -5.36747610e-06
54.902 -3.98312497e-07 -6.89149157e-06
55.070  3.63639083e-06 -5.82107303e-06
55.237  6.25275778e-06 -2.59211795e-06
55.404  6.48735532e-06  1.50738039e-06
55.572  4.28426740e-06  4.91497852e-06
55.739  5.59170817e-07  6.36790011e-06
55.906 -3.22835761e-06  5.34535535e-06
56.074 -5.64413158e-06  2.31984165e-06
56.241 -5.77301160e-06 -1.48081476e-06
56.409 -3.61981046e-06 -4.58691443e-06
56.576 -7.97534251e-08 -5.79058507e-06
56.743  3.47225369e-06 -4.64706980e-06
56.911  5.65623755e-06 -1.64981835e-06
57.078  5.63424037e-06  2.03909043e-06
57.246  3.46476687e-06  4.99938073e-06
57.413  2.05626275e-10  6.09139103e-06
57.580 -3.43006615e-06  4.94644166e-06
57.748 -5.50198290e-06  2.04122900e-06
57.915 -5.46697579e-06 -1.50346992e-06
58.082 -3.39580837e-06 -4.31021483e-06
58.250 -1.06516230e-07 -5.33289000e-06
58.417  3.10196958e-06 -4.24513807e-06
58.585  4.99484697e-06 -1.50171778e-06
58.752  4.89454157e-06  1.79391466e-06
58.919  2.86959845e-06  4.33906724e-06
59.087 -2.63518656e-07  5.17884218e-06
59.254 -3.25513379e-06  4.00679082e-06
59.422 -4.96713867e-06  1.29045634e-06
59.589 -4.76030686e-06 -1.88600769e-06
59.756 -2.72461133e-06 -4.30887852e-06
59.924  3.16119224e-07 -5.07581553e-06
60.091  3.18484265e-06 -3.90605002e-06
60.258  4.80714474e-06 -1.29500450e-06
60.426  4.57277970e-06  1.72343338e-06
60.593  2.61406686e-06  4.00627402e-06
60.761 -2.68607713e-07  4.68432096e-06
60.928 -2.96952623e-06  3.52818389e-06
61.095 -4.45224760e-06  1.03916136e-06
61.263 -4.16185798e-06 -1.81200233e-06
61.430 -2.26539956e-06 -3.92373697e-06
61.598  4.82205011e-07 -4.48043061e-06
61.765  3.01636480e-06 -3.31110431e-06
61.932  4.34634026e-06 -8.96008031e-07
62.100  3.98957603e-06  1.83115176e-06
62.267  2.11836033e-06  3.80271294e-06
62.434 -5.43007610e-07  4.27852212e-06
62.602 -2.95191710e-06  3.11758318e-06
62.769 -4.18734216e-06  7.78112093e-07
62.937 -3.81815700e-06 -1.81818360e-06
63.104 -2.00646342e-06 -3.66098900e-06
63.271  5.27272641e-07 -4.07768780e-06
63.439  2.78047564e-06 -2.93221706e-06
63.606  3.90799565e-06 -6.85838943e-07
63.774  3.50053672e-06  1.75965797e-06
63.941  1.72929966e-06  3.46887397e-06
64.108 -6.84639960e-07  3.80729352e-06
64.276 -2.80300586e-06  2.65327735e-06
64.443 -3.83143251e-06  4.86803428e-07
64.610 -3.37924260e-06 -1.83624337e-06
64.778 -1.64929701e-06 -3.43869441e-06
64.945  6.60522989e-07 -3.70842628e-06
65.113  2.67174382e-06 -2.56275999e-06
65.280  3.61644849e-06 -4.82801873e-07
65.447  3.14510060e-06  1.72995321e-06
65.615  1.48465654e-06  3.22835818e-06
65.782 -7.09228659e-07  3.43898284e-06
65.950 -2.59063570e-06  2.32180401e-06
66.117 -3.42490383e-06  3.33359273e-07
66.284 -2.91764989e-06 -1.75778223e-06
66.452 -1.29281831e-06 -3.13032971e-06
66.619  8.23721818e-07 -3.27060805e-06
66.786  2.60349986e-06 -2.15734534e-06
66.954  3.36803721e-06 -2.23242844e-07
67.121  2.86067609e-06  1.77362068e-06
67.289  1.29038952e-06  3.05897769e-06
67.456 -7.22224281e-07  3.17201047e-06
67.623 -2.38239407e-06  2.08918614e-06
67.791 -3.07325002e-06  2.42752718e-07
67.958 -2.55058365e-06 -1.62649666e-06
68.126 -1.02703664e-06 -2.80620434e-06
68.293  8.77465747e-07 -2.86216950e-06
68.460  2.42232385e-06 -1.77784238e-06
68.628  3.02905501e-06  9.31412027e-10
68.795  2.46326794e-06  1.77322201e-06
68.962  9.61129454e-07  2.87272261e-06
69.130 -8.79292067e-07  2.87774015e-06
69.297 -2.36661253e-06  1.79993798e-06
69.465 -2.93865858e-06  8.20278585e-08
69.632 -2.39008948e-06 -1.62275940e-06
69.799 -9.71942011e-07 -2.66984478e-06
69.967  7.58077342e-07 -2.66548149e-06
70.134  2.13566874e-06 -1.65253293e-06
70.302  2.62405535e-06 -4.74119980e-08
70.469  2.06163933e-06  1.52600096e-06
70.636  6.92387955e-07  2.44348267e-06
70.804 -9.53049971e-07  2.36032836e-06
70.971 -2.22339237e-06  1.33196670e-06
71.138 -2.62759717e-06 -2.47169949e-07
71.306 -2.03257276e-06 -1.75963868e-06
71.473 -6.66509826e-07 -2.61778558e-06
71.641  9.42951382e-07 -2.51678298e-06
71.808  2.16968106e-06 -1.50410537e-06
71.975  2.56953055e-06  2.82756063e-08
72.143  2.01179680e-06  1.47683454e-06
72.310  7.21903910e-07  2.30366792e-06
72.478 -7.76098753e-07  2.21962198e-06
72.645 -1.90361703e-06  1.27128211e-06
72.812 -2.24631863e-06 -1.42407600e-07
72.980 -1.67739201e-06 -1.45589740e-06
73.147 -4.39465020e-07 -2.17114608e-06
73.314  9.65009561e-07 -2.00780159e-06
73.482  2.00026205e-06 -1.03610377e-06
73.649  2.26390364e-06  3.48045019e-07
73.817  1.65334513e-06  1.61888189e-06
73.984  4.24196916e-07  2.29266730e-06
74.151 -9.54146972e-07  2.10931099e-06
74.319 -1.96348709e-06  1.16344386e-06
74.486 -2.21646205e-06 -1.72906328e-07
74.654 -1.64202989e-06 -1.39595667e-06
74.821 -4.83814892e-07 -2.03323810e-06
74.988  8.14214699e-07 -1.86022207e-06
75.156  1.74317685e-06 -9.74478257e-07
75.323  1.95194299e-06  2.76844331e-07
75.490  1.38862515e-06  1.39758079e-06
75.658  2.77692227e-07  1.94750026e-06
75.825 -9.42081892e-07  1.73497833e-06
75.993 -1.78516806e-06  8.47804318e-07
76.160 -1.94129348e-06 -3.69678467e-07
76.327 -1.35930350e-06 -1.43302448e-06
76.495 -2.61960134e-07 -1.94415671e-06
76.662  9.12609173e-07 -1.72240313e-06
76.830  1.71694375e-06 -8.53816326e-07
76.997  1.86134011e-06  3.09534189e-07
77.164  1.29331668e-06  1.31326335e-06
77.332  2.48710213e-07  1.78817485e-06
77.499 -8.53410311e-07  1.55438719e-06
77.666 -1.59993681e-06  7.13715056e-07
77.834 -1.70587572e-06 -3.87952030e-07
78.001 -1.13484970e-06 -1.33174963e-06
78.169 -1.29551852e-07 -1.75817305e-06
78.336  9.22774425e-07 -1.50177959e-06
78.503  1.62382609e-06 -6.82425375e-07
78.671  1.70011004e-06  3.77810950e-07
78.838  1.14112833e-06  1.27931733e-06
79.006  1.77018660e-07  1.67101921e-06
79.173 -8.26993212e-07  1.41728113e-06
79.340 -1.47860709e-06  6.38646619e-07
79.508 -1.53402018e-06 -3.64691039e-07
79.675 -9.96853149e-07 -1.19738898e-06
79.842 -7.89907266e-08 -1.53394300e-06
80.010  8.57408919e-07 -1.26413257e-06
80.177  1.43809419e-06 -4.96887807e-07
80.345  1.45168155e-06  4.70100955e-07
80.512  8.98427875e-07  1.25018051e-06
80.679 -1.28008630e-08  1.55200412e-06
80.847 -9.19849626e-07  1.27054432e-06
81.014 -1.47997340e-06  5.10262664e-07
81.182 -1.49561118e-06 -4.25154271e-07
81.349 -9.61827151e-07 -1.17501081e-06
81.516 -9.68142531e-08 -1.47026979e-06
81.684  7.55255816e-07 -1.20251741e-06
81.851  1.28067525e-06 -4.87306759e-07
82.018  1.28294640e-06  3.79366649e-07
82.186  7.68952693e-07  1.06859755e-06
82.353 -3.91961145e-08  1.31813145e-06
82.521 -8.26548231e-07  1.03084188e-06
82.688 -1.29133942e-06  3.37068348e-07
82.855 -1.24608171e-06 -4.88862514e-07
83.023 -7.19976067e-07 -1.13342942e-06
83.190  7.61668527e-08 -1.33961730e-06
83.358  8.44723445e-07 -1.03515448e-06
83.525  1.28561897e-06 -3.49748455e-07
83.692  1.23436063e-06  4.60603875e-07
83.860  7.29290679e-07  1.08267439e-06
84.027 -3.65728025e-08  1.27814997e-06
84.194 -7.66975658e-07  9.92589036e-07
84.362 -1.17526154e-06  3.41313021e-07
84.529 -1.12174880e-06 -4.23292834e-07
84.697 -6.37138010e-07 -9.95584335e-07
84.864  9.10673482e-08 -1.16598191e-06
85.031  7.68112632e-07 -8.81469634e-07
85.199  1.13580426e-06 -2.51113118e-07
85.366  1.06541891e-06  4.68549099e-07
85.534  5.82011695e-07  9.95648381e-07
85.701 -1.18481919e-07  1.13957385e-06
85.868 -7.56890212e-07  8.43357509e-07
86.036 -1.09908324e-06  2.26426823e-07
86.203 -1.01497464e-06 -4.60508806e-07
86.370 -5.39331013e-07 -9.61476512e-07
86.538  1.28344591e-07 -1.08820205e-06
86.705  7.33349717e-07 -7.91087488e-07
86.873  1.04849845e-06 -2.01001852e-07
87.040  9.48104029e-07  4.51123968e-07
87.207  4.83801359e-07  9.20890444e-07
87.375 -1.57360593e-07  1.02162611e-06
87.542 -7.36069717e-07  7.22941920e-07
87.710 -1.02499087e-06  1.52068334e-07
87.877 -9.17063275e-07 -4.77715520e-07
88.044 -4.69505046e-07 -9.21720348e-07
88.212  1.48158918e-07 -1.00905832e-06
88.379  6.97652712e-07 -7.23468121e-07
88.546  9.63061871e-07 -1.77732963e-07
88.714  8.58169255e-07  4.17988304e-07
88.881  4.31725852e-07  8.25203436e-07
89.049 -1.51744737e-07  8.97603348e-07
89.216 -6.54628183e-07  6.18439608e-07
89.383 -8.85400803e-07  9.44859993e-08
89.551 -7.65648884e-07 -4.59666737e-07
89.718 -3.38021530e-07 -8.25684128e-07
89.886  2.25004891e-07 -8.71933645e-07
90.053  6.98818053e-07 -5.76171404e-07
90.220  9.11091384e-07 -5.40615515e-08
90.388  7.79386922e-07  4.84702793e-07
90.555  3.53571317e-07  8.43148708e-07
90.722 -1.91437331e-07  8.88605182e-07
90.890 -6.52359551e-07  6.03025962e-07
91.057 -8.60604346e-07  1.10450048e-07
91.225 -7.35203098e-07 -3.98180304e-07
91.392 -3.38922199e-07 -7.35258013e-07
91.559  1.66499031e-07 -7.67984609e-07
91.727  5.91864929e-07 -4.94074511e-07
91.894  7.67863840e-07 -3.25343183e-08
92.062  6.29812560e-07  4.42074542e-07
92.229  2.44605364e-07  7.41396387e-07
92.396 -2.41819717e-07  7.46611187e-07
92.564 -6.40001009e-07  4.67631417e-07
92.731 -7.89899658e-07  1.05750741e-08
92.898 -6.44444228e-07 -4.51093644e-07
93.066 -2.62126013e-07 -7.32639626e-07
93.233  2.14556348e-07 -7.35184637e-07
93.401  5.94803633e-07 -4.65894926e-07
93.568  7.38102061e-07 -2.48406246e-08
93.735  6.01177977e-07  4.09839686e-07
93.903  2.34812954e-07  6.70171577e-07
94.070 -2.12169395e-07  6.67761661e-07
94.238 -5.60875003e-07  4.02231565e-07
94.405 -6.86794072e-07 -1.98054318e-08
94.572 -5.41145490e-07 -4.25708875e-07
94.740 -1.80162845e-07 -6.66628084e-07
94.907  2.46009359e-07 -6.52105179e-07
95.074  5.77818003e-07 -3.85048091e-07
95.242  6.93052601e-07  2.06729293e-08
95.409  5.43646630e-07  4.09187938e-07
95.577  1.97272648e-07  6.38647665e-07
95.744 -2.07736155e-07  6.17159549e-07
95.911 -5.23024352e-07  3.61098315e-07
96.079 -6.23811546e-07 -2.08004123e-08
96.246 -4.75313329e-07 -3.86622922e-07
96.414 -1.47496724e-07 -5.92025881e-07
96.581  2.35837846e-07 -5.56177251e-07
96.748  5.24946398e-07 -3.04678807e-07
96.916  6.02220121e-07  6.64717562e-08
97.083  4.47190457e-07  4.15870876e-07
97.250  1.20765429e-07  6.01619361e-07
97.418 -2.56341404e-07  5.59639651e-07
97.585 -5.32562855e-07  3.11402398e-07
97.753 -6.06930869e-07 -5.29998440e-08
97.920 -4.60635706e-07 -3.87570229e-07
98.087 -1.46627908e-07 -5.64876684e-07
98.255  2.08702702e-07 -5.28635801e-07
98.422  4.64364256e-07 -2.92072676e-07
98.590  5.32630106e-07  4.92619703e-08
98.757  3.88226011e-07  3.54655833e-07
98.924  8.84433196e-08  5.13402272e-07
99.092 -2.39595795e-07  4.66126999e-07
99.259 -4.72239101e-07  2.28577243e-07
99.426 -5.22760303e-07 -9.73476915e-08
99.594 -3.66032360e-07 -3.85944352e-07
99.761 -6.96259509e-08 -5.31559573e-07
99.929  2.49858012e-07 -4.72485008e-07
100.096  4.77474361e-07 -2.36194046e-07
100.263  5.22483217e-07  8.03830495e-08
100.431  3.70623008e-07  3.63218007e-07
100.598  9.03639734e-08  5.02612429e-07
100.766 -2.14977359e-07  4.45373211e-07
100.933 -4.28087389e-07  2.25578131e-07
101.100 -4.63611516e-07 -7.25682189e-08
101.268 -3.18728077e-07 -3.35355124e-07
101.435 -5.21615126e-08 -4.54969476e-07
101.602  2.35933033e-07 -3.92691551e-07
101.770  4.26670993e-07 -1.77713815e-07
101.937  4.49698491e-07  1.11319867e-07
102.105  3.03004870e-07  3.56318240e-07
102.272  3.81236251e-08  4.62413484e-07
102.439 -2.38933756e-07  3.97149739e-07
102.607 -4.18238042e-07  1.81915679e-07
102.774 -4.40158951e-07 -9.90479800e-08
102.942 -2.95637979e-07 -3.31712485e-07
103.109 -4.00464284e-08 -4.34943227e-07
103.276  2.19766053e-07 -3.71622511e-07
103.444  3.88734150e-07 -1.64469654e-07
103.611  4.06352918e-07  9.71252363e-08
103.778  2.62417625e-07  3.12866680e-07
103.946  2.06640853e-08  4.05143189e-07
104.113 -2.22408519e-07  3.33736763e-07
104.281 -3.79293648e-07  1.31326410e-07
104.448 -3.85248012e-07 -1.18031176e-07
104.615 -2.39690470e-07 -3.24534710e-07
104.783 -6.66334677e-09 -4.06283831e-07
104.950  2.29239958e-07 -3.30595018e-07
105.118  3.77439264e-07 -1.35717336e-07
105.285  3.77522823e-07  1.05853661e-07
105.452  2.38608548e-07  3.03597913e-07
105.620  1.53547434e-08  3.76453571e-07
105.787 -2.09907213e-07  3.03934765e-07
105.954 -3.44365794e-07  1.18744568e-07
106.122 -3.40374737e-07 -1.11725298e-07
106.289 -2.06455911e-07 -2.92536595e-07
106.457  9.83401713e-09 -3.53925702e-07
106.624  2.20721916e-07 -2.79967186e-07
106.791  3.41442299e-07 -9.55122659e-08
106.959  3.33307193e-07  1.26924360e-07
107.126  1.97621168e-07  2.96109459e-07
107.294 -1.45501360e-08  3.54185588e-07
107.461 -2.14638793e-07  2.80038314e-07
107.628 -3.30936137e-07  9.95523023e-08
107.796 -3.22835999e-07 -1.10106337e-07
107.963 -1.90069060e-07 -2.69976861e-07
108.130  8.93229277e-09 -3.24317607e-07
108.298  1.95185416e-07 -2.48393645e-07
108.465  3.03084497e-07 -7.67442040e-08
108.633  2.87322182e-07  1.18815752e-07
108.800  1.55984181e-07  2.68517025e-07
108.967 -3.28214262e-08  3.11948723e-07
109.135 -2.10907213e-07  2.30908963e-07
109.302 -3.09146592e-07  6.44661873e-08
109.470 -2.85823459e-07 -1.26252966e-07
109.637 -1.57352824e-07 -2.70108127e-07
109.804  2.71003191e-08 -3.06935841e-07
109.972  2.00831856e-07 -2.29070056e-07
110.139  2.92050719e-07 -6.97917485e-08
110.306  2.70055433e-07  1.14235542e-07
110.474  1.49702873e-07  2.47329564e-07
110.641 -2.66193931e-08  2.79175594e-07
110.809 -1.87004729e-07  2.05256093e-07
110.976 -2.66866358e-07  5.10670718e-08
111.143 -2.42949075e-07 -1.22008670e-07
111.311 -1.22835350e-07 -2.41756115e-07
111.478  4.78543351e-08 -2.68325354e-07
111.646  1.96552258e-07 -1.91803211e-07
111.813  2.70345649e-07 -3.86831637e-08
111.980  2.43497665e-07  1.25311156e-07
112.148  1.22049245e-07  2.38932040e-07
112.315 -4.15190550e-08  2.63362073e-07
112.482 -1.83231393e-07  1.84897018e-07
112.650 -2.54809894e-07  3.78608449e-08
112.817 -2.25368933e-07 -1.17036925e-07
112.985 -1.08212683e-07 -2.26283654e-07
113.152  4.49692055e-08 -2.45842750e-07
113.319  1.79906229e-07 -1.67474049e-07
113.487  2.44339364e-07 -2.89504993e-08
113.654  2.10243403e-07  1.19087864e-07
113.822  9.79278425e-08  2.21392681e-07
113.989 -4.96235399e-08  2.33881279e-07
114.156 -1.79202164e-07  1.57573308e-07
114.324 -2.35870569e-07  2.43919539e-08
114.491 -2.01475906e-07 -1.18895778e-07
114.658 -9.43521250e-08 -2.12529831e-07
114.826  4.86317672e-08 -2.21246445e-07
114.993  1.69039640e-07 -1.48331759e-07
115.161  2.18275182e-07 -1.84073546e-08
115.328  1.84313965e-07  1.17019546e-07
115.495  7.83140114e-08  2.01116059e-07
115.663 -5.96823054e-08  2.07551176e-07
115.830 -1.70487026e-07  1.33882680e-07
115.998 -2.15727665e-07  5.58803491e-09
116.165 -1.80206194e-07 -1.21842389e-07
116.332 -7.33620989e-08 -2.01421445e-07
116.500  5.85932022e-08 -2.06917411e-07
116.667  1.64421715e-07 -1.31926407e-07
116.834  2.09341905e-07 -8.90791695e-09
117.002  1.72855010e-07  1.11546673e-07
117.169  7.08430103e-08  1.89157200e-07
117.337 -5.16350574e-08  1.92317968e-07
117.504 -1.52141621e-07  1.19445493e-07
117.671 -1.91706547e-07  5.73566797e-09
117.839 -1.52301590e-07 -1.07580711e-07
118.006 -5.59078610e-08 -1.78152547e-07
118.174  6.06555031e-08 -1.74159822e-07
118.341  1.55480435e-07 -1.02294352e-07
118.508  1.86843110e-07  7.95396574e-09
118.676  1.45563568e-07  1.18531484e-07
118.843  5.13344085e-08  1.82487438e-07
119.010 -6.44774686e-08  1.75808612e-07
119.178 -1.54668244e-07  1.06609615e-07
119.345 -1.83027176e-07 -2.53805279e-09
119.513 -1.45261784e-07 -1.08904688e-07
119.680 -5.38897611e-08 -1.68060545e-07
119.847  5.67665522e-08 -1.63609051e-07
120.015  1.38882852e-07 -9.76528363e-08
120.182  1.65400588e-07  6.60689325e-09
120.350  1.28454497e-07  1.02994113e-07
120.517  3.88108676e-08  1.56222341e-07
120.684 -6.36756459e-08  1.49534186e-07
120.852 -1.38709123e-07  8.12821336e-08
121.019 -1.62189813e-07 -1.88420847e-08
121.186 -1.21213526e-07 -1.09306267e-07
121.354 -3.26522471e-08 -1.60618997e-07
121.521  6.47517348e-08 -1.50676162e-07
121.689  1.38420745e-07 -8.23195361e-08
121.856  1.59743584e-07  1.23677123e-08
122.023  1.17887959e-07  1.00281970e-07
122.191  3.50296623e-08  1.49323293e-07
122.358 -5.78464037e-08  1.36822149e-07
122.526 -1.28161043e-07  7.28295998e-08
122.693 -1.44426658e-07 -1.63132763e-08
122.860 -1.03650701e-07 -1.00252543e-07
123.028 -2.53171113e-08 -1.42434800e-07
123.195  6.46517363e-08 -1.27292215e-07
123.362  1.28629064e-07 -6.57116978e-08
123.530  1.40262090e-07  2.24572563e-08
123.697  1.00732929e-07  1.02306882e-07
123.865  2.27383550e-08  1.39631773e-07
124.032 -6.47556388e-08  1.25608525e-07
124.199 -1.23455756e-07  6.52585628e-08
124.367 -1.35167423e-07 -2.07400650e-08
124.534 -9.72562856e-08 -9.41531649e-08
124.702 -2.08340145e-08 -1.28987976e-07
124.869  5.99403234e-08 -1.15457638e-07
125.036  1.13665875e-07 -5.49169566e-08
125.204  1.24311422e-07  2.59676618e-08
125.371  8.42418921e-08  9.33844774e-08
125.538  1.01717089e-08  1.26308690e-07
125.706 -6.50037368e-08  1.09618793e-07
125.873 -1.16820616e-07  4.88024939e-08
126.041 -1.24657063e-07 -2.74902513e-08
126.208 -8.27711430e-08 -9.31834872e-08
126.375 -1.26003946e-08 -1.24381661e-07
126.543  6.02023580e-08 -1.05334581e-07
126.710  1.10714644e-07 -4.80326374e-08
126.878  1.15431180e-07  2.44047841e-08
127.045  7.56941789e-08  8.80897347e-08
127.212  1.00861903e-08  1.14708336e-07
127.380 -6.02568181e-08  9.49365438e-08
127.547 -1.05433947e-07  4.10995253e-08
127.714 -1.06603638e-07 -2.97278059e-08
127.882 -6.85554230e-08 -8.91596383e-08
128.049 -3.38642672e-09 -1.11013006e-07
128.217  6.46983703e-08 -9.18699711e-08
128.384  1.05135983e-07 -3.82908091e-08
128.551  1.06384930e-07  3.16931158e-08
128.719  6.92484298e-08  8.65420386e-08
128.886  4.41372675e-09  1.07509907e-07
129.054 -5.90326051e-08  8.97549945e-08
129.221 -9.68615399e-08  3.63177223e-08
129.388 -9.90224036e-08 -2.91972274e-08
129.556 -6.14052221e-08 -7.94452433e-08
129.723  1.29269504e-10 -9.99025375e-08
129.890  5.78794368e-08 -8.04258140e-08
130.058  9.38528315e-08 -2.78650565e-08
130.225  9.33697843e-08  3.25760988e-08
130.393  5.40677872e-08  8.06965706e-08
130.560 -3.99953845e-09  9.89344480e-08
130.727 -5.99317824e-08  7.65258941e-08
130.895 -9.49333397e-08  2.62290400e-08
131.062 -9.15181399e-08 -3.20620897e-08
131.230 -5.37937999e-08 -7.98427619e-08
131.397  1.12460043e-09 -9.52122913e-08
131.564  5.63317839e-08 -7.32631753e-08
131.732  8.81280486e-08 -2.66766043e-08
131.899  8.32749102e-08  3.02754941e-08
132.066  4.86769943e-08  7.46674316e-08
132.234 -4.77445951e-09  8.65649709e-08
132.401 -5.71467561e-08  6.62353294e-08
132.569 -8.41710059e-08  2.06964515e-08
132.736 -7.92263664e-08 -3.47595943e-08
132.903 -4.51704481e-08 -7.43126056e-08
133.071  8.31878645e-09 -8.48942985e-08
133.238  5.67389914e-08 -6.50915320e-08
133.406  8.17267825e-08 -1.86733988e-08
133.573  7.76770687e-08  3.37907975e-08
133.740  4.27681625e-08  7.04370744e-08
133.908 -8.41168614e-09  8.17744212e-08
134.075 -5.27560824e-08  6.11974018e-08
134.242 -7.74515129e-08  1.60683210e-08
134.410 -7.22306143e-08 -3.17229130e-08
134.577 -3.68953080e-08 -6.68713146e-08
134.745  1.02484950e-08 -7.66941338e-08
134.912  5.24997858e-08 -5.39784844e-08
135.079  7.59764728e-08 -1.14503083e-08
135.247  6.77388418e-08  3.41260785e-08
135.414  3.35546405e-08  6.87599762e-08
135.582 -1.12417208e-08  7.56048338e-08
135.749 -5.34749727e-08  5.28948003e-08
135.916 -7.44880431e-08  1.30187843e-08
136.084 -6.52985593e-08 -3.24121083e-08
136.251 -3.39955905e-08 -6.50284706e-08
136.418  9.95473531e-09 -6.98074956e-08
136.586  5.03093697e-08 -4.95368512e-08
136.753  6.78756838e-08 -1.11061083e-08
136.921  5.96455991e-08  3.27420694e-08
137.088  2.96177089e-08  6.09430829e-08
137.255 -1.37708164e-08  6.47966955e-08
137.423 -5.00009424e-08  4.51813818e-08
137.590 -6.54112754e-08  5.98566750e-09
137.758 -5.76180308e-08 -3.50610252e-08
137.925 -2.61975818e-08 -6.06632839e-08
138.092  1.57235139e-08 -6.51703545e-08
138.260  4.90269763e-08 -4.44466943e-08
138.427  6.50008257e-08 -5.83883992e-09
138.594  5.66289880e-08  3.18051874e-08
138.762  2.50569709e-08  5.71863187e-08
138.929 -1.32488198e-08  6.13319120e-08
139.097 -4.51667981e-08  3.95295564e-08
139.264 -6.06604494e-08  4.01171634e-09
139.431 -5.01620258e-08 -3.13102800e-08
139.599 -2.03181801e-08 -5.61092391e-08
139.766  1.54068144e-08 -5.74308891e-08
139.934  4.70141279e-08 -3.56530626e-08
140.101  5.98626734e-08 -2.45391207e-09
140.268  4.81301870e-08  3.29814319e-08
140.436  2.04112577e-08  5.60249362e-08
140.603 -1.53212878e-08  5.54686500e-08
140.770 -4.59495875e-08  3.57466089e-08
140.938 -5.63343318e-08  3.26791374e-09
141.105 -4.60680356e-08 -3.14924287e-08
141.273 -1.96694789e-08 -5.13534556e-08
141.440  1.57020734e-08 -5.09072304e-08
141.607  4.28826828e-08 -3.24721207e-08
141.775  5.18831636e-08  3.12969400e-10
141.942  4.25428337e-08  3.22550321e-08
142.110  1.51759510e-08  4.97661633e-08
142.277 -1.86034374e-08  5.00092056e-08
142.444 -4.30657910e-08  3.04572841e-08
142.612 -5.26581575e-08 -1.93364081e-09
142.779 -4.26585577e-08 -3.10618650e-08
142.946 -1.49217881e-08 -4.88570766e-08
143.114  1.59376094e-08 -4.90960371e-08
143.281  3.98189133e-08 -2.87453797e-08
143.449  4.96444222e-08  7.63220766e-10
143.616  3.82855671e-08  2.80730011e-08
143.783  1.26939372e-08  4.57819931e-08
143.951 -1.55284802e-08  4.38733808e-08
144.118 -3.90414940e-08  2.40865510e-08
144.286 -4.63449656e-08 -2.89348824e-09
144.453 -3.38786771e-08 -3.00589373e-08
144.620 -1.02135518e-08 -4.58195471e-08
144.788  1.81982780e-08 -4.18730443e-08
144.955  4.08895488e-08 -2.35965445e-08
145.122  4.59444837e-08  3.35596355e-09
145.290  3.47562509e-08  3.05528661e-08
145.457  1.18858535e-08  4.40139517e-08
145.625 -1.68106866e-08  4.07993976e-08
145.792 -3.70399843e-08  2.40355093e-08
145.959 -4.17092892e-08 -3.14840071e-09
146.127 -3.21556580e-08 -2.78469165e-08
146.294 -8.97212523e-09 -3.95251532e-08
146.462  1.77389708e-08 -3.74149303e-08
146.629  3.51612528e-08 -2.00005006e-08
146.796  4.02090779e-08  6.37700911e-09
146.964  2.97901781e-08  2.80906838e-08
147.131  6.06772528e-09  3.97082852e-08
147.298 -1.81238528e-08  3.70807885e-08
147.466 -3.52373351e-08  1.83225000e-08
147.633 -4.05002526e-08 -6.05497112e-09
147.801 -2.85913581e-08 -2.69257709e-08
147.968 -6.45426656e-09 -3.92122437e-08
148.135  1.60288985e-08 -3.51345522e-08
148.303  3.36819864e-08 -1.72894486e-08
148.470  3.74373384e-08  4.71109702e-09
148.638  2.53399796e-08  2.57176310e-08
148.805  5.62625254e-09  3.65507066e-08
148.972 -1.66775497e-08  3.10888431e-08
149.140 -3.32927622e-08  1.51551817e-08
149.307 -3.48354645e-08 -6.47793024e-09
149.474 -2.38963682e-08 -2.71639709e-08
149.642 -4.77677825e-09 -3.55392742e-08
149.809  1.79064405e-08 -3.04967866e-08
149.977  3.22850421e-08 -1.55454797e-08
150.144  3.35397889e-08  6.79938446e-09
150.311  2.39885315e-08  2.56249484e-08
150.479  4.24244007e-09  3.28703559e-08
150.646 -1.69843580e-08  2.92505865e-08
150.814 -2.93006346e-08  1.38499301e-08
150.981 -3.14765663e-08 -7.68059497e-09
151.148 -2.15157074e-08 -2.38549893e-08
151.316 -1.61132313e-09 -3.13132183e-08
151.483  1.70526356e-08 -2.73873621e-08
151.650  2.90371758e-08 -1.08984691e-08
151.818  3.13035181e-08  8.64263419e-09
151.985  1.98070318e-08  2.40597147e-08
152.153  1.22914215e-09  3.21116401e-08
152.320 -1.61530602e-08  2.67054816e-08
152.487 -2.89504863e-08  1.09180518e-08
152.655 -3.00040391e-08 -6.74642071e-09
152.822 -1.85031203e-08 -2.27365070e-08
152.990 -2.17750146e-09 -2.98123436e-08
153.157  1.52366360e-08 -2.35188227e-08
153.324  2.72575524e-08 -9.82277115e-09
153.492  2.65016060e-08  7.38839113e-09
153.659  1.63420842e-08  2.29743852e-08
153.826  6.71865785e-10  2.76880703e-08
153.994 -1.69932411e-08  2.17647494e-08
154.161 -2.67922828e-08  8.81484717e-09
154.329 -2.56632629e-08 -9.27300187e-09
154.496 -1.65204269e-08 -2.32812829e-08
154.663  1.61887551e-10 -2.71301445e-08
154.831  1.69032164e-08 -2.25652142e-08
154.998  2.53110895e-08 -8.99074982e-09
155.166  2.55285417e-08  8.63171730e-09
155.333  1.62735887e-08  2.06380684e-08
155.500 -3.84497944e-10  2.52720960e-08
155.668 -1.47356027e-08  2.09009080e-08
155.835 -2.30452646e-08  6.76113514e-09
156.002 -2.35473343e-08 -8.62060153e-09
156.170 -1.30854544e-08 -1.97203334e-08
156.337  2.05565605e-09 -2.47067128e-08
156.505  1.50329370e-08 -1.87380266e-08
156.672  2.38848578e-08 -5.11370080e-09
156.839  2.29188438e-08  8.72648852e-09
157.007  1.21181036e-08  2.05535133e-08
157.174 -1.37578995e-09  2.46462374e-08
157.342 -1.49390869e-08  1.77957400e-08
157.509 -2.35134330e-08  5.90429009e-09
157.676 -2.12533529e-08 -7.96808448e-09
157.844 -1.19843507e-08 -1.98985764e-08
158.011  8.92848781e-10 -2.22991875e-08
158.178  1.48013633e-08 -1.63248457e-08
158.346  2.14963652e-08 -5.46425339e-09
158.513  1.92154380e-08  9.00842482e-09
158.681  1.11411979e-08  1.92983085e-08
158.848 -2.51570362e-09  2.08777988e-08
159.015 -1.53749628e-08  1.61422368e-08
159.183 -2.06873945e-08  4.58561160e-09
159.350 -1.95789272e-08 -9.51673669e-09
159.518 -1.11844802e-08 -1.80594108e-08
159.685  2.65949088e-09 -2.05167428e-08
159.852  1.35548787e-08 -1.59486763e-08
160.020  1.91346726e-08 -3.79783347e-09
160.187  1.85364562e-08  8.34723628e-09
160.354  9.19176680e-09  1.63436112e-08
160.522 -3.09635001e-09  1.94046826e-08
160.689 -1.27516103e-08  1.35749533e-08
160.857 -1.89244801e-08  2.16347121e-09
161.024 -1.70075697e-08 -8.41731569e-09
161.191 -7.46988961e-09 -1.70370505e-08
161.359  3.22521175e-09 -1.91501197e-08
161.526  1.34533286e-08 -1.24430536e-08
161.694  1.93122244e-08 -2.56565750e-09
161.861  1.61495346e-08  8.23901153e-09
162.028  7.99365935e-09  1.70863498e-08
162.196 -2.31866790e-09  1.77385471e-08
162.363 -1.30533639e-08  1.19876109e-08
162.530 -1.73237678e-08  3.06371938e-09
162.698 -1.43700355e-08 -8.35301908e-09
162.865 -7.45182266e-09 -1.56934526e-08
163.033  3.53512935e-09 -1.56885107e-08
163.200  1.31849522e-08 -1.11478761e-08
163.367  1.61219010e-08 -1.53703817e-09
163.535  1.41903134e-08  9.50782984e-09
163.702  6.76556948e-09  1.52149881e-08
163.870 -4.58196451e-09  1.60136609e-08
164.037 -1.26035126e-08  1.14332402e-08
164.204 -1.60315683e-08  1.01100550e-09
164.372 -1.46494476e-08 -8.51812676e-09
164.539 -6.29184937e-09 -1.41547432e-08
164.706  3.72808008e-09 -1.58819434e-08
164.874  1.09217505e-08 -1.03834201e-08
165.041  1.52868530e-08 -8.69073825e-10
165.209  1.30159115e-08  7.18368590e-09
165.376  4.86276342e-09  1.35230498e-08
165.543 -3.39825461e-09  1.44918635e-08
165.711 -1.09963116e-08  8.40640889e-09
165.878 -1.49348882e-08  5.53616802e-10
166.046 -1.14634361e-08 -7.58357121e-09
166.213 -4.62391929e-09 -1.39728582e-08
166.380  3.34143008e-09 -1.34470033e-08
166.548  1.14335655e-08 -8.19391419e-09
166.715  1.38854751e-08 -1.07702885e-09
166.882  1.06750066e-08  7.79281943e-09
167.050  4.96684110e-09  1.28983617e-08
167.217 -3.71594550e-09  1.19709504e-08
167.385 -1.08526521e-08  8.01982041e-09
167.552 -1.22247744e-08  3.51737803e-10
167.719 -1.01703187e-08 -8.04078172e-09
167.887 -4.12871778e-09 -1.15763680e-08
168.054  4.68277569e-09 -1.14421594e-08
168.222  1.01077937e-08 -7.45310855e-09
168.389  1.18370175e-08  8.95532419e-10
168.556  1.01442383e-08  7.73959026e-09
168.724  3.12183680e-09  1.11423490e-08
168.891 -4.46861707e-09  1.17467074e-08
169.058 -9.19096436e-09  6.75105667e-09
169.226 -1.18207205e-08 -8.10715653e-10
169.393 -9.25684001e-09 -6.38548723e-09
169.561 -2.46262639e-09 -1.05551648e-08
169.728  3.47698759e-09 -1.04846032e-08
169.895  8.61132526e-09 -5.05192609e-09
170.063  1.08035961e-08  8.24919704e-10
170.230  7.14811521e-09  6.39347814e-09
170.398  1.69262388e-09  1.04426343e-08
170.565 -3.88294702e-09  8.83424275e-09
170.732 -9.29024716e-09  4.15019288e-09
170.900 -9.85658877e-09 -1.06760428e-09
171.067 -6.30772577e-09 -7.24436067e-09
171.234 -1.78220431e-09 -9.89580504e-09
171.402  4.50711095e-09 -7.77388428e-09
171.569  8.89178815e-09 -4.18369368e-09
171.737  8.32623626e-09  1.61717673e-09
171.904  5.75688457e-09  7.20711083e-09
172.071  8.51234375e-10  8.18214255e-09
172.239 -5.38963731e-09  6.59897379e-09
172.406 -7.82943070e-09  2.77030920e-09
172.574 -7.19110958e-09 -3.63197840e-09
172.741 -4.47470685e-09 -7.44903014e-09
172.908  1.66681796e-09 -7.79668182e-09
173.076  6.73573115e-09 -6.18977637e-09
173.243  8.19895606e-09 -7.05138303e-10
173.410  7.72654201e-09  5.37953325e-09
173.578  3.28847813e-09  8.09902900e-09
173.745 -3.41796161e-09  8.80525607e-09
173.913 -7.45511783e-09  5.75544206e-09
174.080 -9.37260995e-09 -1.05632262e-09
174.247 -7.95498993e-09 -6.36447007e-09
174.415 -1.60643626e-09 -9.53314443e-09
174.582  4.81849547e-09 -9.91953188e-09
174.750  9.31550591e-09 -4.64658733e-09
174.917  1.16712626e-08  2.56931090e-09
175.084  8.16395400e-09  8.44216133e-09
175.252  7.63282373e-10  1.29116504e-08
175.419 -6.34235190e-09  1.18990880e-08
175.586 -1.29278840e-08  5.23244006e-09
175.754 -1.50288372e-08 -2.63441656e-09
175.921 -1.02209861e-08 -1.10583424e-08
176.089 -2.42341377e-09 -1.65931889e-08
176.256  7.20528960e-09 -1.47717418e-08
176.423  1.60465056e-08 -8.15436689e-09
176.591  1.81106343e-08  1.69693778e-09
176.758  1.39131725e-08  1.31978690e-08
176.926  5.09754410e-09  1.96145876e-08
177.093 -7.89915378e-09  1.90223762e-08
177.260 -1.85417080e-08  1.26708974e-08
177.428 -2.24766627e-08 -1.84486860e-10
177.595 -2.00386859e-08 -1.41934839e-08
177.762 -9.33315587e-09 -2.30460831e-08
177.930  6.36860706e-09 -2.57341258e-08
178.097  1.97074391e-08 -1.93131247e-08
178.265  2.81396951e-08 -4.31071905e-09
178.432  2.78576394e-08  1.20947710e-08
178.599  1.63311911e-08  2.59743908e-08
178.767 -8.04149942e-10  3.29573232e-08
178.934 -1.87676196e-08  2.75791022e-08
179.102 -3.30602230e-08  1.26805986e-08
179.269 -3.58771431e-08 -6.97613849e-09
179.436 -2.63762562e-08 -2.73340202e-08
179.604 -8.22888132e-09 -3.92812565e-08
179.771  1.56207247e-08 -3.79872089e-08
179.938  3.61256351e-08 -2.49680871e-08
180.106  4.48851340e-08 -1.36139193e-09
180.273  4.04531412e-08  2.53944801e-08
180.441  2.15657223e-08  4.44976470e-08
180.608 -7.44137907e-09  5.12317255e-08
180.775 -3.51732298e-08  4.15895573e-08
180.943 -5.40124971e-08  1.56136826e-08
181.110 -5.72774905e-08 -1.69037653e-08
181.278 -4.00840513e-08 -4.65512099e-08
181.445 -8.40555957e-09 -6.45718937e-08
181.612  2.83009125e-08 -6.12866720e-08
181.780  6.03732844e-08 -3.70454475e-08
181.947  7.43497211e-08  7.81460281e-10
182.114  6.39840244e-08  4.32906122e-08
182.282  3.24377179e-08  7.51126845e-08
182.449 -1.40963148e-08  8.35933586e-08
182.617 -6.09046011e-08  6.60431737e-08
182.784 -9.04318396e-08  2.40317877e-08
182.951 -9.34346673e-08 -3.13007809e-08
183.119 -6.53952555e-08 -8.02549405e-08
183.286 -1.10763024e-08 -1.07619998e-07
183.454  5.13588293e-08 -1.02198470e-07
183.621  1.02751938e-07 -6.02309096e-08
183.788  1.25854337e-07  5.69514812e-09
183.956  1.07436208e-07  7.57928094e-08
184.123  5.08490847e-08  1.28788368e-07
184.290 -2.76693024e-08  1.42653830e-07
184.458 -1.06167828e-07  1.09021652e-07
184.625 -1.56316248e-07  3.62544746e-08
184.793 -1.57433347e-07 -5.73141626e-08
184.960 -1.06417139e-07 -1.41266515e-07
185.127 -1.34012901e-08 -1.84370739e-07
185.295  9.45863666e-08 -1.70113367e-07
185.462  1.79977439e-07 -9.64311083e-08
185.630  2.13289010e-07  1.89845935e-08
185.797  1.77799867e-07  1.38524091e-07
185.964  7.64971656e-08  2.22967815e-07
186.132 -6.04988934e-08  2.40862225e-07
186.299 -1.90164300e-07  1.76854027e-07
186.466 -2.69176634e-07  4.60544179e-08
186.634 -2.62992781e-07 -1.12678153e-07
186.801 -1.65684633e-07 -2.50027845e-07
186.969 -3.14432526e-09 -3.14930608e-07
187.136  1.77685641e-07 -2.77342508e-07
187.303  3.15605621e-07 -1.42169569e-07
187.471  3.57495588e-07  5.57437917e-08
187.638  2.81804715e-07  2.54683701e-07
187.806  1.01839540e-07  3.84189089e-07
187.973 -1.31828665e-07  3.94929903e-07
188.140 -3.41605263e-07  2.71445175e-07
188.308 -4.54288027e-07  4.13010332e-08
188.475 -4.22509002e-07 -2.24325932e-07
188.642 -2.40989353e-07 -4.37749826e-07
188.810  4.04263215e-08 -5.22098002e-07
188.977  3.33657368e-07 -4.33703822e-07
189.145  5.40920970e-07 -1.87412934e-07
189.312  5.80805457e-07  1.45237344e-07
189.479  4.23585035e-07  4.59905391e-07
189.647  1.07219695e-07  6.45327558e-07
189.814 -2.75854746e-07  6.24308985e-07
189.982 -5.99546471e-07  3.87381549e-07
190.149 -7.44739564e-07 -4.74603354e-09
190.316 -6.47130757e-07 -4.31808809e-07
190.484 -3.18062319e-07 -7.47243783e-07
190.651  1.51468787e-07 -8.33556408e-07
190.818  6.09725740e-07 -6.41042452e-07
190.986  8.98054868e-07 -2.09094907e-07
191.153  9.03315737e-07  3.32649677e-07
191.321  5.96452675e-07  8.06388899e-07
191.488  5.69560576e-08  1.04461084e-06
191.655 -5.47831067e-07  9.42595228e-07
191.823 -1.01691994e-06  5.05975193e-07
191.990 -1.17540081e-06 -1.41335623e-07
192.158 -9.40843695e-07 -7.95796550e-07
192.325 -3.63000582e-07 -1.23169553e-06
192.492  3.88982571e-07 -1.27811102e-06
192.660  1.07072474e-06 -8.88270325e-07
192.827  1.43858455e-06 -1.59790938e-07
192.994  1.34086385e-06  6.85418597e-07
193.162  7.73196201e-07  1.36278624e-06
193.329 -1.09091340e-07  1.62516570e-06
193.497 -1.02512458e-06  1.34920607e-06
193.664 -1.66089809e-06  5.84173547e-07
193.831 -1.77593446e-06 -4.44158188e-07
193.999 -1.28658569e-06 -1.40051681e-06
194.166 -3.13638439e-07 -1.95081385e-06
194.334  8.43373985e-07 -1.87123780e-06
194.501  1.80117958e-06 -1.13855373e-06
194.668  2.21266532e-06  4.32821600e-08
194.836  1.89121675e-06  1.30243918e-06
195.003  8.92995370e-07  2.21029068e-06
195.170 -4.89997307e-07  2.42377378e-06
195.338 -1.81073110e-06  1.81734182e-06
195.505 -2.60576511e-06  5.38190741e-07
195.673 -2.56122230e-06 -1.02463716e-06
195.840 -1.63020668e-06 -2.35053183e-06
196.007 -6.57819602e-08 -2.96334578e-06
196.175  1.63740957e-06 -2.59979642e-06
196.342  2.89997031e-06 -1.31111932e-06
196.510  3.25504401e-06  5.25197615e-07
196.677  2.51193741e-06  2.31285402e-06
196.844  8.46823129e-07  3.43232631e-06
197.012 -1.22939123e-06  3.44763057e-06
197.179 -3.03008275e-06  2.27249793e-06
197.346 -3.91336221e-06  2.30086824e-07
197.514 -3.50661908e-06 -2.03596235e-06
197.681 -1.86101260e-06 -3.75922012e-06
197.849  5.41411403e-07 -4.30362734e-06
198.016  2.92467024e-06 -3.39969740e-06
198.183  4.46152986e-06 -1.26049879e-06
198.351  4.56241201e-06  1.46153717e-06
198.518  3.09576612e-06  3.86384611e-06
198.686  4.60107947e-07  5.09325146e-06
198.853 -2.51177821e-06  4.64738434e-06
199.020 -4.81330978e-06  2.56644041e-06
199.188 -5.60590337e-06 -5.39561349e-07
199.355 -4.51475943e-06 -3.66251707e-06
199.522 -1.79188980e-06 -5.72520102e-06
199.690  1.72573735e-06 -5.94514661e-06
199.857  4.87418221e-06 -4.12472659e-06
200.025  6.54183270e-06 -7.63626429e-07
200.192  6.05498777e-06  3.07453298e-06
200.359  3.44605736e-06  6.09438797e-06
200.527 -5.15947993e-07  7.19789862e-06
200.694 -4.54765862e-06  5.88345170e-06
200.862 -7.25761266e-06  2.45651769e-06
201.029 -7.62614742e-06 -2.03028684e-06
201.196 -5.38389252e-06 -6.08958664e-06
201.364 -1.14563706e-06 -8.28989730e-06
201.531  3.74379161e-06 -7.75957225e-06
201.698  7.63041857e-06 -4.51708070e-06
201.866  9.11166907e-06  4.78930157e-07
202.033  7.53272686e-06  5.60210805e-06
202.201  3.25816271e-06  9.08876314e-06
202.368 -2.38880434e-06  9.63817711e-06
202.535 -7.53438715e-06  6.88823302e-06
202.703 -1.03712894e-05  1.60193317e-06
202.870 -9.78459426e-06 -4.53591395e-06
203.038 -5.78409016e-06 -9.45203098e-06
203.205  4.36426749e-07 -1.13756654e-05
203.372  6.85044598e-06 -9.47432794e-06
203.540  1.12489063e-05 -4.19643165e-06
203.707  1.19984816e-05  2.81857989e-06
203.874  8.64356014e-06  9.23819034e-06
204.042  2.12277638e-06  1.28075140e-05
204.209 -5.47788447e-06  1.21410279e-05
204.377 -1.15839091e-05  7.24477073e-06
204.544 -1.40052596e-05 -4.10973724e-07
204.711 -1.17129409e-05 -8.31921380e-06
204.879 -5.25479614e-06 -1.37570544e-05
205.046  3.34646785e-06 -1.47179136e-05
205.214  1.12229269e-05 -1.06403035e-05
205.381  1.56145685e-05 -2.68244254e-06
205.548  1.48266381e-05  6.59416033e-06
205.716  8.87583523e-06  1.40465594e-05
205.883 -4.29467611e-07  1.70058983e-05
206.050 -1.00334810e-05  1.42293806e-05
206.218 -1.66271214e-05  6.40438102e-06
206.385 -1.77839356e-05 -4.00237581e-06
206.553 -1.28493392e-05 -1.35119818e-05
206.720 -3.24665920e-06 -1.87898543e-05
206.887  7.91798598e-06 -1.78153953e-05
207.055  1.68504897e-05 -1.06405867e-05
207.222  2.03591080e-05  5.33998529e-07
207.390  1.69879584e-05  1.20188762e-05
207.557  7.59690401e-06  1.98528488e-05
207.724 -4.82729269e-06  2.11663540e-05
207.892 -1.61153684e-05  1.52202997e-05
208.059 -2.23137734e-05  3.76083502e-06
208.226 -2.10602258e-05 -9.47849226e-06
208.394 -1.24747896e-05 -1.99920203e-05
208.561  7.73689521e-07 -2.40276579e-05
208.729  1.42924368e-05 -1.99212387e-05
208.896  2.34140979e-05 -8.76537485e-06
209.063  2.48033677e-05  5.86190338e-06
209.231  1.76742472e-05  1.90367466e-05
209.398  4.16109394e-06  2.61403643e-05
209.566 -1.13075405e-05  2.44797941e-05
209.733 -2.34507298e-05  1.42960874e-05
209.900 -2.79396743e-05 -1.20921722e-06
210.068 -2.29371095e-05 -1.68664775e-05
210.235 -9.82408703e-06 -2.72606867e-05
210.402  7.15451428e-06 -2.86047755e-05
210.570  2.22583512e-05 -2.01084495e-05
210.737  3.01945729e-05 -4.36460613e-06
210.905  2.79660054e-05  1.34273744e-05
211.072  1.59937471e-05  2.71799816e-05
211.239 -1.90570498e-06  3.19961385e-05
211.407 -1.97341025e-05  2.59087717e-05
211.574 -3.13182785e-05  1.06683583e-05
211.742 -3.24439449e-05 -8.74492988e-06
211.909 -2.23888567e-05 -2.57447817e-05
212.076 -4.28442375e-06 -3.43684498e-05
212.244  1.58515663e-05 -3.13716943e-05
212.411  3.11082613e-05 -1.74407088e-05
212.578  3.60568089e-05  2.92929395e-06
212.746  2.86829764e-05  2.28741811e-05
212.913  1.11833204e-05  3.54743879e-05
213.081 -1.06702463e-05  3.61605300e-05
213.248 -2.94299432e-05  2.43630299e-05
213.415 -3.85164792e-05  3.82493142e-06
213.583 -3.45243892e-05 -1.85741129e-05
213.750 -1.84907996e-05 -3.51268694e-05
213.918  4.34039250e-06 -3.99513539e-05
214.085  2.62336405e-05 -3.10789953e-05
214.252  3.95848636e-05 -1.12450282e-05
214.420  3.95617374e-05  1.29453069e-05
214.587  2.58560593e-05  3.32181420e-05
214.754  2.90023365e-06  4.24597726e-05
214.922 -2.15645443e-05  3.72191867e-05
215.089 -3.90963476e-05  1.89941758e-05
215.257 -4.34713298e-05 -6.18212052e-06
215.424 -3.28996639e-05 -2.97336560e-05
215.591 -1.07382635e-05 -4.34658879e-05
215.759  1.55657184e-05 -4.24270913e-05
215.926  3.69762030e-05 -2.66920247e-05
216.094  4.59829053e-05 -1.43594484e-06
216.261  3.92396411e-05  2.47606266e-05
216.428  1.88037711e-05  4.28354059e-05
216.596 -8.47469438e-06  4.63864702e-05
216.763 -3.32528232e-05  3.39415169e-05
216.930 -4.69031795e-05  9.55976874e-06
217.098 -4.45213497e-05 -1.84884192e-05
217.265 -2.66954878e-05 -4.05344737e-05
217.433  6.11388997e-07 -4.88484389e-05
217.600  2.80605755e-05 -4.03590352e-05
217.767  4.61346983e-05 -1.77929978e-05
217.935  4.84466878e-05  1.11987601e-05
218.102  3.40091797e-05  3.66367181e-05
218.270  7.64240200e-06  4.96543190e-05
218.437 -2.16338690e-05  4.56036168e-05
218.604 -4.36883441e-05  2.57196344e-05
218.772 -5.07991191e-05 -3.24778675e-06
218.939 -4.03677248e-05 -3.13230464e-05
219.106 -1.58702167e-05 -4.87519665e-05
219.274  1.42937443e-05 -4.94042750e-05
219.441  3.96875309e-05 -3.29359671e-05
219.609  5.14629756e-05 -4.95868103e-06
219.776  4.54518704e-05  2.48723333e-05
219.943  2.36526217e-05  4.62029877e-05
220.111 -6.42640974e-06  5.15835620e-05
220.278 -3.43615841e-05  3.90832268e-05
220.446 -5.04350886e-05  1.29948256e-05
220.613 -4.90275194e-05 -1.76420330e-05
220.780 -3.05994532e-05 -4.21800898e-05
220.948 -1.54524592e-06 -5.20742604e-05
221.115  2.80293487e-05 -4.38763083e-05
221.282  4.78278640e-05 -2.04471049e-05
221.450  5.09657611e-05  1.00410967e-05
221.617  3.63801455e-05  3.69560132e-05
221.785  9.19472932e-06  5.09271420e-05
221.952 -2.10756858e-05  4.71268027e-05
222.119 -4.38630305e-05  2.69475962e-05
222.287 -5.12541544e-05 -2.49787448e-06
222.454 -4.07511357e-05 -3.08838559e-05
222.622 -1.61268219e-05 -4.83078632e-05
222.789  1.39217359e-05 -4.87589245e-05
222.956  3.88543485e-05 -3.22048654e-05
223.124  4.99978254e-05 -4.57400044e-06
223.291  4.35766251e-05  2.43688345e-05
223.458  2.20094481e-05  4.44829711e-05
223.626 -6.99118254e-06  4.88162060e-05
223.793 -3.31812675e-05  3.60275640e-05
223.961 -4.74109595e-05  1.08084993e-05
224.128 -4.48396310e-05 -1.78345479e-05
224.295 -2.65997494e-05 -3.97978326e-05
224.463  6.75208819e-07 -4.74580367e-05
224.630  2.72571851e-05 -3.83389989e-05
224.798  4.37992617e-05 -1.59172764e-05
224.965  4.46421805e-05  1.16871404e-05
225.132  2.97635235e-05  3.46478746e-05
225.300  4.70079242e-06  4.49450089e-05
225.467 -2.14946792e-05  3.91818927e-05
225.634 -3.95329383e-05  1.97138425e-05
225.802 -4.31941928e-05 -6.28128237e-06
225.969 -3.14854302e-05 -2.94444153e-05
226.137 -8.90380763e-06 -4.16140800e-05
226.304  1.62708586e-05 -3.87127223e-05
226.471  3.50130251e-05 -2.21277109e-05
226.639  4.07932093e-05  1.89158588e-06
226.806  3.18682106e-05  2.45785332e-05
226.974  1.18105175e-05  3.78475717e-05
227.141 -1.18954027e-05  3.71862507e-05
227.308 -3.06353323e-05  2.32073174e-05
227.476 -3.77970108e-05  1.30935242e-06
227.643 -3.11205595e-05 -2.03865219e-05
227.810 -1.34150669e-05 -3.40387661e-05
227.978  8.58402161e-06 -3.49303454e-05
228.145  2.67554252e-05 -2.31118436e-05
228.313  3.45899791e-05 -3.26419642e-06
228.480  2.95343336e-05  1.71211181e-05
228.647  1.38262572e-05  3.05563698e-05
228.815 -6.44166071e-06  3.23130320e-05
228.982 -2.36582149e-05  2.20929869e-05
229.150 -3.15465382e-05  4.03255274e-06
229.317 -2.74546534e-05 -1.49319883e-05
229.484 -1.32540759e-05 -2.77113244e-05
229.652  5.45733278e-06 -2.97066972e-05
229.819  2.15342161e-05 -2.04690264e-05
229.986  2.89960745e-05 -3.78096803e-06
230.154  2.52462931e-05  1.38557666e-05
230.321  1.19863191e-05  2.57289263e-05
230.489 -5.50989922e-06  2.74530074e-05
230.656 -2.04642102e-05  1.85923249e-05
230.823 -2.71930783e-05  2.76230546e-06
230.991 -2.32582333e-05 -1.38163877e-05
231.158 -1.03570008e-05 -2.47301007e-05
231.326  6.38410646e-06 -2.58314918e-05
231.493  2.04153774e-05 -1.68130051e-05
231.660  2.62959632e-05 -1.28725277e-06
231.828  2.17897948e-05  1.46366775e-05
231.995  8.71113632e-06  2.47244305e-05
232.162 -7.79512651e-06  2.50346004e-05
232.330 -2.12496027e-05  1.54438095e-05
232.497 -2.63555951e-05 -3.08351470e-07
232.665 -2.10621338e-05 -1.60602010e-05
232.832 -7.37008973e-06 -2.56142032e-05
232.999  9.41982145e-06 -2.51511641e-05
233.167  2.27422978e-05 -1.47300145e-05
233.334  2.73139143e-05  1.69827683e-06
233.502  2.11985381e-05  1.77813109e-05
233.669  6.60004653e-06  2.72085252e-05
233.836 -1.09321980e-05  2.61609545e-05
234.004 -2.46092618e-05  1.48273284e-05
234.171 -2.90138200e-05 -2.59978437e-06
234.338 -2.22160875e-05 -1.94794125e-05
234.506 -6.58637789e-06 -2.92464751e-05
234.673  1.20382551e-05 -2.79416205e-05
234.841  2.65383776e-05 -1.57894228e-05
235.008  3.12197866e-05  2.80226975e-06
235.175  2.40285315e-05  2.08529360e-05
235.343  7.41656281e-06  3.14272213e-05
235.510 -1.25057567e-05  3.02861387e-05
235.678 -2.82234341e-05  1.75655175e-05
235.845 -3.36464966e-05 -2.18723411e-06
236.012 -2.64589690e-05 -2.16504241e-05
236.180 -9.07387611e-06 -3.34443628e-05
236.347  1.21865365e-05 -3.29281777e-05
236.514  2.93974663e-05 -2.00090117e-05
236.682  3.59918944e-05  7.37372334e-07
236.849  2.92616851e-05  2.16962511e-05
237.017  1.14432706e-05  3.50200605e-05
237.184 -1.10295448e-05  3.55726846e-05
237.351 -2.98611920e-05  2.28970113e-05
237.519 -3.79703608e-05  1.46546239e-06
237.686 -3.21512816e-05 -2.09078777e-05
237.854 -1.43278618e-05 -3.59342813e-05
238.021  9.08375579e-06 -3.79288071e-05
238.188  2.95027417e-05 -2.59578643e-05
238.356  3.93430421e-05 -4.25205952e-06
238.523  3.48358625e-05  1.93023847e-05
238.690  1.74730559e-05  3.60467252e-05
238.858 -6.49031070e-06  3.97423067e-05
239.025 -2.83069436e-05  2.89029072e-05
239.193 -3.99431616e-05  7.38655548e-06
239.360 -3.70501471e-05 -1.69912824e-05
239.527 -2.05959773e-05 -3.53100264e-05
239.695  3.46391742e-06 -4.08234456e-05
239.862  2.63538384e-05 -3.14586889e-05
240.030  3.96931557e-05 -1.05946259e-05
240.197  3.85840238e-05  1.41647790e-05
240.364  2.34175202e-05  3.37728715e-05
240.532 -2.66188783e-07  4.10662606e-05
240.699 -2.38073911e-05  3.33964878e-05
240.866 -3.86110444e-05  1.35956699e-05
241.034 -3.93038116e-05 -1.10685293e-05
241.201 -2.56937275e-05 -3.15724353e-05
241.369 -2.82491850e-06 -4.04575643e-05
241.536  2.08955997e-05 -3.45568387e-05
241.703  3.68055078e-05 -1.61347223e-05
241.871  3.91651867e-05  7.97532755e-06
242.038  2.72427972e-05  2.89165001e-05
242.206  5.54622161e-06  3.90757053e-05
242.373 -1.78832214e-05  3.48662453e-05
242.540 -3.44607533e-05  1.80101112e-05
242.708 -3.82162921e-05 -5.15399428e-06
242.875 -2.79637271e-05 -2.60576008e-05
243.042 -7.67795341e-06 -3.70796304e-05
243.210  1.50405231e-05 -3.43432233e-05
243.377  3.18139473e-05 -1.90939732e-05
243.545  3.65902169e-05  2.83898614e-06
243.712  2.78448104e-05  2.32634488e-05
243.879  9.06737294e-06  3.46894852e-05
244.047 -1.26125518e-05  3.30932803e-05
244.214 -2.91278515e-05  1.93445618e-05
244.382 -3.44875484e-05 -1.20451188e-06
244.549 -2.69623023e-05 -2.07870125e-05
244.716 -9.64473836e-06 -3.21602150e-05
244.884  1.07925899e-05 -3.12942328e-05
245.051  2.66607459e-05 -1.88091536e-05
245.218  3.21513102e-05  3.46682349e-07
245.386  2.54697338e-05  1.88388398e-05
245.553  9.42891106e-06  2.97512478e-05
245.721 -9.70245715e-06  2.91742284e-05
245.888 -2.46370276e-05  1.76164382e-05
246.055 -2.98382770e-05 -2.75628810e-07
246.223 -2.35788415e-05 -1.75644141e-05
246.390 -8.52206210e-06 -2.76968976e-05
246.558  9.38096658e-06 -2.69851720e-05
246.725  2.32225153e-05 -1.59592882e-05
246.892  2.77902042e-05  9.17173539e-07
247.060  2.15338983e-05  1.70291366e-05
247.227  7.09522127e-06  2.61810656e-05
247.394 -9.78147609e-06  2.49737258e-05
247.562 -2.25076166e-05  1.40704404e-05
247.729 -2.62072792e-05 -2.12338497e-06
247.897 -1.95824208e-05 -1.72133007e-05
248.064 -5.36690090e-06 -2.53184767e-05
248.231  1.07796180e-05 -2.33529733e-05
248.399  2.25000968e-05 -1.21947131e-05
248.566  2.52264622e-05  3.69135790e-06
248.734  1.79466720e-05  1.80177107e-05
248.901  3.57722412e-06  2.51439458e-05
249.068 -1.21904282e-05  2.22789130e-05
249.236 -2.31272094e-05  1.05613161e-05
249.403 -2.49075194e-05 -5.38827448e-06
249.570 -1.67996360e-05 -1.92780648e-05
249.738 -1.95995829e-06 -2.56105648e-05
249.905  1.37920323e-05 -2.18347871e-05
250.073  2.42462938e-05 -9.35852227e-06
250.240  2.52287646e-05  6.97964710e-06
250.407  1.62473650e-05  2.07857797e-05
250.575  7.15386947e-07  2.65976503e-05
250.742 -1.53524467e-05  2.20246170e-05
250.910 -2.56632369e-05  8.71310914e-06
251.077 -2.60930042e-05 -8.25663263e-06
251.244 -1.63190746e-05 -2.23131217e-05
251.412  1.20003563e-08 -2.79277601e-05
251.579  1.66562148e-05 -2.27758070e-05
251.746  2.71569812e-05 -8.67745580e-06
251.914  2.73419358e-05  9.05880565e-06
252.081  1.69660626e-05  2.36401955e-05
252.249 -1.47947460e-07  2.93898442e-05
252.416 -1.75284846e-05  2.39499176e-05
252.583 -2.85067360e-05  9.22618670e-06
252.751 -2.87765005e-05 -9.29058606e-06
252.918 -1.80699930e-05 -2.45807833e-05
253.086 -3.06002821e-07 -3.07650433e-05
253.253  1.78543328e-05 -2.53608442e-05
253.420  2.95180095e-05 -1.02625149e-05
253.588  3.01812210e-05  8.93021344e-06
253.755  1.94597815e-05  2.50033623e-05
253.922  1.27560375e-06  3.18522037e-05
254.090 -1.75905727e-05  2.67987296e-05
254.257 -3.00441153e-05  1.16326451e-05
254.425 -3.13502165e-05 -8.03008511e-06
254.592 -2.09342452e-05 -2.48443108e-05
254.759 -2.62491792e-06 -3.24907201e-05
254.927  1.67681430e-05 -2.80561879e-05
255.094  3.00013230e-05 -1.31457423e-05
255.262  3.21117280e-05  6.70802806e-06
255.429  2.22869227e-05  2.41124634e-05
255.596  4.17428012e-06  3.25785234e-05
255.764 -1.54852725e-05  2.89529926e-05
255.931 -2.93767880e-05  1.45974610e-05
256.098 -3.23477379e-05 -5.13052084e-06
256.266 -2.33303941e-05 -2.28854628e-05
256.433 -5.72356653e-06 -3.20827123e-05
256.601  1.38930857e-05 -2.93562447e-05
256.768  2.82281331e-05 -1.57949250e-05
256.935  3.20059295e-05  3.49058801e-06
257.103  2.39178795e-05  2.12985248e-05
257.270  7.07743539e-06  3.10409942e-05
257.438 -1.21759892e-05  2.91942709e-05
257.605 -2.66742424e-05  1.65799755e-05
257.772 -3.11032044e-05 -1.98388950e-06
257.940 -2.39598709e-05 -1.95266044e-05
258.107 -8.06868270e-06 -2.95542659e-05
258.274  1.05289084e-05 -2.84634151e-05
258.442  2.48785290e-05 -1.68473188e-05
258.609  2.97213983e-05  7.85639708e-07
258.777  2.34335036e-05  1.77617903e-05
258.944  8.57700296e-06  2.77722180e-05
259.111 -9.13339948e-06  2.72268320e-05
259.279 -2.30274099e-05  1.65552075e-05
259.446 -2.79958377e-05 -3.02874122e-08
259.614 -2.23830567e-05 -1.61890807e-05
259.781 -8.54164026e-06 -2.58740984e-05
259.948  8.13567979e-06 -2.56048252e-05
260.116  2.13072999e-05 -1.57279461e-05
260.283  2.60976329e-05 -2.03784389e-07
260.450  2.09119583e-05  1.49643231e-05
260.618  7.96704890e-06  2.40466706e-05
260.785 -7.62993059e-06  2.37581248e-05
260.953 -1.98827321e-05  1.44509327e-05
261.120 -2.42116980e-05 -9.76615404e-08
261.287 -1.91683437e-05 -1.41968774e-05
261.455 -6.92085015e-06 -2.24614325e-05
261.622  7.64893487e-06 -2.18669495e-05
261.790  1.88773605e-05 -1.28590034e-05
261.957  2.25135886e-05  8.85159638e-07
262.124  1.73262318e-05  1.39382231e-05
262.292  5.52375518e-06  2.12539501e-05
262.459 -8.16254597e-06  2.01089310e-05
262.626 -1.83599686e-05  1.11188883e-05
262.794 -2.11487218e-05 -2.05406312e-06
262.961 -1.55642046e-05 -1.41773851e-05
263.129 -3.93287113e-06 -2.05085655e-05
263.296  9.08329593e-06 -1.86383973e-05
263.463  1.83376521e-05 -9.40783874e-06
263.631  2.02164276e-05  3.45904595e-06
263.798  1.40437103e-05  1.48438244e-05
263.966  2.32133338e-06  2.02503582e-05
264.133 -1.02782825e-05  1.75687112e-05
264.300 -1.87572176e-05  7.89154852e-06
264.468 -1.97598381e-05 -4.93248975e-06
264.635 -1.28897385e-05 -1.58179006e-05
264.802 -8.57208015e-07 -2.04445624e-05
264.970  1.15864875e-05 -1.69595846e-05
265.137  1.95141633e-05 -6.70466559e-06
265.305  1.97623459e-05  6.30505193e-06
265.472  1.21768966e-05  1.69474831e-05
265.639 -3.16081487e-07  2.10027711e-05
265.807 -1.28395329e-05  1.68114709e-05
265.974 -2.04672159e-05  5.93618782e-06
266.142 -2.01513094e-05 -7.42629734e-06
266.309 -1.19226533e-05 -1.80677499e-05
266.476  1.09610394e-06 -2.17950470e-05
266.644  1.38826840e-05 -1.70679022e-05
266.811  2.14562847e-05 -5.62062343e-06
266.978  2.08088951e-05  8.18267346e-06
267.146  1.20877050e-05  1.90212937e-05
267.313 -1.43278330e-06  2.26669888e-05
267.481 -1.45930156e-05  1.76248986e-05
267.648 -2.23222266e-05  5.73547023e-06
267.815 -2.15885373e-05 -8.51006415e-06
267.983 -1.25827118e-05 -1.96765259e-05
268.150  1.33284685e-06 -2.34598157e-05
268.318  1.48927066e-05 -1.83454733e-05
268.485  2.29264146e-05 -6.20566611e-06
268.652  2.23341463e-05  8.39932916e-06
268.820  1.32805963e-05  1.99427578e-05
268.987 -8.56600607e-07  2.40303110e-05
269.154 -1.47566489e-05  1.90771542e-05
269.322 -2.31673853e-05  6.91479035e-06
269.489 -2.28992334e-05 -7.89501349e-06
269.657 -1.40333502e-05 -1.97802493e-05
269.824  1.08109289e-07 -2.42676680e-05
269.991  1.42139568e-05 -1.96709303e-05
270.159  2.29920213e-05 -7.72133859e-06
270.326  2.31641256e-05  7.08810955e-06
270.494  1.46913964e-05  1.92035219e-05
270.661  7.79217624e-07  2.41054816e-05
270.828 -1.33428306e-05  1.99997284e-05
270.996 -2.23999289e-05  8.47728946e-06
271.163 -2.30498034e-05 -6.10363459e-06
271.330 -1.51224731e-05 -1.82773219e-05
271.498 -1.65969192e-06 -2.35281893e-05
271.665  1.22590456e-05 -1.99737718e-05
271.833  2.14412780e-05 -9.04626537e-06
272.000  2.25266781e-05  5.08409797e-06
272.167  1.52271845e-05  1.71064224e-05
272.335  2.39347323e-06  2.25715982e-05
272.502 -1.10998882e-05  1.95504143e-05
272.670 -2.02090927e-05  9.31956038e-06
272.837 -2.16167975e-05 -4.17088780e-06
273.004 -1.49497056e-05 -1.58213408e-05
273.172 -2.86393747e-06 -2.13171085e-05
273.339  1.00062730e-05 -1.87373970e-05
273.506  1.88267631e-05 -9.22874741e-06
273.674  2.03890665e-05  3.48646763e-06
273.841  1.42831085e-05  1.45617754e-05
274.009  2.99177086e-06  1.98799675e-05
274.176 -9.10554972e-06  1.75898982e-05
274.343 -1.74318277e-05  8.75324483e-06
274.511 -1.89487354e-05 -3.12007898e-06
274.678 -1.32689694e-05 -1.34592919e-05
274.846 -2.74350824e-06 -1.83934441e-05
275.013  8.49663380e-06 -1.62023906e-05
275.180  1.61581157e-05 -7.92145678e-06
275.348  1.74232762e-05  3.11829546e-06
275.515  1.19909900e-05  1.26210684e-05
275.682  2.13370710e-06  1.69916604e-05
275.850 -8.23862136e-06  1.46961371e-05
276.017 -1.51190482e-05  6.80531103e-06
276.185 -1.59463697e-05 -3.48076828e-06
276.352 -1.05630905e-05 -1.21170566e-05
276.519 -1.22128117e-06 -1.57933876e-05
276.687  8.34438105e-06 -1.32033459e-05
276.854  1.43945670e-05 -5.50951501e-06
277.022  1.46414201e-05  4.16146329e-06
277.189  9.11387615e-06  1.19726736e-05
277.356  1.00991348e-07  1.48883005e-05
277.524 -8.78040833e-06  1.18500786e-05
277.691 -1.40228922e-05  4.15762313e-06
277.858 -1.36063950e-05 -5.07559180e-06
278.026 -7.77019177e-06 -1.21676602e-05
278.193  1.10904318e-06 -1.43267912e-05
278.361  9.47292298e-06 -1.07406592e-05
278.528  1.39973059e-05 -2.87660614e-06
278.695  1.29022338e-05  6.11162199e-06
278.863  6.64192755e-06  1.26404055e-05
279.030 -2.28276070e-06  1.41146800e-05
279.198 -1.03187717e-05  9.94581611e-06
279.365 -1.42681653e-05  1.78121816e-06
279.532 -1.25467164e-05 -7.14646074e-06
279.700 -5.80937705e-06 -1.32967506e-05
279.867  3.30246108e-06 -1.42139909e-05
280.034  1.11991193e-05 -9.49558495e-06
280.202  1.47503177e-05 -9.59913142e-07
280.369  1.25142823e-05  8.06116038e-06
280.537  5.31420324e-06  1.40224196e-05
280.704 -4.07330457e-06  1.45496223e-05
280.871 -1.19942854e-05  9.37707918e-06
281.039 -1.53351730e-05  4.64471684e-07
281.206 -1.27409641e-05 -8.75510887e-06
281.374 -5.15523371e-06 -1.46979752e-05
281.541  4.53397386e-06 -1.50203544e-05
281.708  1.25985046e-05 -9.53722703e-06
281.876  1.59054795e-05 -3.05004030e-07
282.043  1.31334180e-05  9.15757862e-06
282.210  5.29008454e-06  1.52143045e-05
282.378 -4.66267978e-06  1.55122435e-05
282.545 -1.29329487e-05  9.89059420e-06
282.713 -1.63502741e-05  4.50650158e-07
282.880 -1.35812490e-05 -9.23566285e-06
283.047 -5.64233104e-06 -1.54860483e-05
283.215  4.47847183e-06 -1.59128535e-05
283.382  1.29549283e-05 -1.03314701e-05
283.550  1.65780872e-05 -8.35061895e-07
283.717  1.39714832e-05  8.99744744e-06
283.884  6.11257416e-06  1.54611020e-05
284.052 -4.03782813e-06  1.61251402e-05
284.219 -1.26618013e-05  1.07481998e-05
284.386 -1.65274154e-05  1.36560777e-06
284.554 -1.42032127e-05 -8.48960037e-06
284.721 -6.59148548e-06 -1.51255773e-05
284.889  3.42649763e-06 -1.60794223e-05
285.056  1.20894687e-05 -1.10373523e-05
285.223  1.61736111e-05 -1.93553135e-06
285.391  1.41999736e-05  7.78978423e-06
285.558  6.97341392e-06  1.45042695e-05
285.726 -2.74746064e-06  1.57414645e-05
285.893 -1.13064179e-05  1.11159616e-05
286.060 -1.55310889e-05  2.43791857e-06
286.228 -1.39181339e-05 -6.99558594e-06
286.395 -7.16940405e-06 -1.36566379e-05
286.562  2.10707035e-06 -1.51153580e-05
286.730  1.04043946e-05 -1.09309568e-05
286.897  1.46501902e-05 -2.77949355e-06
287.065  1.33508612e-05  6.21185632e-06
287.232  7.11812860e-06  1.26683730e-05
287.399 -1.60168648e-06  1.42412776e-05
287.567 -9.48646411e-06  1.04650433e-05
287.734 -1.36092565e-05  2.89195113e-06
287.902 -1.25278155e-05 -5.53775927e-06
288.069 -6.79289736e-06 -1.16394732e-05
288.236  1.30638692e-06 -1.31891323e-05
288.404  8.65358383e-06 -9.73801799e-06
288.571  1.25036199e-05 -2.73928625e-06
288.738  1.15105942e-05  5.05460905e-06
288.906  6.20358206e-06  1.06708905e-05
289.073 -1.26653764e-06  1.20491674e-05
289.241 -7.99165668e-06  8.80297675e-06
289.408 -1.14333577e-05  2.32082333e-06
289.575 -1.03840808e-05 -4.81595487e-06
289.743 -5.39369786e-06 -9.85197649e-06
289.910  1.49287989e-06 -1.09202885e-05
290.078  7.56123160e-06 -7.73811495e-06
290.245  1.04910211e-05 -1.67019418e-06
290.412  9.24469806e-06  4.84160691e-06
290.580  4.43373247e-06  9.25013868e-06
290.747 -1.96104187e-06  9.89721136e-06
290.914 -7.39118897e-06  6.63584405e-06
291.082 -9.75032467e-06  8.50321547e-07
291.249 -8.18759437e-06 -5.11659621e-06
291.417 -3.41173797e-06 -8.90336878e-06
291.584  2.61591391e-06 -9.05836186e-06
291.751  7.47658501e-06 -5.59099013e-06
291.919  9.25721716e-06  5.53940570e-08
292.086  7.29490122e-06  5.59470234e-06
292.254  2.42195147e-06  8.81625029e-06
292.421 -3.38006179e-06  8.45658757e-06
292.588 -7.78033301e-06  4.68921241e-06
292.756 -9.02490165e-06 -9.54596416e-07
292.923 -6.62632122e-06 -6.20538567e-06
293.090 -1.55254967e-06 -8.96024110e-06
293.258  4.16442914e-06 -8.11381739e-06
293.425  8.23861631e-06 -3.99654453e-06
293.593  9.03361595e-06  1.75821258e-06
293.760  6.21257724e-06  6.86314757e-06
293.927  8.74396304e-07  9.27855638e-06
294.095 -4.87966312e-06  8.01971357e-06
294.262 -8.76980042e-06  3.55141373e-06
294.430 -9.23469487e-06 -2.39138876e-06
294.597 -6.05228133e-06 -7.47858238e-06
294.764 -4.32729053e-07 -9.69473573e-06
294.932  5.44700806e-06 -8.13395070e-06
295.099  9.28569496e-06 -3.36060619e-06
295.266  9.55771103e-06  2.80199676e-06
295.434  6.11293359e-06  7.97000344e-06
295.601  2.42749718e-07  1.01231219e-05
295.769 -5.80792140e-06  8.39196840e-06
295.936 -9.70319044e-06  3.39980686e-06
296.103 -9.91973619e-06 -2.96630066e-06
296.271 -6.33624282e-06 -8.27384901e-06
296.438 -2.89020582e-07 -1.04796812e-05
296.606  5.93113988e-06 -8.71392110e-06
296.773  9.95439229e-06 -3.61812172e-06
296.940  1.02360317e-05  2.89128715e-06
297.108  6.64678266e-06  8.35205878e-06
297.275  5.28272489e-07  1.06922119e-05
297.442 -5.81582974e-06  9.01564169e-06
297.610 -9.99425693e-06  3.94536938e-06
297.777 -1.04310490e-05 -2.61301418e-06
297.945 -6.96220975e-06 -8.19560747e-06
298.112 -8.95442260e-07 -1.07091378e-05
298.279  5.49034923e-06 -9.21966111e-06
298.447  9.80541523e-06 -4.30120158e-06
298.614  1.04479960e-05  2.19091602e-06
298.782  7.20355541e-06  7.82442335e-06
298.949  1.31260399e-06  1.05056930e-05
299.116 -5.00733640e-06  9.26454464e-06
299.284 -9.39975949e-06  4.60539847e-06
299.451 -1.02553132e-05 -1.69912249e-06
299.618 -7.30474944e-06 -7.28411964e-06
299.786 -1.69959376e-06 -1.00862477e-05
299.953  4.43632819e-06 -9.11169298e-06
300.121  8.81620809e-06 -4.78823636e-06
300.288  9.84939085e-06  1.21653997e-06
300.455  7.22061666e-06  6.63973127e-06
300.623  1.98440242e-06  9.48244132e-06
300.790 -3.85481802e-06  8.74937024e-06
300.958 -8.11469715e-06  4.79923078e-06
301.125 -9.25386039e-06 -8.17102455e-07
301.292 -6.93221487e-06 -5.96684912e-06
301.460 -2.11172209e-06 -8.74794144e-06
301.627  3.33838485e-06 -8.19359870e-06
301.794  7.36753344e-06 -4.61274393e-06
301.962  8.51592848e-06  5.60934354e-07
302.129  6.44839333e-06  5.34137515e-06
302.297  2.04894451e-06  7.95103413e-06
302.464 -2.95096640e-06  7.48540728e-06
302.631 -6.64981337e-06  4.22994530e-06
302.799 -7.69994705e-06 -4.87124553e-07
302.966 -5.80336404e-06 -4.82976405e-06
303.134 -1.78944377e-06 -7.16589565e-06
303.301  2.73691936e-06 -6.68457049e-06
303.468  6.03022555e-06 -3.67753598e-06
303.636  6.87865553e-06  6.09195233e-07
303.803  5.05119119e-06  4.48125082e-06
303.970  1.35282971e-06  6.46316550e-06
304.138 -2.71624442e-06  5.86104337e-06
304.305 -5.56289555e-06  3.00373953e-06
304.473 -6.12334745e-06 -9.14260167e-07
304.640 -4.25840238e-06 -4.32262507e-06
304.807 -7.81739693e-07 -5.90086792e-06
304.975  2.88332928e-06 -5.08575365e-06
305.142  5.28090771e-06 -2.27176126e-06
305.310  5.49475501e-06  1.36594864e-06
305.477  3.49551083e-06  4.35564426e-06
305.644  1.35386009e-07  5.51725332e-06
305.812 -3.20872963e-06  4.42196236e-06
305.979 -5.19253622e-06  1.55117884e-06
306.146 -5.03602854e-06 -1.91012822e-06
306.314 -2.82804532e-06 -4.55736786e-06
306.481  5.18884616e-07 -5.32681381e-06
306.649  3.64346970e-06 -3.91777716e-06
306.816  5.28106811e-06 -9.08542333e-07
306.983  4.76824885e-06  2.48223064e-06
307.151  2.30811970e-06  4.88376845e-06
307.318 -1.11439956e-06  5.31967901e-06
307.486 -4.12564608e-06  3.60039835e-06
307.653 -5.50816215e-06  3.98906553e-07
307.820 -4.68849039e-06 -3.01544728e-06
307.988 -1.96803376e-06 -5.27631795e-06
308.155  1.59323623e-06 -5.46384219e-06
308.322  4.58884901e-06 -3.47306654e-06
308.490  5.81972596e-06 -5.95374013e-08
308.657  4.77068643e-06  3.44923191e-06
308.825  1.81703239e-06  5.67026334e-06
308.992 -1.91305880e-06  5.70970053e-06
309.159 -4.97111264e-06  3.51549514e-06
309.327 -6.15314145e-06 -9.38772417e-08
309.494 -4.96959040e-06 -3.73709044e-06
309.662 -1.84130188e-06 -6.00301649e-06
309.829  2.05217621e-06 -5.99667922e-06
309.996  5.22273661e-06 -3.68760704e-06
310.164  6.44515225e-06  6.85603041e-08
310.331  5.22744339e-06  3.85224442e-06
310.498  2.00658503e-06  6.22166456e-06
310.666 -2.01192158e-06  6.26142839e-06
310.833 -5.31187699e-06  3.93551101e-06
311.001 -6.63988883e-06  1.06695764e-07
311.168 -5.48204464e-06 -3.79017536e-06
311.335 -2.26290821e-06 -6.28917613e-06
311.503  1.81566849e-06 -6.44630847e-06
311.670  5.22768065e-06 -4.19858935e-06
311.838  6.69602942e-06 -3.85785853e-07
312.005  5.67470832e-06  3.56808351e-06
312.172  2.55118613e-06  6.18879634e-06
312.340 -1.50477213e-06  6.50657375e-06
312.507 -4.98105991e-06  4.41705781e-06
312.674 -6.59175480e-06  7.11994122e-07
312.842 -5.75721055e-06 -3.22193573e-06
313.009 -2.81116325e-06 -5.92579540e-06
313.177  1.13254324e-06 -6.41528503e-06
313.344  4.60292657e-06 -4.53950433e-06
313.511  6.32664064e-06 -1.02582205e-06
313.679  5.69738282e-06  2.80160191e-06
313.846  2.98941913e-06  5.52599010e-06
314.014 -7.57335068e-07  6.16583169e-06
314.181 -4.13969397e-06  4.52943309e-06
314.348 -5.92062790e-06  1.27249838e-06
314.516 -5.48287974e-06 -2.36430856e-06
314.683 -3.04592559e-06 -5.03141848e-06
314.850  4.35326876e-07 -5.77219632e-06
315.018  3.64658425e-06 -4.36954184e-06
315.185  5.41078319e-06 -1.40837031e-06
315.353  5.12233915e-06  1.96697832e-06
315.520  2.95830837e-06  4.49430812e-06
315.687 -2.13475688e-07  5.26681115e-06
315.855 -3.18007414e-06  4.06300510e-06
316.022 -4.84634359e-06  1.40590306e-06
316.190 -4.64346095e-06 -1.65871627e-06
316.357 -2.72379689e-06 -3.97037007e-06
316.524  1.23576954e-07 -4.69586985e-06
316.692  2.79084341e-06 -3.63200944e-06
316.859  4.28226530e-06 -1.25685424e-06
317.026  4.08846938e-06  1.47486683e-06
317.194  2.35902633e-06  3.51194007e-06
317.361 -1.78631762e-07  4.11268578e-06
317.529 -2.51792877e-06  3.11427565e-06
317.696 -3.77186550e-06  9.72889996e-07
317.863 -3.50811561e-06 -1.43337164e-06
318.031 -1.89756226e-06 -3.16141932e-06
318.198  3.72128769e-07 -3.57043625e-06
318.366  2.38429620e-06 -2.55805061e-06
318.533  3.35980642e-06 -5.83269956e-07
318.700  2.95520495e-06  1.53335344e-06
318.868  1.38506758e-06  2.94592592e-06
319.035 -6.79894441e-07  3.11557722e-06
319.202 -2.39422686e-06  2.01578429e-06
319.370 -3.07675244e-06  1.30147439e-07
319.537 -2.47810772e-06 -1.75573058e-06
319.705 -8.72751012e-07 -2.87427290e-06
319.872  1.06376163e-06 -2.78252980e-06
320.039  2.53319955e-06 -1.53709244e-06
320.207  2.93631356e-06  3.37355780e-07
320.374  2.11468372e-06  2.06597878e-06
320.542  4.10430107e-07  2.93676918e-06
320.709 -1.47659463e-06  2.58979795e-06
320.876 -2.77055205e-06  1.16223867e-06
321.044 -2.93412278e-06 -7.69368738e-07
321.211 -1.88750638e-06 -2.41906805e-06
321.378 -4.04145368e-08 -3.10740864e-06
321.546  1.86845630e-06 -2.53788204e-06
321.713  3.06429696e-06 -9.17375615e-07
321.881  3.04882410e-06  1.12138202e-06
322.048  1.80141833e-06  2.76588812e-06
322.215 -2.07288671e-07  3.34768442e-06
322.383 -2.19330786e-06  2.60961516e-06
322.550 -3.36693919e-06  8.12039337e-07
322.718 -3.24507564e-06 -1.35984664e-06
322.885 -1.84380424e-06 -3.05984909e-06
323.052  3.18340291e-07 -3.61159656e-06
323.220  2.41503195e-06 -2.77312280e-06
323.387  3.63142453e-06 -8.38678280e-07
323.554  3.47855147e-06  1.46639896e-06
323.722  1.98707245e-06  3.26253169e-06
323.889 -2.95662718e-07  3.85163981e-06
324.057 -2.51162767e-06  2.98671248e-06
324.224 -3.81686791e-06  9.73973415e-07
324.391 -3.70221009e-06 -1.43976155e-06
324.559 -2.19257433e-06 -3.34797926e-06
324.726  1.58691735e-07 -4.02515256e-06
324.894  2.47719871e-06 -3.20455151e-06
325.061  3.89368327e-06 -1.18204043e-06
325.228  3.87254287e-06  1.29504409e-06
325.396  2.41556167e-06  3.30557385e-06
325.563  5.98339392e-08  4.09984958e-06
325.730 -2.32201525e-06  3.38232940e-06
325.898 -3.84728123e-06  1.41945846e-06
326.065 -3.95476295e-06 -1.06101503e-06
326.233 -2.61097450e-06 -3.14117360e-06
326.400 -3.18796584e-07 -4.05747630e-06
326.567  2.07090174e-06 -3.48260325e-06
326.735  3.67946152e-06 -1.64135522e-06
326.902  3.92661296e-06  7.76114066e-07
327.070  2.73942984e-06  2.87599297e-06
327.237  5.74209980e-07  3.89531320e-06
327.404 -1.75987452e-06  3.47946802e-06
327.572 -3.40733061e-06  1.80729050e-06
327.739 -3.78077918e-06 -4.83574697e-07
327.906 -2.77226977e-06 -2.54318594e-06
328.074 -7.84582440e-07 -3.62586866e-06
328.241  1.43112176e-06 -3.36175061e-06
328.409  3.06037095e-06 -1.88599050e-06
328.576  3.52560875e-06  2.25854683e-07
328.743  2.69469984e-06  2.18292528e-06
328.911  9.15881406e-07  3.27501425e-06
329.078 -1.12712504e-06  3.13393007e-06
329.246 -2.67641936e-06  1.85869206e-06
329.413 -3.18365757e-06 -3.90132605e-08
329.580 -2.50684393e-06 -1.83708225e-06
329.748 -9.45756293e-07 -2.87849715e-06
329.915  8.85148750e-07 -2.81471316e-06
330.082  2.29689428e-06 -1.72112235e-06
330.250  2.78810774e-06 -5.18607812e-08
330.417  2.22310580e-06  1.54417254e-06
330.585  8.66252489e-07  2.47696091e-06
330.752 -7.32952176e-07  2.43394179e-06
330.919 -1.96146098e-06  1.48383009e-06
331.087 -2.37788489e-06  3.52963572e-08
331.254 -1.87008952e-06 -1.33476898e-06
331.422 -6.84295746e-07 -2.11029446e-06
331.589  6.85886399e-07 -2.02856938e-06
331.756  1.70277710e-06 -1.17044049e-06
331.924  1.99254741e-06  8.59188408e-08
332.091  1.48301986e-06  1.22771101e-06
332.258  4.19965969e-07  1.81249812e-06
332.426 -7.45320519e-07  1.63801381e-06
332.593 -1.54238540e-06  8.13943969e-07
332.761 -1.66754691e-06 -2.95672145e-07
332.928 -1.10083138e-06 -1.22784641e-06
333.095 -1.03279998e-07 -1.60783146e-06
333.263  8.98663553e-07 -1.29906994e-06
333.430  1.48853210e-06 -4.51882753e-07
333.598  1.43001298e-06  5.66785237e-07
333.765  7.60763093e-07  1.32594717e-06
333.932 -2.29804374e-07  1.50832826e-06
334.100 -1.12136465e-06  1.04102437e-06
334.267 -1.53590407e-06  1.21466635e-07
334.434 -1.29537822e-06 -8.64654333e-07
334.602 -4.93601895e-07 -1.50069757e-06
334.769  5.41891778e-07 -1.51259923e-06
334.937  1.38071744e-06 -8.81998305e-07
335.104  1.66682246e-06  1.44850040e-07
335.271  1.26554981e-06  1.15206827e-06
335.439  3.20252591e-07  1.72200147e-06
335.606 -7.98979754e-07  1.60617480e-06
335.774 -1.64057690e-06  8.27204940e-07
335.941 -1.85364923e-06 -3.23218995e-07
336.108 -1.32919100e-06 -1.39435333e-06
336.276 -2.49647594e-07 -1.95492428e-06
336.443  9.74976118e-07 -1.76372449e-06
336.610  1.86600250e-06 -8.69030217e-07
336.778  2.06245832e-06  4.01374659e-07
336.945  1.46393228e-06  1.56375331e-06
337.113  2.77896654e-07  2.16403598e-06
337.280 -1.05492205e-06  1.95292013e-06
337.447 -2.02736482e-06  9.88451277e-07
337.615 -2.25773859e-06 -3.80060006e-07
337.782 -1.63973602e-06 -1.64245342e-06
337.950 -3.88918425e-07 -2.31797832e-06
338.117  1.03632342e-06 -2.13903219e-06
338.284  2.10384125e-06 -1.15755983e-06
338.452  2.40726672e-06  2.72413334e-07
338.619  1.82276125e-06  1.62429943e-06
338.786  5.56845385e-07  2.39361732e-06
338.954 -9.28759925e-07  2.28931998e-06
339.121 -2.08601183e-06  1.34323737e-06
339.289 -2.48611330e-06 -1.01570693e-07
339.456 -1.97953182e-06 -1.51532981e-06
339.623 -7.49913731e-07 -2.37884922e-06
339.791  7.52275470e-07 -2.37682355e-06
339.958  1.97690994e-06 -1.51172229e-06
340.126  2.47927805e-06 -1.02725131e-07
340.293  2.08123574e-06  1.33288670e-06
340.460  9.34917377e-07  2.27354924e-06
340.628 -5.34766549e-07  2.38351614e-06
340.795 -1.79111088e-06  1.63320263e-06
340.962 -2.38306236e-06  3.07892059e-07
341.130 -2.10751851e-06 -1.10305731e-06
341.297 -1.08133727e-06 -2.08890300e-06
341.465  3.08327025e-07 -2.30253736e-06
341.632  1.55218205e-06 -1.68545309e-06
341.799  2.20531069e-06 -4.82490331e-07
341.967  2.04888949e-06  8.56786427e-07
342.134  1.16482151e-06  1.84563704e-06
342.302 -1.04834772e-07  2.13889564e-06
342.469 -1.28929395e-06  1.65609948e-06
342.636 -1.96429444e-06  6.00251170e-07
342.804 -1.90731676e-06 -6.25583990e-07
342.971 -1.17000757e-06 -1.57134577e-06
343.138 -4.83547501e-08 -1.90829152e-06
343.306  1.03356773e-06 -1.54366990e-06
343.473  1.68602966e-06 -6.43518762e-07
343.641  1.69531272e-06  4.37661865e-07
343.808  1.09241215e-06  1.29687746e-06
343.975  1.31684375e-07  1.63444754e-06
344.143 -8.14288557e-07  1.35757213e-06
344.310 -1.40041791e-06  6.05275821e-07
344.478 -1.43403344e-06 -3.14759758e-07
344.645 -9.38811567e-07 -1.05208961e-06
344.812 -1.35307551e-07 -1.34574644e-06
344.980  6.55148670e-07 -1.11677870e-06
345.147  1.13713176e-06 -4.89412972e-07
345.314  1.15056889e-06  2.69639773e-07
345.482  7.25831644e-07  8.61832587e-07
345.649  5.98433489e-08  1.07170907e-06
345.817 -5.71146999e-07  8.47049452e-07
345.984 -9.22020236e-07  3.09599322e-07
346.151 -8.74388932e-07 -3.04519377e-07
346.319 -4.77187311e-07 -7.43024747e-07
346.486  8.38838928e-08 -8.39408312e-07
346.654  5.66924358e-07 -5.77123750e-07
346.821  7.74232807e-07 -8.72776336e-08
346.988  6.33279290e-07  4.10987438e-07
347.156  2.20370203e-07  7.03072549e-07
347.323 -2.76331650e-07  6.69982664e-07
347.490 -6.36791805e-07  3.34797144e-07
347.658 -7.04016436e-07 -1.51060345e-07
347.825 -4.49617024e-07 -5.71617189e-07
347.993  1.67303672e-08 -7.39386949e-07
348.160  4.92085431e-07 -5.75866854e-07
348.327  7.66045249e-07 -1.43596270e-07
348.495  7.11450770e-07  3.77350789e-07
348.662  3.37784792e-07  7.62788790e-07
348.830 -2.09208903e-07  8.39855910e-07
348.997 -7.03594229e-07  5.59466557e-07
349.164 -9.33049447e-07  2.01910592e-08
349.332 -7.86634874e-07 -5.65831821e-07
349.499 -3.02902782e-07 -9.57932658e-07
349.666  3.38363188e-07 -9.84478597e-07
349.834  8.84892319e-07 -6.13457323e-07
350.001  1.11195789e-06  2.75207281e-08
350.169  9.11474509e-07  6.96476815e-07
350.336  3.40592697e-07  1.13075521e-06
350.503 -3.94143859e-07  1.14825601e-06
350.671 -1.01465604e-06  7.22256320e-07
350.838 -1.27609775e-06 -1.39608917e-09
351.006 -1.06254050e-06 -7.57253259e-07
351.173 -4.37637838e-07 -1.25841324e-06
351.340  3.76161471e-07 -1.30483515e-06
351.508  1.07851382e-06 -8.64161973e-07
351.675  1.40164589e-06 -8.73852525e-08
351.842  1.21422552e-06  7.45100274e-07
352.010  5.73740666e-07  1.32447106e-06
352.177 -2.93143896e-07  1.43002109e-06
352.345 -1.07068985e-06  1.01405159e-06
352.512 -1.47077355e-06  2.20255436e-07
352.679 -1.34180844e-06 -6.65940040e-07
352.847 -7.24435656e-07 -1.32104243e-06
353.014  1.61333480e-07 -1.50456824e-06
353.182  9.94723831e-07 -1.14666121e-06
353.349  1.47359133e-06 -3.74128550e-07
353.516  1.42442041e-06  5.33853122e-07
353.684  8.64625134e-07  1.24950030e-06
353.851 -2.31347207e-09  1.51622353e-06
354.018 -8.62818053e-07  1.24005735e-06
354.186 -1.40885699e-06  5.24455196e-07
354.353 -1.44774506e-06 -3.69220080e-07
354.521 -9.71875220e-07 -1.11971668e-06
354.688 -1.59651452e-07 -1.46111416e-06
354.855  6.93781350e-07 -1.27849677e-06
355.023  1.28378488e-06 -6.48119318e-07
355.190  1.40586579e-06  1.95806782e-07
355.358  1.02894604e-06  9.48353298e-07
355.525  3.00778874e-07  1.34422354e-06
355.692 -5.10169133e-07  1.25407156e-06
355.860 -1.11307812e-06  7.26196143e-07
356.027 -1.30169870e-06 -3.73517525e-08
356.194 -1.02557946e-06 -7.56673701e-07
356.362 -4.01031116e-07 -1.17854083e-06
356.529  3.35344707e-07 -1.16716779e-06
356.697  9.16990564e-07 -7.46401484e-07
356.864  1.14604042e-06 -8.55087880e-08
357.031  9.59646732e-07  5.67936379e-07
357.199  4.46695207e-07  9.82908161e-07
357.366 -1.90754731e-07  1.02609480e-06
357.534 -7.18429188e-07  7.04658182e-07
357.701 -9.55775467e-07  1.57516014e-07
357.868 -8.37399799e-07 -4.04356682e-07
358.036 -4.31743154e-07 -7.79190779e-07
358.203  9.33775745e-08 -8.45994825e-07
358.370  5.39677450e-07 -6.05272980e-07
358.538  7.51691951e-07 -1.70333140e-07
358.705  6.72445682e-07  2.84056720e-07
358.873  3.58061570e-07  5.89465881e-07
359.040 -5.35179294e-08  6.46844982e-07
359.207 -3.99544255e-07  4.59816727e-07
359.375 -5.55940153e-07  1.23468668e-07
359.542 -4.83520665e-07 -2.18758935e-07
359.710 -2.34922570e-07 -4.33473536e-07
359.877  7.35068947e-08 -4.50594424e-07
360.044  3.11336895e-07 -2.85270934e-07
360.212  3.89127987e-07 -2.43225286e-08
360.379  2.91708858e-07  2.12694661e-07
360.546  7.77904332e-08  3.26268277e-07
360.714 -1.47759796e-07  2.78034508e-07
360.881 -2.81546065e-07  1.01863204e-07
361.049 -2.67484714e-07 -1.12992825e-07
361.216 -1.17768264e-07 -2.62582728e-07
361.383  9.37177855e-08 -2.76249252e-07
361.551  2.64039908e-07 -1.46172823e-07
361.718  3.09130820e-07  6.93973543e-08
361.886  2.00820168e-07  2.69928976e-07
362.053 -2.02412706e-08  3.58296393e-07
362.220 -2.58644272e-07  2.84111900e-07
362.388 -4.05351508e-07  6.64455939e-08
362.555 -3.85658597e-07 -2.09484689e-07
362.722 -1.91685493e-07 -4.26217563e-07
362.890  1.09107641e-07 -4.84140221e-07
363.057  3.97664360e-07 -3.43118897e-07
363.225  5.52069724e-07 -4.36182533e-08
363.392  4.96615516e-07  3.03978609e-07
363.559  2.35538935e-07  5.62399401e-07
363.727 -1.42210229e-07  6.20913790e-07
363.894 -4.95488353e-07  4.40484488e-07
364.062 -6.84318946e-07  7.52619532e-08
364.229 -6.23713047e-07 -3.44849116e-07
364.396 -3.21530498e-07 -6.62019523e-07
364.564  1.20332387e-07 -7.48658463e-07
364.731  5.42419373e-07 -5.59287686e-07
364.898  7.84592299e-07 -1.52060992e-07
365.066  7.47523388e-07  3.31060979e-07
365.233  4.33844377e-07  7.13583544e-07
365.401 -5.11987470e-08  8.49467943e-07
365.568 -5.35252135e-07  6.80553808e-07
365.735 -8.40163008e-07  2.59233535e-07
365.903 -8.49857931e-07 -2.68241551e-07
366.070 -5.53770842e-07 -7.12085833e-07
366.238 -5.20072506e-08 -9.09668878e-07
366.405  4.77621483e-07 -7.85539064e-07
366.572  8.44622857e-07 -3.78848997e-07
366.740  9.15787261e-07  1.67797703e-07
366.907  6.62375473e-07  6.59602229e-07
367.074  1.72558798e-07  9.21159837e-07
367.242 -3.79545891e-07  8.58201771e-07
367.409 -7.98269870e-07  4.92369946e-07
367.577 -9.35410831e-07 -4.55244533e-08
367.744 -7.43140903e-07 -5.64656638e-07
367.911 -2.92207438e-07 -8.82124551e-07
368.079  2.55916071e-07 -8.87405452e-07
368.246  7.07630093e-07 -5.82875771e-07
368.414  9.05180780e-07 -8.04606168e-08
368.581  7.83930543e-07  4.40661632e-07
368.748  3.93367634e-07  7.97221989e-07
368.916 -1.24184623e-07  8.68223189e-07
369.083 -5.84494302e-07  6.36911116e-07
369.250 -8.28291201e-07  1.92298456e-07
369.418 -7.78120764e-07 -3.04016898e-07
369.585 -4.61438280e-07 -6.76998266e-07
369.753  1.92838019e-09 -8.02126338e-07
369.920  4.44492770e-07 -6.46076475e-07
370.087  7.13894232e-07 -2.74858050e-07
370.255  7.25143596e-07  1.72156905e-07
370.422  4.86801935e-07  5.36302975e-07
370.590  9.52182381e-08  6.96379679e-07
370.757 -3.05048784e-07  6.08158983e-07
370.924 -5.75483511e-07  3.17488825e-07
371.092 -6.30534227e-07 -6.14710474e-08
371.259 -4.65907304e-07 -3.92001913e-07
371.426 -1.55244530e-07 -5.63014844e-07
371.594  1.82894774e-07 -5.27334440e-07
371.761  4.29020919e-07 -3.14958566e-07
371.929  5.05227939e-07 -1.48678719e-08
372.096  4.01276767e-07  2.60652652e-07
372.263  1.71183212e-07  4.17384823e-07
372.431 -9.17769277e-08  4.13252231e-07
372.598 -2.91061570e-07  2.67840317e-07
372.766 -3.63921195e-07  4.87042293e-08
372.933 -3.00793232e-07 -1.56595722e-07
373.100 -1.42059378e-07 -2.76147994e-07
373.268  4.09078013e-08 -2.79379855e-07
373.435  1.76782232e-07 -1.82432232e-07
373.602  2.22821939e-07 -3.77724020e-08
373.770  1.76625789e-07  9.04355630e-08
373.937  7.29208682e-08  1.54889404e-07
374.105 -3.42102933e-08  1.41170917e-07
374.272 -9.79597175e-08  6.99551379e-08
374.439 -9.74462038e-08 -1.44597091e-08
374.607 -4.37764389e-08 -6.77836858e-08
374.774  2.61896474e-08 -6.60007198e-08
374.942  7.00725364e-08 -1.42743456e-08
375.109  6.13634870e-08  5.51256787e-08
375.276  8.67223810e-10  9.95950839e-08
375.444 -8.18948715e-08  8.84809132e-08
375.611 -1.41912205e-07  1.73313515e-08
375.778 -1.41542015e-07 -8.73257707e-08
375.946 -6.80809246e-08 -1.77299198e-07
376.113  5.76459888e-08 -2.05415543e-07
376.281  1.85936378e-07 -1.46724208e-07
376.448  2.59348522e-07 -1.16029736e-08
376.615  2.37212823e-07  1.53181686e-07
376.783  1.13821910e-07  2.82083818e-07
376.950 -7.37295486e-08  3.17331152e-07
377.118 -2.57247844e-07  2.32190181e-07
377.285 -3.63761992e-07  4.62935529e-08
377.452 -3.42928123e-07 -1.77800762e-07
377.620 -1.89798812e-07 -3.57619933e-07
377.787  4.85407183e-08 -4.20304053e-07
377.954  2.89236583e-07 -3.31719145e-07
378.122  4.42322904e-07 -1.13933198e-07
378.289  4.43915184e-07  1.61132511e-07
378.457  2.83855393e-07  3.95877270e-07
378.624  1.15131807e-08  5.00994300e-07
378.791 -2.80242129e-07  4.31030094e-07
378.959 -4.85828491e-07  2.03063137e-07
379.126 -5.26725006e-07 -1.08129851e-07
379.294 -3.81901383e-07 -3.93604930e-07
379.461 -9.59783143e-08 -5.49524199e-07
379.628  2.33533418e-07 -5.16323158e-07
379.796  4.89935941e-07 -2.99948142e-07
379.963  5.80665208e-07  2.78071641e-08
380.130  4.69774882e-07  3.52792931e-07
380.298  1.92030595e-07  5.60445365e-07
380.465 -1.56921404e-07  5.75905277e-07
380.633 -4.55469888e-07  3.90635556e-07
380.800 -5.98854773e-07  6.78983910e-08
380.967 -5.35259559e-07 -2.80267645e-07
381.135 -2.86116545e-07 -5.33009664e-07
381.302  6.17397183e-08 -6.01755535e-07
381.470  3.87860768e-07 -4.62751823e-07
381.637  5.79025518e-07 -1.65536695e-07
381.804  5.69665999e-07  1.86421444e-07
381.972  3.65451174e-07  4.71054869e-07
382.139  3.88648766e-08  5.90572637e-07
382.306 -2.96151624e-07  5.06772559e-07
382.474 -5.23833279e-07  2.51935258e-07
382.641 -5.68611001e-07 -8.35564771e-08
382.809 -4.19517895e-07 -3.82532758e-07
382.976 -1.31903744e-07 -5.43907763e-07
383.143  1.91858323e-07 -5.16923548e-07
383.311  4.40327268e-07 -3.16078458e-07
383.478  5.32138326e-07 -1.56731245e-08
383.646  4.41473583e-07  2.78437962e-07
383.813  2.06191993e-07  4.67487262e-07
383.980 -8.75928079e-08  4.91832204e-07
384.148 -3.38622584e-07  3.50500131e-07
384.315 -4.64495556e-07  9.96477296e-08
384.482 -4.29007219e-07 -1.71111737e-07
384.650 -2.53451047e-07 -3.70174616e-07
384.817 -4.64614745e-09 -4.34688017e-07
384.985  2.30272886e-07 -3.51872872e-07
385.152  3.73580113e-07 -1.59148907e-07
385.319  3.84298480e-07  7.23683569e-08
385.487  2.69051383e-07  2.62834156e-07
385.654  7.52045696e-08  3.52588313e-07
385.822 -1.26801824e-07  3.20977409e-07
385.989 -2.69820142e-07  1.88596022e-07
386.156 -3.13226510e-07  7.99241899e-09
386.324 -2.52508165e-07 -1.56992174e-07
386.491 -1.17969657e-07 -2.55157664e-07
386.658  3.84333346e-08 -2.62367549e-07
386.826  1.64497415e-07 -1.86708964e-07
386.993  2.24286897e-07 -6.31148648e-08
387.161  2.07484720e-07  6.32159514e-08
387.328  1.30763520e-07  1.52952435e-07
387.495  2.71345133e-08  1.83729554e-07
387.663 -6.79771871e-08  1.56287033e-07
387.830 -1.27456790e-07  8.96644239e-08
387.998 -1.41009960e-07  1.04621413e-08
388.165 -1.15154311e-07 -5.60822535e-08
388.332 -6.57877465e-08 -9.47115446e-08
388.500 -1.16171229e-08 -1.03298010e-07
388.667  3.28921200e-08 -8.81567248e-08
388.834  6.20404169e-08 -5.95371318e-08
389.002  7.59986597e-08 -2.69419911e-08
389.169  7.74524618e-08  5.26338753e-09
389.337  6.91560021e-08  3.57408579e-08
389.504  5.06042080e-08  6.27909811e-08
389.671  2.01098310e-08  8.32214719e-08
389.839 -2.07004730e-08  9.02891641e-08
390.006 -6.56823459e-08  7.60321656e-08
390.174 -1.02906824e-07  3.75003166e-08
390.341 -1.16999283e-07 -2.05249215e-08
390.508 -9.70664348e-08 -8.40855644e-08
390.676 -4.20257436e-08 -1.31678627e-07
390.843  3.66129033e-08 -1.43125494e-07
391.010  1.14681395e-07 -1.07935544e-07
391.178  1.63814153e-07 -3.04365512e-08
391.345  1.62437087e-07  6.74584732e-08
391.513  1.03812567e-07  1.52616596e-07
391.680  2.25136363e-09  1.93075529e-07
391.847 -1.09479023e-07  1.68921917e-07
392.015 -1.92102048e-07  8.22063473e-08
392.182 -2.12750452e-07 -4.05607016e-08
392.350 -1.58222812e-07 -1.57775120e-07
392.517 -4.32212566e-08 -2.26272442e-07
392.684  9.43940661e-08 -2.16928799e-07
392.852  2.05902355e-07 -1.28455162e-07
393.019  2.48135690e-07  1.11720247e-08
393.186  2.01772169e-07  1.53786621e-07
393.354  7.97076776e-08  2.46387955e-07
393.521 -7.70004105e-08  2.52117268e-07
393.689 -2.11472474e-07  1.65367365e-07
393.856 -2.72328629e-07  1.40557790e-08
394.023 -2.34340433e-07 -1.47920192e-07
394.191 -1.07623450e-07 -2.59802538e-07
394.358  6.37531313e-08 -2.78103954e-07
394.526  2.16256723e-07 -1.92455699e-07
394.693  2.91822733e-07 -3.11316906e-08
394.860  2.59216743e-07  1.46814041e-07
395.028  1.26522137e-07  2.74310553e-07
395.195 -5.87606889e-08  3.01213556e-07
395.362 -2.27412292e-07  2.13058799e-07
395.530 -3.14471590e-07  3.96416477e-08
395.697 -2.82841984e-07 -1.55134293e-07
395.865 -1.39993731e-07 -2.97354061e-07
396.032  6.28691037e-08 -3.29510713e-07
396.199  2.50038298e-07 -2.34116210e-07
396.367  3.48005555e-07 -4.30282551e-08
396.534  3.13994989e-07  1.74171671e-07
396.702  1.55225657e-07  3.34331283e-07
396.869 -7.29300492e-08  3.71557191e-07
397.036 -2.85632068e-07  2.65076961e-07
397.204 -3.98616448e-07  4.84800778e-08
397.371 -3.62254289e-07 -2.00776925e-07
397.538 -1.82048837e-07 -3.87309706e-07
397.706  8.14528114e-08 -4.34732932e-07
397.873  3.31213311e-07 -3.16276210e-07
398.041  4.69483935e-07 -6.64707790e-08
398.208  4.36021680e-07  2.27100532e-07
398.375  2.31742470e-07  4.54073546e-07
398.543 -7.70404964e-08  5.23303937e-07
398.710 -3.79112341e-07  3.97234980e-07
398.878 -5.59287195e-07  1.09689409e-07
399.045 -5.40657047e-07 -2.41197096e-07
399.212 -3.15528990e-07 -5.27399653e-07
399.380  4.57218334e-08 -6.36775874e-07
399.547  4.17184629e-07 -5.15016363e-07
399.714  6.61126983e-07 -1.91221471e-07
