0.166  8.81890288e-03 -1.39677700e-03
0.332  5.03705346e-03  1.28746791e-03
0.497  2.71181955e-03  2.50356735e-03
0.663  7.90583198e-04  2.70442671e-03
0.829 -6.44805173e-04  2.19825155e-03
0.995 -1.45481100e-03  1.21212434e-03
1.161 -1.63713933e-03  1.74860407e-04
1.326 -1.26811562e-03 -6.87512983e-04
1.492 -5.65442686e-04 -1.14166547e-03
1.658  1.81955900e-04 -1.12870471e-03
1.824  7.14501890e-04 -7.45276765e-04
1.989  9.29145076e-04 -1.71400836e-04
2.155  7.86668162e-04  3.78266750e-04
2.321  4.11447009e-04  7.07850385e-04
2.487 -7.51542130e-05  7.51819949e-04
2.653 -4.60877017e-04  5.32439175e-04
2.818 -6.55981296e-04  1.35003231e-04
2.984 -5.77486795e-04 -2.53657492e-04
3.150 -2.97025253e-04 -5.12403609e-04
3.316  5.15404773e-05 -5.65028833e-04
3.482  3.49844544e-04 -4.07253764e-04
3.647  4.91532922e-04 -1.14700110e-04
3.813  4.47313610e-04  1.84269367e-04
3.979  2.38627066e-04  3.86300037e-04
4.145 -4.01298535e-05  4.34061329e-04
4.311 -2.84049865e-04  3.20992931e-04
4.476 -4.01383083e-04  1.00066095e-04
4.642 -3.62396988e-04 -1.43576279e-04
4.808 -1.95623381e-04 -3.07903215e-04
4.974  2.35750463e-05 -3.46533218e-04
5.140  2.22438773e-04 -2.55517335e-04
5.305  3.30698320e-04 -7.66436133e-05
5.471  3.07427923e-04  1.21066563e-04
5.637  1.70744804e-04  2.64894570e-04
5.803 -2.35137763e-05  2.99948479e-04
5.968 -1.93514774e-04  2.19271751e-04
6.134 -2.78444727e-04  6.28928366e-05
6.300 -2.55274831e-04 -1.09155674e-04
6.466 -1.41044894e-04 -2.33835402e-04
6.632  1.87620980e-05 -2.64157837e-04
6.797  1.63759988e-04 -1.95383457e-04
6.963  2.41904200e-04 -5.56818195e-05
7.129  2.24257166e-04  9.89222003e-05
7.295  1.22732088e-04  2.09395275e-04
7.461 -1.64527418e-05  2.34755110e-04
7.626 -1.39906386e-04  1.71782829e-04
7.792 -2.04878173e-04  5.01142582e-05
7.958 -1.88847811e-04 -8.17354050e-05
8.124 -1.01386410e-04 -1.76256476e-04
8.290  2.13284152e-05 -2.00105352e-04
8.455  1.32518259e-04 -1.49363086e-04
8.621  1.89667945e-04 -4.50545832e-05
8.787  1.73001963e-04  7.15846089e-05
8.953  9.23360548e-05  1.54615967e-04
9.118 -2.17665253e-05  1.74074501e-04
9.284 -1.24541620e-04  1.24873017e-04
9.450 -1.76400807e-04  2.94746297e-05
9.616 -1.60488444e-04 -7.50605570e-05
9.782 -8.49348948e-05 -1.48589211e-04
9.947  1.95985185e-05 -1.63413437e-04
10.113  1.11096356e-04 -1.16820595e-04
10.279  1.55632247e-04 -2.82897578e-05
10.445  1.39523994e-04  6.66459333e-05
10.611  7.20584207e-05  1.31394715e-04
10.776 -1.91390925e-05  1.43381638e-04
10.942 -9.94888274e-05  9.99690439e-05
11.108 -1.39633928e-04  1.93318333e-05
11.274 -1.25144947e-04 -6.65125506e-05
11.440 -6.30868994e-05 -1.25396048e-04
11.605  2.06818611e-05 -1.35687385e-04
11.771  9.34142074e-05 -9.44717226e-05
11.937  1.27811531e-04 -1.90814975e-05
12.103  1.11830942e-04  6.12295786e-05
12.268  5.29456780e-05  1.16933210e-04
12.434 -2.58163474e-05  1.27959511e-04
12.600 -9.44609458e-05  9.10420985e-05
12.766 -1.26797752e-04  2.16927232e-05
12.932 -1.11514382e-04 -5.25635880e-05
13.097 -5.63763659e-05 -1.03016693e-04
13.263  1.64844089e-05 -1.11169916e-04
13.429  7.90753619e-05 -7.55854625e-05
13.595  1.08019294e-04 -1.13614272e-05
13.761  9.39077447e-05  5.59682758e-05
13.926  4.38118735e-05  1.00503447e-04
14.092 -2.21980757e-05  1.06287173e-04
14.258 -7.82278296e-05  7.22634109e-05
14.424 -1.02936126e-04  1.23266514e-05
14.590 -8.78478620e-05 -4.95932633e-05
14.755 -3.97231783e-05 -8.97126039e-05
14.921  2.22097866e-05 -9.36762203e-05
15.087  7.41125432e-05 -6.10235895e-05
15.253  9.69382835e-05 -5.19791046e-06
15.419  8.28952527e-05  5.18579782e-05
15.584  3.84986353e-05  8.85304796e-05
15.750 -1.80732495e-05  9.12990595e-05
15.916 -6.48721400e-05  5.96990746e-05
16.082 -8.43731207e-05  6.55952732e-06
16.247 -6.96281903e-05 -4.76656627e-05
16.413 -2.71589111e-05 -8.27346142e-05
16.579  2.61479259e-05 -8.59022278e-05
16.745  6.99175838e-05 -5.70505251e-05
16.911  8.76255516e-05 -8.34381437e-06
17.076  7.31230720e-05  4.11620396e-05
17.242  3.28632004e-05  7.25609570e-05
17.408 -1.73628143e-05  7.44935932e-05
17.574 -5.84224910e-05  4.74844780e-05
17.740 -7.51153423e-05  2.80754325e-06
17.905 -6.21864704e-05 -4.19663841e-05
18.071 -2.56277084e-05 -6.95551615e-05
18.237  1.99311947e-05 -6.98726703e-05
18.403  5.65772960e-05 -4.33823398e-05
18.569  7.03819892e-05 -5.21775859e-07
18.734  5.65626629e-05  4.19961523e-05
18.900  2.07620860e-05  6.79289238e-05
19.066 -2.29443388e-05  6.79099528e-05
19.232 -5.77440632e-05  4.25143644e-05
19.397 -7.08632315e-05  2.02692535e-06
19.563 -5.79332700e-05 -3.76643034e-05
19.729 -2.45526172e-05 -6.16253104e-05
19.895  1.58812343e-05 -6.12064089e-05
20.061  4.78453764e-05 -3.71306141e-05
20.226  5.94879732e-05  6.61482639e-07
20.392  4.68788818e-05  3.73553837e-05
20.558  1.56673556e-05  5.90610862e-05
20.724 -2.15361682e-05  5.77995580e-05
20.890 -5.03229003e-05  3.46947406e-05
21.055 -5.96746737e-05 -7.92492900e-07
21.221 -4.62656716e-05 -3.49724291e-05
21.387 -1.56317658e-05 -5.48688262e-05
21.553  2.04427033e-05 -5.31883562e-05
21.719  4.82738395e-05 -3.11918214e-05
21.884  5.74784393e-05  2.30209256e-06
22.050  4.51618919e-05  3.43089269e-05
22.216  1.65861188e-05  5.25442501e-05
22.382 -1.70234395e-05  5.04310314e-05
22.548 -4.26370272e-05  2.93254811e-05
22.713 -5.07212998e-05 -2.32567384e-06
22.879 -3.87680331e-05 -3.20767889e-05
23.045 -1.18193900e-05 -4.85361159e-05
23.211  1.93794656e-05 -4.58178726e-05
23.376  4.26899711e-05 -2.53484979e-05
23.542  4.94533356e-05  4.65963917e-06
23.708  3.74240896e-05  3.24253607e-05
23.874  1.15693924e-05  4.74389630e-05
24.040 -1.78104204e-05  4.42311208e-05
24.205 -3.94282810e-05  2.43197737e-05
24.371 -4.52494024e-05 -4.27984625e-06
24.537 -3.33545211e-05 -3.05150537e-05
24.703 -8.78591310e-06 -4.45958694e-05
24.869  1.87157284e-05 -4.14681678e-05
25.034  3.86620288e-05 -2.28484172e-05
25.200  4.35596362e-05  3.63795553e-06
25.366  3.18555907e-05  2.77053500e-05
25.532  8.47714663e-06  4.01404814e-05
25.698 -1.74309806e-05  3.63525699e-05
25.863 -3.59024705e-05  1.82012531e-05
26.029 -3.99309059e-05 -7.09078537e-06
26.195 -2.83260781e-05 -2.97255815e-05
26.361 -5.85319105e-06 -4.10033249e-05
26.526  1.87369606e-05 -3.68795970e-05
26.692  3.59351655e-05 -1.92962240e-05
26.858  3.93332814e-05  4.81563714e-06
27.024  2.79910406e-05  2.60673727e-05
27.190  6.48571692e-06  3.63973797e-05
27.355 -1.67510688e-05  3.22109359e-05
27.521 -3.27848438e-05  1.54264287e-05
27.687 -3.57674940e-05 -7.23091290e-06
27.853 -2.48810406e-05 -2.68461839e-05
28.019 -4.59859993e-06 -3.59740910e-05
28.184  1.70039685e-05 -3.12822342e-05
28.350  3.16300419e-05 -1.47076961e-05
28.516  3.38494279e-05  7.19728584e-06
28.682  2.29977631e-05  2.60422922e-05
28.848  3.53710917e-06  3.48478976e-05
29.013 -1.68744703e-05  3.05061832e-05
29.179 -3.04754685e-05  1.50674614e-05
29.345 -3.21729449e-05 -5.18592006e-06
29.511 -2.15620317e-05 -2.23990289e-05
29.676 -3.04508858e-06 -2.99976035e-05
29.842  1.61519328e-05 -2.52244551e-05
30.008  2.86695665e-05 -1.02456176e-05
30.174  2.97981358e-05  8.98488199e-06
30.340  1.94012059e-05  2.50265994e-05
30.505  1.70975398e-06  3.17213484e-05
30.671 -1.64084123e-05  2.67087278e-05
30.837 -2.79641372e-05  1.21560881e-05
31.003 -2.86799083e-05 -6.26121587e-06
31.169 -1.85555202e-05 -2.14199999e-05
31.334 -1.62648666e-06 -2.76078952e-05
31.500  1.54959595e-05 -2.27473309e-05
31.666  2.62368055e-05 -8.93674086e-06
31.832  2.67015303e-05  8.31999703e-06
31.998  1.69373834e-05  2.22445294e-05
32.163  8.80717564e-07  2.75735363e-05
32.329 -1.51220171e-05  2.24100005e-05
32.495 -2.49669650e-05  8.85307600e-06
32.661 -2.50548042e-05 -7.73423261e-06
32.827 -1.55221040e-05 -2.09867296e-05
32.992 -2.76940886e-07 -2.59959502e-05
33.158  1.46645524e-05 -2.10146063e-05
33.324  2.36009187e-05 -8.20501236e-06
33.490  2.31615692e-05  7.29080892e-06
33.655  1.36503260e-05  1.95107733e-05
33.821 -1.09522325e-06  2.38197331e-05
33.987 -1.54016844e-05  1.86905764e-05
34.153 -2.38562721e-05  6.33131113e-06
34.319 -2.33391827e-05 -8.39452298e-06
34.484 -1.43128256e-05 -1.98326871e-05
34.650 -4.44356188e-07 -2.36265602e-05
34.816  1.28784634e-05 -1.85088200e-05
34.982  2.05094212e-05 -6.64980645e-06
35.148  1.96360000e-05  7.32047830e-06
35.313  1.07987773e-05  1.79860278e-05
35.479 -2.50697943e-06  2.13182266e-05
35.645 -1.50942291e-05  1.62455792e-05
35.811 -2.21281450e-05  4.85865791e-06
35.977 -2.10756080e-05 -8.35932608e-06
36.142 -1.24873357e-05 -1.82605758e-05
36.308  2.37286389e-07 -2.11535973e-05
36.474  1.21196852e-05 -1.60791124e-05
36.640  1.86801025e-05 -5.10040322e-06
36.805  1.75859740e-05  7.42235277e-06
36.971  9.42386394e-06  1.66643378e-05
37.137 -2.45029357e-06  1.91960609e-05
37.303 -1.33265612e-05  1.41516451e-05
37.469 -1.90351693e-05  3.62776375e-06
37.634 -1.74012931e-05 -8.19515896e-06
37.800 -9.12072978e-06 -1.68004839e-05
37.966  2.52150729e-06 -1.89463578e-05
38.132  1.30885484e-05 -1.39095126e-05
38.298  1.86202228e-05 -3.79970023e-06
38.463  1.71120947e-05  7.43354013e-06
38.629  9.36189431e-06  1.55070541e-05
38.795 -1.49504526e-06  1.73751365e-05
38.961 -1.12448427e-05  1.24962146e-05
39.127 -1.61202655e-05  2.93013915e-06
39.292 -1.43417069e-05 -7.56708018e-06
39.458 -6.75207135e-06 -1.48951411e-05
39.624  3.66068215e-06 -1.62588805e-05
39.790  1.28404884e-05 -1.12605799e-05
39.956  1.72594541e-05 -1.88570746e-06
40.121  1.53467988e-05  8.22493443e-06
40.287  7.93521985e-06  1.51708820e-05
40.453 -2.07324707e-06  1.64028877e-05
40.619 -1.07847998e-05  1.15817295e-05
40.784 -1.49399839e-05  2.64592977e-06
40.950 -1.31006216e-05 -6.87175264e-06
41.116 -6.09907148e-06 -1.33251217e-05
41.282  3.21458612e-06 -1.43545298e-05
41.448  1.11662791e-05 -9.66697502e-06
41.613  1.47334999e-05 -1.20562931e-06
41.779  1.25806687e-05  7.65387289e-06
41.945  5.60688136e-06  1.35137037e-05
42.111 -3.40769420e-06  1.41532110e-05
42.277 -1.10112104e-05  9.38226457e-06
42.442 -1.43386642e-05  1.14904271e-06
42.608 -1.21767345e-05 -7.35483386e-06
42.774 -5.49632814e-06 -1.29042970e-05
42.940  3.04770146e-06 -1.34136017e-05
43.106  1.01751498e-05 -8.81780237e-06
43.271  1.31567130e-05 -1.00742911e-06
43.437  1.09385650e-05  6.98716967e-06
43.603  4.50649350e-06  1.20770295e-05
43.769 -3.61754997e-06  1.23589147e-05
43.934 -1.02787247e-05  7.85951388e-06
44.100 -1.29287334e-05  3.86332216e-07
44.266 -1.06640989e-05 -7.13300783e-06
44.432 -4.44216915e-06 -1.17695353e-05
44.598  3.29405672e-06 -1.18108320e-05
44.763  9.51863015e-06 -7.31809803e-06
44.929  1.18915548e-05 -5.44693135e-08
45.095  9.60138324e-06  7.13532618e-06
45.261  3.59281717e-06  1.15172218e-05
45.427 -3.73435886e-06  1.15135437e-05
45.592 -9.52478642e-06  7.20260931e-06
45.758 -1.16126178e-05  3.40767915e-07
45.924 -9.24459979e-06 -6.35544789e-06
46.090 -3.40039591e-06 -1.03425112e-05
46.256  3.58727809e-06 -1.01329042e-05
46.421  9.04311830e-06 -5.86652279e-06
46.587  1.09145990e-05  7.11806199e-07
46.753  8.52851676e-06  7.04274158e-06
46.919  2.90656575e-06  1.07166793e-05
47.084 -3.73225387e-06  1.03406400e-05
47.250 -8.85145117e-06  6.14134784e-06
47.416 -1.04962551e-05 -1.96454310e-07
47.582 -8.10787743e-06 -6.24770310e-06
47.748 -2.70419205e-06 -9.70285767e-06
47.913  3.61312878e-06 -9.30138144e-06
48.079  8.40480733e-06 -5.32581399e-06
48.245  9.85111481e-06  6.22755323e-07
48.411  7.49945123e-06  6.20642799e-06
48.577  2.32748459e-06  9.24026751e-06
48.742 -3.63439603e-06  8.60823165e-06
48.908 -8.04865735e-06  4.60556236e-06
49.074 -9.25628126e-06 -1.21223302e-06
49.240 -6.86409212e-06 -6.57423706e-06
49.406 -1.82613689e-06 -9.44790877e-06
49.571  3.86600368e-06 -8.81285520e-06
49.737  8.01079165e-06 -4.96236859e-06
49.903  9.07921147e-06  5.61329276e-07
50.069  6.70712192e-06  5.59283412e-06
50.235  1.86321334e-06  8.24725934e-06
50.400 -3.52388570e-06  7.56029861e-06
50.566 -7.40063205e-06  3.85880446e-06
50.732 -8.32019444e-06 -1.33679485e-06
50.898 -5.97043764e-06 -5.99683745e-06
51.063 -1.34374087e-06 -8.34207490e-06
51.229  3.73209999e-06 -7.47588440e-06
51.395  7.31538131e-06 -3.78819902e-06
51.561  8.02983643e-06  1.25619908e-06
51.727  5.64823130e-06  5.73636576e-06
51.892  1.15185818e-06  7.94442866e-06
52.058 -3.72981537e-06  7.08060892e-06
52.224 -7.12630474e-06  3.56897254e-06
52.390 -7.75980955e-06 -1.20245504e-06
52.556 -5.47644874e-06 -5.38144748e-06
52.721 -1.21089006e-06 -7.35288255e-06
52.887  3.37059443e-06 -6.42270131e-06
53.053  6.47769112e-06 -3.00905808e-06
53.219  6.95714628e-06  1.54838736e-06
53.385  4.69104554e-06  5.45534628e-06
53.550  5.83819516e-07  7.22091264e-06
53.716 -3.73340951e-06  6.22261394e-06
53.882 -6.58149076e-06  2.86884941e-06
54.048 -6.90761868e-06 -1.51329822e-06
54.213 -4.60767222e-06 -5.21412884e-06
54.379 -5.93336699e-07 -6.85704391e-06
54.545  3.55621168e-06 -5.85308091e-06
54.711  6.27888899e-06 -2.62912402e-06
54.877  6.57703368e-06  1.50961248e-06
55.042  4.37678115e-06  4.96456529e-06
55.208  6.00862450e-07  6.43644395e-06
55.374 -3.26007318e-06  5.37873259e-06
55.540 -5.73321487e-06  2.25959619e-06
55.706 -5.87005515e-06 -1.67079002e-06
55.871 -3.65881459e-06 -4.90597524e-06
56.037 -5.48126491e-09 -6.20021870e-06
56.203  3.68367233e-06 -5.08113546e-06
56.369  5.98954464e-06 -2.03906046e-06
56.535  6.03797009e-06  1.74289429e-06
56.700  3.87047971e-06  4.81022586e-06
56.866  3.47922634e-07  5.98502313e-06
57.032 -3.17420852e-06  4.87244330e-06
57.198 -5.33539198e-06  1.94674990e-06
57.364 -5.35455323e-06 -1.65387387e-06
57.529 -3.28969418e-06 -4.52017472e-06
57.695  3.33299663e-08 -5.57110623e-06
57.861  3.29044255e-06 -4.46025973e-06
58.027  5.21180080e-06 -1.64280915e-06
58.192  5.09294527e-06  1.75809974e-06
58.358  2.99376224e-06  4.40442712e-06
58.524 -2.58532314e-07  5.30661834e-06
58.690 -3.38389433e-06  4.13820563e-06
58.856 -5.20689384e-06  1.36524015e-06
59.021 -5.06021942e-06 -1.90747082e-06
59.187 -3.02138168e-06 -4.43105915e-06
59.353  7.64767744e-08 -5.27020640e-06
59.519  3.02731200e-06 -4.12206808e-06
59.685  4.72320224e-06 -1.47885334e-06
59.850  4.52638280e-06  1.60639878e-06
60.016  2.55639461e-06  3.96093757e-06
60.182 -3.76337404e-07  4.68652548e-06
60.348 -3.14041382e-06  3.53413236e-06
60.514 -4.66951590e-06  1.00608805e-06
60.679 -4.38296701e-06 -1.90695985e-06
60.845 -2.43925125e-06 -4.07508702e-06
61.011  3.94219898e-07 -4.65337361e-06
61.177  3.02754245e-06 -3.45378241e-06
61.342  4.43835295e-06 -9.60581940e-07
61.508  4.11821484e-06  1.87251501e-06
61.674  2.23216881e-06  3.94725444e-06
61.840 -4.85006153e-07  4.49212746e-06
62.006 -2.96630423e-06  3.34932378e-06
62.171 -4.25905162e-06  9.78335953e-07
62.337 -3.90889690e-06 -1.68187616e-06
62.503 -2.07088663e-06 -3.59116357e-06
62.669  5.25575543e-07 -4.04880708e-06
62.835  2.85318210e-06 -2.90371293e-06
63.000  4.03746123e-06 -6.17200111e-07
63.166  3.64876277e-06  1.89128500e-06
63.332  1.85101604e-06  3.65811401e-06
63.498 -6.24497362e-07  4.02432094e-06
63.664 -2.81425736e-06  2.85388234e-06
63.829 -3.89714930e-06  6.28174930e-07
63.995 -3.46243239e-06 -1.77754061e-06
64.161 -1.70594677e-06 -3.45976815e-06
64.327  6.62313097e-07 -3.78260508e-06
64.492  2.73995194e-06 -2.64863302e-06
64.658  3.73346350e-06 -5.42237705e-07
64.824  3.27246599e-06  1.71646227e-06
64.990  1.57848800e-06  3.25600899e-06
65.156 -6.80527422e-07  3.47894806e-06
65.321 -2.63674000e-06  2.33239917e-06
65.487 -3.52936552e-06  2.78003537e-07
65.653 -3.04366138e-06 -1.89815046e-06
65.819 -1.39946425e-06 -3.34960340e-06
65.985  7.67256867e-07 -3.53795252e-06
66.150  2.60750891e-06 -2.43036468e-06
66.316  3.41740120e-06 -4.62926889e-07
66.482  2.92324512e-06  1.59067042e-06
66.648  1.33093029e-06  2.93128096e-06
66.814 -7.29429578e-07  3.07628418e-06
66.979 -2.44143696e-06  1.99238823e-06
67.145 -3.16439923e-06  1.14522648e-07
67.311 -2.63939974e-06 -1.79980917e-06
67.477 -1.07577163e-06 -3.01401909e-06
67.643  8.95423931e-07 -3.07460101e-06
67.808  2.51064644e-06 -1.95502379e-06
67.974  3.16877723e-06 -1.04566240e-07
68.140  2.61945863e-06  1.75764553e-06
68.306  1.09416590e-06  2.94252739e-06
68.471 -7.97704120e-07  3.00887258e-06
68.637 -2.34451434e-06  1.95680922e-06
68.803 -2.96365469e-06  2.32720608e-07
68.969 -2.43383115e-06 -1.49443608e-06
69.135 -1.00322012e-06 -2.56101343e-06
69.300  7.59159363e-07 -2.55530621e-06
69.466  2.17128477e-06 -1.51208745e-06
69.632  2.67655294e-06  1.45456815e-07
69.798  2.09946501e-06  1.77770880e-06
69.964  6.84322933e-07  2.73990740e-06
70.129 -1.02672529e-06  2.66858625e-06
70.295 -2.36351870e-06  1.61268047e-06
70.461 -2.81337383e-06 -2.73186353e-08
70.627 -2.23007149e-06 -1.61854553e-06
70.793 -8.40994273e-07 -2.55113323e-06
70.958  8.16889230e-07 -2.50193256e-06
71.124  2.09857277e-06 -1.51101851e-06
71.290  2.54019364e-06  2.69082492e-08
71.456  1.99985293e-06  1.49444622e-06
71.621  7.01098987e-07  2.33452082e-06
71.787 -8.22527669e-07  2.24413214e-06
71.953 -1.97418902e-06  1.26401392e-06
72.119 -2.32320882e-06 -2.02068713e-07
72.285 -1.73292978e-06 -1.57241468e-06
72.450 -4.45600976e-07 -2.33086507e-06
72.616  1.02375911e-06 -2.18330211e-06
72.782  2.12084624e-06 -1.19365970e-06
72.948  2.42636503e-06  2.35380847e-07
73.114  1.82570593e-06  1.56186164e-06
73.279  5.74267357e-07  2.28445229e-06
73.445 -8.46864993e-07  2.12741892e-06
73.611 -1.90336342e-06  1.17888291e-06
73.777 -2.19074260e-06 -1.82800744e-07
73.943 -1.62642577e-06 -1.44065721e-06
74.108 -4.54816923e-07 -2.10568381e-06
74.274  8.70639515e-07 -1.93878052e-06
74.440  1.82637282e-06 -1.03362174e-06
74.606  2.04500688e-06  2.56616518e-07
74.772  1.46634572e-06  1.42312740e-06
74.937  3.16830572e-07  2.00845481e-06
75.103 -9.55291671e-07  1.80828868e-06
75.269 -1.84810261e-06  9.07583557e-07
75.435 -2.03566077e-06 -3.44097457e-07
75.600 -1.45955077e-06 -1.44850413e-06
75.766 -3.43291378e-07 -1.99052095e-06
75.932  8.64955753e-07 -1.77838410e-06
76.098  1.70102703e-06 -8.94406502e-07
76.264  1.86135910e-06  3.04019497e-07
76.429  1.28577722e-06  1.34788740e-06
76.595  2.10497591e-07  1.85266737e-06
76.761 -9.34230284e-07  1.62752017e-06
76.927 -1.71989827e-06  7.69663147e-07
77.093 -1.84834053e-06 -3.68655877e-07
77.258 -1.27430994e-06 -1.35499490e-06
77.424 -2.41570412e-07 -1.81614734e-06
77.590  8.52125898e-07 -1.57504988e-06
77.756  1.59545712e-06 -7.47802400e-07
77.922  1.70188020e-06  3.36774542e-07
78.087  1.15303596e-06  1.26773766e-06
78.253  1.81701636e-07  1.68094581e-06
78.419 -8.37818209e-07  1.43011633e-06
78.585 -1.50090133e-06  6.34737653e-07
78.750 -1.55104259e-06 -3.98070044e-07
78.916 -9.86832241e-07 -1.26142972e-06
79.082 -2.40081909e-08 -1.61531211e-06
79.248  9.65677965e-07 -1.33989089e-06
79.414  1.59315059e-06 -5.43447376e-07
79.579  1.63371311e-06  4.70408454e-07
79.745  1.08220718e-06  1.30219072e-06
79.911  1.48822829e-07  1.64558291e-06
80.077 -7.95341934e-07  1.38635849e-06
80.243 -1.39332758e-06  6.25992584e-07
80.408 -1.43643136e-06 -3.27489579e-07
80.574 -9.13827820e-07 -1.10159682e-06
80.740 -4.41476902e-08 -1.41570930e-06
80.906  8.19448584e-07 -1.15390468e-06
81.072  1.35178246e-06 -4.29263198e-07
81.237  1.34770624e-06  4.55950094e-07
81.403  8.09249696e-07  1.16157207e-06
81.569 -3.80447583e-08  1.41534581e-06
81.735 -8.68546750e-07  1.11262275e-06
81.900 -1.36905030e-06  3.83305988e-07
82.066 -1.34160071e-06 -4.89885352e-07
82.232 -8.10100194e-07 -1.18204569e-06
82.398  1.05174044e-08 -1.42413100e-06
82.564  8.13370013e-07 -1.13453621e-06
82.729  1.28685247e-06 -4.42406022e-07
82.895  1.25489412e-06  3.90127819e-07
83.061  7.51162572e-07  1.04017648e-06
83.227 -2.86076761e-08  1.25733734e-06
83.393 -7.81191455e-07  9.79458877e-07
83.558 -1.20886081e-06  3.21539422e-07
83.724 -1.16250162e-06 -4.59677196e-07
83.890 -6.70140592e-07 -1.04908728e-06
84.056  7.84815940e-08 -1.22659844e-06
84.222  7.80870993e-07 -9.34223434e-07
84.387  1.16764605e-06 -2.81061353e-07
84.553  1.10268248e-06  4.70816711e-07
84.719  6.08527164e-07  1.02856090e-06
84.885 -1.16212213e-07  1.19207285e-06
85.051 -7.82824661e-07  8.99261536e-07
85.216 -1.14651955e-06  2.68958322e-07
85.382 -1.06989844e-06 -4.41213604e-07
85.548 -5.84003250e-07 -9.64632106e-07
85.714  1.08095317e-07 -1.10421367e-06
85.879  7.42166733e-07 -8.03936061e-07
86.045  1.08150737e-06 -1.94437313e-07
86.211  9.91996724e-07  4.86182219e-07
86.377  5.21292646e-07  9.84488791e-07
86.543 -1.39615706e-07  1.10463843e-06
86.708 -7.43861069e-07  8.09462538e-07
86.874 -1.05533069e-06  2.26876154e-07
87.040 -9.58490390e-07 -4.24156611e-07
87.206 -5.08251381e-07 -8.91212246e-07
87.372  1.22252600e-07 -9.94234451e-07
87.537  6.88445364e-07 -7.12163285e-07
87.703  9.65385783e-07 -1.59393297e-07
87.869  8.60090441e-07  4.48969925e-07
88.035  4.20908034e-07  8.65830227e-07
88.201 -1.84071333e-07  9.36247147e-07
88.366 -7.09398979e-07  6.40490875e-07
88.532 -9.53399591e-07  8.68388888e-08
88.698 -8.31686465e-07 -5.04017824e-07
88.864 -3.85570282e-07 -9.03230314e-07
89.029  2.09291721e-07 -9.70634179e-07
89.195  7.19175346e-07 -6.79646073e-07
89.361  9.62088587e-07 -1.45527627e-07
89.527  8.49157414e-07  4.15884027e-07
89.693  4.26802424e-07  7.98521558e-07
89.858 -1.27287066e-07  8.62558809e-07
90.024 -6.02235624e-07  5.84711190e-07
90.190 -8.22409842e-07  8.89109210e-08
90.356 -7.00804977e-07 -4.28016879e-07
90.522 -2.97855440e-07 -7.71759664e-07
90.687  2.20493976e-07 -8.03148529e-07
90.853  6.58556155e-07 -5.15744094e-07
91.019  8.40223396e-07 -3.08931921e-08
91.185  6.94726906e-07  4.70729904e-07
91.351  2.88645973e-07  7.93618090e-07
91.516 -2.27352981e-07  8.11050092e-07
91.682 -6.57204194e-07  5.29403192e-07
91.848 -8.32178655e-07  5.70766152e-08
92.014 -6.98878885e-07 -4.27488870e-07
92.180 -3.15288247e-07 -7.31458138e-07
92.345  1.73324663e-07 -7.47937094e-07
92.511  5.69739477e-07 -4.81121727e-07
92.677  7.24986411e-07 -3.16841767e-08
92.843  5.91023333e-07  4.17959478e-07
93.008  2.17476381e-07  6.91857255e-07
93.174 -2.44661712e-07  6.95584258e-07
93.340 -6.09588724e-07  4.26152135e-07
93.506 -7.45936176e-07 -9.64919791e-09
93.672 -6.01071955e-07 -4.33856082e-07
93.837 -2.29605986e-07 -6.90448161e-07
94.003  2.14950403e-07 -6.84085442e-07
94.169  5.66117829e-07 -4.14461434e-07
94.335  6.96007610e-07  3.45608224e-09
94.501  5.52011082e-07  4.07847966e-07
94.666  2.00522074e-07  6.50886196e-07
94.832 -2.15810194e-07  6.35332946e-07
94.998 -5.42844636e-07  3.74220431e-07
95.164 -6.50100709e-07 -2.13781550e-08
95.330 -4.97741351e-07 -4.04331876e-07
95.495 -1.55735077e-07 -6.24581040e-07
95.661  2.48083751e-07 -5.94960985e-07
95.827  5.58838188e-07 -3.38565688e-07
95.993  6.52137989e-07  4.63544882e-08
96.158  5.02893765e-07  4.14451998e-07
96.324  1.72306591e-07  6.17534287e-07
96.490 -2.16420521e-07  5.85554931e-07
96.656 -5.06588140e-07  3.38497233e-07
96.822 -5.90722563e-07 -3.24335571e-08
96.987 -4.47073328e-07 -3.77531483e-07
97.153 -1.28561454e-07 -5.62922981e-07
97.319  2.36092604e-07 -5.28153512e-07
97.485  4.99908497e-07 -2.85361483e-07
97.651  5.69879362e-07  6.89077817e-08
97.816  4.18463238e-07  3.88800694e-07
97.982  1.02498975e-07  5.57452329e-07
98.148 -2.47159399e-07  5.11872747e-07
98.314 -5.00431976e-07  2.65694010e-07
98.480 -5.65816629e-07 -7.75760729e-08
98.645 -4.14531827e-07 -3.86598103e-07
98.811 -1.13327648e-07 -5.50549827e-07
98.977  2.17226022e-07 -5.03265911e-07
99.143  4.57381777e-07 -2.69441118e-07
99.308  5.11916710e-07  5.19040376e-08
99.474  3.62577216e-07  3.42608478e-07
99.640  7.81706225e-08  4.88836762e-07
99.806 -2.34593253e-07  4.32781089e-07
99.972 -4.54673879e-07  2.07271860e-07
100.137 -4.91834502e-07 -1.00896012e-07
100.303 -3.40489647e-07 -3.74626080e-07
100.469 -6.08661304e-08 -5.01121024e-07
100.635  2.43986969e-07 -4.37361224e-07
100.801  4.50437815e-07 -2.12441278e-07
100.966  4.82593331e-07  9.30704364e-08
101.132  3.36470296e-07  3.57217347e-07
101.298  6.41552973e-08  4.79144255e-07
101.464 -2.25941595e-07  4.22815383e-07
101.630 -4.18415771e-07  2.08811199e-07
101.795 -4.49095611e-07 -7.78404014e-08
101.961 -3.07115852e-07 -3.18808313e-07
102.127 -4.73366187e-08 -4.28048213e-07
102.293  2.20461241e-07 -3.65955193e-07
102.459  3.96271591e-07 -1.53811489e-07
102.624  4.16497361e-07  1.17460943e-07
102.790  2.68759638e-07  3.42903982e-07
102.956  1.68840449e-08  4.41250151e-07
103.122 -2.38652035e-07  3.69470742e-07
103.287 -4.06274797e-07  1.58875517e-07
103.453 -4.17890804e-07 -1.03670110e-07
103.619 -2.70145348e-07 -3.24254602e-07
103.785 -2.82372483e-08 -4.17349243e-07
103.951  2.19646407e-07 -3.46420978e-07
104.116  3.79455072e-07 -1.49051777e-07
104.282  3.86448113e-07  9.96160857e-08
104.448  2.47465393e-07  3.06069387e-07
104.614  1.86658903e-08  3.84984893e-07
104.780 -2.15236989e-07  3.12345479e-07
104.945 -3.57620570e-07  1.21093982e-07
105.111 -3.56458998e-07 -1.19694221e-07
105.277 -2.19189012e-07 -3.12000554e-07
105.443  5.74863322e-09 -3.81302437e-07
105.609  2.28449547e-07 -3.09313146e-07
105.774  3.59551000e-07 -1.20887404e-07
105.940  3.56967746e-07  1.10395587e-07
106.106  2.21153069e-07  2.89378474e-07
106.272  3.22978656e-09  3.54138609e-07
106.437 -2.05321247e-07  2.81937974e-07
106.603 -3.28433227e-07  9.78623389e-08
106.769 -3.23167444e-07 -1.19212727e-07
106.935 -1.87744449e-07 -2.86071889e-07
107.101  1.89826552e-08 -3.44021078e-07
107.266  2.14291515e-07 -2.66227675e-07
107.432  3.29147917e-07 -8.63620656e-08
107.598  3.15648323e-07  1.20971460e-07
107.764  1.79772143e-07  2.82397132e-07
107.930 -1.89776930e-08  3.34598030e-07
108.095 -2.09115013e-07  2.56281373e-07
108.261 -3.18654109e-07  8.63012575e-08
108.427 -3.02315574e-07 -1.11658047e-07
108.593 -1.74847195e-07 -2.63957884e-07
108.759  1.29700238e-08 -3.06936870e-07
108.924  1.92401806e-07 -2.30179293e-07
109.090  2.88563735e-07 -6.75998898e-08
109.256  2.67288925e-07  1.22541412e-07
109.422  1.43042394e-07  2.61997333e-07
109.588 -4.06404703e-08  2.96562557e-07
109.753 -2.09886252e-07  2.20209689e-07
109.919 -2.96117038e-07  5.89764675e-08
110.085 -2.73451620e-07 -1.24512710e-07
110.251 -1.49213386e-07 -2.54381348e-07
110.416  3.05974812e-08 -2.87255410e-07
110.582  1.90559676e-07 -2.12063641e-07
110.748  2.73793608e-07 -5.47607600e-08
110.914  2.52616046e-07  1.17284717e-07
111.080  1.31761219e-07  2.39005218e-07
111.245 -3.59682534e-08  2.69139858e-07
111.411 -1.83383353e-07  1.92235400e-07
111.577 -2.59509359e-07  4.18056906e-08
111.743 -2.31519303e-07 -1.19076968e-07
111.909 -1.11037611e-07 -2.34090947e-07
112.074  4.89052591e-08 -2.57167403e-07
112.240  1.91297300e-07 -1.77755841e-07
112.406  2.61821096e-07 -3.38199449e-08
112.572  2.29763090e-07  1.21576451e-07
112.738  1.14444232e-07  2.31178092e-07
112.903 -3.93290022e-08  2.48100959e-07
113.069 -1.76505241e-07  1.71295043e-07
113.235 -2.39508057e-07  3.36418767e-08
113.401 -2.07284884e-07 -1.16555835e-07
113.566 -9.81010234e-08 -2.17318480e-07
113.732  5.00773722e-08 -2.30029718e-07
113.898  1.77200086e-07 -1.56863163e-07
114.064  2.31293388e-07 -2.30115421e-08
114.230  1.98297147e-07  1.19085887e-07
114.395  8.93664826e-08  2.09583974e-07
114.561 -5.51915769e-08  2.19407038e-07
114.727 -1.73862593e-07  1.45500543e-07
114.893 -2.25134243e-07  1.29959237e-08
115.059 -1.92617955e-07 -1.21215779e-07
115.224 -8.49322805e-08 -2.07009413e-07
115.390  5.12968344e-08 -2.16505649e-07
115.556  1.62032605e-07 -1.42204514e-07
115.722  2.10491885e-07 -1.61172979e-08
115.888  1.74928366e-07  1.08933537e-07
116.053  7.00800071e-08  1.90387019e-07
116.219 -5.75287304e-08  1.95258614e-07
116.385 -1.63042829e-07  1.20280539e-07
116.551 -2.05978675e-07  1.17527217e-09
116.716 -1.66245138e-07 -1.18513781e-07
116.882 -6.53025324e-08 -1.94825403e-07
117.048  5.81458156e-08 -1.93694061e-07
117.214  1.60615885e-07 -1.20265428e-07
117.380  1.98226583e-07 -5.17246135e-09
117.545  1.59459356e-07  1.12169297e-07
117.711  6.42517132e-08  1.83027481e-07
117.877 -5.49898990e-08  1.80659046e-07
118.043 -1.49816520e-07  1.12563537e-07
118.209 -1.81296955e-07  2.03575557e-09
118.374 -1.43792696e-07 -1.07447841e-07
118.540 -5.02497248e-08 -1.69001089e-07
118.706  6.46248763e-08 -1.64245376e-07
118.872  1.50952295e-07 -9.53210139e-08
119.038  1.79148787e-07  1.44883025e-08
119.203  1.40820009e-07  1.17507370e-07
119.369  4.64705833e-08  1.75604650e-07
119.535 -6.32835340e-08  1.70830303e-07
119.701 -1.45356220e-07  1.00889356e-07
119.867 -1.73867067e-07 -4.62280452e-09
120.032 -1.34920767e-07 -1.01870970e-07
120.198 -4.44726252e-08 -1.59234883e-07
120.364  5.72588939e-08 -1.53425194e-07
120.530  1.35511057e-07 -8.57822317e-08
120.695  1.60455793e-07  1.10821127e-08
120.861  1.19498648e-07  1.02034070e-07
121.027  3.44555582e-08  1.53777208e-07
121.193 -6.19557183e-08  1.41864367e-07
121.359 -1.35944683e-07  7.52095707e-08
121.524 -1.54357466e-07 -1.85758760e-08
121.690 -1.12407334e-07 -1.07908857e-07
121.856 -3.01796433e-08 -1.54762150e-07
122.022  6.52554154e-08 -1.41294383e-07
122.188  1.35091139e-07 -7.81628454e-08
122.353  1.50504340e-07  1.38756514e-08
122.519  1.11599071e-07  9.91236694e-08
122.685  3.16066827e-08  1.41045451e-07
122.851 -6.01374571e-08  1.29025960e-07
123.017 -1.23445514e-07  6.81693280e-08
123.182 -1.37854791e-07 -2.08570696e-08
123.348 -1.00330914e-07 -9.85590042e-08
123.514 -2.16809372e-08 -1.36486087e-07
123.680  6.33864470e-08 -1.23974339e-07
123.845  1.21106834e-07 -6.18660792e-08
124.011  1.34123323e-07  2.33134607e-08
124.177  9.41249809e-08  9.57572045e-08
124.343  1.70689823e-08  1.32758166e-07
124.509 -6.27783812e-08  1.18390133e-07
124.674 -1.19095486e-07  5.69150710e-08
124.840 -1.30380458e-07 -2.24354794e-08
125.006 -8.94135639e-08 -9.17664310e-08
125.172 -1.73958466e-08 -1.26268407e-07
125.338  5.84378018e-08 -1.08680123e-07
125.503  1.12230668e-07 -5.00178045e-08
125.669  1.19099798e-07  2.54340238e-08
125.835  7.88265419e-08  9.28479321e-08
126.001  1.05803765e-08  1.22775197e-07
126.167 -6.36122300e-08  1.03953052e-07
126.332 -1.13030501e-07  4.86070842e-08
126.498 -1.16779184e-07 -2.54357721e-08
126.664 -7.88544408e-08 -8.93186415e-08
126.830 -1.18773543e-08 -1.14969282e-07
126.996  5.98054089e-08 -9.75862160e-08
127.161  1.04146145e-07 -4.39590662e-08
127.327  1.07822382e-07  2.79943559e-08
127.493  7.15396538e-08  8.58024930e-08
127.659  5.73269934e-09  1.08771024e-07
127.824 -6.01542992e-08  9.16142825e-08
127.990 -9.99834633e-08  3.70788608e-08
128.156 -1.02880747e-07 -3.13840687e-08
128.322 -6.44155367e-08 -8.47524409e-08
128.488  1.40705055e-10 -1.07301916e-07
128.653  6.18487017e-08 -8.85040110e-08
128.819  1.01242798e-07 -3.42763149e-08
128.985  1.03173201e-07  2.95602839e-08
129.151  6.41471631e-08  8.12509988e-08
129.317  4.13723304e-09  1.02691281e-07
129.482 -5.45352001e-08  8.19749434e-08
129.648 -9.24793937e-08  3.11372755e-08
129.814 -9.12271114e-08 -2.88138854e-08
129.980 -5.36855744e-08 -7.87269384e-08
130.146  2.33743978e-09 -9.59767438e-08
130.311  5.92234153e-08 -7.41821564e-08
130.477  9.28042671e-08 -2.62226307e-08
130.643  8.82799094e-08  3.28640731e-08
130.809  5.22033953e-08  7.98757491e-08
130.974 -3.80486227e-09  9.33855965e-08
131.140 -5.96715058e-08  7.27429130e-08
131.306 -8.98650289e-08  2.55048196e-08
131.472 -8.63650811e-08 -3.30141988e-08
131.638 -5.22429614e-08 -7.61246587e-08
131.803  2.89927623e-09 -8.90797319e-08
131.969  5.41829170e-08 -7.02950919e-08
132.135  8.15392166e-08 -2.34138470e-08
132.301  7.88097579e-08  3.11028305e-08
132.467  4.40438933e-08  6.98895103e-08
132.632 -8.66374725e-09  8.25600337e-08
132.798 -5.50838170e-08  6.23894577e-08
132.964 -8.12349064e-08  1.60068498e-08
133.130 -7.67022204e-08 -3.40622339e-08
133.296 -4.04556452e-08 -7.11752323e-08
133.461  9.10601362e-09 -8.24043835e-08
133.627  5.39288176e-08 -5.97149763e-08
133.793  7.97360572e-08 -1.53806929e-08
133.959  7.28652971e-08  3.26599337e-08
134.124  3.81620747e-08  6.98688435e-08
134.290 -8.22394880e-09  7.88503245e-08
134.456 -5.24514496e-08  5.66047807e-08
134.622 -7.55238412e-08  1.58613198e-08
134.788 -6.71148632e-08 -3.10344408e-08
134.953 -3.51365706e-08 -6.55589990e-08
135.119  1.02125209e-08 -7.14232500e-08
135.285  5.26544930e-08 -5.07374314e-08
135.451  7.19569221e-08 -1.10177050e-08
135.617  6.40106842e-08  3.50102025e-08
135.782  3.32168914e-08  6.55774030e-08
135.948 -1.20058797e-08  7.06023089e-08
136.114 -5.08275482e-08  5.10447354e-08
136.280 -6.81170690e-08  1.08025654e-08
136.446 -6.12002353e-08 -3.24725963e-08
136.611 -2.96985924e-08 -6.01352646e-08
136.777  1.36596735e-08 -6.58822785e-08
136.943  4.87064189e-08 -4.56471394e-08
137.109  6.57761456e-08 -6.17834789e-09
137.275  5.79042995e-08  3.30437760e-08
137.440  2.55716479e-08  5.95606438e-08
137.606 -1.45946387e-08  6.43606466e-08
137.772 -4.82410085e-08  4.21037859e-08
137.938 -6.51301709e-08  4.70848135e-09
138.103 -5.51735031e-08 -3.27834622e-08
138.269 -2.42842719e-08 -5.96545680e-08
138.435  1.32248215e-08 -6.25859653e-08
138.601  4.68004517e-08 -4.09308619e-08
138.767  6.16204212e-08 -6.80222037e-09
138.932  5.07302668e-08  2.99503958e-08
139.098  2.26952180e-08  5.46836058e-08
139.264 -1.38020458e-08  5.51363250e-08
139.430 -4.57248616e-08  3.52701802e-08
139.596 -5.71014296e-08  2.16952020e-09
139.761 -4.66803073e-08 -3.37748105e-08
139.927 -1.95198423e-08 -5.48482180e-08
140.093  1.72295562e-08 -5.45358017e-08
140.259  4.61900903e-08 -3.54480830e-08
140.425  5.61443023e-08 -1.32172243e-09
140.590  4.68861449e-08  3.27387831e-08
140.756  1.89179085e-08  5.19692218e-08
140.922 -1.64853391e-08  5.31234126e-08
141.088 -4.26450890e-08  3.39164921e-08
141.253 -5.32819130e-08  8.14001955e-10
141.419 -4.39239782e-08 -2.94838645e-08
141.585 -1.59150682e-08 -4.79502221e-08
141.751  1.59259152e-08 -4.85490499e-08
141.917  4.04164091e-08 -2.78273853e-08
142.082  5.05078155e-08  2.95493738e-09
142.248  3.87963975e-08  3.13599615e-08
142.414  1.17361742e-08  4.97737899e-08
142.580 -1.81428976e-08  4.80438317e-08
142.746 -4.30229965e-08  2.71609136e-08
142.911 -5.13742255e-08 -1.57294914e-09
143.077 -3.87450871e-08 -3.04584823e-08
143.243 -1.38956877e-08 -4.79446416e-08
143.409  1.59255291e-08 -4.48368380e-08
143.575  4.03225860e-08 -2.62398192e-08
143.740  4.66367071e-08  1.41694859e-09
143.906  3.55886770e-08  2.97560186e-08
144.072  1.23849908e-08  4.43145682e-08
144.238 -1.70902682e-08  4.12053463e-08
144.404 -3.83555313e-08  2.39785349e-08
144.569 -4.32386321e-08 -4.07562611e-09
144.735 -3.31966992e-08 -3.01239913e-08
144.901 -9.11613343e-09 -4.25644446e-08
145.067  1.91652114e-08 -4.03914390e-08
145.232  3.79185696e-08 -2.24617902e-08
145.398  4.34676616e-08  5.25692863e-09
145.564  3.30890210e-08  2.85035703e-08
145.730  8.55256757e-09  4.09723220e-08
145.896 -1.70293498e-08  3.87900981e-08
146.061 -3.50757018e-08  1.97425864e-08
146.227 -4.09188481e-08 -5.75148639e-09
146.393 -2.90362835e-08 -2.75201834e-08
146.559 -5.95773490e-09 -4.03620588e-08
146.725  1.75230885e-08 -3.64461707e-08
146.890  3.58510258e-08 -1.77298208e-08
147.056  4.00326337e-08  5.52648254e-09
147.222  2.73636196e-08  2.75582806e-08
147.388  6.36855491e-09  3.93259637e-08
147.554 -1.71499763e-08  3.39680526e-08
147.719 -3.50492792e-08  1.71899148e-08
147.885 -3.73273265e-08 -5.41483051e-09
148.051 -2.60758870e-08 -2.72671259e-08
148.217 -6.33597020e-09 -3.65925738e-08
148.382  1.72181513e-08 -3.14928975e-08
148.548  3.25480547e-08 -1.60189425e-08
148.714  3.38756250e-08  7.09812083e-09
148.880  2.37647619e-08  2.69939091e-08
149.046  3.19059431e-09  3.46187130e-08
149.211 -1.93419543e-08  3.05732338e-08
149.377 -3.25603582e-08  1.43939570e-08
149.543 -3.47502593e-08 -8.56571689e-09
149.709 -2.43620851e-08 -2.61697083e-08
149.875 -3.27530271e-09 -3.42617884e-08
150.040  1.69984496e-08 -3.05173331e-08
150.206  3.00350319e-08 -1.34953995e-08
150.372  3.29593896e-08  7.32195394e-09
150.538  2.15772548e-08  2.37408629e-08
150.704  2.22433280e-09  3.24576859e-08
150.869 -1.59212195e-08  2.73772145e-08
151.035 -2.91585549e-08  1.10133767e-08
151.201 -3.04590589e-08 -7.46216314e-09
151.367 -1.83531418e-08 -2.39416489e-08
151.532 -9.20309260e-10 -3.13818086e-08
151.698  1.73536524e-08 -2.46806439e-08
151.864  3.01606625e-08 -9.78538198e-09
152.030  2.95692611e-08  8.58101978e-09
152.196  1.85600492e-08  2.53547449e-08
152.361  1.80477969e-09  3.09086557e-08
152.527 -1.71182571e-08  2.47731070e-08
152.693 -2.81804880e-08  1.11421163e-08
152.859 -2.74250306e-08 -7.88392113e-09
153.025 -1.80552166e-08 -2.31381940e-08
153.190 -8.93608553e-10 -2.76124032e-08
153.356  1.68034293e-08 -2.30026103e-08
153.522  2.58294353e-08 -9.16298004e-09
153.688  2.59438662e-08  9.25419636e-09
153.854  1.63508147e-08  2.19922333e-08
154.019 -1.17553128e-09  2.66202970e-08
154.185 -1.66138549e-08  2.19304607e-08
154.351 -2.53474248e-08  6.95347860e-09
154.517 -2.58689280e-08 -9.77424914e-09
154.683 -1.49430023e-08 -2.17645127e-08
154.848  1.41722153e-09 -2.72007496e-08
155.014  1.54731049e-08 -2.12940636e-08
155.180  2.50053079e-08 -6.85549791e-09
155.346  2.44846374e-08  7.98969707e-09
155.511  1.32919751e-08  2.05040794e-08
155.677 -1.05639105e-09  2.51938522e-08
155.843 -1.52412426e-08  1.82524008e-08
156.009 -2.44275607e-08  5.60226288e-09
156.175 -2.22829891e-08 -8.90814800e-09
156.340 -1.23133658e-08 -2.14979228e-08
156.506  1.31284842e-09 -2.42734162e-08
156.672  1.60120773e-08 -1.77935308e-08
156.838  2.34394963e-08 -6.17419755e-09
157.004  2.10610272e-08  9.11960611e-09
157.169  1.24401554e-08  2.03802510e-08
157.335 -1.84390203e-09  2.22571364e-08
157.501 -1.56310728e-08  1.72113899e-08
157.667 -2.14234079e-08  5.23789045e-09
157.833 -2.00770315e-08 -9.66071021e-09
157.998 -1.12801231e-08 -1.88058809e-08
158.164  3.37027482e-09 -2.10932706e-08
158.330  1.51428655e-08 -1.60813194e-08
158.496  2.08561119e-08 -3.07097806e-09
158.661  1.99782428e-08  1.02830670e-08
158.827  9.92530525e-09  1.89047336e-08
158.993 -3.69150972e-09  2.20824474e-08
159.159 -1.43915808e-08  1.59657839e-08
159.325 -2.11080209e-08  3.46154232e-09
159.490 -1.94295201e-08 -8.29045188e-09
159.656 -9.29731797e-09 -1.76711748e-08
159.822  2.38892115e-09 -2.03757728e-08
159.988  1.33131236e-08 -1.35460183e-08
160.154  1.97979179e-08 -2.92189378e-09
160.319  1.67346593e-08  8.45566202e-09
160.485  7.90374449e-09  1.78392272e-08
160.651 -3.06595174e-09  1.86947739e-08
160.817 -1.44227699e-08  1.22842011e-08
160.983 -1.91669968e-08  2.50361774e-09
161.148 -1.58147898e-08 -9.75894936e-09
161.314 -8.05039376e-09 -1.79871633e-08
161.480  3.84599805e-09 -1.81068299e-08
161.646  1.46451458e-08 -1.30284362e-08
161.812  1.82124218e-08 -2.72077253e-09
161.977  1.61441265e-08  9.42120300e-09
162.143  8.35447997e-09  1.60319639e-08
162.309 -3.82111654e-09  1.69819337e-08
162.475 -1.27883597e-08  1.22832396e-08
162.640 -1.64988275e-08  1.31582889e-09
162.806 -1.50738462e-08 -9.11645086e-09
162.972 -6.32091369e-09 -1.51278619e-08
163.138  4.62775642e-09 -1.68177046e-08
163.304  1.24169028e-08 -1.09861205e-08
163.469  1.68861305e-08 -4.77524960e-10
163.635  1.44545137e-08  8.50405652e-09
163.801  5.40770654e-09  1.52646636e-08
163.967 -3.99834142e-09  1.64148142e-08
164.133 -1.23129072e-08  9.78429031e-09
164.298 -1.67668233e-08  8.24809041e-10
164.464 -1.31827358e-08 -8.16058128e-09
164.630 -5.42906185e-09 -1.52523759e-08
164.796  3.42037731e-09 -1.49764800e-08
164.962  1.23110114e-08 -9.04295457e-09
165.127  1.53189002e-08 -1.02213047e-09
165.293  1.17199789e-08  8.72975153e-09
165.459  5.13896955e-09  1.46841121e-08
165.625 -4.48505359e-09  1.37575785e-08
165.790 -1.27321235e-08  9.08526417e-09
165.956 -1.45796422e-08  5.00037307e-10
166.122 -1.21208757e-08 -9.16716054e-09
166.288 -5.33876814e-09 -1.36586188e-08
166.454  4.71684108e-09 -1.35699675e-08
166.619  1.14344022e-08 -9.17012450e-09
166.785  1.36492946e-08  1.72019251e-10
166.951  1.19001615e-08  8.41303834e-09
167.117  4.22364844e-09  1.26253894e-08
167.283 -4.72286467e-09  1.34540108e-08
167.448 -1.05275586e-08  8.11576594e-09
167.614 -1.36709159e-08 -7.07786274e-10
167.780 -1.11184614e-08 -7.65447249e-09
167.946 -3.29774747e-09 -1.27315808e-08
168.112  4.19692486e-09 -1.31714313e-08
168.277  1.06369079e-08 -7.21457423e-09
168.443  1.39042998e-08  1.05481704e-10
168.609  1.04446253e-08  7.18269578e-09
168.775  3.99357381e-09  1.27422887e-08
168.940 -2.99473327e-09  1.20764455e-08
169.106 -1.00762240e-08  7.06546070e-09
169.272 -1.21645136e-08  7.95220938e-10
169.438 -8.99994955e-09 -6.92883264e-09
169.604 -3.91774985e-09 -1.14152612e-08
169.769  3.60540336e-09 -1.03009413e-08
169.935  9.91831221e-09 -6.67753822e-09
170.101  1.09067120e-08 -3.66907194e-11
170.267  8.89665161e-09  7.43114590e-09
170.433  3.68350761e-09  1.04736060e-08
170.598 -4.14945859e-09  1.01961893e-08
170.764 -8.99117284e-09  6.86191343e-09
170.930 -1.04338940e-08 -4.24612090e-10
171.096 -9.21316118e-09 -6.51597656e-09
171.262 -3.31658615e-09 -9.43032207e-09
171.427  3.30246534e-09 -1.02252349e-08
171.593  7.28393515e-09 -6.28782600e-09
171.759  9.73630827e-09  1.40247195e-10
171.925  8.01326331e-09  4.74965736e-09
172.091  2.42071395e-09  8.36742386e-09
172.256 -2.37884468e-09  8.82204344e-09
172.422 -6.61136854e-09  4.58126878e-09
172.588 -8.93639503e-09 -5.45083153e-12
172.754 -6.37389351e-09 -4.32948337e-09
172.919 -2.33518013e-09 -8.02546384e-09
173.085  1.64652409e-09 -7.26917730e-09
173.251  6.09583592e-09 -4.05518243e-09
173.417  7.04591365e-09 -7.58061583e-10
173.583  4.82298105e-09  3.75041211e-09
173.748  2.39232011e-09  6.03030921e-09
173.914 -1.55379149e-09  4.75459670e-09
174.080 -4.61527192e-09  3.09918911e-09
174.246 -4.08050447e-09  4.96309622e-11
174.412 -2.88457568e-09 -3.29637592e-09
174.577 -7.24787711e-10 -3.30377842e-09
174.743  2.57509448e-09 -2.21183861e-09
174.909  3.01778371e-09 -6.95853032e-10
175.075  1.75787690e-09  2.39683366e-09
175.241  4.91955885e-10  3.26433387e-09
175.406 -2.41995580e-09  1.71451828e-09
175.572 -3.82984102e-09  2.56540067e-10
175.738 -2.10507518e-09 -2.67445789e-09
175.904 -1.26223415e-10 -4.87561270e-09
176.069  3.09600504e-09 -3.36585733e-09
176.235  6.40081452e-09 -7.90820022e-10
176.401  5.72993912e-09  2.94897915e-09
176.567  2.82867427e-09  7.65437775e-09
176.733 -1.47070344e-09  8.61171182e-09
176.898 -7.72873017e-09  6.06926745e-09
177.064 -1.11049733e-08  1.53268521e-09
177.230 -9.95319777e-09 -6.07493730e-09
177.396 -5.93643595e-09 -1.23692445e-08
177.562  2.33465057e-09 -1.37209055e-08
177.727  1.15106041e-08 -1.12869728e-08
177.893  1.62643862e-08 -3.47194188e-09
178.059  1.65929104e-08  7.92323550e-09
178.225  1.06818789e-08  1.65359168e-08
178.391 -1.60667863e-09  2.07302462e-08
178.556 -1.38496944e-08  1.83656342e-08
178.722 -2.26426407e-08  7.15100588e-09
178.888 -2.53852805e-08 -7.59027942e-09
179.054 -1.76432963e-08 -2.09872576e-08
179.220 -2.47634901e-09 -2.99199554e-08
179.385  1.45346987e-08 -2.80842138e-08
179.551  2.98650943e-08 -1.53203011e-08
179.717  3.59001379e-08  3.20483669e-09
179.883  2.87234681e-08  2.39236103e-08
180.048  1.17845313e-08  3.87505895e-08
180.214 -1.19262210e-08  4.00655234e-08
180.380 -3.49257775e-08  2.83810323e-08
180.546 -4.66262790e-08  5.30222942e-09
180.712 -4.37620159e-08 -2.34976727e-08
180.877 -2.57064689e-08 -4.58677790e-08
181.043  4.86717581e-09 -5.45643437e-08
181.209  3.61790291e-08 -4.60540736e-08
181.375  5.76246386e-08 -1.90289849e-08
181.541  6.24920423e-08  1.73086559e-08
181.706  4.49331367e-08  5.04643472e-08
181.872  9.44588467e-09  7.08832821e-08
182.038 -3.17718741e-08  6.82432005e-08
182.204 -6.73831021e-08  4.06952916e-08
182.370 -8.34302282e-08 -2.44638815e-09
182.535 -7.09512354e-08 -4.98249275e-08
182.701 -3.38500893e-08 -8.55046431e-08
182.867  1.87669870e-08 -9.38243767e-08
183.033  7.13644818e-08 -7.13509224e-08
183.198  1.03319712e-07 -2.25225812e-08
183.364  1.03053198e-07  4.03630680e-08
183.530  6.82588537e-08  9.47053698e-08
183.696  5.11665063e-09  1.21475204e-07
183.862 -6.56980282e-08  1.10418807e-07
184.027 -1.20062557e-07  5.92054872e-08
184.193 -1.39916594e-07 -1.76782329e-08
184.359 -1.13075622e-07 -9.48791526e-08
184.525 -4.39467558e-08 -1.48311270e-07
184.691  4.57702200e-08 -1.56138889e-07
184.856  1.29400817e-07 -1.09977379e-07
185.022  1.77519698e-07 -2.27534984e-08
185.188  1.68155302e-07  8.10332763e-08
185.354  1.01090383e-07  1.68309860e-07
185.520 -6.75858319e-09  2.05156630e-07
185.685 -1.24151221e-07  1.75611981e-07
185.851 -2.09445960e-07  8.39226234e-08
186.017 -2.30969886e-07 -4.68031382e-08
186.183 -1.76642743e-07 -1.73704420e-07
186.348 -5.53608924e-08 -2.52565504e-07
186.514  9.67696955e-08 -2.53802995e-07
186.680  2.29268706e-07 -1.67461702e-07
186.846  2.97120312e-07 -1.46867565e-08
187.012  2.69517972e-07  1.56519619e-07
187.177  1.45728700e-07  2.91293872e-07
187.343 -3.86789733e-08  3.39555858e-07
187.509 -2.27706322e-07  2.74630269e-07
187.675 -3.57590474e-07  1.10208269e-07
187.841 -3.75819418e-07 -1.07324241e-07
188.006 -2.67222133e-07 -3.09868076e-07
188.172 -5.75064927e-08 -4.24117219e-07
188.338  1.92952774e-07 -4.03338560e-07
188.504  4.00002519e-07 -2.43299533e-07
188.670  4.88258293e-07  1.63488283e-08
188.835  4.18262818e-07  2.94483114e-07
189.001  1.97313073e-07  4.96067541e-07
189.167 -1.12402261e-07  5.46924965e-07
189.333 -4.10673324e-07  4.14230107e-07
189.499 -5.95918685e-07  1.25940815e-07
189.664 -5.93514945e-07 -2.30735401e-07
189.830 -3.85504689e-07 -5.40825521e-07
189.996 -2.70253935e-08 -6.93810648e-07
190.162  3.72832976e-07 -6.20608684e-07
190.327  6.81452990e-07 -3.27807289e-07
190.493  7.82048561e-07  1.03205365e-07
190.659  6.22367367e-07  5.38272122e-07
190.825  2.35438826e-07  8.25864694e-07
190.991 -2.67730635e-07  8.53844965e-07
191.156 -7.22647810e-07  5.91539815e-07
191.322 -9.67318417e-07  1.01876438e-07
191.488 -9.01211725e-07 -4.65770043e-07
191.654 -5.18647026e-07 -9.20705673e-07
191.820  7.63803806e-08 -1.09838484e-06
191.985  6.94724212e-07 -9.13021593e-07
192.151  1.12668975e-06 -3.96036242e-07
192.317  1.20766685e-06  3.00221154e-07
192.483  8.77940982e-07  9.51537902e-07
192.649  2.18529801e-07  1.33054189e-06
192.814 -5.70545624e-07  1.28136465e-06
192.980 -1.22957854e-06  7.86400503e-07
193.146 -1.51828335e-06 -1.94838991e-08
193.312 -1.30664799e-06 -8.85875886e-07
193.477 -6.28388737e-07 -1.51721441e-06
193.643  3.22428815e-07 -1.67558588e-06
193.809  1.23905681e-06 -1.27001494e-06
193.975  1.80064256e-06 -3.93482652e-07
194.141  1.78683026e-06  6.89503728e-07
194.306  1.15567418e-06  1.61931637e-06
194.472  7.48975753e-08  2.06432501e-06
194.638 -1.11547778e-06  1.83267060e-06
194.804 -2.01381876e-06  9.49365199e-07
194.970 -2.28799569e-06 -3.29403964e-07
195.135 -1.79268735e-06 -1.59261215e-06
195.301 -6.40906152e-07 -2.40431058e-06
195.467  8.18920623e-07 -2.44739049e-06
195.633  2.10791552e-06 -1.64872884e-06
195.799  2.76621716e-06 -2.22051944e-07
195.964  2.51824477e-06  1.38898421e-06
196.130  1.38380108e-06  2.64074932e-06
196.296 -3.12689327e-07  3.07249568e-06
196.462 -2.02673322e-06  2.47637228e-06
196.628 -3.16526061e-06  9.81873493e-07
196.793 -3.29440350e-06 -9.61248609e-07
196.959 -2.29611264e-06 -2.71182782e-06
197.125 -4.32242317e-07 -3.65193250e-06
197.291  1.71314706e-06 -3.39923089e-06
197.456  3.41875613e-06 -1.95386603e-06
197.622  4.06531884e-06  2.67742884e-07
197.788  3.35265386e-06  2.55163454e-06
197.954  1.43247130e-06  4.11455516e-06
198.120 -1.11400255e-06  4.36441625e-06
198.285 -3.45167724e-06  3.12364435e-06
198.451 -4.75713650e-06  7.20705520e-07
198.617 -4.50732439e-06 -2.09458614e-06
198.783 -2.68515617e-06 -4.37683469e-06
198.949  1.86294705e-07 -5.29916444e-06
199.114  3.18531190e-06 -4.45339084e-06
199.280  5.28128103e-06 -2.01419417e-06
199.446  5.69095962e-06  1.28184749e-06
199.612  4.16268943e-06  4.34924240e-06
199.778  1.09664074e-06  6.11273582e-06
199.943 -2.54501394e-06  5.87945860e-06
200.109 -5.53942873e-06  3.59967881e-06
200.275 -6.81156280e-06 -6.82097928e-08
200.441 -5.81059614e-06 -3.94249269e-06
200.606 -2.73932331e-06 -6.69823649e-06
200.772  1.46774688e-06 -7.31145058e-06
200.938  5.42781018e-06 -5.43593885e-06
201.104  7.75588857e-06 -1.56889666e-06
201.270  7.54516933e-06  3.07523031e-06
201.435  4.71603130e-06  6.93813922e-06
201.601  8.86951685e-08  8.63457927e-06
201.767 -4.84547882e-06  7.44929289e-06
201.933 -8.39609663e-06  3.62143783e-06
202.099 -9.25388357e-06 -1.68278733e-06
202.264 -6.96565507e-06 -6.71359064e-06
202.430 -2.13807675e-06 -9.71455394e-06
202.596  3.70460745e-06 -9.53225621e-06
202.762  8.59830309e-06 -6.04585214e-06
202.928  1.07981766e-05 -2.73640583e-07
203.093  9.39033597e-06  5.91475363e-06
203.259  4.65917964e-06  1.04035534e-05
203.425 -1.94102927e-06  1.15453676e-05
203.591 -8.23105503e-06  8.75945787e-06
203.756 -1.20185352e-05  2.79702894e-06
203.922 -1.18557740e-05 -4.45164426e-06
204.088 -7.58834359e-06 -1.05492163e-05
204.254 -4.74404858e-07 -1.33229410e-05
204.420  7.17695775e-06 -1.16383634e-05
204.585  1.27451642e-05 -5.84599663e-06
204.751  1.41954654e-05  2.26530244e-06
204.917  1.08158342e-05  1.00076022e-05
205.083  3.52748479e-06  1.46824286e-05
205.249 -5.34543157e-06  1.45191329e-05
205.414 -1.28108209e-05  9.33061253e-06
205.580 -1.62175463e-05  6.61787041e-07
205.746 -1.41867643e-05 -8.65734977e-06
205.912 -7.15459563e-06 -1.54353566e-05
206.078  2.68556786e-06 -1.72046873e-05
206.243  1.20639038e-05 -1.31116301e-05
206.409  1.77146721e-05 -4.29600050e-06
206.575  1.75057266e-05  6.41333724e-06
206.741  1.12377422e-05  1.54004616e-05
206.907  8.01644944e-07  1.94747207e-05
207.072 -1.03832337e-05  1.70023962e-05
207.238 -1.84793304e-05  8.54516140e-06
207.404 -2.05463796e-05 -3.23948501e-06
207.570 -1.56044396e-05 -1.44204159e-05
207.735 -5.05582961e-06 -2.11007296e-05
207.901  7.69235202e-06 -2.07757114e-05
208.067  1.83209982e-05 -1.32573808e-05
208.233  2.30636321e-05 -8.41567034e-07
208.399  2.00327756e-05  1.23784904e-05
208.564  9.95357703e-06  2.18618850e-05
208.730 -3.97308595e-06  2.41747579e-05
208.896 -1.70833551e-05  1.82245327e-05
209.062 -2.48090503e-05  5.74064366e-06
209.228 -2.42619121e-05 -9.21410926e-06
209.393 -1.53081671e-05 -2.15625698e-05
209.559 -7.23458137e-07 -2.69294072e-05
209.725  1.46610562e-05 -2.31903807e-05
209.891  2.55506394e-05 -1.12984113e-05
210.057  2.80080377e-05  4.93514487e-06
210.222  2.08750230e-05  2.00515763e-05
210.388  6.27235477e-06  2.87768329e-05
210.554 -1.10139190e-05  2.78639964e-05
210.720 -2.50935841e-05  1.72893210e-05
210.885 -3.09826819e-05  3.75305557e-07
211.051 -2.63628647e-05 -1.72395138e-05
211.217 -1.24761391e-05 -2.94818538e-05
211.383  6.17852082e-06 -3.19366495e-05
211.549  2.32997617e-05 -2.34312338e-05
211.714  3.29132407e-05 -6.55562822e-06
211.880  3.14509217e-05  1.31137966e-05
212.046  1.90713134e-05  2.88575090e-05
212.212 -2.75272684e-07  3.51038673e-05
212.378 -2.01043083e-05  2.94010861e-05
212.543 -3.35659229e-05  1.33683946e-05
212.709 -3.58112917e-05 -7.74773367e-06
212.875 -2.57409631e-05 -2.67844666e-05
213.041 -6.49235126e-06 -3.70903940e-05
213.207  1.55272548e-05 -3.48553021e-05
213.372  3.27681580e-05 -2.05111240e-05
213.538  3.91329497e-05  1.30202548e-06
213.704  3.21331462e-05  2.32266566e-05
213.870  1.38462981e-05  3.76734445e-05
214.036 -9.68006953e-06  3.94526285e-05
214.201 -3.04275662e-05  2.76334290e-05
214.367 -4.11457730e-05  5.97915972e-06
214.533 -3.78846040e-05 -1.82424624e-05
214.699 -2.14486620e-05 -3.67037308e-05
214.864  2.76608250e-06 -4.28804959e-05
215.030  2.65454408e-05 -3.43604213e-05
215.196  4.16443342e-05 -1.37792266e-05
215.362  4.26484641e-05  1.19876648e-05
215.528  2.89223156e-05  3.41220011e-05
215.693  4.92792037e-06  4.48818568e-05
215.859 -2.12227289e-05  4.03193061e-05
216.025 -4.05087532e-05  2.17276842e-05
216.191 -4.61218379e-05 -4.70940545e-06
216.357 -3.58761794e-05 -2.99697662e-05
216.522 -1.30486624e-05 -4.52785283e-05
216.688  1.46587245e-05 -4.51666973e-05
216.854  3.77197242e-05 -2.94249517e-05
217.020  4.80706083e-05 -3.26693963e-06
217.186  4.19339403e-05  2.43933168e-05
217.351  2.11996498e-05  4.39891461e-05
217.517 -7.14258680e-06  4.86164265e-05
217.683 -3.33656985e-05  3.64721266e-05
217.849 -4.83507720e-05  1.15579065e-05
218.014 -4.67646142e-05 -1.76381083e-05
218.180 -2.89692550e-05 -4.10395412e-05
218.346 -9.64145796e-07 -5.04648952e-05
218.512  2.76402549e-05 -4.25016774e-05
218.678  4.69238362e-05 -1.97481122e-05
218.843  5.01102256e-05  1.00334731e-05
219.009  3.59608940e-05  3.65651810e-05
219.175  9.25288605e-06  5.06105229e-05
219.341 -2.08309523e-05  4.72060389e-05
219.507 -4.38643592e-05  2.74209964e-05
219.672 -5.18076193e-05 -1.96989293e-06
219.838 -4.18237505e-05 -3.08054273e-05
220.004 -1.72984883e-05 -4.90649148e-05
220.170  1.33009171e-05 -5.03630062e-05
220.336  3.93579918e-05 -3.41919884e-05
220.501  5.18035256e-05 -6.12937887e-06
220.667  4.62823350e-05  2.40880490e-05
220.833  2.46923524e-05  4.59540809e-05
220.999 -5.46255637e-06  5.18555890e-05
221.164 -3.36884384e-05  3.97397347e-05
221.330 -5.01608638e-05  1.38402192e-05
221.496 -4.91599549e-05 -1.68045435e-05
221.662 -3.10740376e-05 -4.15101637e-05
221.828 -2.25427423e-06 -5.16835067e-05
221.993  2.72160193e-05 -4.38317327e-05
222.159  4.70560246e-05 -2.07709253e-05
222.325  5.03935809e-05  9.37929834e-06
222.491  3.61599027e-05  3.60548379e-05
222.657  9.43694544e-06  4.99644604e-05
222.822 -2.03500518e-05  4.63430898e-05
222.988 -4.27660909e-05  2.65945356e-05
223.154 -5.00390890e-05 -2.23567975e-06
223.320 -3.97670240e-05 -2.99743393e-05
223.486 -1.57240408e-05 -4.69243217e-05
223.651  1.35161180e-05 -4.72670438e-05
223.817  3.76455093e-05 -3.10760877e-05
223.983  4.82661041e-05 -4.23798377e-06
224.149  4.18283417e-05  2.36872581e-05
224.315  2.08340719e-05  4.28774974e-05
224.480 -7.12116421e-06  4.67153804e-05
224.646 -3.20957631e-05  3.40908863e-05
224.812 -4.53437051e-05  9.71971404e-06
224.978 -4.23971704e-05 -1.76089434e-05
225.143 -2.45874870e-05 -3.82003602e-05
225.309  1.51912196e-06 -4.49081544e-05
225.475  2.65313055e-05 -3.56329886e-05
225.641  4.16170862e-05 -1.39806134e-05
225.807  4.16404192e-05  1.21162065e-05
225.972  2.69206630e-05  3.32990134e-05
226.138  3.01901232e-06  4.21526409e-05
226.304 -2.13443599e-05  3.58135300e-05
226.470 -3.74759905e-05  1.69034866e-05
226.636 -3.98213067e-05 -7.51604801e-06
226.801 -2.78894365e-05 -2.85733812e-05
226.967 -6.32634217e-06 -3.88139046e-05
227.133  1.68717141e-05 -3.48486929e-05
227.299  3.33189514e-05 -1.84901011e-05
227.465  3.72742997e-05  4.02121456e-06
227.630  2.76613473e-05  2.43816638e-05
227.796  8.35140338e-06  3.52812391e-05
227.962 -1.33658276e-05  3.30382126e-05
228.128 -2.95173014e-05  1.88571109e-05
228.293 -3.43736784e-05 -1.73353635e-06
228.459 -2.64966823e-05 -2.10087962e-05
228.625 -9.15923970e-06 -3.19327665e-05
228.791  1.09738741e-05 -3.07351124e-05
228.957  2.63826214e-05 -1.82212918e-05
229.122  3.14977497e-05  6.37604527e-07
229.288  2.47206667e-05  1.86430224e-05
229.454  8.92182986e-06  2.91010309e-05
229.620 -9.72800732e-06  2.83102509e-05
229.786 -2.41404195e-05  1.68760140e-05
229.951 -2.89927039e-05 -6.06468890e-07
230.117 -2.26907102e-05 -1.73625691e-05
230.283 -7.89831604e-06 -2.70429681e-05
230.449  9.54728224e-06 -2.61165329e-05
230.615  2.29116473e-05 -1.51611356e-05
230.780  2.71403407e-05  1.41845760e-06
230.946  2.07614540e-05  1.71322441e-05
231.112  6.40625619e-06  2.59173212e-05
231.278 -1.02502082e-05  2.44558042e-05
231.444 -2.27043392e-05  1.34278354e-05
231.609 -2.61333611e-05 -2.78327448e-06
231.775 -1.92501174e-05 -1.78109069e-05
231.941 -4.78716287e-06 -2.57731026e-05
232.107  1.15764722e-05 -2.35514270e-05
232.272  2.34173727e-05 -1.20025011e-05
232.438  2.60604192e-05  4.37367919e-06
232.604  1.84057315e-05  1.91696875e-05
232.770  3.37109689e-06  2.65499076e-05
232.936 -1.32159112e-05  2.35287308e-05
233.101 -2.48557505e-05  1.11544295e-05
233.267 -2.69013094e-05 -5.85955828e-06
233.433 -1.83859447e-05 -2.09191785e-05
233.599 -2.44387770e-06 -2.80886277e-05
233.765  1.48425323e-05 -2.44052667e-05
233.930  2.67549106e-05 -1.10705467e-05
234.096  2.85326875e-05  6.94227522e-06
234.262  1.92443002e-05  2.27426892e-05
234.428  2.21923097e-06  3.01515612e-05
234.594 -1.61500666e-05  2.60931519e-05
234.759 -2.88111081e-05  1.18395275e-05
234.925 -3.07448274e-05 -7.38551648e-06
235.091 -2.09292531e-05 -2.43308445e-05
235.257 -2.81854715e-06 -3.24501548e-05
235.422  1.68840669e-05 -2.84130214e-05
235.588  3.07146733e-05 -1.34459759e-05
235.754  3.32676665e-05  7.03868694e-06
235.920  2.32937491e-05  2.54138406e-05
236.086  4.26059936e-06  3.46779569e-05
236.251 -1.68669756e-05  3.11169639e-05
236.417 -3.21835052e-05  1.57750619e-05
236.583 -3.58026401e-05 -5.85007818e-06
236.749 -2.61138628e-05 -2.57890890e-05
236.915 -6.46285071e-06 -3.65452382e-05
237.080  1.60144806e-05 -3.39175820e-05
237.246  3.29936289e-05 -1.86281091e-05
237.412  3.80563393e-05  3.86865277e-06
237.578  2.91154477e-05  2.53416100e-05
237.744  9.25443332e-06  3.78104742e-05
237.909 -1.43418755e-05  3.65202549e-05
238.075 -3.30023860e-05  2.17475510e-05
238.241 -3.97720294e-05 -1.23536024e-06
238.407 -3.20060858e-05 -2.40545622e-05
238.572 -1.23980372e-05 -3.83050231e-05
238.738  1.19600063e-05 -3.86558124e-05
238.904  3.21615280e-05 -2.48476475e-05
239.070  4.07566828e-05 -1.83456776e-06
239.236  3.45085887e-05  2.20083179e-05
239.401  1.56177218e-05  3.79493242e-05
239.567 -9.06058148e-06  4.01103213e-05
239.733 -3.05194449e-05  2.76469710e-05
239.899 -4.09012004e-05  5.07720163e-06
240.065 -3.63917061e-05 -1.93682447e-05
240.230 -1.86302494e-05 -3.67595025e-05
240.396  5.89203733e-06 -4.07478237e-05
240.562  2.82129672e-05 -2.98990929e-05
240.728  4.01907638e-05 -8.21094306e-06
240.894  3.74940977e-05  1.63636166e-05
241.059  2.11768013e-05  3.48435670e-05
241.225 -2.72986627e-06  4.05230683e-05
241.391 -2.54503459e-05  3.14188542e-05
241.557 -3.87039699e-05  1.09689603e-05
241.723 -3.77400805e-05 -1.32607757e-05
241.888 -2.30518185e-05 -3.23871894e-05
242.054 -1.54703957e-07 -3.94836890e-05
242.220  2.24865580e-05 -3.21019551e-05
242.386  3.66010897e-05 -1.31287907e-05
242.551  3.71461598e-05  1.03328945e-05
242.717  2.41250400e-05  2.96304124e-05
242.883  2.52445831e-06  3.77624186e-05
243.049 -1.95931537e-05  3.19350420e-05
243.215 -3.41036019e-05  1.45355973e-05
243.380 -3.58172378e-05 -7.82911313e-06
243.546 -2.43536572e-05 -2.68387947e-05
243.712 -4.20157582e-06 -3.55604319e-05
243.878  1.70268856e-05 -3.09945749e-05
244.044  3.14681909e-05 -1.51172026e-05
244.209  3.39326424e-05  5.94678048e-06
244.375  2.37842154e-05  2.42732198e-05
244.541  5.08641412e-06  3.31233555e-05
244.707 -1.50012600e-05  2.94352791e-05
244.873 -2.89575083e-05  1.48902239e-05
245.038 -3.17234639e-05 -4.81039657e-06
245.204 -2.25449397e-05 -2.21612741e-05
245.370 -5.16702216e-06 -3.07120793e-05
245.536  1.36642482e-05 -2.74702951e-05
245.701  2.68103316e-05 -1.39562341e-05
245.867  2.94445839e-05  4.46007685e-06
246.033  2.08294251e-05  2.06727430e-05
246.199  4.51769554e-06  2.85723574e-05
246.365 -1.30839950e-05  2.53458322e-05
246.530 -2.52148642e-05  1.24878163e-05
246.696 -2.73455077e-05 -4.85015269e-06
246.862 -1.88731806e-05 -1.99018143e-05
247.028 -3.28742438e-06 -2.69076029e-05
247.194  1.32432675e-05 -2.33129184e-05
247.359  2.42887808e-05 -1.07064365e-05
247.525  2.56428916e-05  5.85688282e-06
247.691  1.69253313e-05  1.98582975e-05
247.857  1.68049320e-06  2.58576839e-05
248.023 -1.40435654e-05  2.15986365e-05
248.188 -2.40685351e-05  8.85533901e-06
248.354 -2.44971142e-05 -7.29449978e-06
248.520 -1.52193327e-05 -2.04694818e-05
248.686  6.81381382e-08 -2.54854626e-05
248.852  1.53190114e-05 -2.03805328e-05
249.017  2.45084507e-05 -7.17138025e-06
249.183  2.39954500e-05  8.93821132e-06
249.349  1.39469459e-05  2.15918120e-05
249.515 -1.72021387e-06  2.57719713e-05
249.680 -1.68581004e-05  1.97678836e-05
249.846 -2.54886628e-05  5.85877442e-06
250.012 -2.41442076e-05 -1.05515913e-05
250.178 -1.32382608e-05 -2.30298787e-05
250.344  3.06177811e-06 -2.66208669e-05
250.509  1.84299209e-05 -1.97919165e-05
250.675  2.68309501e-05 -5.06679129e-06
250.841  2.48710854e-05  1.19147414e-05
251.007  1.31491702e-05  2.45603581e-05
251.173 -3.92756158e-06  2.78723505e-05
251.338 -1.98112590e-05  2.04054970e-05
251.504 -2.83212541e-05  4.87400553e-06
251.670 -2.60369662e-05 -1.28490674e-05
251.836 -1.36572779e-05 -2.59584951e-05
252.002  4.21851172e-06 -2.93245545e-05
252.167  2.08116947e-05 -2.14913544e-05
252.333  2.97362651e-05 -5.28141805e-06
252.499  2.74546507e-05  1.32359832e-05
252.665  1.46668853e-05  2.70245151e-05
252.830 -3.91046993e-06  3.07589108e-05
252.996 -2.12946054e-05  2.28777798e-05
253.162 -3.08703309e-05  6.21541168e-06
253.328 -2.89120494e-05 -1.30283916e-05
253.494 -1.60229183e-05 -2.76067113e-05
253.659  3.05387335e-06 -3.19661432e-05
253.825  2.11918009e-05 -2.43606545e-05
253.991  3.15589523e-05 -7.53969317e-06
254.157  3.01977559e-05  1.22539814e-05
254.323  1.75319537e-05  2.76177046e-05
254.488 -1.76521987e-06  3.27701542e-05
254.654 -2.05093955e-05  2.57291967e-05
254.820 -3.16962158e-05  9.07376609e-06
254.986 -3.11263007e-05 -1.10096966e-05
255.152 -1.89868051e-05 -2.70420188e-05
255.317  2.11395123e-07 -3.30477438e-05
255.483  1.93241284e-05 -2.67916647e-05
255.649  3.12450994e-05 -1.06154673e-05
255.815  3.15598268e-05  9.44768415e-06
255.980  2.01913321e-05  2.59350338e-05
256.146  1.41183111e-06  3.27419894e-05
256.312 -1.77712771e-05  2.73974634e-05
256.478 -3.02399517e-05  1.19655562e-05
256.644 -3.14230577e-05 -7.75466643e-06
256.809 -2.09831091e-05 -2.44141400e-05
256.975 -2.90471602e-06 -3.18670922e-05
257.141  1.60264158e-05 -2.74532834e-05
257.307  2.87803737e-05 -1.29517892e-05
257.473  3.07097328e-05  6.12814585e-06
257.638  2.12518289e-05  2.26430859e-05
257.804  4.08803409e-06  3.05039758e-05
257.970 -1.42835129e-05  2.69322437e-05
258.136 -2.70170085e-05  1.34492125e-05
258.302 -2.94807725e-05 -4.75271595e-06
258.467 -2.09513884e-05 -2.08109166e-05
258.633 -4.82377479e-06 -2.87879581e-05
258.799  1.27313286e-05 -2.58754421e-05
258.965  2.51313039e-05 -1.33937405e-05
259.131  2.78550969e-05  3.77869283e-06
259.296  2.01036859e-05  1.91079679e-05
259.462  5.02997674e-06  2.68907881e-05
259.628 -1.15305259e-05  2.43852874e-05
259.794 -2.33124982e-05  1.27874892e-05
259.959 -2.59939719e-05 -3.30499393e-06
260.125 -1.87934793e-05 -1.77025543e-05
260.291 -4.68868792e-06 -2.49993374e-05
260.457  1.07947764e-05 -2.26111000e-05
260.623  2.17350536e-05 -1.16961311e-05
260.788  2.40803933e-05  3.36836121e-06
260.954  1.71558206e-05  1.67216734e-05
261.120  3.84658569e-06  2.32929671e-05
261.286 -1.05785645e-05  2.07292416e-05
261.452 -2.05385766e-05  1.02393392e-05
261.617 -2.22959779e-05 -3.94065539e-06
261.783 -1.53583558e-05 -1.62375209e-05
261.949 -2.60774521e-06 -2.19218817e-05
262.115  1.08729648e-05 -1.89209414e-05
262.281  1.98119980e-05 -8.57519511e-06
262.446  2.07988527e-05  4.93466348e-06
262.612  1.35806368e-05  1.62606456e-05
262.778  1.11908970e-06  2.09895733e-05
262.944 -1.16090589e-05  1.73507960e-05
263.109 -1.95840725e-05  6.87997995e-06
263.275 -1.97057306e-05 -6.21692881e-06
263.441 -1.19924388e-05 -1.67402811e-05
263.607  4.49116922e-07 -2.05420196e-05
263.773  1.26678668e-05 -1.61479906e-05
263.938  1.98217565e-05 -5.32598157e-06
264.104  1.90797646e-05  7.62517248e-06
264.270  1.07333585e-05  1.75721315e-05
264.436 -1.92460056e-06  2.05645691e-05
264.602 -1.38958745e-05  1.53917982e-05
264.767 -2.04366795e-05  4.06062120e-06
264.933 -1.89248326e-05 -8.98831543e-06
265.099 -9.89663199e-06 -1.86130074e-05
265.265  3.15345998e-06 -2.09860664e-05
265.431  1.51247628e-05 -1.51033057e-05
265.596  2.12981530e-05 -3.18985998e-06
265.762  1.91867422e-05  1.01472249e-05
265.928  9.51965444e-06  1.96999651e-05
266.094 -4.01769787e-06  2.16891487e-05
266.260 -1.61927096e-05  1.52448622e-05
266.425 -2.22503276e-05  2.76738587e-06
266.591 -1.97615728e-05 -1.09738591e-05
266.757 -9.58196744e-06 -2.06707698e-05
266.923  4.44839468e-06 -2.25256791e-05
267.088  1.69640091e-05 -1.57271757e-05
267.254  2.31315251e-05 -2.79000451e-06
267.420  2.05103652e-05  1.13860805e-05
267.586  1.00100712e-05  2.13831519e-05
267.752 -4.43275646e-06  2.33359617e-05
267.917 -1.73443173e-05  1.64224599e-05
268.083 -2.37940040e-05  3.19968467e-06
268.249 -2.12778220e-05 -1.13558403e-05
268.415 -1.06880118e-05 -2.17310950e-05
268.581  4.01367392e-06 -2.39691306e-05
268.746  1.72901978e-05 -1.71812923e-05
268.912  2.41218841e-05 -3.89241171e-06
269.078  2.19119250e-05  1.09101313e-05
269.244  1.14727229e-05  2.16567024e-05
269.410 -3.28201056e-06  2.43015155e-05
269.575 -1.68126262e-05  1.78512387e-05
269.741 -2.40445788e-05  4.73289192e-06
269.907 -2.22820372e-05 -1.01255307e-05
270.073 -1.22126772e-05 -2.11560503e-05
270.238  2.36337675e-06 -2.42505574e-05
270.404  1.59741556e-05 -1.82956284e-05
270.570  2.35437238e-05 -5.57278215e-06
270.736  2.22939610e-05  9.11735981e-06
270.902  1.27673419e-05  2.02777948e-05
271.067 -1.40161251e-06  2.37831161e-05
271.233 -1.48796114e-05  1.84102575e-05
271.399 -2.26531379e-05  6.26943656e-06
271.565 -2.19005475e-05 -8.02448050e-06
271.731 -1.30243208e-05 -1.91149087e-05
271.896  5.40860559e-07 -2.29179247e-05
272.062  1.36613881e-05 -1.81354798e-05
272.228  2.14527391e-05 -6.70287477e-06
272.394  2.11063624e-05  6.99121851e-06
272.560  1.29119348e-05  1.77914067e-05
272.725  9.21820127e-08  2.17219969e-05
272.891 -1.24617523e-05  1.74619052e-05
273.057 -2.00575228e-05  6.78961053e-06
273.223 -1.99654188e-05 -6.14887525e-06
273.388 -1.24063511e-05 -1.64462198e-05
273.554 -4.03769952e-07 -2.03009379e-05
273.720  1.14149753e-05 -1.64294376e-05
273.886  1.86025363e-05 -6.49204686e-06
274.052  1.85724244e-05  5.59979424e-06
274.217  1.15330460e-05  1.52159872e-05
274.383  3.43900635e-07  1.87842993e-05
274.549 -1.06314781e-05  1.51206327e-05
274.715 -1.72253920e-05  5.82202027e-06
274.881 -1.70494940e-05 -5.40606378e-06
275.046 -1.03624933e-05 -1.42183142e-05
275.212  8.91802255e-08 -1.73084249e-05
275.378  1.01852235e-05 -1.36495192e-05
275.544  1.60487727e-05 -4.83768884e-06
275.710  1.55304664e-05  5.58354966e-06
275.875  9.00016154e-06  1.35374797e-05
276.041 -8.50794911e-07  1.59995047e-05
276.207 -1.01054911e-05  1.21468199e-05
276.373 -1.51656926e-05  3.63437889e-06
276.539 -1.41444328e-05 -6.10134842e-06
276.704 -7.57197890e-06 -1.32148941e-05
276.870  1.85697037e-06 -1.49588166e-05
277.036  1.03743995e-05 -1.07430832e-05
277.202  1.46294449e-05 -2.33133929e-06
277.367  1.30000023e-05  6.88675285e-06
277.533  6.20775807e-06  1.32457225e-05
277.699 -2.99572196e-06  1.42512981e-05
277.865 -1.09307983e-05  9.55217553e-06
278.031 -1.44487454e-05  1.05651812e-06
278.196 -1.21722041e-05 -7.83553167e-06
278.362 -5.02518108e-06 -1.35815139e-05
278.528  4.14154484e-06 -1.38984761e-05
278.694  1.16797627e-05 -8.65774670e-06
278.860  1.45880495e-05  6.91300132e-08
279.025  1.16941606e-05  8.82627746e-06
279.191  4.11613125e-06  1.41377494e-05
279.357 -5.17163114e-06  1.38769785e-05
279.523 -1.25057388e-05  8.10436568e-06
279.689 -1.49731077e-05 -9.46387951e-07
279.854 -1.15547787e-05 -9.73638456e-06
280.020 -3.53641292e-06 -1.48051895e-05
280.186  5.98138572e-06 -1.41231504e-05
280.352  1.32872758e-05 -7.89372789e-06
280.517  1.55014633e-05  1.50969700e-06
280.683  1.17021254e-05  1.04571257e-05
280.849  3.29978765e-06  1.54640411e-05
281.015 -6.49677977e-06  1.45428323e-05
281.181 -1.39119302e-05  7.98578531e-06
281.346 -1.60565700e-05 -1.73430280e-06
281.512 -1.20513338e-05 -1.09062340e-05
281.678 -3.37742567e-06 -1.59994849e-05
281.844  6.68206096e-06 -1.50243395e-05
282.010  1.42900158e-05 -8.30481429e-06
282.175  1.65231331e-05  1.63757428e-06
282.341  1.24959503e-05  1.10370873e-05
282.507  3.70316671e-06  1.63162148e-05
282.673 -6.54255343e-06  1.54526876e-05
282.839 -1.43653883e-05  8.75008538e-06
283.004 -1.68012574e-05 -1.27493768e-06
283.170 -1.29217518e-05 -1.08436076e-05
283.336 -4.18352638e-06 -1.63496309e-05
283.502  6.12276952e-06 -1.57236962e-05
283.668  1.41214544e-05 -9.20970277e-06
283.833  1.68179627e-05  7.31675999e-07
283.999  1.32215617e-05  1.03599299e-05
284.165  4.71046297e-06  1.60724399e-05
284.331 -5.49988925e-06  1.57567493e-05
284.496 -1.35815599e-05  9.57527448e-06
284.662 -1.65353025e-05 -1.11640285e-07
284.828 -1.33088042e-05 -9.65457687e-06
284.994 -5.17505324e-06 -1.54965339e-05
285.160  4.77299505e-06 -1.55044850e-05
285.325  1.28043238e-05 -9.75514156e-06
285.491  1.59542732e-05 -4.76184877e-07
285.657  1.31275858e-05  8.82028550e-06
285.823  5.48080663e-06  1.46704077e-05
285.989 -4.04954156e-06  1.49577201e-05
286.154 -1.18751926e-05  9.68485064e-06
286.320 -1.51136579e-05  9.31768603e-07
286.486 -1.26582297e-05 -7.96150171e-06
286.652 -5.55544161e-06 -1.36722504e-05
286.818  3.43138542e-06 -1.41449764e-05
286.983  1.08952648e-05 -9.33424988e-06
287.149  1.40837094e-05 -1.17660608e-06
287.315  1.19182939e-05  7.18128327e-06
287.481  5.35951124e-06  1.25991470e-05
287.646 -3.00248011e-06  1.31272868e-05
287.812 -9.96828591e-06  8.71046371e-06
287.978 -1.29558866e-05  1.16272129e-06
288.144 -1.09593752e-05 -6.56878297e-06
288.310 -4.89031146e-06 -1.15539070e-05
288.475  2.81940533e-06 -1.19895733e-05
288.641  9.18729431e-06 -7.85598495e-06
288.807  1.18306463e-05 -8.77192646e-07
288.973  9.85986581e-06  6.18843607e-06
289.139  4.18060371e-06  1.06318116e-05
289.304 -2.90526097e-06  1.08296311e-05
289.470 -8.62303151e-06  6.84193198e-06
289.636 -1.08049579e-05  3.42371912e-07
289.802 -8.71418712e-06 -6.07236682e-06
289.968 -3.29297001e-06 -9.90922965e-06
290.133  3.24756576e-06 -9.74558833e-06
290.299  8.31598237e-06 -5.75775984e-06
290.465  9.96058568e-06  3.87860970e-07
290.631  7.62002095e-06  6.21744010e-06
290.796  2.31107653e-06  9.43512186e-06
290.962 -3.80084764e-06  8.82330112e-06
291.128 -8.27279858e-06  4.69939588e-06
291.294 -9.35421682e-06 -1.23560825e-06
291.460 -6.66578390e-06 -6.58726954e-06
291.625 -1.32885581e-06 -9.22587376e-06
291.791  4.49375216e-06 -8.12572833e-06
291.957  8.46682536e-06 -3.75737788e-06
292.123  9.01086962e-06  2.10964328e-06
292.289  5.92016306e-06  7.11825501e-06
292.454  4.38467234e-07  9.26401939e-06
292.620 -5.23929213e-06  7.68598501e-06
292.786 -8.84232581e-06  3.00594245e-06
292.952 -8.92184274e-06 -2.91773257e-06
293.118 -5.42455822e-06 -7.72836958e-06
293.283  2.81553256e-07 -9.50144327e-06
293.449  5.94633239e-06 -7.50465409e-06
293.615  9.32220062e-06 -2.49406621e-06
293.781  9.04738560e-06  3.57842509e-06
293.947  5.18880371e-06  8.32774004e-06
294.112 -7.75975417e-07  9.86678792e-06
294.278 -6.53081787e-06  7.55099244e-06
294.444 -9.81855393e-06  2.23982888e-06
294.610 -9.32306705e-06 -4.03062000e-06
294.775 -5.19066269e-06 -8.83017034e-06
294.941  1.01884659e-06 -1.02756198e-05
295.107  6.92588490e-06 -7.76758227e-06
295.273  1.02445357e-05 -2.22921037e-06
295.439  9.66855879e-06  4.24021292e-06
295.604  5.37957451e-06  9.16422521e-06
295.770 -1.01535106e-06  1.06414920e-05
295.936 -7.08993330e-06  8.07819393e-06
296.102 -1.05253881e-05  2.41934644e-06
296.268 -9.99794009e-06 -4.20354369e-06
296.433 -5.68429555e-06 -9.28199777e-06
296.599  7.99991327e-07 -1.08865336e-05
296.765  7.01135759e-06 -8.39818504e-06
296.931  1.06071397e-05 -2.74516506e-06
297.097  1.02306879e-05  3.94719320e-06
297.262  6.02293132e-06  9.16415576e-06
297.428 -4.31571552e-07  1.09507769e-05
297.594 -6.70896479e-06  8.64584053e-06
297.760 -1.04623820e-05  3.12812081e-06
297.925 -1.03019973e-05 -3.52374980e-06
298.091 -6.31354990e-06 -8.82102608e-06
298.257 -1.47553959e-08 -1.07993659e-05
298.423  6.22819919e-06 -8.75266724e-06
298.589  1.00929364e-05 -3.48618230e-06
298.754  1.01706568e-05  3.00400534e-06
298.920  6.48412280e-06  8.29023489e-06
299.086  4.57672099e-07  1.04264367e-05
299.252 -5.63430546e-06  8.67124300e-06
299.418 -9.52900635e-06  3.74427679e-06
299.583 -9.82321988e-06 -2.46710191e-06
299.749 -6.48108419e-06 -7.63138400e-06
299.915 -8.20511593e-07 -9.85481054e-06
300.081  5.00369078e-06 -8.38016382e-06
300.247  8.82452254e-06 -3.84385092e-06
300.412  9.27437572e-06  1.99039444e-06
300.578  6.27570885e-06  6.91806093e-06
300.744  1.04080168e-06  9.13176549e-06
300.910 -4.41428490e-06  7.88598096e-06
301.076 -8.04923332e-06  3.74987839e-06
301.241 -8.56410813e-06 -1.64016537e-06
301.407 -5.86718652e-06 -6.22791459e-06
301.573 -1.07728993e-06 -8.32206300e-06
301.739  3.93565954e-06 -7.22177288e-06
301.904  7.27908075e-06 -3.45420964e-06
302.070  7.75212839e-06  1.46381336e-06
302.236  5.28165728e-06  5.63238302e-06
302.402  9.14108966e-07  7.49944827e-06
302.568 -3.62021562e-06  6.44212674e-06
302.733 -6.58655714e-06  2.97528499e-06
302.899 -6.90989373e-06 -1.48427540e-06
303.065 -4.56759011e-06 -5.18789690e-06
303.231 -5.62031933e-07 -6.73738644e-06
303.397  3.49701645e-06 -5.61518092e-06
303.562  6.03207717e-06 -2.35487254e-06
303.728  6.11098039e-06  1.69771083e-06
303.894  3.78872890e-06  4.92965282e-06
304.060  5.65202191e-08  6.09975749e-06
304.226 -3.56921377e-06  4.81327188e-06
304.391 -5.65689923e-06  1.65231346e-06
304.557 -5.42137479e-06 -2.07506192e-06
304.723 -3.01577580e-06 -4.86818527e-06
304.889  5.47594077e-07 -5.63277979e-06
305.054  3.81492776e-06 -4.10380129e-06
305.220  5.47830671e-06 -9.36593620e-07
305.386  4.89141010e-06  2.56700728e-06
305.552  2.31752012e-06  4.98874104e-06
305.718 -1.18406805e-06  5.35965115e-06
305.883 -4.19087820e-06  3.54126003e-06
306.049 -5.48800568e-06  2.77044277e-07
306.215 -4.55031130e-06 -3.11104646e-06
306.381 -1.75211677e-06 -5.25370133e-06
306.547  1.78429330e-06 -5.27870217e-06
306.712  4.63827461e-06 -3.16086131e-06
306.878  5.65422220e-06  2.65791219e-07
307.044  4.40346016e-06  3.63959766e-06
307.210  1.35973280e-06  5.60814198e-06
307.376 -2.28590380e-06  5.36481128e-06
307.541 -5.09064765e-06  2.97444421e-06
307.707 -5.92692534e-06 -6.47499734e-07
307.873 -4.43234387e-06 -4.08845672e-06
308.039 -1.15795682e-06 -5.98774614e-06
308.204  2.64011283e-06 -5.57334713e-06
308.370  5.48279773e-06 -2.96953190e-06
308.536  6.24489816e-06  8.44518372e-07
308.702  4.59739548e-06  4.40493746e-06
308.868  1.14063116e-06  6.32751415e-06
309.033 -2.81739097e-06  5.84614855e-06
309.199 -5.75934365e-06  3.11190924e-06
309.365 -6.54358298e-06 -8.56220408e-07
309.531 -4.84374098e-06 -4.55451842e-06
309.697 -1.27974290e-06 -6.56983661e-06
309.862  2.81088058e-06 -6.11921973e-06
310.028  5.88136111e-06 -3.35105740e-06
310.194  6.76311415e-06  7.04445519e-07
310.360  5.10901966e-06  4.52470329e-06
310.526  1.52962247e-06  6.67120417e-06
310.691 -2.63672964e-06  6.33130376e-06
310.857 -5.83040507e-06  3.62716490e-06
311.023 -6.85588095e-06 -4.30296743e-07
311.189 -5.33173337e-06 -4.32556447e-06
311.355 -1.83296937e-06 -6.60722669e-06
311.520  2.33108990e-06 -6.43184618e-06
311.686  5.60999199e-06 -3.87869501e-06
311.852  6.79248681e-06  8.82554008e-08
312.018  5.45877826e-06  3.98742960e-06
312.183  2.12837445e-06  6.37540294e-06
312.349 -1.94452705e-06  6.38694559e-06
312.515 -5.24466154e-06  4.04997789e-06
312.681 -6.56491972e-06  2.61502448e-07
312.847 -5.45154242e-06 -3.55648147e-06
313.012 -2.35849847e-06 -5.99489986e-06
313.178  1.53511125e-06 -6.18271761e-06
313.344  4.77646342e-06 -4.09820258e-06
313.510  6.18652392e-06 -5.61072224e-07
313.676  5.29029589e-06  3.08872876e-06
313.841  2.47745103e-06  5.50318277e-06
314.007 -1.16115135e-06  5.82622068e-06
314.173 -4.25898207e-06  3.99871253e-06
314.339 -5.68931770e-06  7.61811572e-07
314.505 -4.97635510e-06 -2.64268595e-06
314.670 -2.45607435e-06 -4.95031877e-06
314.836  8.74051803e-07 -5.34409570e-06
315.002  3.74982778e-06 -3.74752235e-06
315.168  5.11944018e-06 -8.29839022e-07
315.333  4.53135675e-06  2.27160960e-06
315.499  2.28468545e-06  4.39220979e-06
315.665 -7.11885074e-07  4.77879514e-06
315.831 -3.30307354e-06  3.36077114e-06
315.997 -4.53115848e-06  7.49826978e-07
316.162 -3.99357459e-06 -2.01669905e-06
316.328 -1.97349255e-06 -3.88364729e-06
316.494  6.94734146e-07 -4.18256146e-06
316.660  2.96280237e-06 -2.87172299e-06
316.826  3.97977632e-06 -5.26601231e-07
316.991  3.41216285e-06  1.90245525e-06
317.157  1.55085979e-06  3.47162177e-06
317.323 -8.22789270e-07  3.61012459e-06
317.489 -2.75818807e-06  2.32610373e-06
317.655 -3.51429692e-06  1.83955737e-07
317.820 -2.84056359e-06 -1.93452389e-06
317.986 -1.05932358e-06 -3.18945088e-06
318.152  1.07736484e-06 -3.11155832e-06
318.318  2.70026987e-06 -1.77618124e-06
318.484  3.17119799e-06  2.39291478e-07
318.649  2.32989985e-06  2.09974167e-06
318.815  5.49567384e-07  3.05273203e-06
318.981 -1.42416513e-06  2.72635861e-06
319.147 -2.78087585e-06  1.27392461e-06
319.312 -2.97040577e-06 -6.95072591e-07
319.478 -1.92273698e-06 -2.36820171e-06
319.644 -7.33533284e-08 -3.05801216e-06
319.810  1.81801704e-06 -2.47908217e-06
319.976  2.97422067e-06 -8.64101955e-07
320.141  2.91368406e-06  1.13245948e-06
320.307  1.64775283e-06  2.69740670e-06
320.473 -3.23191963e-07  3.18422634e-06
320.639 -2.20868612e-06  2.37665694e-06
320.805 -3.24106324e-06  5.78620208e-07
320.970 -2.98510003e-06 -1.50391955e-06
321.136 -1.51627338e-06 -3.03825914e-06
321.302  6.04975995e-07 -3.39618180e-06
321.468  2.54744593e-06 -2.40778702e-06
321.634  3.53445664e-06 -4.33084934e-07
321.799  3.15337360e-06  1.77110583e-06
321.965  1.52147184e-06  3.34187154e-06
322.131 -7.51769535e-07  3.64932222e-06
322.297 -2.79354225e-06  2.54491726e-06
322.462 -3.80591145e-06  4.25695762e-07
322.628 -3.37616065e-06 -1.90966045e-06
322.794 -1.64018267e-06 -3.56584445e-06
322.960  7.60392578e-07 -3.89541244e-06
323.126  2.91930049e-06 -2.74855868e-06
323.291  4.01129072e-06 -5.38088208e-07
323.457  3.60597326e-06  1.91212546e-06
323.623  1.83655884e-06  3.67915319e-06
323.789 -6.44867652e-07  4.08881927e-06
323.955 -2.91300937e-06  2.97297659e-06
324.120 -4.11615572e-06  7.37924438e-07
324.286 -3.79670871e-06 -1.78825623e-06
324.452 -2.06683050e-06 -3.66547026e-06
324.618  4.34135057e-07 -4.19253580e-06
324.784  2.77956085e-06 -3.17210574e-06
324.949  4.10006252e-06 -9.83267365e-07
325.115  3.90948962e-06  1.56287908e-06
325.281  2.28483530e-06  3.52488161e-06
325.447 -1.67601255e-07  4.18275171e-06
325.612 -2.53927295e-06  3.30507924e-06
325.778 -3.95894824e-06  1.22840020e-06
325.944 -3.91705154e-06 -1.27210211e-06
326.110 -2.44799625e-06 -3.27363679e-06
326.276 -1.10452992e-07 -4.05121023e-06
326.441  2.22509806e-06 -3.34113628e-06
326.607  3.70499812e-06 -1.43005511e-06
326.773  3.80658428e-06  9.58595204e-07
326.939  2.52290601e-06  2.94158699e-06
327.105  3.56520512e-07  3.80542282e-06
327.270 -1.87819456e-06  3.26343040e-06
327.436 -3.36422002e-06  1.55281443e-06
327.602 -3.58101261e-06 -6.66236344e-07
327.768 -2.48937801e-06 -2.56764857e-06
327.934 -5.33028423e-07 -3.46719788e-06
328.099  1.54223544e-06 -3.07092292e-06
328.265  2.97256182e-06 -1.57301571e-06
328.431  3.25838041e-06  4.34446170e-07
328.597  2.34230696e-06  2.19433645e-06
328.763  6.12816083e-07  3.06968441e-06
328.928 -1.25749548e-06  2.77784261e-06
329.094 -2.57125962e-06  1.48113770e-06
329.260 -2.86905250e-06 -2.93041694e-07
329.426 -2.09149707e-06 -1.86239920e-06
329.591 -5.82475348e-07 -2.65292297e-06
329.757  1.05588685e-06 -2.41101991e-06
329.923  2.20167918e-06 -1.28267847e-06
330.089  2.45113092e-06  2.58685578e-07
330.255  1.75993529e-06  1.60602690e-06
330.420  4.43782421e-07  2.25830745e-06
330.586 -9.57518501e-07  2.00594733e-06
330.752 -1.89997010e-06  9.97210918e-07
330.918 -2.04513960e-06 -3.33489552e-07
331.084 -1.38070487e-06 -1.44879093e-06
331.249 -2.12788953e-07 -1.92299883e-06
331.415  9.68738631e-07 -1.60222081e-06
331.581  1.69235215e-06 -6.55385823e-07
331.747  1.68895428e-06  5.05536157e-07
331.913  9.92545792e-07  1.40075153e-06
332.078 -8.30435882e-08  1.67539349e-06
332.244 -1.08162647e-06  1.23859251e-06
332.410 -1.59204449e-06  2.94336327e-07
332.576 -1.41337637e-06 -7.50823160e-07
332.741 -6.34491467e-07 -1.45745523e-06
332.907  4.08806890e-07 -1.53212685e-06
333.073  1.27522945e-06 -9.47948629e-07
333.239  1.59830033e-06  4.74631399e-08
333.405  1.23847705e-06  1.03644765e-06
333.570  3.40617113e-07  1.60117379e-06
333.736 -7.26588924e-07  1.49651595e-06
333.902 -1.51872256e-06  7.53019984e-07
334.068 -1.69724171e-06 -3.34964646e-07
334.234 -1.17113011e-06 -1.32500971e-06
334.399 -1.35932937e-07 -1.80393224e-06
334.565  1.00019744e-06 -1.55838983e-06
334.731  1.77598403e-06 -6.63769982e-07
334.897  1.86398677e-06  5.40610601e-07
335.063  1.20440741e-06  1.57978084e-06
335.228  3.38115411e-08  2.03146338e-06
335.394 -1.19985588e-06  1.69558384e-06
335.560 -2.01054153e-06  6.76827053e-07
335.726 -2.06590039e-06 -6.47600935e-07
335.892 -1.31910962e-06 -1.76961618e-06
336.057 -3.48014485e-08 -2.24751588e-06
336.223  1.30607920e-06 -1.87722689e-06
336.389  2.19003245e-06 -7.76596361e-07
336.555  2.26693759e-06  6.51958354e-07
336.720  1.48692056e-06  1.87264640e-06
336.886  1.26764665e-07  2.41834445e-06
337.052 -1.31185028e-06  2.06826861e-06
337.218 -2.28991263e-06  9.37537108e-07
337.384 -2.43260124e-06 -5.62765854e-07
337.549 -1.67432554e-06 -1.87844826e-06
337.715 -2.86595290e-07 -2.51707901e-06
337.881  1.22282173e-06 -2.23421274e-06
338.047  2.29635005e-06 -1.12745107e-06
338.213  2.53451115e-06  4.00380933e-07
338.378  1.84676630e-06  1.78888871e-06
338.544  4.83601361e-07  2.52719884e-06
338.710 -1.05596278e-06  2.34526737e-06
338.876 -2.20791243e-06  1.31174366e-06
339.042 -2.55369335e-06 -1.93188875e-07
339.207 -1.97289099e-06 -1.61771077e-06
339.373 -6.83957543e-07 -2.44429714e-06
339.539  8.37162682e-07 -2.37970692e-06
339.705  2.03546841e-06 -1.45815751e-06
339.870  2.48237115e-06 -2.62542348e-08
340.036  2.02859840e-06  1.38862195e-06
340.202  8.55211480e-07  2.27594911e-06
340.368 -5.97929835e-07  2.32640910e-06
340.534 -1.80018113e-06  1.54099757e-06
340.699 -2.32449444e-06  2.25208491e-07
340.865 -2.00012305e-06 -1.13184821e-06
341.031 -9.70122690e-07 -2.04015044e-06
341.197  3.71233188e-07 -2.18618854e-06
341.363  1.53020125e-06 -1.54403123e-06
341.528  2.09507887e-06 -3.74755009e-07
341.694  1.88541278e-06  8.79779186e-07
341.860  1.00968887e-06  1.76283047e-06
342.026 -1.87002968e-07  1.97139180e-06
342.192 -1.25689308e-06  1.46192303e-06
342.357 -1.81813043e-06  4.53518959e-07
342.523 -1.69369376e-06 -6.62700211e-07
342.689 -9.65342814e-07 -1.47456169e-06
342.855  6.82483799e-08 -1.70370293e-06
343.020  1.01102762e-06 -1.30047629e-06
343.186  1.52316301e-06 -4.50379671e-07
343.352  1.44373221e-06  5.05263261e-07
343.518  8.39955829e-07  1.20652093e-06
343.684 -2.85319461e-08  1.41080543e-06
343.849 -8.19026161e-07  1.07575359e-06
344.015 -1.24096277e-06  3.65485874e-07
344.181 -1.16128400e-06 -4.23784757e-07
344.347 -6.47156171e-07 -9.86232743e-07
344.513  7.08671832e-08 -1.12271125e-06
344.678  6.99552228e-07 -8.11865647e-07
344.844  9.99566594e-07 -2.09548457e-07
345.010  8.75834972e-07  4.24370310e-07
345.176  4.08977507e-07  8.34025785e-07
345.342 -1.87738376e-07  8.68142776e-07
345.507 -6.61161640e-07  5.37477613e-07
345.673 -8.21039461e-07  1.95472177e-09
345.839 -6.16696572e-07 -5.02218323e-07
346.005 -1.52516450e-07 -7.60865993e-07
346.171  3.62171782e-07 -6.71026160e-07
346.336  7.01624634e-07 -2.81710913e-07
346.502  7.19083584e-07  2.31820735e-07
346.668  4.08998382e-07  6.42549460e-07
346.834 -9.36181168e-08  7.67562628e-07
346.999 -5.70056048e-07  5.47391235e-07
347.165 -8.08875254e-07  7.03747786e-08
347.331 -6.97465933e-07 -4.63426226e-07
347.497 -2.70477060e-07 -8.23085315e-07
347.663  3.02727129e-07 -8.45023079e-07
347.828  7.83623836e-07 -5.03365046e-07
347.994  9.63016487e-07  7.69560577e-08
348.160  7.49605603e-07  6.65390504e-07
348.326  2.09651528e-07  1.01737105e-06
348.492 -4.53278943e-07  9.75490366e-07
348.657 -9.75396418e-07  5.34806670e-07
348.823 -1.13892538e-06 -1.49034284e-07
348.989 -8.59723248e-07 -8.14876685e-07
349.155 -2.25313317e-07 -1.19819048e-06
349.321  5.31709707e-07 -1.13494776e-06
349.486  1.12169480e-06 -6.28469384e-07
349.652  1.30939686e-06  1.44228799e-07
349.818  1.00541856e-06  8.96567975e-07
349.984  3.06990832e-07  1.34078698e-06
350.149 -5.34103546e-07  1.29656654e-06
350.315 -1.20526889e-06  7.64098331e-07
350.481 -1.44874377e-06 -7.06770145e-08
350.647 -1.16095050e-06 -9.04168719e-07
350.813 -4.36328579e-07 -1.42587442e-06
350.978  4.66270073e-07 -1.43448354e-06
351.144  1.21710709e-06 -9.17031044e-07
351.310  1.53629487e-06 -5.50578976e-08
351.476  1.30050404e-06  8.40653280e-07
351.642  5.89552661e-07  1.44214688e-06
351.807 -3.42397633e-07  1.52705221e-06
351.973 -1.15746037e-06  1.06125959e-06
352.139 -1.55896378e-06  2.10636211e-07
352.305 -1.40120613e-06 -7.17617344e-07
352.471 -7.40864808e-07 -1.38765053e-06
352.636  1.82888403e-07 -1.55918752e-06
352.802  1.03575737e-06 -1.17286453e-06
352.968  1.51244513e-06 -3.71159182e-07
353.134  1.44589397e-06  5.53780244e-07
353.300  8.66041276e-07  1.26959839e-06
353.465 -1.17812752e-08  1.52390752e-06
353.631 -8.69094167e-07  1.23325637e-06
353.797 -1.40122634e-06  5.12276935e-07
353.963 -1.42534441e-06 -3.72479986e-07
354.128 -9.45423845e-07 -1.10286584e-06
354.294 -1.46215866e-07 -1.42311168e-06
354.460  6.79538126e-07 -1.23143771e-06
354.626  1.23777807e-06 -6.12997745e-07
354.792  1.33935558e-06  1.98350909e-07
354.957  9.65990056e-07  9.07782093e-07
355.123  2.68986783e-07  1.26728131e-06
355.289 -4.90991493e-07  1.16491405e-06
355.455 -1.04096016e-06  6.58218937e-07
355.621 -1.19632375e-06 -5.39125137e-08
355.786 -9.22643125e-07 -7.07593170e-07
355.952 -3.39993609e-07 -1.07382663e-06
356.118  3.26250371e-07 -1.03949177e-06
356.284  8.33496871e-07 -6.40687536e-07
356.450  1.01160688e-06 -4.31633947e-08
356.615  8.18763471e-07  5.25599217e-07
356.781  3.50243507e-07  8.64366508e-07
356.947 -2.04401646e-07  8.68330207e-07
357.113 -6.38741427e-07  5.61810190e-07
357.278 -8.05293664e-07  8.18595695e-08
357.444 -6.65716170e-07 -3.82072074e-07
357.610 -2.98933886e-07 -6.61688959e-07
357.776  1.38523084e-07 -6.70271689e-07
357.942  4.77459806e-07 -4.31016332e-07
358.107  5.99721422e-07 -5.88681716e-08
358.273  4.81078859e-07  2.91520130e-07
358.439  1.93059720e-07  4.86982887e-07
358.605 -1.33978708e-07  4.67314622e-07
358.771 -3.65351866e-07  2.64014174e-07
358.936 -4.16726884e-07 -2.10655696e-08
359.102 -2.85918160e-07 -2.61004262e-07
359.268 -4.63484505e-08 -3.57438939e-07
359.434  1.87861910e-07 -2.81478254e-07
359.600  3.11495408e-07 -8.05566300e-08
359.765  2.74744903e-07  1.45808022e-07
359.931  1.01860454e-07  2.89738229e-07
360.097 -1.22467301e-07  2.84172791e-07
360.263 -2.89822570e-07  1.31786066e-07
360.428 -3.17509718e-07 -9.79733370e-08
360.594 -1.86320303e-07 -2.97706424e-07
360.760  5.14996363e-08 -3.69649849e-07
360.926  2.92162651e-07 -2.70763581e-07
361.092  4.23895563e-07 -3.20354223e-08
361.257  3.77401162e-07  2.51191734e-07
361.423  1.56692627e-07  4.56296814e-07
361.589 -1.58798422e-07  4.86543258e-07
361.755 -4.42044547e-07  3.12931276e-07
361.921 -5.70720803e-07 -1.05207694e-08
362.086 -4.78380219e-07 -3.62432407e-07
362.252 -1.83622354e-07 -6.01111861e-07
362.418  2.10765069e-07 -6.21866679e-07
362.584  5.54765656e-07 -3.99531657e-07
362.750  7.09879834e-07 -4.19137682e-09
362.915  6.02807517e-07  4.20993876e-07
363.081  2.58099461e-07  7.14093481e-07
363.247 -2.05453277e-07  7.55197090e-07
363.413 -6.18312884e-07  5.14448119e-07
363.579 -8.22399361e-07  6.90838861e-08
363.744 -7.30868999e-07 -4.23299797e-07
363.910 -3.65584342e-07 -7.81596743e-07
364.076  1.48348024e-07 -8.67143623e-07
364.242  6.27101808e-07 -6.38782194e-07
364.407  8.93287678e-07 -1.70857601e-07
364.573  8.43253153e-07  3.72866427e-07
364.739  4.87800876e-07  7.96046104e-07
364.905 -5.12238399e-08  9.41957442e-07
365.071 -5.82425255e-07  7.53103390e-07
365.236 -9.13546576e-07  2.92006267e-07
365.402 -9.23384018e-07 -2.79466314e-07
365.568 -6.05180223e-07 -7.56949927e-07
365.734 -6.97907528e-08 -9.69285744e-07
365.900  4.92281197e-07 -8.39823218e-07
366.065  8.81090960e-07 -4.13443636e-07
366.231  9.59235167e-07  1.57825614e-07
366.397  6.99635462e-07  6.70808941e-07
366.563  1.96360630e-07  9.45055786e-07
366.729 -3.70305912e-07  8.85549792e-07
366.894 -8.00528768e-07  5.17042401e-07
367.060 -9.44789309e-07 -2.58195072e-08
367.226 -7.56967201e-07 -5.49847856e-07
367.392 -3.10099873e-07 -8.71752901e-07
367.557  2.33729080e-07 -8.82871871e-07
367.723  6.82215274e-07 -5.87688180e-07
367.889  8.80848177e-07 -9.79196871e-08
368.055  7.68391080e-07  4.10053690e-07
368.221  3.94813405e-07  7.58108821e-07
368.386 -1.00808344e-07  8.31051294e-07
368.552 -5.40903924e-07  6.14909290e-07
368.718 -7.74759415e-07  1.96641543e-07
368.884 -7.31224590e-07 -2.69083527e-07
369.050 -4.38671035e-07 -6.17934968e-07
369.215 -1.15651180e-08 -7.35633309e-07
369.381  3.93942601e-07 -5.94148677e-07
369.547  6.39040385e-07 -2.57679549e-07
369.713  6.49009151e-07  1.44208757e-07
369.879  4.35770892e-07  4.68052663e-07
370.044  8.97429912e-08  6.07408666e-07
370.210 -2.58943538e-07  5.27381406e-07
370.376 -4.89406604e-07  2.73760648e-07
370.542 -5.31073371e-07 -5.02077364e-08
370.708 -3.86618375e-07 -3.25801352e-07
370.873 -1.24771602e-07 -4.61031758e-07
371.039  1.51285457e-07 -4.22675916e-07
371.205  3.42745009e-07 -2.43507752e-07
371.371  3.91281550e-07 -2.62948171e-09
371.536  2.97583949e-07  2.06793639e-07
371.702  1.13484988e-07  3.13228898e-07
371.868 -8.21136138e-08  2.92727788e-07
372.034 -2.15163149e-07  1.71419864e-07
372.200 -2.45953686e-07  9.85164667e-09
372.365 -1.79789062e-07 -1.23214113e-07
372.531 -5.89419603e-08 -1.80538724e-07
372.697  5.72392285e-08 -1.52893024e-07
372.863  1.20017207e-07 -6.73238835e-08
373.029  1.11457999e-07  2.68746464e-08
373.194  4.77041111e-08  8.25388867e-08
373.360 -3.01629668e-08  7.69598604e-08
373.526 -7.68084556e-08  1.92357313e-08
373.692 -6.60928613e-08 -5.49477065e-08
373.858 -2.11881213e-09 -1.00443423e-07
374.023  8.26214869e-08 -8.66126326e-08
374.189  1.41039294e-07 -1.21504713e-08
374.355  1.35451073e-07  9.33141975e-08
374.521  5.64598743e-08  1.79633636e-07
374.686 -7.13126545e-08  1.99484666e-07
374.852 -1.95741026e-07  1.31380252e-07
375.018 -2.58749148e-07 -9.47275041e-09
375.184 -2.22927230e-07 -1.72797632e-07
375.350 -8.83792938e-08 -2.91358193e-07
375.515  1.02774600e-07 -3.09775537e-07
375.681  2.79014344e-07 -2.07611533e-07
375.847  3.68078149e-07 -1.10929966e-08
376.013  3.25507998e-07  2.11872713e-07
376.179  1.54102600e-07  3.77068640e-07
376.344 -9.16566640e-08  4.15980371e-07
376.510 -3.24212706e-07  3.02499360e-07
376.676 -4.55267241e-07  6.77016523e-08
376.842 -4.28037385e-07 -2.08763858e-07
377.008 -2.42095121e-07 -4.27397227e-07
377.173  4.29107242e-08 -5.03748866e-07
377.339  3.28230494e-07 -4.01578841e-07
377.505  5.09715370e-07 -1.49792048e-07
377.671  5.16146682e-07  1.67181692e-07
377.836  3.38446998e-07  4.37621454e-07
378.002  3.37954344e-08  5.61770590e-07
378.168 -2.93111784e-07  4.90511958e-07
378.334 -5.25458225e-07  2.43815492e-07
378.500 -5.78037949e-07 -9.54180430e-08
378.665 -4.28577518e-07 -4.08274562e-07
378.831 -1.25721457e-07 -5.83189990e-07
378.997  2.25680943e-07 -5.56709486e-07
379.163  5.01930422e-07 -3.35274052e-07
379.329  6.05685461e-07  5.08594199e-09
379.494  4.99246763e-07  3.45110129e-07
379.660  2.18935595e-07  5.66140331e-07
379.826 -1.36731955e-07  5.90903456e-07
379.992 -4.43726340e-07  4.10831062e-07
380.158 -5.95649618e-07  9.02844170e-08
380.323 -5.40462632e-07 -2.58146672e-07
380.489 -3.00011305e-07 -5.13637702e-07
380.655  3.95626818e-08 -5.88465344e-07
380.821  3.59602954e-07 -4.59944567e-07
380.987  5.49546415e-07 -1.76911353e-07
381.152  5.46714743e-07  1.59990439e-07
381.318  3.57543297e-07  4.33118520e-07
381.484  5.20337223e-08  5.49992688e-07
381.650 -2.61192816e-07  4.75918175e-07
381.815 -4.73877154e-07  2.42687683e-07
381.981 -5.17344155e-07 -6.39974080e-08
382.147 -3.83597015e-07 -3.35560716e-07
382.313 -1.25775916e-07 -4.80925258e-07
382.479  1.61610605e-07 -4.56580717e-07
382.644  3.78975876e-07 -2.78946166e-07
382.810  4.56319322e-07 -1.73377249e-08
382.976  3.74876630e-07  2.33986022e-07
383.142  1.72386012e-07  3.90469020e-07
383.308 -7.38251143e-08  4.04627266e-07
383.473 -2.77307002e-07  2.81525004e-07
383.639 -3.71691972e-07  7.38000584e-08
383.805 -3.33150503e-07 -1.41483236e-07
383.971 -1.86504284e-07 -2.90289579e-07
384.137  8.81348499e-09 -3.27326427e-07
384.302  1.81672110e-07 -2.50990685e-07
384.468  2.74657746e-07 -9.87932971e-08
384.634  2.64738861e-07  6.92991353e-08
384.800  1.67250910e-07  1.93129992e-07
384.965  2.60742585e-08  2.35382163e-07
385.131 -1.03677217e-07  1.92312725e-07
385.297 -1.78030447e-07  9.03728803e-08
385.463 -1.79372683e-07 -2.54744862e-08
385.629 -1.18454565e-07 -1.11214987e-07
385.794 -2.80306126e-08 -1.41213341e-07
385.960  5.23977088e-08 -1.14251073e-07
386.126  9.42951779e-08 -5.15292695e-08
386.292  8.88742288e-08  1.40451722e-08
386.458  4.82527337e-08  5.44743761e-08
386.623 -1.11065009e-09  5.72032821e-08
386.789 -3.31316819e-08  2.83641042e-08
386.955 -3.37864506e-08 -1.04325568e-08
387.121 -5.78421838e-09 -3.45757211e-08
387.287  3.21190359e-08 -2.90192399e-08
387.452  5.52791042e-08  5.76677802e-09
387.618  4.64791558e-08  5.25425578e-08
387.784  3.43091500e-09  8.50830710e-08
387.950 -5.82110005e-08  8.20211205e-08
388.116 -1.10058794e-07  3.63505861e-08
388.281 -1.24831766e-07 -3.95897407e-08
388.447 -8.81748580e-08 -1.16337984e-07
388.613 -6.03624344e-09 -1.60192624e-07
388.779  9.40037747e-08 -1.47212459e-07
388.944  1.73309772e-07 -7.33540961e-08
389.110  1.97586658e-07  4.01133383e-08
389.276  1.49789702e-07  1.53316677e-07
389.442  3.98889529e-08  2.23097108e-07
389.608 -9.65031755e-08  2.18122404e-07
389.773 -2.11376778e-07  1.32754171e-07
389.939 -2.60395405e-07 -7.98014526e-09
390.105 -2.19947111e-07 -1.57376937e-07
390.271 -9.86751965e-08 -2.62259370e-07
390.437  6.53376048e-08 -2.81598153e-07
390.602  2.16761348e-07 -2.03804713e-07
390.768  3.01045751e-07 -5.12848442e-08
390.934  2.85639484e-07  1.26681153e-07
391.100  1.72021888e-07  2.68962587e-07
391.266 -4.80779937e-09  3.25036587e-07
391.431 -1.86110883e-07  2.73345842e-07
391.597 -3.09960100e-07  1.28018709e-07
391.763 -3.33584961e-07 -6.40353788e-08
391.929 -2.46789612e-07 -2.38695719e-07
392.094 -7.65750131e-08 -3.37767370e-07
392.260  1.21020019e-07 -3.27387507e-07
392.426  2.81328500e-07 -2.09629585e-07
392.592  3.51787262e-07 -2.30464154e-08
392.758  3.08788348e-07  1.71812549e-07
392.923  1.66768760e-07  3.12280746e-07
393.089 -2.80881132e-08  3.52993909e-07
393.255 -2.13763427e-07  2.81881316e-07
393.421 -3.31220437e-07  1.22893927e-07
393.587 -3.44411728e-07 -7.34864562e-08
393.752 -2.51248647e-07 -2.45386093e-07
393.918 -8.18149968e-08 -3.39947017e-07
394.084  1.10710337e-07 -3.30229439e-07
394.250  2.67199355e-07 -2.20958199e-07
394.416  3.41998488e-07 -4.67020604e-08
394.581  3.14578084e-07  1.39027464e-07
394.747  1.94700021e-07  2.81869267e-07
394.913  1.94435694e-08  3.41380570e-07
395.079 -1.60048992e-07  3.01475634e-07
395.244 -2.93080589e-07  1.75377862e-07
395.410 -3.42264330e-07 -3.75159875e-10
395.576 -2.94668713e-07 -1.76923748e-07
395.742 -1.63867334e-07 -3.04985302e-07
395.908  1.51277651e-08 -3.49041482e-07
396.073  1.93594275e-07 -2.96358156e-07
396.239  3.22394681e-07 -1.58826172e-07
396.405  3.65198286e-07  2.83196049e-08
396.571  3.06483810e-07  2.15029645e-07
396.737  1.57460678e-07  3.49947419e-07
396.902 -4.47699029e-08  3.92165085e-07
397.068 -2.46777674e-07  3.23277251e-07
397.234 -3.90683117e-07  1.55459142e-07
397.400 -4.29523162e-07 -7.05717658e-08
397.566 -3.43334002e-07 -2.93466336e-07
397.731 -1.46664824e-07 -4.45819590e-07
397.897  1.11738237e-07 -4.75191922e-07
398.063  3.58136437e-07 -3.61012153e-07
398.229  5.14989777e-07 -1.24089871e-07
398.395  5.24677022e-07  1.73152488e-07
398.560  3.68962824e-07  4.42437031e-07
398.726  8.12135128e-08  5.95470010e-07
398.892 -2.58626594e-07  5.71047863e-07
399.058 -5.45947897e-07  3.59489360e-07
399.223 -6.81618808e-07  1.21349160e-08
399.389 -6.06146438e-07 -3.70397636e-07
399.555 -3.24945772e-07 -6.65173841e-07
399.721  8.81316578e-08 -7.65735106e-07
