0.164  8.90282360e-03 -1.41006873e-03
0.328  5.08646984e-03  1.30736999e-03
0.493  2.73457270e-03  2.51073791e-03
0.657  8.02304671e-04  2.74392555e-03
0.821 -6.57129013e-04  2.20051845e-03
0.985 -1.46214496e-03  1.24275620e-03
1.150 -1.65723890e-03  1.67595690e-04
1.314 -1.28107574e-03 -6.90309828e-04
1.478 -5.69303583e-04 -1.14848216e-03
1.642  1.79577867e-04 -1.13402508e-03
1.806  7.25009140e-04 -7.54042734e-04
1.971  9.38579132e-04 -1.77327691e-04
2.135  7.99021883e-04  3.74366183e-04
2.299  4.13835559e-04  7.13871058e-04
2.463 -6.47481409e-05  7.64685483e-04
2.628 -4.78824720e-04  5.29197004e-04
2.792 -6.49878881e-04  1.35463198e-04
2.956 -5.82966813e-04 -2.57628796e-04
3.120 -3.09456265e-04 -5.18591568e-04
3.285  4.77648173e-05 -5.62756330e-04
3.449  3.46651147e-04 -4.04804152e-04
3.613  4.89720015e-04 -1.21454733e-04
3.777  4.43580555e-04  1.85094730e-04
3.941  2.40633445e-04  3.98113036e-04
4.106 -3.47964639e-05  4.39105380e-04
4.270 -2.76769367e-04  3.20074274e-04
4.434 -3.94655762e-04  9.92444484e-05
4.598 -3.62873195e-04 -1.34295781e-04
4.763 -1.99466171e-04 -3.07082396e-04
4.927  2.69839234e-05 -3.55850797e-04
5.091  2.29851685e-04 -2.63678065e-04
5.255  3.32347863e-04 -7.77343214e-05
5.419  3.04631576e-04  1.25593255e-04
5.584  1.69691703e-04  2.66096390e-04
5.748 -2.10361589e-05  2.98259389e-04
5.912 -1.93887181e-04  2.19489483e-04
6.076 -2.84425520e-04  6.29911770e-05
6.241 -2.64848420e-04 -1.11800220e-04
6.405 -1.45449870e-04 -2.35220184e-04
6.569  2.26461665e-05 -2.62468614e-04
6.733  1.71048554e-04 -1.90927882e-04
6.898  2.45857386e-04 -5.26155165e-05
7.062  2.27463323e-04  9.75762576e-05
7.226  1.26430811e-04  2.05883448e-04
7.390 -1.40623488e-05  2.32899570e-04
7.554 -1.41626584e-04  1.72584999e-04
7.719 -2.09842634e-04  4.98429772e-05
7.883 -1.93371709e-04 -8.71985733e-05
8.047 -1.02673005e-04 -1.86847450e-04
8.211  2.25128121e-05 -2.10594088e-04
8.376  1.34542859e-04 -1.54243400e-04
8.540  1.90691830e-04 -4.36567059e-05
8.704  1.72194543e-04  7.72071949e-05
8.868  8.91237584e-05  1.62952793e-04
9.032 -2.60122062e-05  1.81668129e-04
9.197 -1.27582641e-04  1.30633726e-04
9.361 -1.77661287e-04  3.28145430e-05
9.525 -1.61101572e-04 -7.43917791e-05
9.689 -8.66883318e-05 -1.49674261e-04
9.854  1.58751381e-05 -1.66059314e-04
10.018  1.08013405e-04 -1.20121080e-04
10.182  1.55449078e-04 -3.06552742e-05
10.346  1.41182803e-04  6.64042488e-05
10.510  7.34523199e-05  1.33482627e-04
10.675 -1.95912892e-05  1.46726293e-04
10.839 -1.01956332e-04  1.02920891e-04
11.003 -1.42825927e-04  2.08339317e-05
11.167 -1.27818978e-04 -6.67460772e-05
11.332 -6.43271104e-05 -1.26928688e-04
11.496  2.12211666e-05 -1.36989614e-04
11.660  9.49642498e-05 -9.38913172e-05
11.824  1.29349316e-04 -1.59068421e-05
11.989  1.13040203e-04  6.65189269e-05
12.153  5.42269235e-05  1.22439357e-04
12.317 -2.35971055e-05  1.31741872e-04
12.481 -9.08878935e-05  9.30194485e-05
12.645 -1.22577437e-04  2.27401944e-05
12.810 -1.07678507e-04 -5.20022329e-05
12.974 -5.33859554e-05 -1.02873118e-04
13.138  1.85739037e-05 -1.11410324e-04
13.302  8.04188457e-05 -7.64408977e-05
13.467  1.09089595e-04 -1.30479533e-05
13.631  9.52792662e-05  5.39568460e-05
13.795  4.55085509e-05  9.92217074e-05
13.959 -2.06349449e-05  1.06364386e-04
14.123 -7.72917600e-05  7.37758760e-05
14.288 -1.02888364e-04  1.48073417e-05
14.452 -8.85585063e-05 -4.72262401e-05
14.616 -4.07036929e-05 -8.86695996e-05
14.780  2.15772676e-05 -9.46462934e-05
14.945  7.42016772e-05 -6.38139107e-05
15.109  9.77734492e-05 -9.04136820e-06
15.273  8.42868573e-05  4.76893769e-05
15.437  4.00979791e-05  8.46719579e-05
15.602 -1.67486458e-05  8.83322507e-05
15.766 -6.43128793e-05  5.79616294e-05
15.930 -8.47614404e-05  5.95181256e-06
16.094 -7.07918745e-05 -4.74753224e-05
16.258 -2.87388840e-05 -8.20959964e-05
16.423  2.45535294e-05 -8.50097106e-05
16.587  6.86478960e-05 -5.59318052e-05
16.751  8.68265345e-05 -6.92128201e-06
16.915  7.26462252e-05  4.29629786e-05
17.080  3.23739847e-05  7.46992788e-05
17.244 -1.81954950e-05  7.66960106e-05
17.408 -5.97035025e-05  4.92629300e-05
17.572 -7.66126113e-05  3.64960567e-06
17.736 -6.33903346e-05 -4.23974065e-05
17.901 -2.59401001e-05 -7.12114822e-05
18.065  2.08853311e-05 -7.22978873e-05
18.229  5.87519774e-05 -4.59762594e-05
18.393  7.33176229e-05 -2.81217603e-06
18.558  5.95954855e-05  4.02329756e-05
18.722  2.32894609e-05  6.67356327e-05
18.886 -2.13175698e-05  6.71927265e-05
19.050 -5.70993495e-05  4.20079678e-05
19.214 -7.09222505e-05  1.42717005e-06
19.379 -5.81665950e-05 -3.84788653e-05
19.543 -2.44038891e-05 -6.24996494e-05
19.707  1.67722739e-05 -6.18003652e-05
19.871  4.95397928e-05 -3.71130776e-05
20.036  6.17712131e-05  1.47598422e-06
20.200  4.93367544e-05  3.89815130e-05
20.364  1.78207340e-05  6.13458514e-05
20.528 -2.00643318e-05  6.04049637e-05
20.693 -4.96785377e-05  3.71321996e-05
20.857 -5.97161151e-05  1.00062728e-06
21.021 -4.66470300e-05 -3.40565303e-05
21.185 -1.60038857e-05 -5.47189243e-05
21.349  2.02646948e-05 -5.34476432e-05
21.514  4.82554691e-05 -3.14559934e-05
21.678  5.74182192e-05  2.30344999e-06
21.842  4.48369016e-05  3.46422774e-05
22.006  1.58853533e-05  5.31103912e-05
22.171 -1.80668422e-05  5.10327781e-05
22.335 -4.38625691e-05  2.97388927e-05
22.499 -5.18716827e-05 -2.28713385e-06
22.663 -3.95532796e-05 -3.25029575e-05
22.827 -1.20155019e-05 -4.93666335e-05
22.992  1.98160847e-05 -4.68502590e-05
23.156  4.35632125e-05 -2.63467563e-05
23.320  5.04065624e-05  3.82517361e-06
23.484  3.80916808e-05  3.17146484e-05
23.649  1.16925344e-05  4.66937169e-05
23.813 -1.83344725e-05  4.32634751e-05
23.977 -4.05419782e-05  2.29711510e-05
24.141 -4.67498826e-05 -6.08458565e-06
24.306 -3.49170665e-05 -3.27095509e-05
24.470 -1.00513834e-05 -4.69508365e-05
24.634  1.79933102e-05 -4.36324214e-05
24.798  3.85088607e-05 -2.44584778e-05
24.962  4.37860277e-05  2.82310676e-06
25.127  3.21559727e-05  2.77272171e-05
25.291  8.57201701e-06  4.08433686e-05
25.455 -1.76926042e-05  3.74486864e-05
25.619 -3.65183704e-05  1.93767683e-05
25.784 -4.07751861e-05 -6.08818481e-06
25.948 -2.92087438e-05 -2.90491796e-05
26.112 -6.58303108e-06 -4.06888976e-05
26.276  1.83030634e-05 -3.68475634e-05
26.440  3.58505338e-05 -1.93906066e-05
26.605  3.95456702e-05  4.76721627e-06
26.769  2.83723117e-05  2.61806842e-05
26.933  6.88708749e-06  3.66725025e-05
27.097 -1.64274733e-05  3.25335237e-05
27.262 -3.25244947e-05  1.56297879e-05
27.426 -3.54440037e-05 -7.27774643e-06
27.590 -2.43172446e-05 -2.71666936e-05
27.754 -3.64937152e-06 -3.64802537e-05
27.918  1.83773661e-05 -3.18343762e-05
28.083  3.33358325e-05 -1.51899231e-05
28.247  3.57069311e-05  6.81616782e-06
28.411  2.48040864e-05  2.56932676e-05
28.575  5.13220314e-06  3.43958823e-05
28.740 -1.55590143e-05  2.97975728e-05
28.904 -2.94053737e-05  1.39792219e-05
29.068 -3.12279120e-05 -6.69420707e-06
29.232 -2.05760084e-05 -2.42552199e-05
29.397 -1.87333499e-06 -3.20200813e-05
29.561  1.75717718e-05 -2.71548586e-05
29.725  3.02857242e-05 -1.18196434e-05
29.889  3.14475932e-05  7.95308459e-06
30.053  2.08636961e-05  2.45840122e-05
30.218  2.79537099e-06  3.17560007e-05
30.382 -1.57855895e-05  2.69912889e-05
30.546 -2.77501105e-05  1.24328449e-05
30.710 -2.87014025e-05 -6.17566687e-06
30.875 -1.85967099e-05 -2.15817492e-05
31.039 -1.51577170e-06 -2.79346005e-05
31.203  1.58237121e-05 -2.30713248e-05
31.367  2.67182458e-05 -9.08327073e-06
31.531  2.71788929e-05  8.46617953e-06
31.696  1.72262272e-05  2.26965083e-05
31.860  8.37820852e-07  2.82433191e-05
32.024 -1.55411829e-05  2.31502413e-05
32.188 -2.56856858e-05  9.51354232e-06
32.353 -2.59009101e-05 -7.24610254e-06
32.517 -1.62798490e-05 -2.06646356e-05
32.681 -7.53834797e-07 -2.57369102e-05
32.845  1.45734872e-05 -2.06533781e-05
33.010  2.38844178e-05 -7.57146683e-06
33.174  2.37012962e-05  8.30177311e-06
33.338  1.42634904e-05  2.08946533e-05
33.502 -5.84703153e-07  2.54601526e-05
33.666 -1.51006249e-05  2.03940042e-05
33.831 -2.37737716e-05  7.89598120e-06
33.995 -2.33921696e-05 -7.10689199e-06
34.159 -1.43715916e-05 -1.88561550e-05
34.323 -3.98757403e-07 -2.28858200e-05
34.488  1.30702862e-05 -1.78570057e-05
34.652  2.08014375e-05 -5.93792425e-06
34.816  1.99125818e-05  8.18305299e-06
34.980  1.09292412e-05  1.89972238e-05
35.144 -2.61189001e-06  2.23822997e-05
35.309 -1.54437029e-05  1.72140606e-05
35.473 -2.26374754e-05  5.58931107e-06
35.637 -2.15937040e-05 -7.95028921e-06
35.801 -1.28524125e-05 -1.81629029e-05
35.966  1.41451893e-07 -2.12666538e-05
36.130  1.23187886e-05 -1.62539778e-05
36.294  1.90979144e-05 -5.19288308e-06
36.458  1.80749985e-05  7.49998358e-06
36.622  9.81476509e-06  1.69121223e-05
36.787 -2.29303337e-06  1.95350641e-05
36.951 -1.34582315e-05  1.44587217e-05
37.115 -1.94198941e-05  3.78438232e-06
37.279 -1.79328452e-05 -8.25094927e-06
37.444 -9.66355338e-06 -1.70492970e-05
37.608  2.07733424e-06 -1.92968984e-05
37.772  1.27872319e-05 -1.42314985e-05
37.936  1.84317889e-05 -3.97736260e-06
38.101  1.69486036e-05  7.45219525e-06
38.265  9.11950696e-06  1.56903277e-05
38.429 -1.88498978e-06  1.76148623e-05
38.593 -1.17850732e-05  1.26443519e-05
38.757 -1.67405889e-05  2.85544525e-06
38.922 -1.49193738e-05 -7.93380449e-06
39.086 -7.15945163e-06 -1.55381258e-05
39.250  3.50908400e-06 -1.70813637e-05
39.414  1.29581135e-05 -1.21232645e-05
39.579  1.75796970e-05 -2.65780711e-06
39.743  1.57501628e-05  7.62423322e-06
39.907  8.29810516e-06  1.47473652e-05
40.071 -1.83360718e-06  1.60952948e-05
40.235 -1.06772890e-05  1.12995042e-05
40.400 -1.48953731e-05  2.31209517e-06
40.564 -1.30027052e-05 -7.28191264e-06
40.728 -5.82934595e-06 -1.37649114e-05
40.892  3.73049589e-06 -1.47215456e-05
41.057  1.19236406e-05 -9.83906673e-06
41.221  1.56474248e-05 -1.08494107e-06
41.385  1.35133203e-05  8.09822783e-06
41.549  6.40991410e-06  1.42298271e-05
41.714 -2.84200441e-06  1.50215240e-05
41.878 -1.07158089e-05  1.02498631e-05
42.042 -1.42684474e-05  1.87991547e-06
42.206 -1.22278509e-05 -6.83573288e-06
42.370 -5.54749998e-06 -1.25946524e-05
42.535  3.08734043e-06 -1.32411677e-05
42.699  1.03377662e-05 -8.67254852e-06
42.863  1.34090219e-05 -7.90278136e-07
43.027  1.11988494e-05  7.32656528e-06
43.192  4.68541260e-06  1.25219451e-05
43.356 -3.57710416e-06  1.28294722e-05
43.520 -1.03766522e-05  8.24553625e-06
43.684 -1.31007063e-05  5.89945549e-07
43.848 -1.08039021e-05 -7.16363998e-06
44.013 -4.44208476e-06 -1.20194165e-05
44.177  3.50602483e-06 -1.22046942e-05
44.341  9.95012076e-06 -7.75250055e-06
44.505  1.24805409e-05 -4.34655492e-07
44.670  1.02410313e-05  6.86077970e-06
44.834  4.16814312e-06  1.13373126e-05
44.998 -3.30738292e-06  1.13658365e-05
45.162 -9.26860191e-06  7.00156635e-06
45.326 -1.14857304e-05  1.29208265e-08
45.491 -9.16212416e-06 -6.83664549e-06
45.655 -3.26626189e-06 -1.09438751e-05
45.819  3.84068979e-06 -1.07734351e-05
45.983  9.42925570e-06 -6.44322780e-06
46.148  1.13919877e-05  2.85907442e-07
46.312  9.01658809e-06  6.80621981e-06
46.476  3.31817860e-06  1.06504051e-05
46.640 -3.45404913e-06  1.03765295e-05
46.805 -8.71439995e-06  6.18962424e-06
46.969 -1.04576721e-05 -2.08080843e-07
47.133 -8.09186682e-06 -6.34666036e-06
47.297 -2.63704860e-06 -9.86180879e-06
47.461  3.77127433e-06 -9.44633207e-06
47.626  8.64329539e-06 -5.36712243e-06
47.790  1.01075707e-05  7.54305358e-07
47.954  7.68261274e-06  6.53455168e-06
48.118  2.35278662e-06  9.73062273e-06
48.283 -3.81543629e-06  9.17923710e-06
48.447 -8.42828171e-06  5.15928876e-06
48.611 -9.77058726e-06 -7.58573475e-07
48.775 -7.41771274e-06 -6.26137580e-06
48.939 -2.32384032e-06 -9.26216490e-06
49.104  3.48852102e-06 -8.69952923e-06
49.268  7.76488201e-06 -4.85185731e-06
49.432  8.92604615e-06  7.24329734e-07
49.596  6.57859355e-06  5.82235550e-06
49.761  1.68989137e-06  8.50944979e-06
49.925 -3.78098962e-06  7.78772497e-06
50.089 -7.73250310e-06  3.97442014e-06
50.253 -8.67462499e-06 -1.38766033e-06
50.418 -6.26961925e-06 -6.22182814e-06
50.582 -1.51385117e-06 -8.69884526e-06
50.746  3.73039246e-06 -7.88410899e-06
50.910  7.47425151e-06 -4.15564335e-06
51.074  8.29737152e-06  9.99643415e-07
51.239  5.94616817e-06  5.61740479e-06
51.403  1.40722398e-06  7.94117906e-06
51.567 -3.55872610e-06  7.13210544e-06
51.731 -7.03821601e-06  3.60297845e-06
51.896 -7.71162033e-06 -1.23943673e-06
52.060 -5.40403036e-06 -5.50546408e-06
52.224 -1.05901172e-06 -7.53475748e-06
52.388  3.62585552e-06 -6.59973568e-06
52.552  6.81518108e-06 -3.11244868e-06
52.717  7.31400808e-06  1.56811129e-06
52.881  4.98614236e-06  5.60834842e-06
53.045  7.44699347e-07  7.47109600e-06
53.209 -3.74625723e-06  6.50266994e-06
53.374 -6.75890214e-06  3.10456314e-06
53.538 -7.19780636e-06 -1.37807241e-06
53.702 -4.93679501e-06 -5.19555273e-06
53.866 -8.90192252e-07 -6.92779725e-06
54.030  3.33351924e-06 -5.95659726e-06
54.195  6.12963192e-06 -2.70067413e-06
54.359  6.46404581e-06  1.51599350e-06
54.523  4.24236502e-06  5.05634702e-06
54.687  3.91812426e-07  6.58193540e-06
54.852 -3.56762653e-06  5.51817441e-06
55.016 -6.12514461e-06  2.32701452e-06
55.180 -6.29851861e-06 -1.71987540e-06
55.344 -4.05791808e-06 -5.07890751e-06
55.509 -3.17946486e-07 -6.46525358e-06
55.673  3.48599693e-06 -5.37694520e-06
55.837  5.89793656e-06 -2.29896208e-06
56.001  6.00939653e-06  1.56627105e-06
56.165  3.84627049e-06  4.73110228e-06
56.330  2.79029615e-07  5.97972770e-06
56.494 -3.30983258e-06  4.89076449e-06
56.658 -5.52292332e-06  1.93566764e-06
56.822 -5.54664087e-06 -1.72990515e-06
56.987 -3.42710447e-06 -4.66429912e-06
57.151 -1.19778540e-10 -5.75011127e-06
57.315  3.38193426e-06 -4.61894967e-06
57.479  5.40996745e-06 -1.72461988e-06
57.643  5.34778676e-06  1.79149142e-06
57.808  3.24204890e-06  4.55662780e-06
57.972 -7.31659293e-08  5.54605501e-06
58.136 -3.29015521e-06  4.41198320e-06
58.300 -5.19716706e-06  1.61699550e-06
58.465 -5.09840410e-06 -1.71589664e-06
58.629 -3.05741801e-06 -4.30498929e-06
58.793  8.56853778e-08 -5.18416050e-06
58.957  3.09829453e-06 -4.03062140e-06
59.122  4.84120006e-06 -1.33523302e-06
59.286  4.65119108e-06  1.82793695e-06
59.450  2.63669746e-06  4.25444416e-06
59.614 -3.80313764e-07  5.01549649e-06
59.778 -3.24107891e-06  3.84141519e-06
59.943 -4.84778512e-06  1.23538864e-06
60.107 -4.59240343e-06 -1.79079978e-06
60.271 -2.62335024e-06 -4.07639249e-06
60.435  2.80343255e-07 -4.74360190e-06
60.600  3.00365066e-06 -3.58284932e-06
60.764  4.49216051e-06 -1.07786990e-06
60.928  4.21032776e-06  1.80165556e-06
61.092  2.31437608e-06  3.93012812e-06
61.256 -4.51917383e-07  4.50656062e-06
61.421 -2.99854041e-06  3.35687675e-06
61.585 -4.34207027e-06  9.41462141e-07
61.749 -4.00527463e-06 -1.78474866e-06
61.913 -2.13636694e-06 -3.75347122e-06
62.078  5.26228792e-07 -4.23754024e-06
62.242  2.93035121e-06 -3.07258132e-06
62.406  4.17169035e-06 -7.21606161e-07
62.570  3.79964512e-06  1.87690409e-06
62.734  1.97035274e-06  3.72966781e-06
62.899 -5.75152748e-07  4.15201836e-06
63.063 -2.84801662e-06  2.99268690e-06
63.227 -3.99971600e-06  7.33799567e-07
63.391 -3.59849893e-06 -1.73016566e-06
63.556 -1.83183065e-06 -3.46900071e-06
63.720  5.79619107e-07 -3.82251674e-06
63.884  2.71065184e-06 -2.67791095e-06
64.048  3.74313149e-06 -5.22261854e-07
64.213  3.28644803e-06  1.80576613e-06
64.377  1.55682116e-06  3.41015033e-06
64.541 -7.65561811e-07  3.66885151e-06
64.705 -2.79126637e-06  2.51511529e-06
64.869 -3.73408424e-06  4.14631550e-07
65.034 -3.25964869e-06 -1.82997674e-06
65.198 -1.58460185e-06 -3.34811052e-06
65.362  6.43876251e-07 -3.57735318e-06
65.526  2.55535220e-06 -2.47375593e-06
65.691  3.41970246e-06 -4.77178130e-07
65.855  2.94555729e-06  1.62303033e-06
66.019  1.33562794e-06  3.00301276e-06
66.183 -7.70186688e-07  3.15855182e-06
66.347 -2.53326777e-06  2.04714379e-06
66.512 -3.28801679e-06  1.07136059e-07
66.676 -2.75966116e-06 -1.88651024e-06
66.840 -1.15316819e-06 -3.17198453e-06
67.004  8.90327483e-07 -3.27549546e-06
67.169  2.58503838e-06 -2.15973474e-06
67.333  3.30755432e-06 -2.76531041e-07
67.497  2.79177120e-06  1.63758814e-06
67.661  1.26429986e-06  2.87147379e-06
67.826 -6.54600175e-07  2.96541875e-06
67.990 -2.23363231e-06  1.90916327e-06
68.154 -2.87080701e-06  1.53993754e-07
68.318 -2.33028596e-06 -1.61392824e-06
68.482 -8.58948710e-07 -2.71060342e-06
68.647  9.60966416e-07 -2.70550348e-06
68.811  2.42781210e-06 -1.62482244e-06
68.975  2.96362171e-06  1.01190240e-07
69.139  2.37775613e-06  1.81613876e-06
69.304  9.14267259e-07  2.85327702e-06
69.468 -8.72983114e-07  2.82844390e-06
69.632 -2.29430078e-06  1.78198072e-06
69.796 -2.81422402e-06  1.18591463e-07
69.960 -2.27196601e-06 -1.51518193e-06
70.125 -8.92852112e-07 -2.48875144e-06
70.289  7.77988430e-07 -2.46174465e-06
70.453  2.07775371e-06 -1.46789875e-06
70.617  2.52367479e-06  9.44475261e-08
70.782  1.96358054e-06  1.59343255e-06
70.946  6.20277355e-07  2.45234935e-06
71.110 -9.62050738e-07  2.35432719e-06
71.274 -2.16692791e-06  1.33489064e-06
71.438 -2.54591384e-06 -1.96307884e-07
71.603 -1.95148776e-06 -1.63978683e-06
71.767 -6.24817129e-07 -2.45919480e-06
71.931  9.06677141e-07 -2.34468558e-06
72.095  2.06957527e-06 -1.35210318e-06
72.260  2.42674762e-06  1.10480288e-07
72.424  1.85034850e-06  1.48549404e-06
72.588  5.94122527e-07  2.25404629e-06
72.752 -8.50338480e-07  2.12436110e-06
72.917 -1.93356919e-06  1.17718046e-06
73.081 -2.23487131e-06 -2.03669560e-07
73.245 -1.66072976e-06 -1.48874661e-06
73.409 -4.56885551e-07 -2.17326189e-06
73.573  9.13080611e-07 -2.00404369e-06
73.738  1.91044262e-06 -1.07126963e-06
73.902  2.15115919e-06  2.65286568e-07
74.066  1.56642288e-06  1.48369750e-06
74.230  3.84839739e-07  2.10882164e-06
74.395 -9.35381867e-07  1.92315224e-06
74.559 -1.87521618e-06  1.00866977e-06
74.723 -2.09199488e-06 -2.79662177e-07
74.887 -1.51911618e-06 -1.42940275e-06
75.051 -3.80252487e-07 -2.00757574e-06
75.216  8.66758488e-07 -1.81039032e-06
75.380  1.74082239e-06 -9.15660554e-07
75.544  1.92381433e-06  3.14600349e-07
75.708  1.34704789e-06  1.39709228e-06
75.873  2.46081211e-07  1.93182166e-06
76.037 -9.38642596e-07  1.71675578e-06
76.201 -1.76385422e-06  8.44060547e-07
76.365 -1.91876225e-06 -3.28244133e-07
76.530 -1.34958899e-06 -1.35451702e-06
76.694 -3.01187092e-07 -1.84826306e-06
76.858  8.18162480e-07 -1.62128208e-06
77.022  1.58427646e-06 -7.86289507e-07
77.186  1.69807577e-06  3.20576507e-07
77.351  1.13399438e-06  1.27632197e-06
77.515  1.28492388e-07  1.70319080e-06
77.679 -9.33542342e-07  1.44373831e-06
77.843 -1.63358447e-06  6.16156744e-07
78.008 -1.70072190e-06 -4.65156436e-07
78.172 -1.12685290e-06 -1.38109911e-06
78.336 -1.30427962e-07 -1.77601883e-06
78.500  9.07924926e-07 -1.51893977e-06
78.664  1.58455264e-06 -7.15976992e-07
78.829  1.66100281e-06  3.24806655e-07
78.993  1.12594141e-06  1.19251110e-06
79.157  1.89911566e-07  1.56685323e-06
79.321 -7.68344026e-07  1.32515899e-06
79.486 -1.37892144e-06  5.66526055e-07
79.650 -1.42324810e-06 -3.96504020e-07
79.814 -8.86079568e-07 -1.17971513e-06
79.978  1.21578875e-08 -1.49121328e-06
80.142  9.08028865e-07 -1.20845415e-06
80.307  1.46359484e-06 -4.43308277e-07
80.471  1.46420203e-06  4.94107633e-07
80.635  9.06607961e-07  1.25032140e-06
80.799  1.97494181e-08  1.54099978e-06
80.964 -8.59414441e-07  1.25209978e-06
81.128 -1.40514676e-06  5.11399150e-07
81.292 -1.40777520e-06 -3.91057421e-07
81.456 -8.84398140e-07 -1.11940225e-06
81.621 -5.26994846e-08 -1.39259307e-06
81.785  7.72206411e-07 -1.11915750e-06
81.949  1.26809163e-06 -4.26812619e-07
82.113  1.24789030e-06  4.17036560e-07
82.277  7.40868000e-07  1.08089614e-06
82.442 -5.42308695e-08  1.30336392e-06
82.606 -8.27115598e-07  1.01553882e-06
82.770 -1.26912040e-06  3.33230871e-07
82.934 -1.22186914e-06 -4.81321724e-07
83.099 -7.11255642e-07 -1.10262169e-06
83.263  6.98280698e-08 -1.29915649e-06
83.427  8.10130796e-07 -1.00741090e-06
83.591  1.22780326e-06 -3.36524709e-07
83.755  1.17803416e-06  4.45567822e-07
83.920  6.79985728e-07  1.03421973e-06
84.084 -6.56419754e-08  1.21863088e-06
84.248 -7.60681612e-07  9.30466266e-07
84.412 -1.14909989e-06  2.86927932e-07
84.577 -1.08534687e-06 -4.48225754e-07
84.741 -5.95688961e-07 -9.97880162e-07
84.905  1.14438216e-07 -1.15593152e-06
85.069  7.72160118e-07 -8.59430132e-07
85.234  1.13188357e-06 -2.37893942e-07
85.398  1.05151030e-06  4.64250910e-07
85.562  5.74748931e-07  9.85260967e-07
85.726 -1.03604835e-07  1.12087487e-06
85.890 -7.29283321e-07  8.27633378e-07
86.055 -1.05781930e-06  2.34469816e-07
86.219 -9.65672449e-07 -4.33571172e-07
86.383 -5.05942955e-07 -9.16164153e-07
86.547  1.43813113e-07 -1.02405384e-06
86.712  7.31847416e-07 -7.31390826e-07
86.876  1.02332441e-06 -1.54596472e-07
87.040  9.17488440e-07  4.85561578e-07
87.204  4.61545562e-07  9.32493944e-07
87.368 -1.73221003e-07  1.02133166e-06
87.533 -7.33659583e-07  7.27959511e-07
87.697 -1.00750687e-06  1.60887291e-07
87.861 -9.03493687e-07 -4.54367504e-07
88.025 -4.60495344e-07 -8.79374815e-07
88.190  1.44100692e-07 -9.65888859e-07
88.354  6.69014991e-07 -6.83191881e-07
88.518  9.23943954e-07 -1.45872101e-07
88.682  8.14905973e-07  4.24813786e-07
88.846  3.85943829e-07  8.14561732e-07
89.011 -1.81884217e-07  8.77565294e-07
89.175 -6.69730286e-07  5.86689693e-07
89.339 -8.94958456e-07  6.70282894e-08
89.503 -7.65085465e-07 -4.77391792e-07
89.668 -3.38958970e-07 -8.44341596e-07
89.832  2.12212291e-07 -8.87484538e-07
89.996  6.84912942e-07 -5.95622635e-07
90.160  8.95025279e-07 -9.21482429e-08
90.325  7.64490563e-07  4.35968679e-07
90.489  3.58432235e-07  7.85758326e-07
90.653 -1.68516557e-07  8.22107708e-07
90.817 -6.14309711e-07  5.47108597e-07
90.981 -8.02033646e-07  7.07824047e-08
91.146 -6.72138405e-07 -4.24151703e-07
91.310 -2.82231982e-07 -7.37611407e-07
91.474  2.19595690e-07 -7.55402450e-07
91.638  6.29980543e-07 -4.79506423e-07
91.803  7.91852460e-07 -1.20385802e-08
91.967  6.52927129e-07  4.59740998e-07
92.131  2.62549242e-07  7.51487962e-07
92.295 -2.25258749e-07  7.62517420e-07
92.459 -6.16942362e-07  4.87507214e-07
92.624 -7.73413157e-07  3.39474111e-08
92.788 -6.37723065e-07 -4.14203700e-07
92.952 -2.62711048e-07 -6.92821324e-07
93.116  1.94717936e-07 -7.00906351e-07
93.281  5.60743956e-07 -4.34432832e-07
93.445  7.01307079e-07 -9.07576221e-09
93.609  5.58931618e-07  4.07397893e-07
93.773  1.98401663e-07  6.60928521e-07
93.938 -2.33398725e-07  6.48753444e-07
94.102 -5.76331197e-07  3.80289322e-07
94.266 -6.94070742e-07 -3.12401405e-08
94.430 -5.41525212e-07 -4.33386456e-07
94.594 -1.88461641e-07 -6.70323677e-07
94.759  2.33155967e-07 -6.48509001e-07
94.923  5.63204092e-07 -3.88423413e-07
95.087  6.70454177e-07  9.25081136e-09
95.251  5.25055382e-07  3.94933196e-07
95.416  1.88629157e-07  6.13929265e-07
95.580 -2.12756103e-07  5.89917055e-07
95.744 -5.16910786e-07  3.41295021e-07
95.908 -6.09339967e-07 -3.93518541e-08
96.072 -4.64897083e-07 -3.98256186e-07
96.237 -1.36396252e-07 -5.94516619e-07
96.401  2.45029581e-07 -5.62767328e-07
96.565  5.26056152e-07 -3.13577801e-07
96.729  6.07676766e-07  5.58628464e-08
96.894  4.59410178e-07  3.94728025e-07
97.058  1.36992500e-07  5.79738258e-07
97.222 -2.25658880e-07  5.43938126e-07
97.386 -4.92391129e-07  2.98467787e-07
97.550 -5.67163419e-07 -5.21054014e-08
97.715 -4.17807249e-07 -3.71202896e-07
97.879 -1.10318356e-07 -5.43144792e-07
98.043  2.30662563e-07 -4.97778436e-07
98.207  4.80403729e-07 -2.57409560e-07
98.372  5.39268809e-07  7.64105708e-08
98.536  3.85173405e-07  3.80734920e-07
98.700  8.75495155e-08  5.37084767e-07
98.864 -2.42810971e-07  4.82644249e-07
99.029 -4.80350959e-07  2.48675824e-07
99.193 -5.29150161e-07 -7.53150134e-08
99.357 -3.79939729e-07 -3.68436147e-07
99.521 -9.38104985e-08 -5.12367399e-07
99.685  2.23615092e-07 -4.58935283e-07
99.850  4.44152469e-07 -2.36292108e-07
100.014  4.86192285e-07  7.37126330e-08
100.178  3.43399509e-07  3.45908195e-07
100.342  6.81184795e-08  4.73871468e-07
100.507 -2.29267227e-07  4.18166862e-07
100.671 -4.28275191e-07  1.98831519e-07
100.835 -4.60412982e-07 -9.81632446e-08
100.999 -3.13384896e-07 -3.50116264e-07
101.163 -4.19589579e-08 -4.65864295e-07
101.328  2.40799295e-07 -4.03282170e-07
101.492  4.29385442e-07 -1.82386894e-07
101.656  4.56597358e-07  1.04173548e-07
101.820  3.07593248e-07  3.46280704e-07
101.985  4.60233986e-08  4.58329233e-07
102.149 -2.23634903e-07  3.93904649e-07
102.313 -4.05377943e-07  1.82299822e-07
102.477 -4.27385676e-07 -8.73273335e-08
102.642 -2.82994100e-07 -3.17110393e-07
102.806 -3.79479214e-08 -4.17975845e-07
102.970  2.16315684e-07 -3.49456270e-07
103.134  3.82564403e-07 -1.48146328e-07
103.298  3.91945221e-07  1.08350855e-07
103.463  2.48966531e-07  3.23696393e-07
103.627  1.12915853e-08  4.08539200e-07
103.791 -2.33933571e-07  3.35355159e-07
103.955 -3.86367758e-07  1.37376664e-07
104.120 -3.89564204e-07 -1.14458470e-07
104.284 -2.49821168e-07 -3.19008002e-07
104.448 -1.66174431e-08 -3.96868321e-07
104.612  2.17921756e-07 -3.27192432e-07
104.776  3.59692930e-07 -1.34871860e-07
104.941  3.62899609e-07  1.05397355e-07
105.105  2.27007985e-07  2.94450135e-07
105.269  3.13595475e-09  3.65964231e-07
105.433 -2.14395452e-07  2.95314404e-07
105.598 -3.44950178e-07  1.06621318e-07
105.762 -3.42983110e-07 -1.19761679e-07
105.926 -2.05011185e-07 -2.96346035e-07
106.090  1.00228159e-08 -3.61291492e-07
106.254  2.15855455e-07 -2.85525586e-07
106.419  3.40011957e-07 -1.01521555e-07
106.583  3.32039425e-07  1.13674767e-07
106.747  1.95699869e-07  2.83240359e-07
106.911 -8.35504176e-09  3.41196330e-07
107.076 -2.05435801e-07  2.63342354e-07
107.240 -3.20883806e-07  8.83199467e-08
107.404 -3.06106634e-07 -1.17500172e-07
107.568 -1.74276200e-07 -2.77893818e-07
107.733  2.19916869e-08 -3.25761408e-07
107.897  2.11643787e-07 -2.47874113e-07
108.061  3.16559166e-07 -7.88186095e-08
108.225  2.98843643e-07  1.21331676e-07
108.389  1.72316919e-07  2.71644004e-07
108.554 -1.83761082e-08  3.13781450e-07
108.718 -1.97492924e-07  2.39841514e-07
108.882 -2.92485080e-07  7.62030068e-08
109.046 -2.74647259e-07 -1.13532399e-07
109.211 -1.50932458e-07 -2.50130843e-07
109.375  3.24556469e-08 -2.86790827e-07
109.539  1.97589511e-07 -2.11438720e-07
109.703  2.83848109e-07 -4.96534437e-08
109.867  2.61895441e-07  1.29610051e-07
110.032  1.35589025e-07  2.57477719e-07
110.196 -4.16845680e-08  2.90311731e-07
110.360 -1.99244005e-07  2.11227054e-07
110.524 -2.83118258e-07  5.31940600e-08
110.689 -2.58521113e-07 -1.18050569e-07
110.853 -1.35434585e-07 -2.42927239e-07
111.017  3.16923892e-08 -2.73084872e-07
111.181  1.82774687e-07 -1.95504014e-07
111.346  2.61167735e-07 -4.81641969e-08
111.510  2.33289177e-07  1.13355447e-07
111.674  1.17193995e-07  2.29653029e-07
111.838 -4.05691850e-08  2.51000555e-07
112.002 -1.83070909e-07  1.74096262e-07
112.167 -2.50183818e-07  3.26973112e-08
112.331 -2.17924808e-07 -1.23281723e-07
112.495 -1.04478650e-07 -2.29705137e-07
112.659  5.09010404e-08 -2.44613541e-07
112.824  1.86468646e-07 -1.69040960e-07
112.988  2.46803360e-07 -2.89633074e-08
113.152  2.15655478e-07  1.22064502e-07
113.316  1.04264962e-07  2.21055048e-07
113.480 -4.66326444e-08  2.35930715e-07
113.645 -1.73096109e-07  1.62963906e-07
113.809 -2.30206825e-07  2.70515828e-08
113.973 -2.00218405e-07 -1.13452177e-07
114.137 -9.09864595e-08 -2.05033671e-07
114.302  5.04226764e-08 -2.17886639e-07
114.466  1.66975132e-07 -1.43364805e-07
114.630  2.19535658e-07 -1.29701662e-08
114.794  1.84947908e-07  1.18178765e-07
114.958  7.66544023e-08  2.04922347e-07
115.123 -5.74528640e-08  2.12680678e-07
115.287 -1.69898214e-07  1.36303527e-07
115.451 -2.18482900e-07  1.17986399e-08
115.615 -1.80878532e-07 -1.14943448e-07
115.780 -7.77215043e-08 -1.98238753e-07
115.944  5.05055514e-08 -2.01717311e-07
116.108  1.58710448e-07 -1.28751567e-07
116.272  2.00906698e-07 -1.09923225e-08
116.437  1.63134894e-07  1.10724167e-07
116.601  6.54877981e-08  1.85916789e-07
116.765 -5.84540339e-08  1.85036791e-07
116.929 -1.58916252e-07  1.14824944e-07
117.093 -1.94099346e-07 -6.04818920e-10
117.258 -1.56716369e-07 -1.16918957e-07
117.422 -6.00365161e-08 -1.84626748e-07
117.586  6.08793794e-08 -1.82981239e-07
117.750  1.54129485e-07 -1.13865289e-07
117.915  1.87354620e-07 -4.42719282e-10
118.079  1.51336251e-07  1.08381129e-07
118.243  5.60953015e-08  1.71655652e-07
118.407 -5.73624751e-08  1.70119599e-07
118.571 -1.43411857e-07  1.00773141e-07
118.736 -1.74471344e-07 -7.13270266e-09
118.900 -1.35822565e-07 -1.07730100e-07
119.064 -4.25244724e-08 -1.67385088e-07
119.228  6.38278123e-08 -1.61861058e-07
119.393  1.46246010e-07 -9.11928068e-08
119.557  1.73762193e-07  1.14374284e-08
119.721  1.32167074e-07  1.08684615e-07
119.885  4.29164777e-08  1.65926268e-07
120.050 -5.94057617e-08  1.56944818e-07
120.214 -1.39614826e-07  8.93870391e-08
120.378 -1.62856809e-07 -7.90998171e-09
120.542 -1.22386974e-07 -1.02047508e-07
120.706 -3.87228307e-08 -1.53578208e-07
120.871  5.99254381e-08 -1.42344491e-07
121.035  1.33709264e-07 -7.86317841e-08
121.199  1.51454253e-07  1.58861501e-08
121.363  1.12154172e-07  1.04824021e-07
121.528  2.96748878e-08  1.49502388e-07
121.692 -6.62385077e-08  1.37555358e-07
121.856 -1.33631161e-07  7.43292434e-08
122.020 -1.49790710e-07 -1.93273683e-08
122.184 -1.11395652e-07 -1.02664042e-07
122.349 -2.91955016e-08 -1.44708631e-07
122.513  6.14753184e-08 -1.33900608e-07
122.677  1.24386035e-07 -7.07617246e-08
122.841  1.40728994e-07  1.82399776e-08
123.006  1.01636604e-07  9.52306046e-08
123.170  2.24030569e-08  1.35658795e-07
123.334 -6.12886184e-08  1.22858492e-07
123.498 -1.21072319e-07  5.99910747e-08
123.662 -1.34550943e-07 -2.30815854e-08
123.827 -9.31523150e-08 -9.64339210e-08
123.991 -1.78830364e-08 -1.34219744e-07
124.155  6.22385163e-08 -1.17745989e-07
124.319  1.20205719e-07 -5.70682824e-08
124.484  1.29770062e-07  2.22172183e-08
124.648  8.91345439e-08  9.40792154e-08
124.812  1.81266315e-08  1.27880535e-07
124.976 -6.00618258e-08  1.10383836e-07
125.141 -1.13769020e-07  5.37161356e-08
125.305 -1.19991409e-07 -2.32822170e-08
125.469 -8.18659418e-08 -9.10848160e-08
125.633 -1.27545216e-08 -1.19635619e-07
125.797  6.25825724e-08 -1.02604914e-07
125.962  1.10450929e-07 -4.71314873e-08
126.126  1.15498609e-07  2.86808531e-08
126.290  7.82789541e-08  9.12067510e-08
126.454  9.19183553e-09  1.17460567e-07
126.619 -6.17687677e-08  1.01445959e-07
126.783 -1.06224870e-07  4.56543860e-08
126.947 -1.12086656e-07 -2.65522148e-08
127.111 -7.44866407e-08 -8.42835519e-08
127.275 -8.05573746e-09 -1.10240805e-07
127.440  5.70006549e-08 -9.33354859e-08
127.604  9.94584858e-08 -3.84732735e-08
127.768  1.03514396e-07  2.79702207e-08
127.932  6.44894972e-08  8.24746110e-08
128.097  2.19000830e-09  1.06179868e-07
128.261 -5.94714856e-08  8.59797570e-08
128.425 -1.00227809e-07  3.30824800e-08
128.589 -1.00500943e-07 -3.02815539e-08
128.754 -6.18221514e-08 -8.39833333e-08
128.918 -2.65907166e-09 -1.04450149e-07
129.082  5.83837787e-08 -8.35536178e-08
129.246  9.64239788e-08 -3.41373366e-08
129.410  9.47989594e-08  2.79008535e-08
129.575  5.93284283e-08  7.89317111e-08
129.739  2.25945976e-09  9.58399963e-08
129.903 -5.61793760e-08  7.66799673e-08
130.067 -8.91665703e-08  2.93514466e-08
130.232 -8.70250392e-08 -3.08511943e-08
130.396 -5.28496134e-08 -7.64428074e-08
130.560  3.84533882e-09 -9.08535417e-08
130.724  5.78759141e-08 -7.21487904e-08
130.888  8.73736091e-08 -2.38649806e-08
131.053  8.54121410e-08  3.36733628e-08
131.217  4.98970157e-08  7.55231435e-08
131.381 -5.58840285e-09  9.01297164e-08
131.545 -5.56604109e-08  7.05338974e-08
131.710 -8.48810345e-08  2.25635836e-08
131.874 -8.24735268e-08 -3.06940345e-08
132.038 -4.64419680e-08 -7.10529602e-08
132.202  4.91718709e-09 -8.51021097e-08
132.366  5.21412867e-08 -6.38419086e-08
132.531  8.03699542e-08 -1.88440200e-08
132.695  7.51241799e-08  3.08543469e-08
132.859  4.01083612e-08  7.00364624e-08
133.023 -7.85947338e-09  8.07094567e-08
133.188 -5.41720431e-08  5.84836131e-08
133.352 -7.94481777e-08  1.62430872e-08
133.516 -7.19069761e-08 -3.28625111e-08
133.680 -3.90608846e-08 -7.00916521e-08
133.845  8.15099851e-09 -7.78101260e-08
134.009  5.33471532e-08 -5.72012321e-08
134.173  7.52138839e-08 -1.63315082e-08
134.337  6.82968004e-08  3.20380567e-08
134.501  3.72396102e-08  6.54346376e-08
134.666 -9.53896577e-09  7.21924768e-08
134.830 -5.09383948e-08  5.31288758e-08
134.994 -7.02270328e-08  1.21276666e-08
135.158 -6.41856834e-08 -3.33065779e-08
135.323 -3.24147429e-08 -6.31303966e-08
135.487  1.28385471e-08 -7.01312521e-08
135.651  5.03894107e-08 -5.01942543e-08
135.815  6.93899478e-08 -9.37201392e-09
135.979  6.27600859e-08  3.23432251e-08
136.144  3.02026064e-08  6.11832637e-08
136.308 -1.16933401e-08  6.79181807e-08
136.472 -4.73092011e-08  4.64816557e-08
136.636 -6.60582520e-08  8.25321428e-09
136.801 -5.72788968e-08 -3.06637183e-08
136.965 -2.59658719e-08 -5.90469503e-08
137.129  1.28409704e-08 -6.31956584e-08
137.293  4.79267680e-08 -4.13159930e-08
137.458  6.42539282e-08 -5.80920970e-09
137.622  5.36455196e-08  3.27075605e-08
137.786  2.44494774e-08  5.94896657e-08
137.950 -1.38885986e-08  6.11292544e-08
138.114 -4.82978601e-08  4.08658723e-08
138.279 -6.18812726e-08  6.40126751e-09
138.443 -5.22516324e-08 -3.18743571e-08
138.607 -2.48141684e-08 -5.56639690e-08
138.771  1.32897352e-08 -5.70800989e-08
138.936  4.45059062e-08 -3.87399859e-08
139.100  5.62286204e-08 -4.39734741e-09
139.264  4.79102342e-08  3.10446520e-08
139.428  2.01262318e-08  5.16156373e-08
139.592 -1.63167760e-08  5.34039012e-08
139.757 -4.38528856e-08  3.42390004e-08
139.921 -5.52585337e-08 -1.55837013e-11
140.085 -4.61462492e-08 -3.21789712e-08
140.249 -1.72328825e-08 -5.20929058e-08
140.414  1.66407173e-08 -5.36883068e-08
140.578  4.31257839e-08 -3.29412795e-08
140.742  5.49683241e-08 -6.75159196e-10
140.906  4.43167069e-08  2.96583592e-08
141.070  1.68067683e-08  5.00650814e-08
141.235 -1.43382277e-08  5.01220421e-08
141.399 -4.07816418e-08  2.97748869e-08
141.563 -5.09225309e-08  5.99079033e-10
141.727 -3.92331930e-08 -2.90983886e-08
141.892 -1.43108436e-08 -4.78599381e-08
142.056  1.59524768e-08 -4.55618880e-08
142.220  4.13279812e-08 -2.67549139e-08
142.384  4.84886168e-08  1.52281437e-09
142.549  3.72869526e-08  3.10275803e-08
142.713  1.34002295e-08  4.69351031e-08
142.877 -1.73165929e-08  4.42813527e-08
143.041 -4.03303492e-08  2.68369263e-08
143.205 -4.63284916e-08 -2.01433768e-09
143.370 -3.66634984e-08 -2.96658485e-08
143.534 -1.24188310e-08 -4.34790035e-08
143.698  1.70000396e-08 -4.20056972e-08
143.862  3.70832163e-08 -2.43587648e-08
144.027  4.34211864e-08  4.02794300e-09
144.191  3.35419972e-08  2.84714662e-08
144.355  8.69599221e-09  4.17374791e-08
144.519 -1.79801353e-08  4.01254060e-08
144.683 -3.69069288e-08  2.10145097e-08
144.848 -4.34360841e-08 -5.52200831e-09
145.012 -3.18094941e-08 -2.83829659e-08
145.176 -7.91996759e-09 -4.21796839e-08
145.340  1.67166480e-08 -3.90257479e-08
145.505  3.61407066e-08 -2.00644975e-08
145.669  4.14537808e-08  4.04216812e-09
145.833  2.90973269e-08  2.69460855e-08
145.997  7.61355728e-09  3.97944542e-08
146.162 -1.65081435e-08  3.49670876e-08
146.326 -3.53239878e-08  1.78018833e-08
146.490 -3.82738388e-08 -5.42117060e-09
146.654 -2.67503011e-08 -2.82539338e-08
146.818 -6.35855762e-09 -3.86248128e-08
146.983  1.82382591e-08 -3.37074024e-08
147.147  3.49849486e-08 -1.78805359e-08
147.311  3.70937114e-08  6.00174170e-09
147.475  2.71494589e-08  2.73159906e-08
147.640  6.37098651e-09  3.60887924e-08
147.804 -1.71644258e-08  3.26242888e-08
147.968 -3.14939795e-08  1.67900747e-08
148.132 -3.43333086e-08 -6.56277966e-09
148.296 -2.44985591e-08 -2.49329195e-08
148.461 -3.42091486e-09 -3.34001942e-08
148.625  1.73653697e-08 -2.99641188e-08
148.789  3.05721535e-08 -1.28944574e-08
148.953  3.35099900e-08  8.60382846e-09
149.118  2.18976579e-08  2.54770204e-08
149.282  1.56576640e-09  3.43783417e-08
149.446 -1.75731978e-08  2.93045124e-08
149.610 -3.15066937e-08  1.21182326e-08
149.774 -3.34161761e-08 -7.52772195e-09
149.939 -2.11320550e-08 -2.49801994e-08
150.103 -2.86679894e-09 -3.34574591e-08
150.267  1.62082310e-08 -2.72240761e-08
150.431  3.00334971e-08 -1.19880264e-08
150.596  3.02214700e-08  6.81783633e-09
150.760  1.91946131e-08  2.42989107e-08
150.924  2.24744453e-09  3.06203537e-08
151.088 -1.70689779e-08  2.45433635e-08
151.253 -2.87755737e-08  1.07016705e-08
151.417 -2.80650659e-08 -8.64885126e-09
151.581 -1.83203475e-08 -2.45960440e-08
151.745 -6.97448133e-10 -2.93253738e-08
151.909  1.79200574e-08 -2.44015543e-08
152.074  2.76755225e-08 -1.01296275e-08
152.238  2.78827342e-08  9.23811454e-09
152.402  1.82168464e-08  2.30444458e-08
152.566  1.06320927e-10  2.81594350e-08
152.731 -1.63333253e-08  2.37662719e-08
152.895 -2.56470828e-08  8.67394480e-09
153.059 -2.65567004e-08 -8.79187688e-09
153.223 -1.57764564e-08 -2.13020315e-08
153.387  1.13453096e-09 -2.70497044e-08
153.552  1.57238094e-08 -2.13757281e-08
153.716  2.55361143e-08 -6.49690316e-09
153.880  2.53143642e-08  8.97971205e-09
154.044  1.38227354e-08  2.18487261e-08
154.209 -1.24060918e-09  2.69553439e-08
154.373 -1.59147799e-08  1.99622924e-08
154.537 -2.56774886e-08  6.65151589e-09
154.701 -2.38336305e-08 -8.41088975e-09
154.866 -1.34530813e-08 -2.16439155e-08
155.030  6.22474870e-10 -2.50049425e-08
155.194  1.58361639e-08 -1.83971368e-08
155.358  2.39131517e-08 -6.44737028e-09
155.522  2.15562129e-08  9.20803118e-09
155.687  1.25850562e-08  2.11124629e-08
155.851 -2.06802887e-09  2.31706401e-08
156.015 -1.66034019e-08  1.77919697e-08
156.179 -2.29154009e-08  5.44638209e-09
156.344 -2.14995472e-08 -1.02482708e-08
156.508 -1.25518604e-08 -2.02384749e-08
156.672  2.65614782e-09 -2.28087147e-08
156.836  1.53055464e-08 -1.79636029e-08
157.000  2.14590974e-08 -4.81146953e-09
157.165  2.08877919e-08  9.18927779e-09
157.329  1.09992026e-08  1.81886766e-08
157.493 -3.01237691e-09  2.15726147e-08
157.657 -1.39929994e-08  1.56772667e-08
157.822 -2.07311879e-08  2.87568358e-09
157.986 -1.91572111e-08 -9.21357616e-09
158.150 -8.67577006e-09 -1.85824202e-08
158.314  3.59188819e-09 -2.13375932e-08
158.478  1.47384256e-08 -1.41783868e-08
158.643  2.14627053e-08 -2.78025541e-09
158.807  1.83743548e-08  9.11288255e-09
158.971  8.91455191e-09  1.90012192e-08
159.135 -2.59637219e-09  2.02664946e-08
159.300 -1.44663317e-08  1.36176969e-08
159.464 -1.98150334e-08  3.50820942e-09
159.628 -1.64983620e-08 -9.02185346e-09
159.792 -8.53251057e-09 -1.77452078e-08
159.957  3.44697974e-09 -1.79436984e-08
160.121  1.45931305e-08 -1.25850900e-08
160.285  1.82515540e-08 -2.15268652e-09
160.449  1.57922701e-08  1.03330781e-08
160.613  7.72118348e-09  1.71833063e-08
160.778 -4.89700455e-09  1.77886239e-08
160.942 -1.43729450e-08  1.27198558e-08
161.106 -1.79942264e-08  1.25534836e-09
161.270 -1.62932352e-08 -9.92934756e-09
161.435 -7.16701899e-09 -1.62049940e-08
161.599  4.56594753e-09 -1.78449191e-08
161.763  1.28525614e-08 -1.19114475e-08
161.927  1.74279529e-08 -8.18611335e-10
162.091  1.50966076e-08  8.69546090e-09
162.256  5.68979157e-09  1.55650525e-08
162.420 -4.24874629e-09  1.68361542e-08
162.584 -1.26844039e-08  9.95704491e-09
162.748 -1.72439557e-08  3.87894229e-10
162.913 -1.35174847e-08 -8.86086401e-09
163.077 -5.11786327e-09 -1.61358632e-08
163.241  4.16206773e-09 -1.59183542e-08
163.405  1.33352045e-08 -9.45676513e-09
163.570  1.66190148e-08 -9.34941005e-10
163.734  1.27131834e-08  9.12769843e-09
163.898  5.65090777e-09  1.54892807e-08
164.062 -4.24568016e-09  1.44836535e-08
164.226 -1.29165457e-08  9.38615066e-09
164.391 -1.48529808e-08  5.81427434e-10
164.555 -1.20033291e-08 -9.44231952e-09
164.719 -4.98776719e-09 -1.41149750e-08
164.883  5.37831519e-09 -1.36313091e-08
165.048  1.23800220e-08 -8.87934982e-09
165.212  1.42621164e-08  8.27261011e-10
165.376  1.20544272e-08  9.54087104e-09
165.540  3.94859131e-09  1.36454432e-08
165.704 -5.64575682e-09  1.40530514e-08
165.869 -1.16354343e-08  8.32877817e-09
166.033 -1.44826219e-08 -1.17328828e-09
166.197 -1.16338077e-08 -8.51762464e-09
166.361 -3.19323452e-09 -1.33938072e-08
166.526  4.85654483e-09 -1.35549854e-08
166.690  1.12033686e-08 -7.00017919e-09
166.854  1.41781646e-08  1.07542835e-09
167.018  1.01174945e-08  8.29263121e-09
167.182  2.68685056e-09  1.36429166e-08
167.347 -4.80773409e-09  1.24531059e-08
167.511 -1.19220811e-08  6.32729499e-09
167.675 -1.37190965e-08 -8.49908581e-10
167.839 -9.50760561e-09 -8.97213279e-09
168.004 -3.23634008e-09 -1.35535658e-08
168.168  5.04278469e-09 -1.17124435e-08
168.332  1.18690003e-08 -6.86127232e-09
168.496  1.25988162e-08  7.43053320e-10
168.661  9.52589382e-09  9.01641236e-09
168.825  3.27628174e-09  1.22380206e-08
168.989 -5.53433155e-09  1.11241059e-08
169.153 -1.09374009e-08  6.68970420e-09
169.317 -1.18272967e-08 -1.76199340e-09
169.482 -9.46817276e-09 -8.85788818e-09
169.646 -2.19746552e-09 -1.16985088e-08
169.810  5.93486880e-09 -1.15217320e-08
169.974  1.05512688e-08 -6.15040756e-09
170.139  1.25132825e-08  2.19396091e-09
170.303  9.58991478e-09  8.22538789e-09
170.467  1.96145790e-09  1.20879210e-08
170.631 -4.92007100e-09  1.18819155e-08
170.795 -1.02350780e-08  5.84990503e-09
170.960 -1.26623360e-08 -1.18803430e-09
171.124 -8.89824685e-09 -7.36638731e-09
171.288 -2.40899403e-09 -1.20199135e-08
171.452  4.01311688e-09 -1.09028229e-08
171.617  1.02718393e-08 -5.60256377e-09
171.781  1.18863886e-08  4.81015217e-10
171.945  8.32650078e-09  7.60923284e-09
172.109  3.12187842e-09  1.17568794e-08
172.274 -4.07564901e-09  1.03655864e-08
172.438 -1.02613566e-08  6.53635437e-09
172.602 -1.12571098e-08  9.09684155e-11
172.766 -9.19712376e-09 -7.34351411e-09
172.930 -4.25271015e-09 -1.06336562e-08
173.095  3.43108218e-09 -1.05348745e-08
173.259  8.57798994e-09 -7.62989648e-09
173.423  1.03655963e-08 -7.32868346e-10
173.587  9.72085121e-09  5.56081567e-09
173.752  4.49325602e-09  8.91334878e-09
173.916 -2.09721856e-09  1.04172939e-08
174.080 -6.52095441e-09  7.46315947e-09
174.244 -9.78808964e-09  1.44779581e-09
174.408 -9.37861878e-09 -3.44271636e-09
174.573 -4.73977275e-09 -7.87626840e-09
174.737 -5.73993205e-11 -9.91515628e-09
174.901  4.78277071e-09 -7.27136809e-09
175.065  8.77849130e-09 -3.47002577e-09
175.230  8.42271249e-09  9.34509705e-10
175.394  6.03917640e-09  6.03156231e-09
175.558  2.84568826e-09  7.82015048e-09
175.722 -2.27330114e-09  7.10695194e-09
175.886 -5.62266853e-09  5.65267000e-09
176.051 -6.46339224e-09  1.59060436e-09
176.215 -6.89272442e-09 -2.41231498e-09
176.379 -4.73193341e-09 -4.33403497e-09
176.543 -1.11778503e-09 -6.36083322e-09
176.708  1.14170285e-09 -6.53135092e-09
176.872  4.08058844e-09 -4.27613358e-09
177.036  6.48381813e-09 -2.56508814e-09
177.200  6.27342047e-09  2.87141224e-10
177.365  5.96870175e-09  4.24474597e-09
177.529  4.36511996e-09  6.26948733e-09
177.693  6.89454550e-11  7.97056329e-09
177.857 -3.72511379e-09  8.69620236e-09
178.021 -7.52218762e-09  5.62192693e-09
178.186 -1.12595548e-08  1.19584280e-09
178.350 -1.09644502e-08 -4.10836576e-09
178.514 -7.52820893e-09 -1.08502149e-08
178.678 -1.98185040e-09 -1.44678025e-08
178.843  6.91108377e-09 -1.37712113e-08
179.007  1.47802583e-08 -9.73128340e-09
179.171  1.82690569e-08 -3.55280629e-10
179.335  1.76340444e-08  1.10778591e-08
179.499  1.00475211e-08  1.94768718e-08
179.664 -3.18178966e-09  2.38800945e-08
179.828 -1.61570787e-08  2.05998674e-08
179.992 -2.65181216e-08  8.27766150e-09
180.156 -2.98181404e-08 -7.68316500e-09
180.321 -2.16754723e-08 -2.37843104e-08
180.485 -5.55394950e-09 -3.51203364e-08
180.649  1.46352706e-08 -3.44048051e-08
180.813  3.40780321e-08 -2.18578550e-08
180.978  4.32548224e-08 -7.05048093e-10
181.142  3.82879087e-08  2.51283060e-08
181.306  2.04511378e-08  4.51129426e-08
181.470 -8.18970842e-09  5.11371450e-08
181.634 -3.77686195e-08  4.13805526e-08
181.799 -5.66881932e-08  1.50586520e-08
181.963 -5.93384527e-08 -2.05421946e-08
182.127 -4.12911369e-08 -5.19859976e-08
182.291 -5.38869389e-09 -6.99117738e-08
182.456  3.54747821e-08 -6.58999507e-08
182.620  6.91380040e-08 -3.68875375e-08
182.784  8.35181557e-08  7.54456936e-09
182.948  6.89428538e-08  5.43060579e-08
183.112  2.90019564e-08  8.88065476e-08
183.277 -2.48790177e-08  9.51139912e-08
183.441 -7.76002961e-08  6.88009866e-08
183.605 -1.08541639e-07  1.67160151e-08
183.769 -1.04420868e-07 -4.82068701e-08
183.934 -6.48452293e-08 -1.03430032e-07
184.098  2.40792739e-09 -1.27572978e-07
184.262  7.65993592e-08 -1.11224361e-07
184.426  1.30768111e-07 -5.42265821e-08
184.590  1.46181904e-07  2.86502789e-08
184.755  1.12807564e-07  1.08994949e-07
184.919  3.55047885e-08  1.60326735e-07
185.083 -6.11123209e-08  1.62242757e-07
185.247 -1.46352379e-07  1.06770376e-07
185.412 -1.90855801e-07  9.17115597e-09
185.576 -1.72681192e-07 -1.00854430e-07
185.740 -9.28994249e-08 -1.88489319e-07
185.904  2.59374318e-08 -2.19062363e-07
186.069  1.48935828e-07 -1.76416177e-07
186.233  2.32570349e-07 -6.98935687e-08
186.397  2.43158553e-07  7.21631392e-08
186.561  1.72118581e-07  2.03697778e-07
186.725  3.43984183e-08  2.76534021e-07
186.890 -1.29489805e-07  2.62025232e-07
187.054 -2.63286724e-07  1.55970722e-07
187.218 -3.19671585e-07 -1.53128014e-08
187.382 -2.71998761e-07 -1.96681486e-07
187.547 -1.24685201e-07 -3.27498834e-07
187.711  7.89852831e-08 -3.59007155e-07
187.875  2.74118348e-07 -2.68613372e-07
188.039  3.94503772e-07 -7.72210303e-08
188.203  3.89500684e-07  1.57722635e-07
188.368  2.49392891e-07  3.61529447e-07
188.532  1.16052850e-08  4.59536440e-07
188.696 -2.53125038e-07  4.07446982e-07
188.860 -4.55421439e-07  2.11503713e-07
189.025 -5.18270960e-07 -7.56815016e-08
189.189 -4.09428068e-07 -3.63864329e-07
189.353 -1.49846304e-07 -5.51719160e-07
189.517  1.85996411e-07 -5.67202105e-07
189.682  4.87003356e-07 -3.89441676e-07
189.846  6.47390750e-07 -6.03355446e-08
190.010  6.00256471e-07  3.18287543e-07
190.174  3.41051111e-07  6.20531832e-07
190.338 -5.84168485e-08  7.37156621e-07
190.503 -4.72118644e-07  6.09390647e-07
190.667 -7.60846540e-07  2.60156395e-07
190.831 -8.12493057e-07 -2.08062084e-07
190.995 -5.87990275e-07 -6.46408101e-07
191.160 -1.42729589e-07 -9.00386167e-07
191.324  3.90666223e-07 -8.65059734e-07
191.488  8.36086230e-07 -5.29784551e-07
191.652  1.03040425e-06  1.66309001e-08
191.816  8.86982178e-07  6.04934633e-07
191.981  4.26412622e-07  1.03361216e-06
192.145 -2.21152369e-07  1.14249260e-06
192.309 -8.46129870e-07  8.67860463e-07
192.473 -1.23137724e-06  2.70078332e-07
192.638 -1.22554447e-06 -4.70207543e-07
192.802 -7.96004095e-07 -1.10886117e-06
192.966 -5.64876238e-08 -1.41916273e-06
193.130  7.61967107e-07 -1.26533363e-06
193.294  1.38551736e-06 -6.62072981e-07
193.459  1.58217592e-06  2.17150250e-07
193.623  1.24821743e-06  1.09307958e-06
193.787  4.58174141e-07  1.66314375e-06
193.951 -5.53020165e-07  1.70415674e-06
194.116 -1.45491197e-06  1.16156542e-06
194.280 -1.92533211e-06  1.76024948e-07
194.444 -1.76905472e-06 -9.48905990e-07
194.608 -9.91388757e-07 -1.83378071e-06
194.773  1.89839646e-07 -2.15476290e-06
194.937  1.39662856e-06 -1.75856083e-06
195.101  2.21378895e-06 -7.24392479e-07
195.265  2.33105246e-06  6.38957682e-07
195.429  1.65261716e-06  1.88458002e-06
195.594  3.52059935e-07  2.57535093e-06
195.758 -1.16666669e-06  2.42963222e-06
195.922 -2.39718750e-06  1.43373837e-06
196.086 -2.89269459e-06 -1.29889840e-07
196.251 -2.42557814e-06 -1.76455293e-06
196.415 -1.08787363e-06 -2.91150920e-06
196.579  7.22704670e-07 -3.13653605e-06
196.743  2.41666647e-06 -2.29582357e-06
196.907  3.39819296e-06 -6.02844480e-07
197.072  3.27722444e-06  1.42097476e-06
197.236  2.01760620e-06  3.09845390e-06
197.400 -2.87584962e-08  3.82487820e-06
197.564 -2.20964177e-06  3.28348683e-06
197.729 -3.77970702e-06  1.57015556e-06
197.893 -4.15547156e-06 -8.05152248e-07
198.057 -3.12266531e-06 -3.06587997e-06
198.221 -9.39819225e-07 -4.42449806e-06
198.386  1.71571924e-06 -4.34897187e-06
198.550  3.95963985e-06 -2.76571674e-06
198.714  4.98884757e-06 -1.21449858e-07
198.878  4.36352003e-06  2.74191737e-06
199.042  2.19025234e-06  4.85054731e-06
199.207 -8.82505252e-07  5.42311819e-06
199.371 -3.85385310e-06  4.16065628e-06
199.535 -5.68815255e-06  1.38000160e-06
199.699 -5.67674478e-06 -2.05869967e-06
199.864 -3.70541205e-06 -5.00822391e-06
200.028 -3.27567220e-07 -6.41622215e-06
200.192  3.37876512e-06 -5.69902611e-06
200.356  6.15130230e-06 -2.96816803e-06
200.520  6.97413367e-06  9.60001829e-07
200.685  5.43990611e-06  4.80032856e-06
200.849  1.93083413e-06  7.22068023e-06
201.013 -2.45989933e-06  7.29658435e-06
201.177 -6.26869891e-06  4.85583391e-06
201.342 -8.14403565e-06  5.90484734e-07
201.506 -7.31823719e-06 -4.13468616e-06
201.670 -3.91530684e-06 -7.71488122e-06
201.834  1.04072933e-06 -8.84181728e-06
201.998  5.92977125e-06 -6.98037012e-06
202.163  9.05581615e-06 -2.60013398e-06
202.327  9.23392105e-06  2.93275089e-06
202.491  6.23353558e-06  7.77106302e-06
202.655  9.08346692e-07  1.01998993e-05
202.820 -5.03293007e-06  9.24346853e-06
202.984 -9.56826899e-06  5.04031332e-06
203.148 -1.10513213e-05 -1.13940272e-06
203.312 -8.79918554e-06 -7.26637572e-06
203.477 -3.38253927e-06 -1.12190631e-05
203.641  3.49696157e-06 -1.15119065e-05
203.805  9.53912896e-06 -7.84248482e-06
203.969  1.26102351e-05 -1.26721825e-06
204.133  1.14870955e-05  6.09405760e-06
204.298  6.33572381e-06  1.17384412e-05
204.462 -1.27245583e-06  1.36217265e-05
204.626 -8.83550776e-06  1.08954108e-05
204.790 -1.37342344e-05  4.26586125e-06
204.955 -1.41358661e-05 -4.17509581e-06
205.119 -9.67450459e-06 -1.15997990e-05
205.283 -1.64769395e-06 -1.53866023e-05
205.447  7.34691177e-06 -1.40450872e-05
205.611  1.42435537e-05 -7.78548580e-06
205.776  1.65541052e-05  1.46961503e-06
205.940  1.32570402e-05  1.06622586e-05
206.104  5.22100319e-06  1.66090958e-05
206.268 -4.99882994e-06  1.70992082e-05
206.433 -1.39691318e-05  1.17032926e-05
206.597 -1.85295981e-05  2.01295083e-06
206.761 -1.68965735e-05 -8.81687534e-06
206.925 -9.35017638e-06 -1.70932551e-05
207.090  1.76569940e-06 -1.98359216e-05
207.254  1.27670597e-05 -1.58456448e-05
207.418  1.98425321e-05 -6.20488015e-06
207.582  2.03691712e-05  6.00058603e-06
207.746  1.38804866e-05  1.66604594e-05
207.911  2.31868441e-06  2.20177250e-05
208.075 -1.05339519e-05  1.99931147e-05
208.239 -2.02830775e-05  1.09759599e-05
208.403 -2.34257840e-05 -2.20770594e-06
208.568 -1.86028959e-05 -1.51670785e-05
208.732 -7.15594970e-06 -2.34081300e-05
208.896  7.22126355e-06 -2.38902634e-05
209.060  1.96695467e-05 -1.61353919e-05
209.224  2.58069263e-05 -2.50150918e-06
209.389  2.32627447e-05  1.25211559e-05
209.553  1.25817887e-05  2.37890493e-05
209.717 -2.84776827e-06  2.72600628e-05
209.881 -1.78658790e-05  2.14383497e-05
210.046 -2.72609627e-05  7.99515550e-06
210.210 -2.75738848e-05 -8.69679638e-06
210.374 -1.83688910e-05 -2.29799115e-05
210.538 -2.49243622e-06 -2.98235714e-05
210.702  1.47977014e-05 -2.65977186e-05
210.867  2.75656131e-05 -1.40702342e-05
211.031  3.12371946e-05  3.74364592e-06
211.195  2.42361995e-05  2.08566555e-05
211.359  8.62900202e-06  3.13216288e-05
211.524 -1.04651923e-05  3.13002964e-05
211.688 -2.65488506e-05  2.04604079e-05
211.852 -3.39608870e-05  2.20861185e-06
212.016 -2.98640946e-05 -1.73682704e-05
212.181 -1.53201138e-05 -3.15359917e-05
212.345  4.95231748e-06 -3.52271783e-05
212.509  2.41073271e-05 -2.68497423e-05
212.673  3.54829328e-05 -8.95045827e-06
212.837  3.49153033e-05  1.25489278e-05
213.002  2.22628638e-05  3.03097786e-05
213.166  1.57022866e-06  3.80783635e-05
213.330 -2.02206361e-05  3.28919158e-05
213.494 -3.55946569e-05  1.61999699e-05
213.659 -3.90594708e-05 -6.52287176e-06
213.823 -2.91099153e-05 -2.75653052e-05
213.987 -8.85066964e-06 -3.95979509e-05
214.151  1.49599085e-05 -3.82330002e-05
214.315  3.41618554e-05 -2.36179824e-05
214.480  4.19979526e-05 -4.97786342e-07
214.644  3.54915666e-05  2.33173780e-05
214.808  1.65689042e-05  3.95966972e-05
214.972 -8.49079609e-06  4.25368345e-05
215.137 -3.11411366e-05  3.08295847e-05
215.301 -4.34882339e-05  8.22143725e-06
215.465 -4.10426175e-05 -1.76800776e-05
215.629 -2.43553797e-05 -3.79709040e-05
215.794  1.06877714e-06 -4.55124937e-05
215.958  2.65892763e-05 -3.74504158e-05
216.122  4.33666349e-05 -1.62928004e-05
216.286  4.54311689e-05  1.08643468e-05
216.450  3.18152489e-05  3.47157691e-05
216.615  6.97477598e-06  4.69400346e-05
216.779 -2.06645766e-05  4.31146207e-05
216.943 -4.15661757e-05  2.43158364e-05
217.107 -4.83852847e-05 -3.16706890e-06
217.272 -3.85562163e-05 -2.99321122e-05
217.436 -1.52540006e-05 -4.66911321e-05
217.600  1.36210468e-05 -4.75028417e-05
217.764  3.81273579e-05 -3.18821387e-05
217.928  4.97161462e-05 -5.04670660e-06
218.093  4.42190517e-05  2.38249046e-05
218.257  2.33555051e-05  4.47428903e-05
218.421 -5.79438926e-06  5.03692023e-05
218.585 -3.31995870e-05  3.86022923e-05
218.750 -4.93361737e-05  1.33680762e-05
218.914 -4.85073867e-05 -1.66916454e-05
219.078 -3.08685023e-05 -4.11833998e-05
219.242 -2.42065112e-06 -5.15637871e-05
219.406  2.70329848e-05 -4.41361510e-05
219.571  4.72699244e-05 -2.13737805e-05
219.735  5.12125337e-05  8.90188718e-06
219.899  3.74158069e-05  3.62090066e-05
220.063  1.05994312e-05  5.10474723e-05
220.228 -1.99623593e-05  4.82197961e-05
220.392 -4.36560924e-05  2.86589364e-05
220.556 -5.22314631e-05 -8.70498929e-07
220.720 -4.26843060e-05 -3.01127436e-05
220.885 -1.83202555e-05 -4.88973271e-05
221.049  1.23837687e-05 -5.06879880e-05
221.213  3.87388887e-05 -3.48699633e-05
221.377  5.15767077e-05 -6.97351018e-06
221.541  4.64516169e-05  2.32629784e-05
221.706  2.51974167e-05  4.53018058e-05
221.870 -4.72436681e-06  5.14893250e-05
222.034 -3.28493185e-05  3.97331609e-05
222.198 -4.93771000e-05  1.42202518e-05
222.363 -4.86048320e-05 -1.60742863e-05
222.527 -3.09113949e-05 -4.05469416e-05
222.691 -2.59178197e-06 -5.06917182e-05
222.855  2.63793055e-05 -4.30763602e-05
223.019  4.58688932e-05 -2.05120579e-05
223.184  4.91496107e-05  8.97404305e-06
223.348  3.52348404e-05  3.49944650e-05
223.512  9.17866650e-06  4.84769728e-05
223.676 -1.97505434e-05  4.48427836e-05
223.841 -4.13764570e-05  2.55734356e-05
224.005 -4.82089649e-05 -2.36773617e-06
224.169 -3.80516258e-05 -2.90520315e-05
224.333 -1.47198696e-05 -4.51244864e-05
224.498  1.33799289e-05 -4.50953815e-05
224.662  3.62839767e-05 -2.92333402e-05
224.826  4.60120711e-05 -3.39375829e-06
224.990  3.93656766e-05  2.31383470e-05
225.154  1.89933388e-05  4.09867364e-05
225.319 -7.64460533e-06  4.40106761e-05
225.483 -3.10021593e-05  3.14374946e-05
225.647 -4.28742386e-05  8.04285045e-06
225.811 -3.92985299e-05 -1.76471114e-05
225.976 -2.18884664e-05 -3.64588852e-05
226.140  2.84977101e-06 -4.18617783e-05
226.304  2.59329720e-05 -3.22504707e-05
226.468  3.91683147e-05 -1.14173778e-05
226.632  3.80757462e-05  1.29135806e-05
226.797  2.34137427e-05  3.19439356e-05
226.961  7.96394919e-07  3.89916149e-05
227.125 -2.14353135e-05  3.18473017e-05
227.289 -3.52899346e-05  1.34724581e-05
227.454 -3.60041940e-05 -9.18736176e-06
227.618 -2.36932565e-05 -2.78166948e-05
227.782 -3.19776984e-06 -3.57803129e-05
227.946  1.77944154e-05 -3.04954365e-05
228.110  3.16211024e-05 -1.42806744e-05
228.275  3.34428210e-05  6.61286477e-06
228.439  2.29519692e-05  2.43902596e-05
228.603  4.37509917e-06  3.26101327e-05
228.767 -1.51975315e-05  2.85277037e-05
228.932 -2.84958527e-05  1.40210641e-05
229.096 -3.07683238e-05 -5.21895782e-06
229.260 -2.14908368e-05 -2.18890531e-05
229.424 -4.46025916e-06 -2.98304623e-05
229.589  1.37196405e-05 -2.63083648e-05
229.753  2.61714014e-05 -1.29584344e-05
229.917  2.83387682e-05  4.92005005e-06
230.081  1.96552955e-05  2.04316535e-05
230.245  3.68016847e-06  2.77259992e-05
230.410 -1.33210829e-05  2.41968781e-05
230.574 -2.48068409e-05  1.14154663e-05
230.738 -2.64594723e-05 -5.52884460e-06
230.902 -1.78008517e-05 -2.00239244e-05
231.067 -2.33135198e-06 -2.64911347e-05
231.231  1.38564162e-05 -2.25134419e-05
231.395  2.44508907e-05 -9.73936666e-06
231.559  2.53550650e-05  6.77930388e-06
231.723  1.62581785e-05  2.05625465e-05
231.888  7.47234806e-07  2.62139613e-05
232.052 -1.50930886e-05  2.15093149e-05
232.216 -2.50409847e-05  8.26578755e-06
232.380 -2.51508281e-05 -8.35678617e-06
232.545 -1.53007214e-05 -2.18492897e-05
232.709  7.37502086e-07 -2.68721948e-05
232.873  1.67379730e-05 -2.13443618e-05
233.037  2.64143989e-05 -7.28461632e-06
233.202  2.58643778e-05  9.93159678e-06
233.366  1.51184413e-05  2.36150404e-05
233.530 -1.82102833e-06  2.83404283e-05
233.694 -1.84696193e-05  2.20736647e-05
233.858 -2.83296037e-05  7.01179544e-06
234.023 -2.74076426e-05 -1.11932930e-05
234.187 -1.58009384e-05 -2.55511511e-05
234.351  2.26412684e-06 -3.04070966e-05
234.515  1.99735474e-05 -2.36452294e-05
234.680  3.04949215e-05 -7.56990467e-06
234.844  2.95995956e-05  1.18830185e-05
235.008  1.73321809e-05  2.73441370e-05
235.172 -1.91321718e-06  3.27996554e-05
235.336 -2.09761167e-05  2.59098024e-05
235.501 -3.26010844e-05  8.97888479e-06
235.665 -3.21890661e-05 -1.18199295e-05
235.829 -1.95966088e-05 -2.87091716e-05
235.993  7.14324066e-07 -3.52157899e-05
236.158  2.12724852e-05 -2.86409814e-05
236.322  3.43547377e-05 -1.11570618e-05
236.486  3.48848614e-05  1.09183120e-05
236.650  2.23948389e-05  2.94194358e-05
236.814  1.28388517e-06  3.73577030e-05
236.979 -2.07461432e-05  3.15625182e-05
237.143 -3.55102279e-05  1.39327541e-05
237.307 -3.73893157e-05 -9.19348375e-06
237.471 -2.54676072e-05 -2.93291590e-05
237.636 -3.93896376e-06 -3.89652657e-05
237.800  1.93786820e-05 -3.43797852e-05
237.964  3.58957871e-05 -1.70660384e-05
238.128  3.94309673e-05  6.75648085e-06
238.293  2.85259825e-05  2.83877570e-05
238.457  7.03383619e-06  3.98434610e-05
238.621 -1.72492976e-05  3.68123989e-05
238.785 -3.54304781e-05  2.02778157e-05
238.949 -4.07932283e-05 -3.79922269e-06
239.114 -3.12846121e-05 -2.66431253e-05
239.278 -1.03029680e-05 -3.98815903e-05
239.442  1.45238964e-05 -3.86251788e-05
239.606  3.41302475e-05 -2.32821730e-05
239.771  4.13370209e-05  5.71607085e-07
239.935  3.34939053e-05  2.42333770e-05
240.099  1.34627199e-05  3.90631354e-05
240.263 -1.14341989e-05  3.96537692e-05
240.427 -3.21031077e-05  2.58180958e-05
240.592 -4.10147771e-05  2.64775955e-06
240.756 -3.49667605e-05 -2.13684381e-05
240.920 -1.62430641e-05 -3.74654937e-05
241.084  8.24957691e-06 -3.98211500e-05
241.249  2.95348750e-05 -2.76773300e-05
241.413  3.98736513e-05 -5.58381289e-06
241.577  3.55971786e-05  1.83047808e-05
241.741  1.84175884e-05  3.52494460e-05
241.906 -5.24581720e-06  3.91434793e-05
242.070 -2.66670698e-05  2.87263213e-05
242.234 -3.80475310e-05  7.99610257e-06
242.398 -3.53698746e-05 -1.53161455e-05
242.562 -1.98282867e-05 -3.26389547e-05
242.727  2.67449503e-06 -3.77255105e-05
242.891  2.37685640e-05 -2.89198166e-05
243.055  3.57392385e-05 -9.70463465e-06
243.219  3.43600488e-05  1.26627745e-05
243.384  2.04014785e-05  2.98938236e-05
243.548 -7.35982448e-07  3.57467336e-05
243.712 -2.11042707e-05  2.83038134e-05
243.876 -3.31959924e-05  1.06077695e-05
244.040 -3.27229799e-05 -1.05623792e-05
244.205 -2.01532143e-05 -2.72794695e-05
244.369 -4.41638419e-07 -3.34398489e-05
244.533  1.89052140e-05 -2.70075655e-05
244.697  3.06810978e-05 -1.06913169e-05
244.862  3.06743089e-05  9.16637187e-06
245.026  1.91846686e-05  2.50374470e-05
245.190  8.15528359e-07  3.10632803e-05
245.354 -1.73437461e-05  2.52262435e-05
245.518 -2.84442026e-05  1.00281465e-05
245.683 -2.84634960e-05 -8.54471047e-06
245.847 -1.76685789e-05 -2.33594336e-05
246.011 -4.30652984e-07 -2.88708272e-05
246.175  1.65164533e-05 -2.31970628e-05
246.340  2.66932650e-05 -8.76779860e-06
246.504  2.63445419e-05  8.68103139e-06
246.668  1.58281641e-05  2.23670560e-05
246.832 -5.88370964e-07  2.70828592e-05
246.997 -1.64357209e-05  2.11718317e-05
247.161 -2.55718899e-05  7.11708213e-06
247.325 -2.45476535e-05 -9.47748194e-06
247.489 -1.39104081e-05 -2.20997708e-05
247.653  2.05431606e-06 -2.58627072e-05
247.818  1.70304780e-05 -1.93882655e-05
247.982  2.51451132e-05 -5.31428374e-06
248.146  2.32543278e-05  1.07680975e-05
248.310  1.21567307e-05  2.25128277e-05
248.475 -3.74057314e-06  2.53004963e-05
248.639 -1.81566417e-05  1.80430349e-05
248.803 -2.53951546e-05  3.60085430e-06
248.967 -2.25781587e-05 -1.23394822e-05
249.131 -1.07753238e-05 -2.34856523e-05
249.296  5.40778873e-06 -2.54054455e-05
249.460  1.96162898e-05 -1.72702552e-05
249.624  2.62265870e-05 -2.19420270e-06
249.788  2.25536603e-05  1.39568225e-05
249.953  9.91878196e-06  2.48387049e-05
250.117 -6.83148434e-06  2.61071145e-05
250.281 -2.11827510e-05  1.71283406e-05
250.445 -2.74796399e-05  1.26397143e-06
250.610 -2.31348850e-05 -1.53921557e-05
250.774 -9.66898326e-06 -2.63560896e-05
250.938  7.82783159e-06 -2.72659728e-05
251.102  2.26279122e-05 -1.75964649e-05
251.266  2.89504897e-05 -9.13913327e-07
251.431  2.42040783e-05  1.64508352e-05
251.595  1.00301854e-05  2.78113687e-05
251.759 -8.27396164e-06  2.86923698e-05
251.923 -2.37482872e-05  1.85801255e-05
252.088 -3.04165993e-05  1.17171942e-06
252.252 -2.55884244e-05 -1.69926273e-05
252.416 -1.09308706e-05 -2.89941209e-05
252.580  8.11995319e-06 -3.01709758e-05
252.744  2.43874901e-05 -1.99244715e-05
252.909  3.16639098e-05 -1.98841166e-06
253.073  2.70820763e-05  1.69456687e-05
253.237  1.22345236e-05  2.97344470e-05
253.401 -7.39155977e-06  3.14870393e-05
253.566 -2.44531790e-05  2.14342117e-05
253.730 -3.25120213e-05  3.24731103e-06
253.894 -2.84711055e-05 -1.63125048e-05
254.058 -1.37583898e-05 -2.99220103e-05
254.222  6.18422791e-06 -3.24512799e-05
254.387  2.39261839e-05 -2.28982677e-05
254.551  3.28339956e-05 -4.78068792e-06
254.715  2.95589978e-05  1.51676050e-05
254.879  1.52972982e-05  2.95168326e-05
255.044 -4.64967791e-06  3.29210931e-05
255.208 -2.28602671e-05  2.41159015e-05
255.372 -3.25690881e-05  6.39127276e-06
255.536 -3.01898483e-05 -1.36462894e-05
255.701 -1.66488711e-05 -2.85511132e-05
255.865  2.97633496e-06 -3.28162214e-05
256.029  2.13727715e-05 -2.49205491e-05
256.193  3.17278304e-05 -7.87631614e-06
256.357  3.02660473e-05  1.19261748e-05
256.522  1.76371818e-05  2.71227903e-05
256.686 -1.36539645e-06  3.21267843e-05
256.850 -1.96280699e-05  2.51982846e-05
257.014 -3.03888872e-05  9.05199359e-06
257.179 -2.97578671e-05 -1.02039792e-05
257.343 -1.81326830e-05 -2.53820158e-05
257.507  5.76428020e-09 -3.09121725e-05
257.671  1.78165443e-05 -2.48993145e-05
257.835  2.86876467e-05 -9.77528662e-06
258.000  2.87043341e-05  8.67133444e-06
258.164  1.80665695e-05  2.35118787e-05
258.328  9.48429926e-07  2.92912594e-05
258.492 -1.61314000e-05  2.40420446e-05
258.657 -2.67978412e-05  9.96026509e-06
258.821 -2.72062867e-05 -7.49239193e-06
258.985 -1.74376580e-05 -2.17052076e-05
259.149 -1.39491029e-06 -2.74259460e-05
259.314  1.47453855e-05 -2.27092580e-05
259.478  2.49090017e-05 -9.58644758e-06
259.642  2.54127507e-05  6.78518534e-06
259.806  1.63104238e-05  2.01405745e-05
259.970  1.29352252e-06  2.55006306e-05
260.135 -1.37902179e-05  2.10363724e-05
260.299 -2.32032756e-05  8.69873413e-06
260.463 -2.35019360e-05 -6.60857114e-06
260.627 -1.48047606e-05 -1.89611661e-05
260.792 -6.69267961e-07 -2.36998759e-05
260.956  1.33417145e-05 -1.91932148e-05
261.120  2.18342957e-05 -7.39993526e-06
261.284  2.16587763e-05  6.95652489e-06
261.448  1.30796185e-05  1.82590943e-05
261.613 -3.92205517e-07  2.21862769e-05
261.777 -1.34126661e-05  1.73621523e-05
261.941 -2.09098508e-05  5.83706867e-06
262.105 -2.00520310e-05 -7.76093972e-06
262.270 -1.13129915e-05 -1.80663431e-05
262.434  1.75664636e-06 -2.10811901e-05
262.598  1.39538054e-05 -1.57159183e-05
262.762  2.04801004e-05 -4.18264411e-06
262.926  1.88144777e-05  8.90228922e-06
263.091  9.68042328e-06  1.83527412e-05
263.255 -3.25926506e-06  2.04512550e-05
263.419 -1.48618003e-05  1.43977229e-05
263.583 -2.05330410e-05  2.61293368e-06
263.748 -1.80286137e-05 -1.02258979e-05
263.912 -8.33402969e-06 -1.90311608e-05
264.076  4.72591395e-06 -2.03025018e-05
264.240  1.59930231e-05 -1.35052464e-05
264.405  2.09981248e-05 -1.28620281e-06
264.569  1.77188104e-05  1.15614008e-05
264.733  7.38454902e-06  1.99698178e-05
264.897 -5.99422203e-06  2.05821818e-05
265.061 -1.71819306e-05  1.30801078e-05
265.226 -2.17572864e-05  3.24219822e-07
265.390 -1.78502429e-05 -1.27433830e-05
265.554 -6.88921596e-06 -2.10101393e-05
265.718  6.93226349e-06 -2.11872386e-05
265.883  1.82620585e-05 -1.31044608e-05
266.047  2.26611054e-05  2.00686224e-07
266.211  1.83347599e-05  1.36312154e-05
266.375  6.84708111e-06  2.19872501e-05
266.539 -7.45325147e-06  2.19781352e-05
266.704 -1.90866521e-05  1.35054163e-05
266.868 -2.35476951e-05 -2.72270569e-07
267.032 -1.90434119e-05 -1.41256695e-05
267.196 -7.20167706e-06 -2.27500428e-05
267.361  7.52481932e-06 -2.27968577e-05
267.525  1.95458283e-05 -1.41663852e-05
267.689  2.42624565e-05 -6.94778305e-08
267.853  1.98240696e-05  1.41797140e-05
268.018  7.84991561e-06  2.31786293e-05
268.182 -7.17134387e-06  2.34871489e-05
268.346 -1.95781990e-05  1.49430901e-05
268.510 -2.46767815e-05  7.34830722e-07
268.674 -2.05212031e-05 -1.38020297e-05
268.839 -8.65594702e-06 -2.31977486e-05
269.003  6.46875311e-06 -2.39140058e-05
269.167  1.91763420e-05 -1.56818767e-05
269.331  2.47033413e-05 -1.59705334e-06
269.496  2.09948828e-05  1.30535350e-05
269.660  9.46876347e-06  2.27848107e-05
269.824 -5.53290705e-06  2.39795118e-05
269.988 -1.83860606e-05  1.62385587e-05
270.152 -2.43055716e-05  2.50972646e-06
270.317 -2.11370119e-05 -1.20381128e-05
270.481 -1.01416393e-05 -2.19711844e-05
270.645  4.50378308e-06 -2.36331740e-05
270.809  1.72993193e-05 -1.64959925e-05
270.974  2.35000782e-05 -3.32579799e-06
271.138  2.08834838e-05  1.08887566e-05
271.302  1.05505049e-05  2.08362879e-05
271.466 -3.52775424e-06  2.28762674e-05
271.630 -1.60413402e-05  1.63780635e-05
271.795 -2.23523954e-05  3.91551944e-06
271.959 -2.02210178e-05 -9.75038703e-06
272.123 -1.06084624e-05 -1.94957303e-05
272.287  2.73966393e-06 -2.17602373e-05
272.452  1.47536155e-05 -1.58578840e-05
272.616  2.09673822e-05 -4.18146328e-06
272.780  1.91874525e-05  8.76123532e-06
272.944  1.02748668e-05  1.80857448e-05
273.109 -2.24638423e-06  2.03791238e-05
273.273 -1.35756177e-05  1.49591487e-05
273.437 -1.94754273e-05  4.06946348e-06
273.601 -1.78651909e-05 -8.03559049e-06
273.765 -9.55860443e-06 -1.67460807e-05
273.930  2.11409536e-06 -1.88565412e-05
274.094  1.26279156e-05 -1.37511878e-05
274.258  1.80157080e-05 -3.57429176e-06
274.422  1.63691470e-05  7.65056956e-06
274.587  8.51568256e-06  1.56029962e-05
274.751 -2.36133876e-06  1.73290549e-05
274.915 -1.19983594e-05  1.23390738e-05
275.079 -1.67184186e-05  2.73899946e-06
275.243 -1.48314703e-05 -7.63826379e-06
275.408 -7.24119724e-06 -1.47539562e-05
275.572  2.95865980e-06 -1.59286887e-05
275.736  1.17323314e-05 -1.08499425e-05
275.900  1.56886481e-05 -1.64778609e-06
276.065  1.33850878e-05  7.98346787e-06
276.229  5.85625969e-06  1.42561473e-05
276.393 -3.83418657e-06  1.47670940e-05
276.557 -1.18281723e-05  9.41672980e-06
276.722 -1.49943999e-05  4.13814044e-07
276.886 -1.21476159e-05 -8.62684013e-06
277.050 -4.49177402e-06 -1.41207300e-05
277.214  4.88376243e-06 -1.39229101e-05
277.378  1.22387381e-05 -8.16125666e-06
277.543  1.46599261e-05  8.35741063e-07
277.707  1.12071900e-05  9.47334416e-06
277.871  3.27176573e-06  1.43134294e-05
278.035 -5.98446435e-06  1.34331810e-05
278.200 -1.28790470e-05  7.17924359e-06
278.364 -1.46644140e-05 -1.97546347e-06
278.528 -1.06121932e-05 -1.04053119e-05
278.692 -2.29860884e-06 -1.47606763e-05
278.856  7.01034574e-06 -1.32898306e-05
279.021  1.36385295e-05 -6.52954915e-06
279.185  1.49458285e-05  2.89686283e-06
279.349  1.03666497e-05  1.12982239e-05
279.513  1.64153071e-06  1.53599216e-05
279.678 -7.84848584e-06  1.34420556e-05
279.842 -1.43956175e-05  6.22863938e-06
280.006 -1.54097108e-05 -3.52142969e-06
280.170 -1.04317048e-05 -1.20365471e-05
280.334 -1.32915910e-06 -1.59929560e-05
280.499  8.41284521e-06 -1.38044297e-05
280.663  1.50328097e-05 -6.25018154e-06
280.827  1.59421780e-05  3.80972027e-06
280.991  1.07322663e-05  1.25274486e-05
281.156  1.34699562e-06  1.65410942e-05
281.320 -8.65383894e-06  1.42691552e-05
281.484 -1.54509088e-05  6.52950241e-06
281.648 -1.64252167e-05 -3.76488263e-06
281.813 -1.11674375e-05 -1.27111804e-05
281.977 -1.64057278e-06 -1.69003521e-05
282.141  8.56279339e-06 -1.47202533e-05
282.305  1.55809898e-05 -6.97268301e-06
282.469  1.67516817e-05  3.43035454e-06
282.634  1.16236021e-05  1.25674506e-05
282.798  2.12395561e-06  1.69941907e-05
282.962 -8.17150275e-06  1.50479108e-05
283.126 -1.53923354e-05  7.46944827e-06
283.291 -1.68379615e-05 -2.88278357e-06
283.455 -1.19890214e-05 -1.21170040e-05
283.619 -2.69193707e-06 -1.67819359e-05
283.783  7.54721912e-06 -1.51617853e-05
283.947  1.48949400e-05 -7.90793281e-06
284.112  1.66332831e-05  2.22153863e-06
284.276  1.21681281e-05  1.14177747e-05
284.440  3.23378550e-06  1.62622244e-05
284.604 -6.78333010e-06  1.50019155e-05
284.769 -1.41364647e-05  8.18883169e-06
284.933 -1.61250611e-05 -1.55590188e-06
285.097 -1.20931868e-05 -1.05560576e-05
285.261 -3.64686569e-06 -1.54717806e-05
285.426  5.98662559e-06 -1.45455564e-05
285.590  1.31947827e-05 -8.23703847e-06
285.754  1.53395900e-05  9.91078860e-07
285.918  1.17316007e-05  9.63442113e-06
286.082  3.84901653e-06  1.44799161e-05
286.247 -5.26309603e-06  1.38087189e-05
286.411 -1.21674931e-05  8.00990305e-06
286.575 -1.43375769e-05 -6.14799121e-07
286.739 -1.10884077e-05 -8.75844473e-06
286.904 -3.78842670e-06 -1.33790473e-05
287.068  4.70464138e-06 -1.28424601e-05
287.232  1.11594371e-05 -7.50161387e-06
287.396  1.32050606e-05  4.86714099e-07
287.560  1.02043501e-05  8.02383611e-06
287.725  3.44942323e-06  1.22721712e-05
287.889 -4.37843656e-06  1.17251231e-05
288.053 -1.02693350e-05  6.74306819e-06
288.217 -1.20414847e-05 -6.32154666e-07
288.382 -9.14994575e-06 -7.50496950e-06
288.546 -2.85310835e-06 -1.12592559e-05
288.710  4.31968493e-06 -1.05519055e-05
288.874  9.57728468e-06 -5.79684948e-06
289.038  1.09469549e-05  1.04052843e-06
289.203  8.01590809e-06  7.24602095e-06
289.367  2.05305561e-06  1.04248199e-05
289.531 -4.52815129e-06  9.42274326e-06
289.695 -9.13519641e-06  4.74796537e-06
289.860 -1.00101075e-05 -1.66788765e-06
290.024 -6.90088165e-06 -7.25617506e-06
290.188 -1.12731337e-06 -9.82827754e-06
290.352  4.96904745e-06 -8.42959426e-06
290.517  8.96156293e-06 -3.69213158e-06
290.681  9.29754831e-06  2.44322258e-06
290.845  5.89844852e-06  7.50982683e-06
291.009  1.68074962e-07  9.49766226e-06
291.173 -5.57854702e-06  7.64482955e-06
291.338 -9.04069298e-06  2.72357527e-06
291.502 -8.84597087e-06 -3.27808716e-06
291.666 -5.08558013e-06 -7.95141487e-06
291.830  7.30033365e-07 -9.42702598e-06
291.995  6.27316551e-06 -7.11268261e-06
292.159  9.32585252e-06 -1.92366459e-06
292.323  8.65830918e-06  4.07855554e-06
292.487  4.51393982e-06  8.50358816e-06
292.651 -1.48200618e-06  9.57801496e-06
292.816 -6.96121635e-06  6.84497806e-06
292.980 -9.74585893e-06  1.35122869e-06
293.144 -8.70471008e-06 -4.75758077e-06
293.308 -4.20452768e-06 -9.07738917e-06
293.473  2.02318623e-06 -9.88581194e-06
293.637  7.55444317e-06 -6.82113915e-06
293.801  1.02147040e-05 -1.03562238e-06
293.965  8.92783202e-06  5.24567791e-06
294.130  4.14589377e-06  9.58353611e-06
294.294 -2.31683172e-06  1.02685787e-05
294.458 -7.97862834e-06  6.99184190e-06
294.622 -1.06431630e-05  9.73775430e-07
294.786 -9.25112259e-06 -5.49869119e-06
294.951 -4.29634206e-06 -9.94379994e-06
295.115  2.35748136e-06 -1.06386063e-05
295.279  8.18241101e-06 -7.28584746e-06
295.443  1.09505006e-05 -1.13186611e-06
295.608  9.58880872e-06  5.50227785e-06
295.772  4.59023164e-06  1.01008660e-05
295.936 -2.17024118e-06  1.09133659e-05
296.100 -8.14331988e-06  7.61957263e-06
296.264 -1.10743025e-05  1.45101749e-06
296.429 -9.85672754e-06 -5.27293977e-06
296.593 -4.94742770e-06 -1.00249565e-05
296.757  1.80667893e-06 -1.10253625e-05
296.921  7.86988121e-06 -7.90831922e-06
297.086  1.09773454e-05 -1.85563079e-06
297.250  9.98301940e-06  4.85525290e-06
297.414  5.28410566e-06  9.71634295e-06
297.578 -1.33781266e-06  1.09301125e-05
297.742 -7.39931147e-06  8.07731009e-06
297.907 -1.06512583e-05  2.26313845e-06
298.071 -9.91713876e-06 -4.31527431e-06
298.235 -5.52320386e-06 -9.20399473e-06
298.399  8.44643351e-07 -1.06113179e-05
298.564  6.79149314e-06 -8.07068648e-06
298.728  1.01168609e-05 -2.59436171e-06
298.892  9.63557454e-06  3.73113778e-06
299.056  5.60353230e-06  8.54108626e-06
299.221 -4.07335779e-07  1.00821897e-05
299.385 -6.12063891e-06  7.85751551e-06
299.549 -9.42088758e-06  2.78351725e-06
299.713 -9.14356433e-06 -3.18263068e-06
299.877 -5.48693405e-06 -7.79786122e-06
300.042  9.48630723e-08 -9.38257108e-06
300.206  5.46581538e-06 -7.43467809e-06
300.370  8.62916604e-06 -2.78639323e-06
300.534  8.47316992e-06  2.74135487e-06
300.699  5.16264327e-06  7.05231697e-06
300.863  4.31701716e-08  8.57265235e-06
301.027 -4.90107999e-06  6.82657410e-06
301.191 -7.81731325e-06  2.58520976e-06
301.355 -7.67845959e-06 -2.46235140e-06
301.520 -4.64788272e-06 -6.37982351e-06
301.684  1.82866924e-08 -7.72468416e-06
301.848  4.48615893e-06 -6.08140140e-06
302.012  7.06072300e-06 -2.18959176e-06
302.177  6.82829881e-06  2.37772742e-06
302.341  3.98447927e-06  5.84345405e-06
302.505 -2.77568869e-07  6.91381049e-06
302.669 -4.25908735e-06  5.26416301e-06
302.834 -6.42535048e-06  1.63413037e-06
302.998 -5.99722886e-06 -2.49307362e-06
303.162 -3.23237983e-06 -5.48661239e-06
303.326  7.07167781e-07 -6.20871831e-06
303.490  4.23216732e-06 -4.44751336e-06
303.655  5.96005818e-06 -9.73300722e-07
303.819  5.25554929e-06  2.78753463e-06
303.983  2.46146116e-06  5.32862899e-06
304.147 -1.25783696e-06  5.66299513e-06
304.312 -4.39167824e-06  3.70218199e-06
304.476 -5.69099879e-06  2.74226521e-07
304.640 -4.66033345e-06 -3.21763998e-06
304.804 -1.74269901e-06 -5.36327581e-06
304.968  1.86570411e-06 -5.30856077e-06
305.133  4.70077219e-06 -3.08838397e-06
305.297  5.61876589e-06  3.92212404e-07
305.461  4.24883898e-06  3.72393247e-06
305.625  1.13934203e-06  5.56016178e-06
305.790 -2.46123191e-06  5.15240201e-06
305.954 -5.10476612e-06  2.64887206e-06
306.118 -5.71907658e-06 -9.60813060e-07
306.282 -4.03484471e-06 -4.23901720e-06
306.446 -6.98941807e-07 -5.86916581e-06
306.611  2.97833563e-06 -5.17690825e-06
306.775  5.53835767e-06 -2.40404113e-06
306.939  5.94698741e-06  1.38035363e-06
307.103  4.00778910e-06  4.69603359e-06
307.268  4.47546486e-07  6.22761760e-06
307.432 -3.36235034e-06  5.34316547e-06
307.596 -5.93425867e-06  2.34976596e-06
307.760 -6.24361529e-06 -1.61942699e-06
307.925 -4.13463665e-06 -5.03695176e-06
308.089 -3.87167632e-07 -6.56902859e-06
308.253  3.57629208e-06 -5.59640783e-06
308.417  6.23212809e-06 -2.45864169e-06
308.581  6.54400628e-06  1.66940479e-06
308.746  4.36458333e-06  5.21988037e-06
308.910  4.96684084e-07  6.83173222e-06
309.074 -3.60506718e-06  5.87317088e-06
309.238 -6.38620346e-06  2.68452444e-06
309.403 -6.78522794e-06 -1.54472831e-06
309.567 -4.63625681e-06 -5.22414267e-06
309.731 -7.35476362e-07 -6.96623493e-06
309.895  3.45699558e-06 -6.10963844e-06
310.059  6.37040896e-06 -2.96929448e-06
310.224  6.91413466e-06  1.28062462e-06
310.388  4.88618448e-06  5.05212474e-06
310.552  1.04898970e-06  6.94081408e-06
310.716 -3.16206665e-06  6.25006483e-06
310.881 -6.18066344e-06  3.25051022e-06
311.045 -6.89402616e-06 -9.28180159e-07
311.209 -5.05694156e-06 -4.72785848e-06
311.373 -1.37578509e-06 -6.74507605e-06
311.538  2.76713121e-06 -6.25374215e-06
311.702  5.83465190e-06 -3.46910230e-06
311.866  6.70902539e-06  5.47168385e-07
312.030  5.10389344e-06  4.29310344e-06
312.194  1.65557359e-06  6.39088893e-06
312.359 -2.32914469e-06  6.09941496e-06
312.523 -5.36917721e-06  3.57660872e-06
312.687 -6.36529010e-06 -1.97874703e-07
312.851 -5.00015611e-06 -3.80171807e-06
313.016 -1.83712108e-06 -5.91018827e-06
313.180  1.90775807e-06 -5.78697630e-06
313.344  4.83506081e-06 -3.54120005e-06
313.508  5.88913600e-06 -6.65494146e-08
313.672  4.73953839e-06  3.31274545e-06
313.837  1.88456277e-06  5.34995440e-06
314.001 -1.55803679e-06  5.33676814e-06
314.165 -4.29004108e-06  3.35139070e-06
314.329 -5.32288716e-06  2.06228914e-07
314.494 -4.33693013e-06 -2.88271479e-06
314.658 -1.78115638e-06 -4.76550751e-06
314.822  1.32375373e-06 -4.78661940e-06
314.986  3.79091868e-06 -3.01666179e-06
315.150  4.71922522e-06 -1.98915315e-07
315.315  3.82571046e-06  2.55825803e-06
315.479  1.53041104e-06  4.21336985e-06
315.643 -1.23197792e-06  4.18661943e-06
315.807 -3.38641813e-06  2.56517667e-06
315.972 -4.13444147e-06  4.23497883e-08
316.136 -3.25255968e-06 -2.37043244e-06
316.300 -1.15496325e-06 -3.74440718e-06
316.464  1.28999724e-06 -3.59212418e-06
316.629  3.11163286e-06 -2.03944780e-06
316.793  3.62109277e-06  2.45849110e-07
316.957  2.67084610e-06  2.33159677e-06
317.121  6.93348305e-07  3.39764516e-06
317.285 -1.48523779e-06  3.05624564e-06
317.450 -2.98425766e-06  1.49070365e-06
317.614 -3.22114073e-06 -6.31123969e-07
317.778 -2.13378300e-06 -2.43480460e-06
317.942 -1.94689714e-07 -3.19545063e-06
318.107  1.78790461e-06 -2.62322247e-06
318.271  3.00276653e-06 -9.72333694e-07
318.435  2.96089202e-06  1.06728543e-06
318.599  1.68799739e-06  2.65530677e-06
318.763 -2.88153807e-07  3.14105328e-06
318.928 -2.15545351e-06  2.32343610e-06
319.092 -3.14698182e-06  5.32912157e-07
319.256 -2.84846970e-06 -1.50299837e-06
319.420 -1.36786159e-06 -2.95400260e-06
319.585  7.05736008e-07 -3.21896150e-06
319.749  2.53817075e-06 -2.17019695e-06
319.913  3.38131121e-06 -2.09857853e-07
320.077  2.87368467e-06  1.88831050e-06
320.242  1.19124427e-06  3.28279380e-06
320.406 -1.01814473e-06  3.39790925e-06
320.570 -2.88551144e-06  2.15842432e-06
320.734 -3.66012873e-06  2.49704284e-08
320.898 -3.00987056e-06 -2.18065462e-06
321.063 -1.15759400e-06 -3.59126699e-06
321.227  1.19943441e-06 -3.63542405e-06
321.391  3.15269838e-06 -2.26562871e-06
321.555  3.93410257e-06  1.75394072e-08
321.720  3.21751608e-06  2.35001328e-06
321.884  1.24880631e-06  3.83346384e-06
322.048 -1.24031622e-06  3.88332107e-06
322.212 -3.30654635e-06  2.45540121e-06
322.376 -4.15639313e-06  6.92564580e-08
322.541 -3.44962439e-06 -2.38262198e-06
322.705 -1.43242873e-06 -3.97349850e-06
322.869  1.14901469e-06 -4.09380373e-06
323.033  3.32935330e-06 -2.68282619e-06
323.198  4.28822661e-06 -2.57126151e-07
323.362  3.65819768e-06  2.28236153e-06
323.526  1.66628394e-06  3.98946049e-06
323.690 -9.49915775e-07  4.22567821e-06
323.854 -3.22034869e-06  2.90062228e-06
324.019 -4.30357008e-06  5.06451245e-07
324.183 -3.80061888e-06 -2.06948472e-06
324.347 -1.90384972e-06 -3.87561243e-06
324.511  6.79868592e-07 -4.24966993e-06
324.676  2.99499444e-06 -3.06499763e-06
324.840  4.19231368e-06 -7.71557670e-07
325.004  3.84477119e-06  1.77719821e-06
325.168  2.10010377e-06  3.64282047e-06
325.333 -3.82780391e-07  4.15176585e-06
325.497 -2.68261695e-06  3.14079686e-06
325.661 -3.96117607e-06  1.00697721e-06
325.825 -3.77243350e-06 -1.44702271e-06
325.989 -2.21734879e-06 -3.31687501e-06
326.154  1.03688064e-07 -3.93417918e-06
326.318  2.32253054e-06 -3.10570230e-06
326.482  3.63206923e-06 -1.17343306e-06
326.646  3.58101818e-06  1.12355255e-06
326.811  2.23003182e-06  2.93462525e-06
326.975  1.16745701e-07  3.61429901e-06
327.139 -1.95876574e-06  2.95292143e-06
327.303 -3.23850963e-06  1.24247068e-06
327.467 -3.28361131e-06 -8.48881045e-07
327.632 -2.12756290e-06 -2.53861676e-06
327.796 -2.46957511e-07 -3.22211627e-06
327.960  1.63405187e-06 -2.69164146e-06
328.124  2.82099603e-06 -1.19936895e-06
328.289  2.90700627e-06  6.57167320e-07
328.453  1.91483306e-06  2.17139802e-06
328.617  2.68227420e-07  2.79627928e-06
328.781 -1.38423297e-06  2.34507539e-06
328.946 -2.42193155e-06  1.04445021e-06
329.110 -2.48771031e-06 -5.70301357e-07
329.274 -1.61085312e-06 -1.87037332e-06
329.438 -1.76899069e-07 -2.37890880e-06
329.602  1.23411323e-06 -1.94674202e-06
329.767  2.08032964e-06 -7.92766230e-07
329.931  2.06665626e-06  5.95582038e-07
330.095  1.24601028e-06  1.66349169e-06
330.259 -1.55807836e-08  2.00984181e-06
330.424 -1.19500565e-06  1.53589241e-06
330.588 -1.82677247e-06  4.71882255e-07
330.752 -1.68376250e-06 -7.25609545e-07
330.916 -8.58088084e-07 -1.56594183e-06
331.080  2.84893968e-07 -1.72145122e-06
331.245  1.26381750e-06 -1.15261374e-06
331.409  1.67954566e-06 -1.17792710e-07
331.573  1.37314526e-06  9.39918024e-07
331.737  4.87192885e-07  1.57837092e-06
331.902 -5.97664143e-07  1.53495271e-06
332.066 -1.42368341e-06  8.32823616e-07
332.230 -1.64278461e-06 -2.30264808e-07
332.394 -1.15921098e-06 -1.20785360e-06
332.558 -1.70272414e-07 -1.68722438e-06
332.723  9.15954558e-07 -1.45838733e-06
332.887  1.64639482e-06 -6.03616631e-07
333.051  1.70674114e-06  5.34981229e-07
333.215  1.05377085e-06  1.49256093e-06
333.380 -6.36614193e-08  1.86721618e-06
333.544 -1.20196573e-06  1.48607065e-06
333.708 -1.89654075e-06  4.79852522e-07
333.872 -1.84964995e-06 -7.65404214e-07
334.037 -1.05467006e-06 -1.75592297e-06
334.201  1.96780572e-07 -2.08519964e-06
334.365  1.42274760e-06 -1.59951011e-06
334.529  2.13656577e-06 -4.62741496e-07
334.693  2.04070803e-06  9.00454857e-07
334.858  1.14647115e-06  1.96375689e-06
335.022 -2.24051745e-07  2.30456488e-06
335.186 -1.55447066e-06  1.77001368e-06
335.350 -2.33166190e-06  5.40449117e-07
335.515 -2.24404151e-06 -9.31414318e-07
335.679 -1.30312541e-06 -2.09019157e-06
335.843  1.53454673e-07 -2.48972463e-06
336.007  1.58540179e-06 -1.96285539e-06
336.171  2.45383938e-06 -6.90160916e-07
336.336  2.42349177e-06  8.62912270e-07
336.500  1.49186850e-06  2.12048813e-06
336.664 -4.81373972e-09  2.61052931e-06
336.828 -1.51690945e-06  2.14218198e-06
336.993 -2.48506614e-06  8.81132105e-07
337.157 -2.54751744e-06 -7.11935031e-07
337.321 -1.67749512e-06 -2.05227172e-06
337.485 -1.92956850e-07 -2.64616344e-06
337.650  1.36255584e-06 -2.27561610e-06
337.814  2.41937707e-06 -1.07861051e-06
337.978  2.59317788e-06  5.04988720e-07
338.142  1.82662236e-06  1.89544811e-06
338.306  4.06014437e-07  2.58770431e-06
338.471 -1.14586787e-06  2.33797413e-06
338.635 -2.26350813e-06  1.24845242e-06
338.799 -2.54854472e-06 -2.74208855e-07
338.963 -1.91180638e-06 -1.67081565e-06
339.128 -6.00322825e-07 -2.43874668e-06
339.292  8.97245670e-07 -2.31404291e-06
339.456  2.03562951e-06 -1.36172405e-06
339.620  2.41358210e-06  5.32281370e-08
339.784  1.91507294e-06  1.40719524e-06
339.949  7.45960275e-07  2.21422636e-06
340.113 -6.50105398e-07  2.20033362e-06
340.277 -1.76237724e-06  1.39829886e-06
340.441 -2.19979140e-06  1.26856336e-07
340.606 -1.83007874e-06 -1.13729972e-06
340.770 -8.20491185e-07 -1.93805848e-06
340.934  4.36447640e-07 -2.00538905e-06
341.098  1.47499518e-06 -1.34887988e-06
341.262  1.92863337e-06 -2.41302198e-07
341.427  1.66238452e-06  8.93187801e-07
341.591  8.11395360e-07  1.64003007e-06
341.755 -2.82560448e-07  1.74827405e-06
341.919 -1.20536190e-06  1.21555542e-06
342.084 -1.62857165e-06  2.74896662e-07
342.248 -1.42804309e-06 -7.02255447e-07
342.412 -7.17488937e-07 -1.35202800e-06
342.576  2.05798743e-07 -1.45550747e-06
342.741  9.82194456e-07 -1.01120137e-06
342.905  1.33099704e-06 -2.23741444e-07
343.069  1.15113476e-06  5.84201588e-07
343.233  5.48932158e-07  1.10380311e-06
343.397 -2.12929942e-07  1.15726097e-06
343.562 -8.27523434e-07  7.57741425e-07
343.726 -1.06588446e-06  9.52029785e-08
343.890 -8.60667475e-07 -5.48929371e-07
344.054 -3.25507825e-07 -9.18979030e-07
344.219  2.99876060e-07 -8.83558871e-07
344.383  7.53862295e-07 -4.83131035e-07
344.547  8.58085254e-07  9.37033126e-08
344.711  5.86906621e-07  5.95436143e-07
344.875  7.34835826e-08  8.12197227e-07
345.040 -4.52525399e-07  6.60722083e-07
345.204 -7.62777331e-07  2.17358146e-07
345.368 -7.24619955e-07 -3.18852168e-07
345.532 -3.57344214e-07 -7.12077717e-07
345.697  1.78110396e-07 -7.87808430e-07
345.861  6.48607220e-07 -5.08132311e-07
346.025  8.45231205e-07  1.16851344e-08
346.189  6.72891927e-07  5.52079897e-07
346.354  1.93012357e-07  8.78472369e-07
346.518 -4.01097437e-07  8.39885563e-07
346.682 -8.60743066e-07  4.35732329e-07
346.846 -9.83372325e-07 -1.81610264e-07
347.010 -6.99865962e-07 -7.64737986e-07
347.175 -1.05981299e-07 -1.06868040e-06
347.339  5.71468811e-07 -9.53222430e-07
347.503  1.06034984e-06 -4.42929045e-07
347.667  1.15312213e-06  2.77924273e-07
347.832  7.92577997e-07  9.31511874e-07
347.996  9.83740122e-08  1.25482774e-06
348.160 -6.72336856e-07  1.10531756e-06
348.324 -1.22154430e-06  5.19202026e-07
348.488 -1.32719900e-06 -2.95522319e-07
348.653 -9.30192893e-07 -1.03380569e-06
348.817 -1.62623201e-07 -1.41052916e-06
348.981  6.96118064e-07 -1.26943834e-06
349.145  1.32425387e-06 -6.46037506e-07
349.310  1.47854313e-06  2.39242969e-07
349.474  1.08720045e-06  1.06190538e-06
349.638  2.82631256e-07  1.51396141e-06
349.802 -6.45319043e-07  1.41841078e-06
349.966 -1.35630632e-06  7.99539823e-07
350.131 -1.58391800e-06 -1.23138492e-07
350.295 -1.23692278e-06 -1.01566367e-06
350.459 -4.35839462e-07 -1.55054156e-06
350.623  5.31690755e-07 -1.52829306e-06
350.788  1.31464747e-06 -9.53390721e-07
350.952  1.62699791e-06 -3.17095459e-08
351.116  1.35473809e-06  9.04024880e-07
351.280  5.96284229e-07  1.51480826e-06
351.445 -3.74177443e-07  1.58119439e-06
351.609 -1.20565229e-06  1.08213557e-06
351.773 -1.60020741e-06  2.00379444e-07
351.937 -1.42091494e-06 -7.43728146e-07
352.101 -7.38259075e-07 -1.41091882e-06
352.266  1.96302685e-07 -1.56707624e-06
352.430  1.04419959e-06 -1.16456422e-06
352.594  1.50512832e-06 -3.57485711e-07
352.758  1.42302424e-06  5.57174505e-07
352.923  8.39752098e-07  1.25159289e-06
353.087 -2.32894122e-08  1.48471387e-06
353.251 -8.51386256e-07  1.18650719e-06
353.415 -1.35183137e-06  4.80198854e-07
353.579 -1.35753422e-06 -3.69397196e-07
353.744 -8.84979364e-07 -1.05596996e-06
353.908 -1.21079488e-07 -1.34178474e-06
354.072  6.51366039e-07 -1.14236729e-06
354.236  1.15746521e-06 -5.50844516e-07
354.401  1.23004037e-06  2.04539873e-07
354.565  8.65912424e-07  8.47012395e-07
354.729  2.17620097e-07  1.15377063e-06
354.893 -4.68116587e-07  1.03527113e-06
355.058 -9.44079648e-07  5.59058853e-07
355.222 -1.05402393e-06 -8.26579800e-08
355.386 -7.83002199e-07 -6.48717231e-07
355.550 -2.54259353e-07 -9.41593902e-07
355.714  3.22626268e-07 -8.76231072e-07
355.879  7.35639018e-07 -5.03112619e-07
356.043  8.48641897e-07  1.74631789e-08
356.207  6.45065205e-07  4.83129887e-07
356.371  2.27275250e-07  7.28503373e-07
356.536 -2.30525078e-07  6.82641472e-07
356.700 -5.54650968e-07  3.89895505e-07
356.864 -6.36164440e-07 -1.50542655e-08
357.028 -4.68035293e-07 -3.67407070e-07
357.192 -1.41214980e-07 -5.36994775e-07
357.357  2.00175411e-07 -4.76075940e-07
357.521  4.19207708e-07 -2.33513805e-07
357.685  4.39288881e-07  7.34125334e-08
357.849  2.72543438e-07  3.11580929e-07
358.014  7.90966890e-09  3.86205126e-07
358.178 -2.31603301e-07  2.79358542e-07
358.342 -3.40999354e-07  5.30349453e-08
358.506 -2.78311405e-07 -1.82697981e-07
358.670 -8.08679923e-08 -3.17593599e-07
358.835  1.55102317e-07 -2.89767562e-07
358.999  3.16738554e-07 -1.13351931e-07
359.163  3.24287732e-07  1.30024907e-07
359.327  1.68410351e-07  3.26626877e-07
359.492 -8.59831131e-08  3.79590603e-07
359.656 -3.26787422e-07  2.54137315e-07
359.820 -4.40954434e-07 -5.76213459e-09
359.984 -3.65602781e-07 -2.94275917e-07
360.149 -1.17677294e-07 -4.84928150e-07
360.313  2.10671044e-07 -4.85031794e-07
360.477  4.85474807e-07 -2.77762458e-07
360.641  5.85348154e-07  6.82102826e-08
360.805  4.54202106e-07  4.21121382e-07
360.970  1.26409304e-07  6.36313349e-07
361.134 -2.81454174e-07  6.16322488e-07
361.298 -6.11901527e-07  3.51527890e-07
361.462 -7.29188851e-07 -7.14266747e-08
361.627 -5.73557775e-07 -4.97256442e-07
361.791 -1.87592568e-07 -7.61225788e-07
361.955  2.93638305e-07 -7.53019414e-07
362.119  6.91694633e-07 -4.60409804e-07
362.283  8.52374281e-07  2.01734086e-08
362.448  7.03829761e-07  5.16380011e-07
362.612  2.88118310e-07  8.44034228e-07
362.776 -2.50182265e-07  8.74606019e-07
362.940 -7.16850151e-07  5.85762061e-07
363.105 -9.37933957e-07  7.40638739e-08
363.269 -8.24742396e-07 -4.79662011e-07
363.433 -4.10451151e-07 -8.74751511e-07
363.597  1.61070336e-07 -9.63365150e-07
363.762  6.86321072e-07 -7.07687217e-07
363.926  9.74313096e-07 -1.94652924e-07
364.090  9.18159470e-07  3.95090450e-07
364.254  5.34814841e-07  8.50272710e-07
364.418 -4.15645555e-08  1.00662678e-06
364.583 -6.05972162e-07  8.07368660e-07
364.747 -9.56838334e-07  3.22287556e-07
364.911 -9.70076043e-07 -2.76170222e-07
365.075 -6.41874594e-07 -7.74773068e-07
365.240 -9.00697787e-08 -9.98010059e-07
365.404  4.87848596e-07 -8.69409193e-07
365.568  8.87961936e-07 -4.37758461e-07
365.732  9.72136120e-07  1.40233545e-07
365.896  7.15433075e-07  6.58916665e-07
366.061  2.14847340e-07  9.37816270e-07
366.225 -3.48526940e-07  8.83904656e-07
366.389 -7.76459975e-07  5.24350674e-07
366.553 -9.22670855e-07 -6.28706172e-09
366.718 -7.44448144e-07 -5.18035950e-07
366.882 -3.15265686e-07 -8.32835269e-07
367.046  2.06659627e-07 -8.47674913e-07
367.210  6.36064545e-07 -5.69637884e-07
367.374  8.26904922e-07 -1.07568617e-07
367.539  7.24050482e-07  3.69885401e-07
367.703  3.77479773e-07  6.95504386e-07
367.867 -8.03201675e-08  7.64302871e-07
368.031 -4.83767755e-07  5.66808701e-07
368.196 -6.96020862e-07  1.86655810e-07
368.360 -6.55757914e-07 -2.32455172e-07
368.524 -3.93171011e-07 -5.42204343e-07
368.688 -1.52150181e-08 -6.43203746e-07
368.853  3.37712656e-07 -5.15517563e-07
369.017  5.45285198e-07 -2.21513445e-07
369.181  5.47150480e-07  1.21900281e-07
369.345  3.60555925e-07  3.90835562e-07
369.509  6.90692290e-08  4.98208267e-07
369.674 -2.14721836e-07  4.21915801e-07
369.838 -3.91844768e-07  2.08703728e-07
370.002 -4.10936093e-07 -5.05282769e-08
370.166 -2.84238155e-07 -2.58287952e-07
370.331 -7.59109413e-08 -3.45873552e-07
370.495  1.27960275e-07 -2.97590621e-07
370.659  2.52644614e-07 -1.50864672e-07
370.823  2.63207283e-07  2.51275001e-08
370.987  1.74168286e-07  1.58401727e-07
371.152  3.66307335e-08  2.03427323e-07
371.316 -8.53580288e-08  1.57655995e-07
371.480 -1.42490269e-07  5.62704119e-08
371.644 -1.21062382e-07 -4.61674545e-08
371.809 -4.41945718e-08 -1.00549046e-07
371.973  4.17866456e-08 -8.64107972e-08
372.137  8.90001907e-08 -1.86044542e-08
372.301  7.21941797e-08  6.21805359e-08
372.466  2.06363625e-10  1.08115347e-07
372.630 -8.96074848e-08  8.86578519e-08
372.794 -1.47430126e-07  6.52022275e-09
372.958 -1.35218936e-07 -1.03665293e-07
373.122 -4.70927443e-08 -1.88733074e-07
373.287  8.69113916e-08 -2.00566692e-07
373.451  2.10929732e-07 -1.20694879e-07
373.615  2.65389747e-07  2.97633784e-08
373.779  2.15131660e-07  1.95653604e-07
373.944  6.64413574e-08  3.07097971e-07
374.108 -1.32340255e-07  3.09711740e-07
374.272 -3.05470679e-07  1.88936313e-07
374.436 -3.79838173e-07 -2.16029381e-08
374.600 -3.15715062e-07 -2.47959800e-07
374.765 -1.23881002e-07 -4.02715434e-07
374.929  1.33447572e-07 -4.19976595e-07
375.093  3.62918163e-07 -2.81224386e-07
375.257  4.75889693e-07 -2.64139960e-08
375.422  4.21583809e-07  2.56585944e-07
375.586  2.08640597e-07  4.64444209e-07
375.750 -9.32902300e-08  5.15950326e-07
375.914 -3.78123101e-07  3.82897237e-07
376.078 -5.41275086e-07  1.04895580e-07
376.243 -5.17246761e-07 -2.23362411e-07
376.407 -3.07006245e-07 -4.85639744e-07
376.571  2.02178986e-08 -5.84504391e-07
376.735  3.51363225e-07 -4.78794119e-07
376.900  5.67894150e-07 -2.00767726e-07
377.064  5.89231870e-07  1.55350092e-07
377.228  4.03923621e-07  4.64829871e-07
377.392  7.34547644e-08  6.16603907e-07
377.557 -2.88013969e-07  5.54998540e-07
377.721 -5.52951155e-07  2.99050736e-07
377.885 -6.27607457e-07 -6.35844902e-08
378.049 -4.84852180e-07 -4.05955899e-07
378.213 -1.73365127e-07 -6.08296726e-07
378.378  1.97862131e-07 -6.00386099e-07
378.542  4.99216998e-07 -3.85040290e-07
378.706  6.26906638e-07 -3.83822982e-08
378.870  5.37763827e-07  3.17866776e-07
379.035  2.65022672e-07  5.60829183e-07
379.199 -9.39503432e-08  6.08036919e-07
379.363 -4.14319623e-07  4.46291835e-07
379.527 -5.86673528e-07  1.36036369e-07
379.691 -5.54788161e-07 -2.12937941e-07
379.856 -3.35434675e-07 -4.80225322e-07
380.020 -9.18484434e-09 -5.76214502e-07
380.184  3.09453034e-07 -4.73980069e-07
380.348  5.11589654e-07 -2.15678200e-07
380.513  5.33029645e-07  1.05182345e-07
380.677  3.74530661e-07  3.76551172e-07
380.841  9.76097798e-08  5.08481438e-07
381.005 -1.97944755e-07  4.63681536e-07
381.170 -4.10876873e-07  2.66299839e-07
381.334 -4.74553156e-07 -8.42449512e-09
381.498 -3.76442470e-07 -2.62741033e-07
381.662 -1.59835762e-07 -4.12898324e-07
381.826  9.37583156e-08 -4.15806024e-07
381.991  2.96881770e-07 -2.81069910e-07
382.155  3.85890438e-07 -6.52057181e-08
382.319  3.40338843e-07  1.52864093e-07
382.483  1.88022760e-07  3.00717240e-07
382.648 -9.80110602e-09  3.35624962e-07
382.812 -1.83231158e-07  2.57991939e-07
382.976 -2.77272914e-07  1.06577077e-07
383.140 -2.70412516e-07 -6.01219533e-08
383.304 -1.78631784e-07 -1.84990468e-07
383.469 -4.38294699e-08 -2.32602437e-07
383.633  8.31108977e-08 -1.99777991e-07
383.797  1.61457046e-07 -1.10711762e-07
383.961  1.75009274e-07 -4.84772770e-09
384.126  1.32756272e-07  7.91421728e-08
384.290  6.11755076e-08  1.18966159e-07
384.454 -7.88347257e-09  1.13302263e-07
384.618 -5.20359780e-08  7.74878033e-08
384.782 -6.53273798e-08  3.50235281e-08
384.947 -5.60699618e-08  4.63081526e-09
385.111 -4.09303991e-08 -7.92661631e-09
385.275 -3.40961218e-08 -8.82230961e-09
385.439 -3.84552167e-08 -1.15158751e-08
385.604 -4.59137015e-08 -2.75323720e-08
385.768 -4.18927763e-08 -5.69844961e-08
385.932 -1.37814970e-08 -8.79250553e-08
386.096  3.85143168e-08 -1.01176100e-07
386.261  1.00083092e-07 -7.87785853e-08
386.425  1.45816324e-07 -1.61054847e-08
386.589  1.49155392e-07  7.26033330e-08
386.753  9.59835884e-08  1.57866938e-07
386.917 -5.67962600e-09  2.03601321e-07
387.082 -1.26416962e-07  1.82425902e-07
387.246 -2.22796816e-07  9.00915670e-08
387.410 -2.52992747e-07 -5.05750270e-08
387.574 -1.95615395e-07 -1.94105849e-07
387.739 -5.96934594e-08 -2.86523958e-07
387.903  1.14946591e-07 -2.87160485e-07
388.067  2.68071762e-07 -1.85096812e-07
388.231  3.41394222e-07 -5.90804819e-09
388.395  3.00643727e-07  1.92689810e-07
388.560  1.49425879e-07  3.40554025e-07
388.724 -6.72508914e-08  3.80656406e-07
388.888 -2.76675126e-07  2.89642046e-07
389.052 -4.04164880e-07  9.01402028e-08
389.217 -3.98592111e-07 -1.53972523e-07
389.381 -2.53088154e-07 -3.59583731e-07
389.545 -1.11647229e-08 -4.51890496e-07
389.709  2.47699395e-07 -3.91675481e-07
389.874  4.33847180e-07 -1.92637170e-07
390.038  4.78155534e-07  8.23182422e-08
390.202  3.59138221e-07  3.41088898e-07
390.366  1.11621368e-07  4.92469354e-07
390.530 -1.83929051e-07  4.79869109e-07
390.695 -4.26502260e-07  3.02175201e-07
390.859 -5.30387949e-07  1.48418647e-08
391.023 -4.56020071e-07 -2.86224141e-07
391.187 -2.23579685e-07 -4.97473168e-07
391.352  9.12521322e-08 -5.44544994e-07
391.516  3.82054870e-07 -4.07194205e-07
391.680  5.49268215e-07 -1.28140922e-07
391.844  5.33365765e-07  1.99622051e-07
392.008  3.36067358e-07  4.65555848e-07
392.173  2.20194414e-08  5.78433719e-07
392.337 -3.03924827e-07  4.97223017e-07
392.501 -5.31870832e-07  2.47272828e-07
392.665 -5.83130571e-07 -8.86533514e-08
392.830 -4.38772858e-07 -3.98510141e-07
392.994 -1.46087430e-07 -5.77300928e-07
393.158  1.98095744e-07 -5.63841651e-07
393.322  4.78377505e-07 -3.61917526e-07
393.486  6.00234037e-07 -3.77904013e-08
393.651  5.22758723e-07  3.00688090e-07
393.815  2.70905838e-07  5.40154632e-07
393.979 -7.20889931e-08  6.01036510e-07
394.143 -3.91835346e-07  4.62738998e-07
394.308 -5.82495212e-07  1.70538285e-07
394.472 -5.81015699e-07 -1.78390523e-07
394.636 -3.87371625e-07 -4.68794021e-07
394.800 -6.58612948e-08 -6.05208029e-07
394.965  2.77438247e-07 -5.42281104e-07
395.129  5.30111494e-07 -3.00988531e-07
395.293  6.08892302e-07  3.90564888e-08
395.457  4.88012600e-07  3.66891064e-07
395.621  2.07519891e-07  5.75068845e-07
395.786 -1.41425609e-07  5.95357704e-07
395.950 -4.45076480e-07  4.21558998e-07
396.114 -6.04125166e-07  1.09772247e-07
396.278 -5.67079754e-07 -2.39079843e-07
396.443 -3.45392532e-07 -5.11337757e-07
396.607 -9.94102035e-09 -6.18776710e-07
396.771  3.30636758e-07 -5.25978948e-07
396.935  5.66272883e-07 -2.61356932e-07
397.099  6.20336473e-07  9.03247266e-08
397.264  4.73320354e-07  4.16030514e-07
397.428  1.70937536e-07  6.10689317e-07
397.592 -1.90620743e-07  6.09457038e-07
397.756 -4.95787225e-07  4.10114813e-07
397.921 -6.44786728e-07  7.45409035e-08
398.085 -5.86550204e-07 -2.91476856e-07
398.249 -3.36507523e-07 -5.69966635e-07
398.413  2.86359311e-08 -6.68468258e-07
398.578  3.93205062e-07 -5.51378142e-07
398.742  6.38251933e-07 -2.51246066e-07
398.906  6.81174518e-07  1.39532696e-07
399.070  5.02218791e-07  4.95694494e-07
399.234  1.52504367e-07  7.00009001e-07
399.399 -2.58711102e-07  6.80884356e-07
399.563 -5.98627965e-07  4.36303075e-07
399.727 -7.53275119e-07  3.86559085e-08
