0.163  8.98674237e-03 -1.42336016e-03
0.325  5.13999065e-03  1.32395449e-03
0.488  2.74737420e-03  2.52863550e-03
0.651  8.22206669e-04  2.76409809e-03
0.813 -6.71002390e-04  2.22763618e-03
0.976 -1.47744096e-03  1.25006821e-03
1.139 -1.66545603e-03  1.77621653e-04
1.302 -1.29979696e-03 -7.01415143e-04
1.464 -5.69425899e-04 -1.15197328e-03
1.627  1.78130705e-04 -1.14118650e-03
1.790  7.33496635e-04 -7.62145667e-04
1.952  9.51694590e-04 -1.85974659e-04
2.115  8.09122037e-04  3.71982221e-04
2.278  4.19433519e-04  7.19400394e-04
2.440 -7.84183840e-05  7.70612820e-04
2.603 -4.72324264e-04  5.27995162e-04
2.766 -6.62692720e-04  1.36313076e-04
2.928 -5.86968652e-04 -2.59625013e-04
3.091 -3.10184436e-04 -5.14796757e-04
3.254  3.80724744e-05 -5.64963010e-04
3.417  3.42845714e-04 -4.05338077e-04
3.579  4.95316013e-04 -1.12285880e-04
3.742  4.48246286e-04  1.88375220e-04
3.905  2.40951078e-04  3.95627496e-04
4.067 -3.01326541e-05  4.42419187e-04
4.230 -2.66963942e-04  3.27454045e-04
4.393 -3.95411179e-04  1.01259554e-04
4.555 -3.65856047e-04 -1.46772020e-04
4.718 -1.99131368e-04 -3.20175119e-04
4.881  2.71788739e-05 -3.56978137e-04
5.043  2.32246414e-04 -2.64903901e-04
5.206  3.34367126e-04 -7.84186778e-05
5.369  3.06870574e-04  1.27291619e-04
5.532  1.68961571e-04  2.73385787e-04
5.694 -2.73490658e-05  3.10244882e-04
5.857 -1.99316357e-04  2.25578635e-04
6.020 -2.84582603e-04  6.04042716e-05
6.182 -2.61995149e-04 -1.16184649e-04
6.345 -1.42711664e-04 -2.40120909e-04
6.508  2.30893098e-05 -2.69908618e-04
6.670  1.71644160e-04 -1.98602079e-04
6.833  2.51246940e-04 -5.70799078e-05
6.996  2.34610246e-04  1.00035063e-04
7.158  1.29517668e-04  2.10758762e-04
7.321 -1.92133642e-05  2.35749852e-04
7.484 -1.51867017e-04  1.70809040e-04
7.647 -2.19484698e-04  4.58593006e-05
7.809 -2.01411964e-04 -9.04152504e-05
7.972 -1.07549335e-04 -1.88155783e-04
8.135  2.14256430e-05 -2.11527420e-04
8.297  1.37507973e-04 -1.54765981e-04
8.460  1.96939487e-04 -4.37747491e-05
8.623  1.79327265e-04  7.84663386e-05
8.785  9.45958636e-05  1.66573776e-04
8.948 -2.33348291e-05  1.87443245e-04
9.111 -1.28748173e-04  1.36914961e-04
9.273 -1.82679869e-04  3.67366769e-05
9.436 -1.66906780e-04 -7.34999952e-05
9.599 -9.16698130e-05 -1.51293499e-04
9.761  1.24595104e-05 -1.68775215e-04
9.924  1.05873112e-04 -1.22095792e-04
10.087  1.53355747e-04 -3.15384108e-05
10.250  1.39462908e-04  6.65798496e-05
10.412  7.26607353e-05  1.35474368e-04
10.575 -1.93015476e-05  1.50973203e-04
10.738 -9.99771003e-05  1.08814090e-04
10.900 -1.39345095e-04  2.71461956e-05
11.063 -1.24136499e-04 -6.13914804e-05
11.226 -6.15026962e-05 -1.23623801e-04
11.388  2.29208943e-05 -1.36645358e-04
11.551  9.63044769e-05 -9.65328676e-05
11.714  1.31328637e-04 -2.05657716e-05
11.876  1.15717368e-04  6.13021319e-05
12.039  5.66309642e-05  1.18188363e-04
12.202 -2.23999131e-05  1.29503048e-04
12.365 -9.10332396e-05  9.30110651e-05
12.527 -1.23292335e-04  2.42702290e-05
12.690 -1.07599676e-04 -5.00643647e-05
12.853 -5.14195343e-05 -1.01362292e-04
13.015  2.25595936e-05 -1.10522163e-04
13.178  8.57020712e-05 -7.56720051e-05
13.341  1.14408494e-04 -1.15617678e-05
13.503  9.90820046e-05  5.63784904e-05
13.666  4.68605492e-05  1.01591855e-04
13.829 -2.14820698e-05  1.07475171e-04
13.991 -7.93756575e-05  7.29911932e-05
14.154 -1.05357589e-04  1.19331821e-05
14.317 -9.06999483e-05 -5.19532844e-05
14.480 -4.19460279e-05 -9.42767026e-05
14.642  2.12991221e-05 -9.97155487e-05
14.805  7.45543983e-05 -6.73711902e-05
14.968  9.83939778e-05 -1.08687692e-05
15.130  8.49281761e-05  4.74072057e-05
15.293  4.04254755e-05  8.55534145e-05
15.456 -1.70951548e-05  8.97610240e-05
15.618 -6.53861340e-05  5.92212094e-05
15.781 -8.62207148e-05  6.65229499e-06
15.944 -7.21750990e-05 -4.72891062e-05
16.106 -2.96514030e-05 -8.21417806e-05
16.269  2.42698139e-05 -8.49945976e-05
16.432  6.88256541e-05 -5.56163890e-05
16.595  8.70325663e-05 -6.16328453e-06
16.757  7.24592540e-05  4.41035910e-05
16.920  3.15951745e-05  7.59780402e-05
17.083 -1.94582950e-05  7.77935888e-05
17.245 -6.11051651e-05  4.99617343e-05
17.408 -7.77817520e-05  3.87680125e-06
17.571 -6.40615739e-05 -4.26274320e-05
17.733 -2.59999620e-05 -7.18376256e-05
17.896  2.14199977e-05 -7.32324072e-05
18.059  5.98003973e-05 -4.71015125e-05
18.221  7.48132136e-05 -4.02051069e-06
18.384  6.15191413e-05  3.90191429e-05
18.547  2.56301296e-05  6.55006676e-05
18.710 -1.85403901e-05  6.57969035e-05
18.872 -5.38021714e-05  4.03002128e-05
19.035 -6.70459437e-05 -6.32456629e-07
19.198 -5.37937396e-05 -4.07576457e-05
19.360 -1.98179749e-05 -6.47357450e-05
19.523  2.11175475e-05 -6.37454620e-05
19.686  5.31541909e-05 -3.86062758e-05
19.848  6.42547992e-05  4.89333737e-07
20.011  5.04326886e-05  3.84150569e-05
20.174  1.74416624e-05  6.09796589e-05
20.336 -2.18145779e-05  5.99648862e-05
20.499 -5.24923034e-05  3.64244541e-05
20.662 -6.31519005e-05  2.54062708e-08
20.825 -5.02645767e-05 -3.51411782e-05
20.987 -1.94567402e-05 -5.57175749e-05
21.150  1.71964788e-05 -5.41932734e-05
21.313  4.56439210e-05 -3.18361285e-05
21.475  5.51643549e-05  2.31535496e-06
21.638  4.27005903e-05  3.49386561e-05
21.801  1.36105206e-05  5.34125860e-05
21.963 -2.06101098e-05  5.09630712e-05
22.126 -4.66091395e-05  2.89960600e-05
22.289 -5.45988598e-05 -3.78486195e-06
22.451 -4.20000242e-05 -3.45754788e-05
22.614 -1.39936367e-05 -5.16356416e-05
22.777  1.83787631e-05 -4.88736343e-05
22.940  4.26282653e-05 -2.77231754e-05
23.102  4.98399741e-05  3.40138176e-06
23.265  3.76867376e-05  3.23862537e-05
23.428  1.12335291e-05  4.83766217e-05
23.590 -1.89672662e-05  4.56520456e-05
23.753 -4.13045432e-05  2.56342103e-05
23.916 -4.74564864e-05 -3.54367174e-06
24.078 -3.53350640e-05 -3.05157982e-05
24.241 -1.00243617e-05 -4.51261796e-05
24.404  1.84660520e-05 -4.20538435e-05
24.566  3.92801646e-05 -2.29609702e-05
24.729  4.46179583e-05  4.33873952e-06
24.892  3.27917515e-05  2.92311498e-05
25.055  8.82231560e-06  4.21779178e-05
25.217 -1.78844397e-05  3.83801379e-05
25.380 -3.70441623e-05  1.96853261e-05
25.543 -4.13660165e-05 -6.50878180e-06
25.705 -2.95117114e-05 -3.01166370e-05
25.868 -6.30031574e-06 -4.21116347e-05
26.031  1.92857980e-05 -3.82005608e-05
26.193  3.74022513e-05 -2.02658382e-05
26.356  4.13301820e-05  4.61880390e-06
26.519  2.99808043e-05  2.67743697e-05
26.681  7.98059459e-06  3.78036319e-05
26.844 -1.60229640e-05  3.38690359e-05
27.007 -3.27838870e-05  1.68209370e-05
27.169 -3.61780769e-05 -6.49937054e-06
27.332 -2.52530690e-05 -2.69158404e-05
27.495 -4.52133581e-06 -3.66973513e-05
27.658  1.77430717e-05 -3.23224738e-05
27.820  3.29732127e-05 -1.56825870e-05
27.983  3.55158484e-05  6.56306956e-06
28.146  2.45968959e-05  2.58124226e-05
28.308  4.72106176e-06  3.48680141e-05
28.471 -1.62645028e-05  3.04724448e-05
28.634 -3.03515201e-05  1.46511267e-05
28.796 -3.22362887e-05 -6.18657612e-06
28.959 -2.14128721e-05 -2.39658378e-05
29.122 -2.34478155e-06 -3.18887418e-05
29.284  1.75484648e-05 -2.70431237e-05
29.447  3.06625605e-05 -1.15808737e-05
29.610  3.20694446e-05  8.40838039e-06
29.773  2.15304033e-05  2.52597165e-05
29.935  3.33657139e-06  3.25723687e-05
30.098 -1.54608791e-05  2.78186480e-05
30.261 -2.76313192e-05  1.31474825e-05
30.423 -2.86858327e-05 -5.64571357e-06
30.586 -1.85354315e-05 -2.12276744e-05
30.749 -1.26901011e-06 -2.76594826e-05
30.911  1.63359293e-05 -2.27205846e-05
31.074  2.74779088e-05 -8.49912844e-06
31.237  2.80744390e-05  9.38413322e-06
31.399  1.80982279e-05  2.39384111e-05
31.562  1.54125620e-06  2.96790106e-05
31.725 -1.50733591e-05  2.45713305e-05
31.888 -2.54112534e-05  1.07007193e-05
32.050 -2.56885739e-05 -6.44731085e-06
32.213 -1.59611208e-05 -2.02893635e-05
32.376 -1.91659760e-07 -2.56991759e-05
32.538  1.54236097e-05 -2.07857149e-05
32.701  2.49569480e-05 -7.68967310e-06
32.864  2.48452842e-05  8.32657370e-06
33.026  1.52949233e-05  2.10948381e-05
33.189  1.88141790e-07  2.57717810e-05
33.352 -1.46394058e-05  2.06880319e-05
33.514 -2.35677951e-05  8.03817046e-06
33.677 -2.32928351e-05 -7.19584419e-06
33.840 -1.41905936e-05 -1.91697335e-05
34.003  2.30294705e-08 -2.33283158e-05
34.165  1.38112247e-05 -1.82732592e-05
34.328  2.18326179e-05 -6.17117344e-06
34.491  2.11062967e-05  8.23688528e-06
34.653  1.21089782e-05  1.93526755e-05
34.816 -1.60933767e-06  2.29565864e-05
34.979 -1.47172808e-05  1.78630648e-05
35.141 -2.21936175e-05  6.16467056e-06
35.304 -2.13599535e-05 -7.54920438e-06
35.467 -1.27215464e-05 -1.79518823e-05
35.629  2.63223375e-07 -2.11762511e-05
35.792  1.24685429e-05 -1.61665435e-05
35.955  1.92391272e-05 -4.99245138e-06
36.118  1.81196187e-05  7.87613590e-06
36.280  9.66404292e-06  1.74412936e-05
36.443 -2.70126540e-06  2.01181645e-05
36.606 -1.41110218e-05  1.49566169e-05
36.768 -2.02257574e-05  4.06773965e-06
36.931 -1.87490592e-05 -8.24963511e-06
37.094 -1.03407359e-05 -1.73114532e-05
37.256  1.64013601e-06 -1.97282717e-05
37.419  1.26056928e-05 -1.46954833e-05
37.582  1.84343130e-05 -4.34809948e-06
37.744  1.70004397e-05  7.24120368e-06
37.907  9.07195064e-06  1.56268863e-05
38.070 -2.13752550e-06  1.76145278e-05
38.233 -1.22699579e-05  1.25845280e-05
38.395 -1.73979213e-05  2.62931472e-06
38.558 -1.56225196e-05 -8.37458166e-06
38.721 -7.76541286e-06 -1.61630153e-05
38.883  3.10807777e-06 -1.77866512e-05
39.046  1.27996849e-05 -1.27713576e-05
39.209  1.76179237e-05 -3.12841364e-06
39.371  1.58771381e-05  7.39291348e-06
39.534  8.38908833e-06  1.47326838e-05
39.697 -1.87494378e-06  1.61964715e-05
39.859 -1.08807732e-05  1.13760486e-05
40.022 -1.52116989e-05  2.23141071e-06
40.185 -1.33266008e-05 -7.59731840e-06
40.348 -6.03967020e-06 -1.43078929e-05
40.510  3.72477927e-06 -1.54078790e-05
40.673  1.21452679e-05 -1.05401081e-05
40.836  1.60447617e-05 -1.67294310e-06
40.998  1.39825120e-05  7.70215873e-06
41.161  6.83265862e-06  1.40321485e-05
41.324 -2.55092492e-06  1.49632635e-05
41.486 -1.05765052e-05  1.02333381e-05
41.649 -1.42338111e-05  1.81271849e-06
41.812 -1.22027052e-05 -7.00028954e-06
41.974 -5.42842212e-06 -1.28422891e-05
42.137  3.36609091e-06 -1.35028667e-05
42.300  1.07783811e-05 -8.85341230e-06
42.463  1.39464019e-05 -8.14205946e-07
42.625  1.17205217e-05  7.48349992e-06
42.788  5.07522984e-06  1.28179168e-05
42.951 -3.39668840e-06  1.31651008e-05
43.113 -1.04188705e-05  8.50005727e-06
43.276 -1.33081381e-05  6.65412732e-07
43.439 -1.10722213e-05 -7.31018498e-06
43.601 -4.66183336e-06 -1.23594609e-05
43.764  3.41225414e-06 -1.26501347e-05
43.927  1.00004551e-05 -8.19258227e-06
44.089  1.26298928e-05 -7.75222984e-07
44.252  1.04065333e-05  6.66339733e-06
44.415  4.26462215e-06  1.12598976e-05
44.577 -3.33170996e-06  1.13329970e-05
44.740 -9.40595244e-06  6.91776019e-06
44.903 -1.16711545e-05 -2.00116950e-07
45.066 -9.29841269e-06 -7.20444505e-06
45.228 -3.25840956e-06 -1.14275170e-05
45.391  4.04623850e-06 -1.12842183e-05
45.554  9.82167698e-06 -6.87156549e-06
45.716  1.19004796e-05  3.00775164e-08
45.879  9.53218452e-06  6.75960101e-06
46.042  3.73139766e-06  1.07872828e-05
46.204 -3.21275126e-06  1.06190198e-05
46.367 -8.65417802e-06  6.43659881e-06
46.530 -1.05268676e-05 -4.00339391e-08
46.692 -8.19724256e-06 -6.29436235e-06
46.855 -2.68222960e-06 -9.90485542e-06
47.018  3.85049729e-06 -9.51458977e-06
47.181  8.85884711e-06 -5.37138208e-06
47.343  1.04146862e-05  8.85881156e-07
47.506  8.00018101e-06  6.83083465e-06
47.669  2.59804683e-06  1.01643343e-05
47.831 -3.69725928e-06  9.67699548e-06
47.994 -8.44263210e-06  5.63227037e-06
48.157 -9.87149218e-06 -3.83132916e-07
48.319 -7.53026765e-06 -6.01338015e-06
48.482 -2.37391839e-06 -9.11624801e-06
48.645  3.54526277e-06 -8.58884311e-06
48.807  7.92208382e-06 -4.69531184e-06
48.970  9.13003310e-06  9.91591387e-07
49.133  6.74988390e-06  6.22036108e-06
49.296  1.75132381e-06  9.00506747e-06
49.458 -3.87246959e-06  8.30804661e-06
49.621 -7.96805895e-06  4.43045792e-06
49.784 -8.99845145e-06 -1.06843160e-06
49.946 -6.59680513e-06 -6.06890059e-06
50.109 -1.76033731e-06 -8.69312401e-06
50.272  3.61616286e-06 -7.96711874e-06
50.434  7.49716297e-06 -4.25278083e-06
50.597  8.41735366e-06  9.46821990e-07
50.760  6.09466231e-06  5.63039746e-06
50.922  1.51841114e-06  7.99908065e-06
51.085 -3.52128984e-06  7.17995673e-06
51.248 -7.06896920e-06  3.57815919e-06
51.411 -7.76303258e-06 -1.37825422e-06
51.573 -5.40642475e-06 -5.76076473e-06
51.736 -9.50388141e-07 -7.86342540e-06
51.899  3.87704609e-06 -6.92536176e-06
52.061  7.19554607e-06 -3.35351295e-06
52.224  7.76724682e-06  1.47220561e-06
52.387  5.43520191e-06  5.67709932e-06
52.549  1.11771131e-06  7.67553039e-06
52.712 -3.49264093e-06  6.78008986e-06
52.875 -6.62388361e-06  3.38289792e-06
53.037 -7.14189001e-06 -1.15537392e-06
53.200 -4.90146847e-06 -5.04741119e-06
53.363 -8.21049783e-07 -6.83143194e-06
53.526  3.46192411e-06 -5.86136784e-06
53.688  6.30196404e-06 -2.54860291e-06
53.851  6.63189223e-06  1.76396370e-06
54.014  4.34126907e-06  5.40088356e-06
54.176  3.66652137e-07  6.98500045e-06
54.339 -3.73775398e-06  5.91454532e-06
54.502 -6.41888330e-06  2.64619235e-06
54.664 -6.65793860e-06 -1.52581014e-06
54.827 -4.40566131e-06 -5.01955932e-06
54.990 -5.85577643e-07 -6.51036206e-06
55.152  3.33576715e-06 -5.46624788e-06
55.315  5.86258095e-06 -2.36679930e-06
55.478  6.04874256e-06  1.56572648e-06
55.641  3.90122334e-06  4.80994545e-06
55.803  2.97675699e-07  6.11182075e-06
55.966 -3.35386845e-06  5.02329472e-06
56.129 -5.61971777e-06  2.01347252e-06
56.291 -5.65324457e-06 -1.74351678e-06
56.454 -3.48755005e-06 -4.77250716e-06
56.617  3.29580117e-08 -5.91848632e-06
56.779  3.52916885e-06 -4.79002015e-06
56.942  5.65410242e-06 -1.83914102e-06
57.105  5.64077864e-06  1.77444535e-06
57.267  3.52344648e-06  4.64262930e-06
57.430  1.43579746e-07  5.70429393e-06
57.593 -3.16319109e-06  4.58920240e-06
57.756 -5.14849094e-06  1.75568595e-06
57.918 -5.08802900e-06 -1.65531468e-06
58.081 -3.03180784e-06 -4.32853073e-06
58.244  1.72412471e-07 -5.26549688e-06
58.406  3.26414896e-06 -4.12151235e-06
58.569  5.07110073e-06 -1.38378702e-06
58.732  4.90275434e-06  1.85458090e-06
58.894  2.85453379e-06  4.35866517e-06
59.057 -2.41580177e-07  5.16962218e-06
59.220 -3.20016693e-06  3.99667284e-06
59.382 -4.89203162e-06  1.34252178e-06
59.545 -4.68128170e-06 -1.76166531e-06
59.708 -2.70513675e-06 -4.12650782e-06
59.871  2.46964046e-07 -4.84386088e-06
60.033  3.03611953e-06 -3.68499640e-06
60.196  4.57719531e-06 -1.13551297e-06
60.359  4.30860127e-06  1.81672967e-06
60.521  2.37873567e-06  4.01721399e-06
60.684 -4.58572016e-07  4.63445089e-06
60.847 -3.08949421e-06  3.47783372e-06
61.009 -4.49913174e-06  1.00942370e-06
61.172 -4.18671766e-06 -1.79841026e-06
61.335 -2.29341275e-06 -3.84723005e-06
61.497  4.33329278e-07 -4.38096353e-06
61.660  2.91632756e-06 -3.21971529e-06
61.823  4.22093191e-06 -8.26362992e-07
61.985  3.87515216e-06  1.84295513e-06
62.148  2.02709374e-06  3.76588626e-06
62.311 -5.72698495e-07  4.23212745e-06
62.474 -2.91004880e-06  3.07506241e-06
62.636 -4.10899955e-06  7.77228255e-07
62.799 -3.71717009e-06 -1.74789120e-06
62.962 -1.91434077e-06 -3.54330291e-06
63.124  5.66979310e-07 -3.92452508e-06
63.287  2.77698888e-06 -2.76333839e-06
63.450  3.87099214e-06 -5.49538689e-07
63.612  3.43629470e-06  1.85920905e-06
63.775  1.68217854e-06  3.54168831e-06
63.938 -6.99751996e-07  3.85060061e-06
64.100 -2.79850977e-06  2.70449663e-06
64.263 -3.80191980e-06  5.72584585e-07
64.426 -3.35477094e-06 -1.72613726e-06
64.589 -1.66908594e-06 -3.29699618e-06
64.751  5.97979696e-07 -3.55339186e-06
64.914  2.55571423e-06 -2.44010031e-06
65.077  3.44857701e-06 -4.01001742e-07
65.239  2.96795156e-06  1.75844302e-06
65.402  1.31382870e-06  3.18895012e-06
65.565 -8.63741180e-07  3.36367104e-06
65.727 -2.70361694e-06  2.23005237e-06
65.890 -3.51478188e-06  2.29296102e-07
66.053 -3.00619665e-06 -1.84649939e-06
66.215 -1.37823663e-06 -3.21004527e-06
66.378  7.18132926e-07 -3.36668094e-06
66.541  2.47486718e-06 -2.26771416e-06
66.704  3.24611974e-06 -3.66782577e-07
66.866  2.75013685e-06  1.58272318e-06
67.029  1.20885717e-06  2.84777113e-06
67.192 -7.46140739e-07  2.95032011e-06
67.354 -2.36296351e-06  1.86978049e-06
67.517 -3.01923373e-06  6.23909370e-08
67.680 -2.46358937e-06 -1.76803203e-06
67.842 -9.40727739e-07 -2.91649084e-06
68.005  9.54174141e-07 -2.93287056e-06
68.168  2.49955442e-06 -1.83375753e-06
68.330  3.09538451e-06 -5.55760873e-08
68.493  2.53459470e-06  1.72915261e-06
68.656  1.05947001e-06  2.83231420e-06
68.819 -7.65846359e-07  2.84937438e-06
68.981 -2.23362991e-06  1.81223052e-06
69.144 -2.78694302e-06  1.30071511e-07
69.307 -2.25146192e-06 -1.53675832e-06
69.469 -8.51551679e-07 -2.53692178e-06
69.632  8.58525503e-07 -2.51280277e-06
69.795  2.19736989e-06 -1.49222586e-06
69.957  2.66246743e-06  1.21975361e-07
70.120  2.09087516e-06  1.68232305e-06
70.283  7.04626791e-07  2.59079662e-06
70.445 -9.41193211e-07  2.51478976e-06
70.608 -2.20966388e-06  1.48294015e-06
70.771 -2.63336387e-06 -9.07749333e-08
70.934 -2.05268889e-06 -1.59018514e-06
71.096 -7.06398190e-07 -2.45920720e-06
71.259  8.66899886e-07 -2.37242636e-06
71.422  2.07549510e-06 -1.37733906e-06
71.584  2.46517335e-06  1.13206195e-07
71.747  1.89549334e-06  1.52662244e-06
71.910  6.18982566e-07  2.32724124e-06
72.072 -8.61678718e-07  2.20824340e-06
72.235 -1.98132239e-06  1.24395133e-06
72.398 -2.30271669e-06 -1.75164435e-07
72.560 -1.72113967e-06 -1.50588678e-06
72.723 -4.83728378e-07 -2.22656409e-06
72.886  9.35256445e-07 -2.06897855e-06
73.049  1.98124409e-06 -1.11914054e-06
73.211  2.25261089e-06  2.56633363e-07
73.374  1.67088593e-06  1.52303352e-06
73.537  4.66106261e-07  2.18666608e-06
73.699 -8.94095571e-07  2.01593191e-06
73.862 -1.87393394e-06  1.08910355e-06
74.025 -2.11394079e-06 -2.33996076e-07
74.187 -1.53918665e-06 -1.42716146e-06
74.350 -3.73396417e-07 -2.03956641e-06
74.513  9.16160588e-07 -1.85522663e-06
74.675  1.83155892e-06 -9.47352072e-07
74.838  2.04014048e-06  3.17679102e-07
75.001  1.46495292e-06  1.44245074e-06
75.164  3.41105146e-07  2.01152939e-06
75.326 -8.80536970e-07  1.81190737e-06
75.489 -1.74156118e-06  9.30948044e-07
75.652 -1.91843369e-06 -2.67314756e-07
75.814 -1.34901154e-06 -1.32356690e-06
75.977 -2.79591118e-07 -1.83767184e-06
76.140  8.70170017e-07 -1.61022568e-06
76.302  1.66213077e-06 -7.50647481e-07
76.465  1.78365666e-06  3.97025450e-07
76.628  1.20094536e-06  1.39670921e-06
76.790  1.53471704e-07  1.85589080e-06
76.953 -9.63365917e-07  1.60461364e-06
77.116 -1.71689106e-06  7.58466452e-07
77.279 -1.82108441e-06 -3.61762440e-07
77.441 -1.26006428e-06 -1.32542205e-06
77.604 -2.53958237e-07 -1.76161444e-06
77.767  8.08827582e-07 -1.52817319e-06
77.929  1.51120516e-06 -7.28983524e-07
78.092  1.60188487e-06  3.23580759e-07
78.255  1.06434429e-06  1.20757215e-06
78.417  1.10563354e-07  1.58908180e-06
78.580 -8.72165146e-07  1.33756091e-06
78.743 -1.50007931e-06  5.50756694e-07
78.905 -1.54399755e-06 -4.53047499e-07
79.068 -9.84086294e-07 -1.27633612e-06
79.231 -4.28084793e-08 -1.61406219e-06
79.393  9.05346508e-07 -1.33537589e-06
79.556  1.50821253e-06 -5.49459336e-07
79.719  1.53992532e-06  4.26851806e-07
79.882  9.90137082e-07  1.22716825e-06
80.044  8.92738634e-08  1.55496586e-06
80.207 -8.15861727e-07  1.28628602e-06
80.370 -1.38810216e-06  5.45730483e-07
80.532 -1.40688979e-06 -3.70492646e-07
80.695 -8.82823420e-07 -1.11672236e-06
80.858 -3.63647022e-08 -1.40125689e-06
81.020  8.09212765e-07 -1.12394896e-06
81.183  1.32149085e-06 -4.12180810e-07
81.346  1.30298989e-06  4.60177589e-07
81.508  7.79246277e-07  1.15207883e-06
81.671 -4.69337402e-08  1.39040468e-06
81.834 -8.57036191e-07  1.09893120e-06
81.997 -1.33032114e-06  3.94232996e-07
82.159 -1.29789836e-06 -4.55577653e-07
82.322 -7.82561843e-07 -1.11400324e-06
82.485  2.02139724e-08 -1.33708872e-06
82.647  7.90788049e-07 -1.05467679e-06
82.810  1.23475367e-06 -3.75033875e-07
82.973  1.19819076e-06  4.28922129e-07
83.135  6.96472141e-07  1.04132812e-06
83.298 -6.81683919e-08  1.24087713e-06
83.461 -7.88661475e-07  9.53144758e-07
83.623 -1.19805246e-06  2.93671217e-07
83.786 -1.14304500e-06 -4.67861371e-07
83.949 -6.45543182e-07 -1.04393574e-06
84.112  8.63795421e-08 -1.21965999e-06
84.274  7.70787131e-07 -9.25583968e-07
84.437  1.15284692e-06 -2.90493210e-07
84.600  1.08243480e-06  4.34261119e-07
84.762  5.99354962e-07  9.77912588e-07
84.925 -9.74238025e-08  1.12731899e-06
85.088 -7.45464902e-07  8.32378087e-07
85.250 -1.09117626e-06  2.22980474e-07
85.413 -1.00219473e-06 -4.69250433e-07
85.576 -5.29060373e-07 -9.75359302e-07
85.738  1.46495781e-07 -1.09595892e-06
85.901  7.65458053e-07 -7.99265520e-07
86.064  1.08270693e-06 -2.02858011e-07
86.227  9.88862726e-07  4.67413727e-07
86.389  5.29084271e-07  9.45841947e-07
86.552 -1.22959484e-07  1.05751475e-06
86.715 -7.07257932e-07  7.73580787e-07
86.877 -1.00151667e-06  2.02435253e-07
87.040 -9.07916839e-07 -4.26111566e-07
87.203 -4.63295400e-07 -8.64513152e-07
87.365  1.52989972e-07 -9.56754380e-07
87.528  6.91903880e-07 -6.68482654e-07
87.691  9.54486251e-07 -1.14144586e-07
87.853  8.41523311e-07  4.79019092e-07
88.016  3.94755309e-07  8.87594890e-07
88.179 -2.01193723e-07  9.58924709e-07
88.342 -7.18835629e-07  6.61277655e-07
88.504 -9.67561508e-07  1.20165418e-07
88.667 -8.48358939e-07 -4.53533338e-07
88.830 -4.17195849e-07 -8.49585255e-07
88.992  1.50651204e-07 -9.14190875e-07
89.155  6.44697585e-07 -6.30668894e-07
89.318  8.73538778e-07 -1.23474866e-07
89.480  7.52170176e-07  4.15029143e-07
89.643  3.44183742e-07  7.75416046e-07
89.806 -1.91971541e-07  8.15106879e-07
89.968 -6.48657065e-07  5.32530652e-07
90.131 -8.41359013e-07  3.99435524e-08
90.294 -7.04840247e-07 -4.75177595e-07
90.457 -2.96911165e-07 -8.05291983e-07
90.619  2.30848901e-07 -8.28651964e-07
90.782  6.68427717e-07 -5.44899169e-07
90.945  8.50048695e-07 -5.77188558e-08
91.107  7.18544165e-07  4.40694548e-07
91.270  3.22549156e-07  7.57350773e-07
91.433 -1.81362816e-07  7.84816217e-07
91.595 -5.92307368e-07  5.15017670e-07
91.758 -7.63629765e-07  5.55982656e-08
91.921 -6.34236115e-07 -4.04183818e-07
92.083 -2.55251168e-07 -6.92639814e-07
92.246  2.13256137e-07 -7.03715780e-07
92.409  5.90344788e-07 -4.30303532e-07
92.572  7.36141735e-07  1.08449557e-08
92.734  5.88911456e-07  4.45690489e-07
92.897  2.12342000e-07  7.13733655e-07
93.060 -2.41906069e-07  7.06849844e-07
93.222 -6.07104484e-07  4.31081140e-07
93.385 -7.40800122e-07  2.14399426e-09
93.548 -5.92500320e-07 -4.21619502e-07
93.710 -2.31706941e-07 -6.78190848e-07
93.873  2.05226290e-07 -6.67348488e-07
94.036  5.52656930e-07 -4.06655796e-07
94.198  6.72341908e-07  7.77543542e-10
94.361  5.29395537e-07  4.01021628e-07
94.524  1.85784977e-07  6.32859539e-07
94.687 -2.29455456e-07  6.13543764e-07
94.849 -5.48661872e-07  3.59831926e-07
95.012 -6.50238609e-07 -3.41498543e-08
95.175 -5.05575667e-07 -4.10522988e-07
95.337 -1.67565931e-07 -6.21281554e-07
95.500  2.30122625e-07 -5.96033383e-07
95.663  5.27741089e-07 -3.43950993e-07
95.825  6.20136249e-07  3.69109030e-08
95.988  4.74041192e-07  3.90583197e-07
96.151  1.44442767e-07  5.87082488e-07
96.313 -2.31324593e-07  5.55435676e-07
96.476 -5.10477587e-07  3.04553435e-07
96.639 -5.91963390e-07 -5.95982119e-08
96.801 -4.40092478e-07 -3.94570239e-07
96.964 -1.20097906e-07 -5.79050284e-07
97.127  2.38987096e-07 -5.38352958e-07
97.290  5.06758610e-07 -2.91924599e-07
97.452  5.78515446e-07  5.63935252e-08
97.615  4.27643264e-07  3.78660994e-07
97.778  1.23510427e-07  5.51445824e-07
97.940 -2.19341074e-07  5.06496149e-07
98.103 -4.71047313e-07  2.72886312e-07
98.266 -5.30153167e-07 -5.76049548e-08
98.428 -3.83597057e-07 -3.60657022e-07
98.591 -9.32844192e-08 -5.12883102e-07
98.754  2.32574907e-07 -4.61246656e-07
98.916  4.61427157e-07 -2.33301709e-07
99.079  5.06100913e-07  8.73011077e-08
99.242  3.58148170e-07  3.71805062e-07
99.405  7.07440335e-08  5.07861623e-07
99.567 -2.43152095e-07  4.52309634e-07
99.730 -4.57322873e-07  2.24710970e-07
99.893 -4.98160373e-07 -8.77529972e-08
100.055 -3.51418046e-07 -3.57605121e-07
100.218 -7.14869057e-08 -4.87828532e-07
100.381  2.25452281e-07 -4.33081370e-07
100.543  4.28176056e-07 -2.11568765e-07
100.706  4.65503560e-07  8.29014125e-08
100.869  3.19826680e-07  3.35336079e-07
101.031  5.41791651e-08  4.55863714e-07
101.194 -2.23298115e-07  3.94833024e-07
101.357 -4.12313384e-07  1.79531276e-07
101.520 -4.37596846e-07 -9.85937847e-08
101.682 -2.89426130e-07 -3.37532867e-07
101.845 -3.43111496e-08 -4.44623791e-07
102.008  2.32588973e-07 -3.75518523e-07
102.170  4.10420028e-07 -1.65868772e-07
102.333  4.25901270e-07  1.03895100e-07
102.496  2.80851638e-07  3.34085760e-07
102.658  3.43752141e-08  4.30854212e-07
102.821 -2.23713903e-07  3.62557399e-07
102.984 -3.89089385e-07  1.62248206e-07
103.146 -4.00385970e-07 -9.74192665e-08
103.309 -2.62202003e-07 -3.12270704e-07
103.472 -2.47410144e-08 -3.97882937e-07
103.635  2.17944104e-07 -3.30487537e-07
103.797  3.67172566e-07 -1.34801973e-07
103.960  3.73322174e-07  1.13580019e-07
104.123  2.34842369e-07  3.11707377e-07
104.285  2.83563279e-09  3.88824934e-07
104.448 -2.25639610e-07  3.18431821e-07
104.611 -3.65272738e-07  1.23789593e-07
104.773 -3.67800679e-07 -1.13274948e-07
104.936 -2.28095011e-07 -3.00832522e-07
105.099 -5.17263841e-09 -3.73633391e-07
105.261  2.11031897e-07 -3.00290925e-07
105.424  3.44261181e-07 -1.11976202e-07
105.587  3.41301603e-07  1.11829976e-07
105.750  2.03471133e-07  2.90559612e-07
105.912 -7.64682848e-09  3.55300019e-07
106.075 -2.14050881e-07  2.78649303e-07
106.238 -3.38223224e-07  9.86352222e-08
106.400 -3.28047003e-07 -1.15826668e-07
106.563 -1.94695972e-07 -2.85926988e-07
106.726  7.67209915e-09 -3.41130648e-07
106.888  2.05822731e-07 -2.65148310e-07
107.051  3.18596922e-07 -9.29856869e-08
107.214  3.04369362e-07  1.13573433e-07
107.376  1.76216969e-07  2.71123962e-07
107.539 -2.00408696e-08  3.17311198e-07
107.702 -2.06825575e-07  2.42339988e-07
107.865 -3.07644285e-07  7.31039730e-08
108.027 -2.90834296e-07 -1.25655347e-07
108.190 -1.63030366e-07 -2.71211949e-07
108.353  2.92120657e-08 -3.12988776e-07
108.515  2.05335231e-07 -2.37657050e-07
108.678  3.00582976e-07 -7.03133894e-08
108.841  2.83511050e-07  1.18649718e-07
109.003  1.56760624e-07  2.56438054e-07
109.166 -2.61444777e-08  2.96715450e-07
109.329 -1.91324783e-07  2.20893951e-07
109.491 -2.81842068e-07  6.09508775e-08
109.654 -2.60998077e-07 -1.15189871e-07
109.817 -1.36997011e-07 -2.44949345e-07
109.980  3.46118587e-08 -2.77998333e-07
110.142  1.90855775e-07 -1.99068610e-07
110.305  2.73029699e-07 -4.61409056e-08
110.468  2.45013984e-07  1.22621492e-07
110.630  1.23734997e-07  2.45654484e-07
110.793 -4.23023826e-08  2.70540913e-07
110.956 -1.94030027e-07  1.91752479e-07
111.118 -2.68694266e-07  4.40066606e-08
111.281 -2.39214876e-07 -1.20929498e-07
111.444 -1.23519187e-07 -2.36659530e-07
111.606  3.78245861e-08 -2.57705973e-07
111.769  1.81431690e-07 -1.83673098e-07
111.932  2.48468077e-07 -4.12052076e-08
112.095  2.20336696e-07  1.15196431e-07
112.257  1.08318082e-07  2.19640805e-07
112.420 -4.64913231e-08  2.37093632e-07
112.583 -1.77956963e-07  1.63265690e-07
112.745 -2.37856331e-07  2.29749406e-08
112.908 -2.07229231e-07 -1.24012642e-07
113.071 -9.34560325e-08 -2.20788544e-07
113.233  5.58341602e-08 -2.35621459e-07
113.396  1.80474086e-07 -1.58946601e-07
113.559  2.38778772e-07 -2.19099027e-08
113.721  2.06224587e-07  1.17928882e-07
113.884  9.50157772e-08  2.12520433e-07
114.047 -4.55675818e-08  2.25582670e-07
114.209 -1.65207477e-07  1.50055428e-07
114.372 -2.19858125e-07  2.21283755e-08
114.535 -1.84944943e-07 -1.09860956e-07
114.698 -8.01629855e-08 -1.98397575e-07
114.860  5.21861000e-08 -2.04853271e-07
115.023  1.65270375e-07 -1.30761946e-07
115.186  2.11039201e-07 -8.81526151e-09
115.348  1.73057603e-07  1.18545520e-07
115.511  7.15587980e-08  1.99067239e-07
115.674 -5.85021627e-08  2.00354457e-07
115.836 -1.65933315e-07  1.28308181e-07
115.999 -2.06014939e-07  8.02240916e-09
116.162 -1.69671342e-07 -1.15173696e-07
116.324 -7.05869048e-08 -1.89128108e-07
116.487  5.56526852e-08 -1.90546044e-07
116.650  1.55048270e-07 -1.21056831e-07
116.813  1.92249249e-07 -3.88446396e-09
116.975  1.57094800e-07  1.10735666e-07
117.138  5.92491376e-08  1.78786153e-07
117.301 -5.98018736e-08  1.79427827e-07
117.463 -1.51661677e-07  1.08947997e-07
117.626 -1.86665203e-07 -3.74517579e-09
117.789 -1.49091927e-07 -1.10639703e-07
117.951 -5.29598880e-08 -1.75718040e-07
118.114  5.88637621e-08 -1.73527368e-07
118.277  1.46966780e-07 -1.02567889e-07
118.439  1.79033572e-07  3.69175236e-09
118.602  1.39076609e-07  1.05709067e-07
118.765  4.78894400e-08  1.67453955e-07
118.928 -5.82007148e-08  1.60920988e-07
119.090 -1.42587890e-07  9.22982055e-08
119.253 -1.68783156e-07 -8.46978008e-09
119.416 -1.27997505e-07 -1.07099440e-07
119.578 -4.10749683e-08 -1.62751526e-07
119.741  6.25234651e-08 -1.52882942e-07
119.904  1.41857973e-07 -8.72389478e-08
120.066  1.63309691e-07  1.15392651e-08
120.229  1.24495037e-07  1.06325344e-07
120.392  3.98180251e-08  1.56243848e-07
120.554 -6.06017910e-08  1.46892598e-07
120.717 -1.33126297e-07  8.36472424e-08
120.880 -1.52630456e-07 -1.25852872e-08
121.043 -1.15302617e-07 -1.00026189e-07
121.205 -3.17290344e-08 -1.45214079e-07
121.368  6.23862546e-08 -1.35597732e-07
121.531  1.28508183e-07 -7.13864621e-08
121.693  1.46368079e-07  2.11571578e-08
121.856  1.06639594e-07  1.02261090e-07
122.019  2.39398062e-08  1.45514717e-07
122.181 -6.47583483e-08  1.33598953e-07
122.344 -1.28997138e-07  6.86282490e-08
122.507 -1.45503793e-07 -1.90192814e-08
122.669 -1.04420352e-07 -9.73546909e-08
122.832 -2.64336772e-08 -1.39467979e-07
122.995  5.76859676e-08 -1.25314757e-07
123.158  1.19755944e-07 -6.38815427e-08
123.320  1.32282448e-07  1.80170037e-08
123.483  9.18586017e-08  9.31349104e-08
123.646  1.88696478e-08  1.29800145e-07
123.808 -6.23012133e-08  1.12875508e-07
123.971 -1.19182531e-07  5.43301096e-08
124.134 -1.26810687e-07 -2.59141716e-08
124.296 -8.74463037e-08 -9.77139012e-08
124.459 -1.52868713e-08 -1.29193576e-07
124.622  6.44564251e-08 -1.12498802e-07
124.784  1.16590991e-07 -5.52014274e-08
124.947  1.23761008e-07  2.43052303e-08
125.110  8.64316424e-08  9.13642411e-08
125.273  1.51298225e-08  1.20764020e-07
125.435 -5.96595258e-08  1.05859487e-07
125.598 -1.07399783e-07  4.91147055e-08
125.761 -1.14829500e-07 -2.61369478e-08
125.923 -7.69007854e-08 -8.71706344e-08
126.086 -7.78960257e-09 -1.15084640e-07
126.249  6.09848053e-08 -9.84279503e-08
126.411  1.06309247e-07 -4.13405004e-08
126.574  1.11788898e-07  2.91456804e-08
126.737  7.17793254e-08  8.75439798e-08
126.899  6.01808365e-09  1.14152315e-07
127.062 -5.97964916e-08  9.48090097e-08
127.225 -1.04339486e-07  3.99557148e-08
127.388 -1.07001616e-07 -2.68241466e-08
127.550 -6.79868316e-08 -8.42121667e-08
127.713 -6.49875539e-09 -1.07725289e-07
127.876  5.76411367e-08 -8.75651185e-08
128.038  9.88074621e-08 -3.66056907e-08
128.201  9.85632193e-08  2.81234529e-08
128.364  6.20515712e-08  8.24102168e-08
128.526  2.43610694e-09  1.01470863e-07
128.689 -5.96029106e-08  8.20479424e-08
128.852 -9.58493214e-08  3.25957713e-08
129.014 -9.48248946e-08 -3.12588191e-08
129.177 -5.96834708e-08 -8.10410800e-08
129.340 -1.36874138e-10 -9.81170998e-08
129.503  5.81334076e-08 -8.00482526e-08
129.665  9.12172703e-08 -3.04122427e-08
129.828  9.11521056e-08  3.04750465e-08
129.991  5.57215519e-08  7.59337493e-08
130.153 -1.93304617e-09  9.29570391e-08
130.316 -5.52109583e-08  7.43012760e-08
130.479 -8.69726487e-08  2.50542184e-08
130.641 -8.59845746e-08 -3.11173133e-08
130.804 -4.93608628e-08 -7.42672512e-08
130.967  4.68697790e-09 -9.03357164e-08
131.129  5.50859013e-08 -6.94062679e-08
131.292  8.61330764e-08 -2.23494208e-08
131.455  8.24960969e-08  3.05496012e-08
131.617  4.66830532e-08  7.30827555e-08
131.780 -3.78188580e-09  8.65327060e-08
131.943 -5.32428717e-08  6.50067772e-08
132.106 -8.17625348e-08  2.14523355e-08
132.268 -7.59790330e-08 -2.99894205e-08
132.431 -4.28258767e-08 -7.01905101e-08
132.594  5.93581430e-09 -8.00771663e-08
132.756  5.36681431e-08 -5.97024539e-08
132.919  7.79214604e-08 -1.76798289e-08
133.082  7.17102060e-08  3.30473485e-08
133.244  3.98501396e-08  6.92631431e-08
133.407 -9.09720074e-09  7.75594875e-08
133.570 -5.37097491e-08  5.84754699e-08
133.732 -7.55216145e-08  1.59947538e-08
133.895 -7.05679050e-08 -3.24583381e-08
134.058 -3.84768400e-08 -6.53407863e-08
134.221  8.91899880e-09 -7.42884950e-08
134.383  4.93637430e-08 -5.51071803e-08
134.546  7.05836208e-08 -1.32115171e-08
134.709  6.52775525e-08  3.08831829e-08
134.871  3.24177682e-08  6.18808050e-08
135.034 -1.14605192e-08  7.01541585e-08
135.197 -4.92960217e-08  4.89259923e-08
135.359 -6.99046390e-08  8.99352049e-09
135.522 -6.20042963e-08 -3.23695216e-08
135.685 -2.95856666e-08 -6.31550559e-08
135.847  1.15821401e-08 -6.91650627e-08
136.010  4.93748485e-08 -4.73335911e-08
136.173  6.83911695e-08 -1.02332614e-08
136.336  5.91054777e-08  3.05958523e-08
136.498  2.94517551e-08  6.01711990e-08
136.661 -1.03101600e-08  6.38593379e-08
136.824 -4.69627704e-08  4.39728480e-08
136.986 -6.26649568e-08  8.81127973e-09
137.149 -5.37331500e-08 -3.11217733e-08
137.312 -2.58643789e-08 -5.69476946e-08
137.474  1.36672093e-08 -5.92879828e-08
137.637  4.70931908e-08 -4.06713589e-08
137.800  6.03050055e-08 -5.01570424e-09
137.962  5.22416971e-08  3.28858388e-08
138.125  2.36345724e-08  5.57334515e-08
138.288 -1.50786022e-08  5.86947377e-08
138.451 -4.53512963e-08  3.96785813e-08
138.613 -5.87325868e-08  4.00347668e-09
138.776 -5.07772329e-08 -3.06499729e-08
138.939 -2.15837141e-08 -5.27583067e-08
139.101  1.40379047e-08 -5.60224742e-08
139.264  4.24283743e-08 -3.58365847e-08
139.427  5.59168733e-08 -2.50983986e-09
139.589  4.61900911e-08  2.94242007e-08
139.752  1.80072731e-08  5.13669040e-08
139.915 -1.46921373e-08  5.25827562e-08
140.077 -4.28048041e-08  3.19315328e-08
140.240 -5.45412250e-08  1.24179580e-09
140.403 -4.32341617e-08 -3.03223281e-08
140.566 -1.72232794e-08 -5.11880977e-08
140.728  1.47708100e-08 -5.01851948e-08
140.891  4.24297490e-08 -3.11177676e-08
141.054  5.16012906e-08 -1.68428090e-09
141.216  4.10039539e-08  2.97736385e-08
141.379  1.66832470e-08  4.79202819e-08
141.542 -1.53794581e-08  4.64381140e-08
141.704 -4.04884512e-08  2.90933186e-08
141.867 -4.79581258e-08 -5.71400581e-10
142.030 -3.87368881e-08 -3.01072177e-08
142.192 -1.40790312e-08 -4.56765531e-08
142.355  1.70111616e-08 -4.50572451e-08
142.518  3.91594484e-08 -2.74987945e-08
142.681  4.69007051e-08  2.10812259e-09
142.843  3.78076464e-08  2.86594027e-08
143.006  1.25534505e-08  4.37246098e-08
143.169 -1.57861619e-08  4.35062803e-08
143.331 -3.64660785e-08  2.48735282e-08
143.494 -4.45705688e-08 -2.60142225e-09
143.657 -3.39743999e-08 -2.68480226e-08
143.819 -9.74353724e-09 -4.20330707e-08
143.982  1.59644583e-08 -4.00761193e-08
144.145  3.65870301e-08 -2.11219885e-08
144.307  4.31823971e-08  3.93787085e-09
144.470  3.11807348e-08  2.80470153e-08
144.633  8.90865620e-09  4.24006877e-08
144.796 -1.64222975e-08  3.84952933e-08
144.958 -3.69387098e-08  2.10334093e-08
145.121 -4.14360343e-08 -3.08604716e-09
145.284 -3.03428290e-08 -2.74497807e-08
145.446 -9.66725354e-09 -3.96511121e-08
145.609  1.58867590e-08 -3.57194266e-08
145.772  3.42518634e-08 -2.01411471e-08
145.934  3.74909921e-08  4.09277224e-09
146.097  2.79662241e-08  2.66191730e-08
146.260  7.12098533e-09  3.64719349e-08
146.422 -1.74018688e-08  3.34078843e-08
146.585 -3.29262740e-08  1.75584368e-08
146.748 -3.63424858e-08 -6.72275612e-09
146.911 -2.66855867e-08 -2.65797877e-08
147.073 -4.91915339e-09 -3.60840958e-08
147.236  1.74629886e-08 -3.33184862e-08
147.399  3.21257560e-08 -1.61793461e-08
147.561  3.62666421e-08  6.54856532e-09
147.724  2.53667235e-08  2.48961064e-08
147.887  4.53444856e-09  3.51955827e-08
148.049 -1.56860634e-08  3.13624060e-08
148.212 -3.07848612e-08  1.43708111e-08
148.375 -3.40088053e-08 -5.87435207e-09
148.537 -2.22966344e-08 -2.41034887e-08
148.700 -3.70799744e-09 -3.36973535e-08
148.863  1.59250259e-08 -2.81727987e-08
149.025  3.07214238e-08 -1.27155717e-08
149.188  3.17887068e-08  6.62952912e-09
149.351  2.07384069e-08  2.50795492e-08
149.514  3.32178857e-09  3.25805183e-08
149.676 -1.69014563e-08  2.69112663e-08
149.839 -3.00146894e-08  1.29093945e-08
150.002 -3.02028661e-08 -7.02929236e-09
150.164 -2.07408977e-08 -2.42930473e-08
150.327 -3.03116250e-09 -3.01900511e-08
150.490  1.65016154e-08 -2.58642016e-08
150.652  2.73880385e-08 -1.19247445e-08
150.815  2.82638518e-08  7.88657324e-09
150.978  1.91015913e-08  2.26458616e-08
151.140  8.79402717e-10  2.83840999e-08
151.303 -1.63818211e-08  2.45000593e-08
151.466 -2.63457166e-08  9.50061111e-09
151.629 -2.77951968e-08 -8.69929326e-09
151.791 -1.73336772e-08 -2.19734955e-08
151.954  1.17174731e-10 -2.83713770e-08
152.117  1.55116765e-08 -2.33077482e-08
152.279  2.60352693e-08 -8.25141342e-09
152.442  2.66425147e-08  7.89445021e-09
152.605  1.53651199e-08  2.13858842e-08
152.767 -1.47691475e-10  2.73428487e-08
152.930 -1.52940039e-08  2.08262322e-08
153.093 -2.58032375e-08  7.23114767e-09
153.255 -2.45921959e-08 -8.23738384e-09
153.418 -1.40657831e-08 -2.21492463e-08
153.581  4.12844916e-10 -2.63266602e-08
153.744  1.62872687e-08 -1.98323333e-08
153.906  2.53951901e-08 -7.59241604e-09
154.069  2.35560048e-08  8.59710420e-09
154.232  1.45971731e-08  2.15962088e-08
154.394 -2.57571130e-10  2.45269887e-08
154.557 -1.56534173e-08  1.95003316e-08
154.720 -2.29299541e-08  7.35409197e-09
154.882 -2.20207879e-08 -8.76820527e-09
155.045 -1.34951977e-08 -1.95676794e-08
155.208  1.77540321e-09 -2.25904782e-08
155.370  1.50550578e-08 -1.81406002e-08
155.533  2.16029239e-08 -5.08299286e-09
155.696  2.13381994e-08  9.49524438e-09
155.859  1.16205964e-08  1.89951080e-08
156.021 -2.93335710e-09  2.27418524e-08
156.184 -1.45918012e-08  1.72079355e-08
156.347 -2.18567451e-08  4.08806541e-09
156.509 -2.09282769e-08 -8.68911504e-09
156.672 -1.05487245e-08 -1.86370875e-08
156.835  2.17271436e-09 -2.21934278e-08
156.997  1.37348601e-08 -1.55232700e-08
157.160  2.11474440e-08 -3.97244535e-09
157.323  1.87008807e-08  8.10469604e-09
157.485  9.25118521e-09  1.84203480e-08
157.648 -2.35677477e-09  2.02921423e-08
157.811 -1.44816341e-08  1.36899611e-08
157.974 -2.04191535e-08  3.41185251e-09
158.136 -1.72511421e-08 -9.36472350e-09
158.299 -9.08522885e-09 -1.87688444e-08
158.462  3.13927921e-09 -1.93934040e-08
158.624  1.50279706e-08 -1.40093089e-08
158.787  1.94311304e-08 -3.50475725e-09
158.950  1.72533888e-08  9.55880627e-09
159.112  9.41922720e-09  1.72720207e-08
159.275 -3.38675428e-09  1.83685018e-08
159.438 -1.35638256e-08  1.37657071e-08
159.600 -1.76673559e-08  2.51319178e-09
159.763 -1.64354293e-08 -9.08506211e-09
159.926 -7.73396357e-09 -1.57194553e-08
160.089  4.19018071e-09 -1.76817043e-08
160.251  1.27668968e-08 -1.22055265e-08
160.414  1.75440693e-08 -1.05117671e-09
160.577  1.56580978e-08  8.76944491e-09
160.739  6.32912967e-09  1.58144276e-08
160.902 -3.90798766e-09  1.75431779e-08
161.065 -1.25081069e-08  1.09432926e-08
161.227 -1.74976611e-08  1.18960734e-09
161.390 -1.42313539e-08 -8.14737887e-09
161.553 -5.81333433e-09 -1.57097696e-08
161.715  3.45186345e-09 -1.59995879e-08
161.878  1.26994405e-08 -9.62473568e-09
162.041  1.64048479e-08 -1.14072301e-09
162.204  1.26076508e-08  8.84715021e-09
162.366  5.50276458e-09  1.55265779e-08
162.529 -4.30203180e-09  1.46622144e-08
162.692 -1.32514343e-08  9.44417655e-09
162.854 -1.54492433e-08  6.89134438e-10
163.017 -1.25162048e-08 -9.59035582e-09
163.180 -5.56303146e-09 -1.46775941e-08
163.342  4.95076251e-09 -1.42474343e-08
163.505  1.24247893e-08 -9.63589560e-09
163.668  1.44819622e-08  1.57961539e-11
163.830  1.24668397e-08  9.11111126e-09
163.993  4.61122344e-09  1.34234504e-08
164.156 -5.19487115e-09  1.39838432e-08
164.319 -1.13708880e-08  8.60080875e-09
164.481 -1.42777256e-08 -9.58909259e-10
164.644 -1.17613527e-08 -8.48304440e-09
164.807 -3.38417109e-09 -1.33561789e-08
164.969  4.85243836e-09 -1.38099154e-08
165.132  1.11824216e-08 -7.45046538e-09
165.295  1.44027844e-08  7.65050732e-10
165.457  1.06819381e-08  7.93760782e-09
165.620  3.24069663e-09  1.34245729e-08
165.783 -4.12299869e-09  1.26441705e-08
165.945 -1.11609685e-08  6.64116564e-09
166.108 -1.32730939e-08 -3.20138813e-10
166.271 -9.20950637e-09 -8.11752851e-09
166.433 -3.12758102e-09 -1.27833886e-08
166.596  4.68567633e-09 -1.09902839e-08
166.759  1.13643651e-08 -6.16224549e-09
166.922  1.20171885e-08  1.02058541e-09
167.084  8.75950882e-09  9.02247010e-09
167.247  2.76105893e-09  1.21147836e-08
167.410 -5.74967438e-09  1.06844678e-08
167.572 -1.10312309e-08  6.31856494e-09
167.735 -1.15633918e-08 -1.82161759e-09
167.898 -9.11389742e-09 -8.77452238e-09
168.060 -2.16415305e-09 -1.12218235e-08
168.223  5.74214635e-09 -1.07549825e-08
168.386  9.88140734e-09 -5.61869300e-09
168.548  1.12638755e-08  2.45028447e-09
168.711  8.30059750e-09  7.94525645e-09
168.874  8.28466922e-10  1.09289325e-08
169.037 -5.62107232e-09  1.02603071e-08
169.199 -9.92092589e-09  4.07425519e-09
169.362 -1.14878864e-08 -2.85190554e-09
169.525 -7.18976925e-09 -8.15213124e-09
169.687 -3.71110872e-10 -1.17314757e-08
169.850  5.54308226e-09 -9.77458666e-09
170.013  1.07313256e-08 -3.72272461e-09
170.175  1.13213734e-08  2.34040601e-09
170.338  6.66465481e-09  8.57252800e-09
170.501  9.38138307e-10  1.16073150e-08
170.663 -5.70147214e-09  8.83287318e-09
170.826 -1.08043082e-08  3.87906190e-09
170.989 -1.02105321e-08 -2.56901284e-09
171.152 -6.39534894e-09 -9.18103850e-09
171.314 -6.44069114e-10 -1.08822284e-08
171.477  6.81546058e-09 -8.52501921e-09
171.640  1.07394829e-08 -3.89080783e-09
171.802  1.01173177e-08  3.68963170e-09
171.965  6.95239605e-09  9.54456137e-09
172.128  6.42743753e-12  1.08422245e-08
172.290 -7.24447041e-09  9.41120329e-09
172.453 -1.04810241e-08  3.81129385e-09
172.616 -1.09175695e-08 -4.09464931e-09
172.778 -7.23705845e-09 -9.08447953e-09
172.941  4.69892240e-10 -1.13721334e-08
173.104  6.82942796e-09 -9.98262420e-09
173.267  1.08144176e-08 -3.34343663e-09
173.429  1.18701534e-08  3.82232593e-09
173.592  7.10522459e-09  9.22107016e-09
173.755 -1.34261405e-10  1.26568101e-08
173.917 -6.51024147e-09  1.04310536e-08
174.080 -1.20200269e-08  3.98243336e-09
174.243 -1.27495919e-08 -2.75931778e-09
174.405 -7.98710791e-09 -9.77565470e-09
174.568 -1.63652242e-09 -1.35159109e-08
174.731  6.08278365e-09 -1.12104576e-08
174.893  1.24668960e-08 -6.06160647e-09
175.056  1.31114129e-08  1.40735251e-09
175.219  9.90934477e-09  9.66470656e-09
175.382  3.67486516e-09  1.33655486e-08
175.544 -5.36487437e-09  1.26778966e-08
175.707 -1.17841487e-08  8.57534050e-09
175.870 -1.38986381e-08  4.58052080e-11
176.032 -1.26228656e-08 -8.29301877e-09
176.195 -5.94573168e-09 -1.31139577e-08
176.358  3.09460679e-09 -1.50265853e-08
176.520  1.00598295e-08 -1.13928728e-08
176.683  1.50538661e-08 -3.15033026e-09
176.846  1.52618002e-08  4.92557895e-09
177.008  9.34885765e-09  1.23429948e-08
177.171  1.54719663e-09  1.65787809e-08
177.334 -7.11479587e-09  1.42495872e-08
177.497 -1.48332314e-08  8.22544018e-09
177.659 -1.67768293e-08 -1.38016667e-10
177.822 -1.38661442e-08 -1.00864454e-08
177.985 -7.46599376e-09 -1.62324238e-08
178.147  2.90591241e-09 -1.73274211e-08
178.310  1.23474956e-08 -1.43951501e-08
178.473  1.76627541e-08 -5.70579157e-09
178.635  1.92490304e-08  5.33761601e-09
178.798  1.43117456e-08  1.42441941e-08
178.961  3.95503699e-09  2.06595540e-08
179.123 -7.01975654e-09  2.11014026e-08
179.286 -1.76077209e-08  1.39561428e-08
179.449 -2.41887344e-08  3.19886777e-09
179.612 -2.25116842e-08 -9.85738025e-09
179.774 -1.46692852e-08 -2.21284067e-08
179.937 -1.75050649e-09 -2.73476134e-08
180.100  1.44132558e-08 -2.49951860e-08
180.262  2.66515618e-08 -1.53308821e-08
180.425  3.16338821e-08  1.71681776e-09
180.588  2.82762571e-08  1.95250008e-08
180.750  1.41506319e-08  3.24041664e-08
180.913 -6.22421354e-09  3.76792247e-08
181.076 -2.58942185e-08  3.04399256e-08
181.238 -4.07589419e-08  1.17268354e-08
181.401 -4.37375230e-08 -1.18315960e-08
181.564 -3.14996239e-08 -3.53613668e-08
181.727 -8.53979525e-09 -5.04176640e-08
181.889  2.05972862e-08 -4.91447463e-08
182.052  4.73837828e-08 -3.22477616e-08
182.215  6.01832671e-08 -2.54730924e-09
182.377  5.48115137e-08  3.29802690e-08
182.540  3.09527514e-08  6.05777486e-08
182.703 -7.73138465e-09  7.09803031e-08
182.865 -4.77802369e-08  5.96560295e-08
183.028 -7.57857480e-08  2.53740424e-08
183.191 -8.26106837e-08 -2.15420641e-08
183.353 -6.11004180e-08 -6.56235561e-08
183.516 -1.56565726e-08 -9.37125170e-08
183.679  3.91945197e-08 -9.25920829e-08
183.841  8.79589027e-08 -5.85719851e-08
184.004  1.12365585e-07 -1.77445376e-09
184.167  9.96243877e-08  6.26618971e-08
184.330  5.21796492e-08  1.13654335e-07
184.492 -1.85417578e-08  1.29894394e-07
184.655 -9.19835297e-08  1.03794580e-07
184.818 -1.40693078e-07  3.96187877e-08
184.980 -1.46299725e-07 -4.66458293e-08
185.143 -1.03083986e-07 -1.25465538e-07
185.306 -1.83436368e-08 -1.69022310e-07
185.468  8.16073378e-08 -1.60180815e-07
185.631  1.63077801e-07 -9.41424139e-08
185.794  1.98105417e-07  1.17587153e-08
185.956  1.67934003e-07  1.23496189e-07
186.119  7.57198755e-08  2.05239454e-07
186.282 -5.09516667e-08  2.24674944e-07
186.445 -1.73642287e-07  1.67258465e-07
186.607 -2.49572051e-07  4.72345968e-08
186.770 -2.45658300e-07 -1.01353331e-07
186.933 -1.57137848e-07 -2.31035769e-07
187.095 -5.95121271e-09 -2.92729115e-07
187.258  1.63671540e-07 -2.59599937e-07
187.421  2.92737024e-07 -1.34474971e-07
187.583  3.33002920e-07  5.06658152e-08
187.746  2.63421943e-07  2.36095418e-07
187.909  9.51415556e-08  3.57146350e-07
188.071 -1.22488606e-07  3.67809229e-07
188.234 -3.17545217e-07  2.51986324e-07
188.397 -4.22617219e-07  3.73452252e-08
188.560 -3.91795907e-07 -2.09308642e-07
188.722 -2.21677235e-07 -4.07620412e-07
188.885  3.98407409e-08 -4.84423465e-07
189.048  3.12145523e-07 -3.99909130e-07
189.210  5.03022239e-07 -1.70257760e-07
189.373  5.36752258e-07  1.38944285e-07
189.536  3.88612994e-07  4.29855055e-07
189.698  9.37366941e-08  5.98163033e-07
189.861 -2.61507094e-07  5.75113402e-07
190.024 -5.58239200e-07  3.52760146e-07
190.186 -6.88308270e-07 -1.22447243e-08
190.349 -5.93827726e-07 -4.05783814e-07
190.512 -2.85572282e-07 -6.93240528e-07
190.675  1.49077017e-07 -7.68081543e-07
190.837  5.69308755e-07 -5.84566680e-07
191.000  8.30657889e-07 -1.82353179e-07
191.163  8.28775321e-07  3.16643714e-07
191.325  5.39683159e-07  7.49854496e-07
191.488  4.03575435e-08  9.62725223e-07
191.651 -5.15366784e-07  8.60662270e-07
191.813 -9.41958618e-07  4.53421897e-07
191.976 -1.07901419e-06 -1.43946760e-07
192.139 -8.55363276e-07 -7.43334382e-07
192.301 -3.19075711e-07 -1.13626885e-06
192.464  3.73071023e-07 -1.16954092e-06
192.627  9.94155100e-07 -8.03495702e-07
192.790  1.32275165e-06 -1.29481988e-07
192.952  1.22332858e-06  6.45183460e-07
193.115  6.93790580e-07  1.25956836e-06
193.278 -1.19067163e-07  1.49035855e-06
193.440 -9.55575427e-07  1.22627697e-06
193.603 -1.53021463e-06  5.16839815e-07
193.766 -1.62402099e-06 -4.26866476e-07
193.928 -1.16403367e-06 -1.29836460e-06
194.091 -2.66493742e-07 -1.79231995e-06
194.254  7.93078609e-07 -1.70612874e-06
194.416  1.66347369e-06 -1.02460354e-06
194.579  2.02751642e-06  6.25013497e-08
194.742  1.71989209e-06  1.21351113e-06
194.905  7.96423570e-07  2.03479796e-06
195.067 -4.73400025e-07  2.21631981e-06
195.230 -1.67740196e-06  1.64825997e-06
195.393 -2.39309032e-06  4.68229919e-07
195.555 -2.33808553e-06 -9.63375393e-07
195.718 -1.47263150e-06 -2.16908545e-06
195.881 -3.33172800e-08 -2.71690684e-06
196.043  1.52356921e-06 -2.36881585e-06
196.206  2.66967447e-06 -1.17653764e-06
196.369  2.97990593e-06  5.08822545e-07
196.531  2.28360568e-06  2.14112107e-06
196.694  7.48720156e-07  3.15433175e-06
196.857 -1.15441057e-06  3.15162981e-06
197.020 -2.79686785e-06  2.06065067e-06
197.182 -3.59124696e-06  1.81808704e-07
197.345 -3.20174345e-06 -1.89383492e-06
197.508 -1.68087267e-06 -3.46266189e-06
197.670  5.27036873e-07 -3.94531965e-06
197.833  2.70771042e-06 -3.10076008e-06
197.996  4.10375491e-06 -1.12768382e-06
198.158  4.17987035e-06  1.37152618e-06
198.321  2.81908254e-06  3.56740949e-06
198.484  3.91525080e-07  4.68112712e-06
198.646 -2.33468660e-06  4.25519195e-06
198.809 -4.43748071e-06  2.33074209e-06
198.972 -5.14982418e-06 -5.26665487e-07
199.135 -4.13087584e-06 -3.39080812e-06
199.297 -1.61825697e-06 -5.27405743e-06
199.460  1.61642419e-06 -5.45951280e-06
199.623  4.50414688e-06 -3.77129132e-06
199.785  6.02357602e-06 -6.72999324e-07
199.948  5.55968145e-06  2.85684473e-06
200.111  3.14742616e-06  5.62599246e-06
200.273 -5.04210128e-07  6.62677681e-06
200.436 -4.21238776e-06  5.40276768e-06
200.599 -6.69666895e-06  2.23728122e-06
200.761 -7.02260049e-06 -1.89822995e-06
200.924 -4.94446534e-06 -5.63238315e-06
201.087 -1.03072821e-06 -7.64945903e-06
201.249  3.47653017e-06 -7.14848003e-06
201.412  7.05417748e-06 -4.14786780e-06
201.575  8.41090742e-06  4.65229154e-07
201.738  6.94320111e-06  5.19084373e-06
201.900  2.99017983e-06  8.40340671e-06
202.063 -2.22608939e-06  8.90204131e-06
202.226 -6.97726651e-06  6.35407689e-06
202.388 -9.59344258e-06  1.46532413e-06
202.551 -9.04490213e-06 -4.20954257e-06
202.714 -5.34162680e-06 -8.75399182e-06
202.876  4.15082681e-07 -1.05301967e-05
203.039  6.35174289e-06 -8.76869637e-06
203.202  1.04235022e-05 -3.88137844e-06
203.364  1.11187814e-05  2.61697035e-06
203.527  8.01240987e-06  8.56638203e-06
203.690  1.96909414e-06  1.18785901e-05
203.853 -5.07974858e-06  1.12667302e-05
204.015 -1.07489354e-05  6.72988787e-06
204.178 -1.30057955e-05 -3.72489985e-07
204.341 -1.08883568e-05 -7.71785351e-06
204.503 -4.89837069e-06 -1.27797785e-05
204.666  3.09194912e-06 -1.36885637e-05
204.829  1.04229071e-05 -9.91392510e-06
204.991  1.45257767e-05 -2.52354731e-06
205.154  1.38157503e-05  6.10973783e-06
205.317  8.29756984e-06  1.30634948e-05
205.479 -3.58927834e-07  1.58468506e-05
205.642 -9.31606064e-06  1.32913954e-05
205.805 -1.54887286e-05  6.02109686e-06
205.968 -1.66061720e-05 -3.67949099e-06
206.130 -1.20406101e-05 -1.25707598e-05
206.293 -3.09943919e-06 -1.75372398e-05
206.456  7.33072922e-06 -1.66775332e-05
206.618  1.57095672e-05 -1.00160611e-05
206.781  1.90450913e-05  4.11960809e-07
206.944  1.59522475e-05  1.11696795e-05
207.106  7.20794039e-06  1.85513843e-05
207.269 -4.41479869e-06  1.98523887e-05
207.432 -1.50232055e-05  1.43504922e-05
207.594 -2.09038324e-05  3.65101990e-06
207.757 -1.98145491e-05 -8.77021026e-06
207.920 -1.18323889e-05 -1.86917025e-05
208.083  5.73739624e-07 -2.25729254e-05
208.245  1.32999398e-05 -1.88160361e-05
208.408  2.19557915e-05 -8.40381103e-06
208.571  2.33775767e-05  5.33735952e-06
208.733  1.67799974e-05  1.77890263e-05
208.896  4.12134833e-06  2.45894840e-05
209.059 -1.04609901e-05  2.31620477e-05
209.221 -2.19956015e-05  1.36761325e-05
209.384 -2.63738866e-05 -9.01325825e-07
209.547 -2.18061115e-05 -1.57206890e-05
209.709 -9.53100496e-06 -2.56639229e-05
209.872  6.49217073e-06 -2.71086686e-05
210.035  2.08577256e-05 -1.92382304e-05
210.198  2.85358159e-05 -4.43562576e-06
210.360  2.66266010e-05  1.24264838e-05
210.523  1.54487682e-05  2.55884636e-05
210.686 -1.45430930e-06  3.03648079e-05
210.848 -1.84336991e-05  2.48108645e-05
211.011 -2.96162866e-05  1.04967187e-05
211.174 -3.09353333e-05 -7.92085356e-06
211.336 -2.16078836e-05 -2.42054971e-05
211.499 -4.51247534e-06 -3.26501399e-05
211.662  1.46868815e-05 -3.00803582e-05
211.824  2.94111000e-05 -1.70355404e-05
211.987  3.44248209e-05  2.29951359e-06
212.150  2.76945669e-05  2.14258678e-05
212.313  1.11916091e-05  3.37175265e-05
212.475 -9.66336657e-06  3.47179135e-05
212.638 -2.77791790e-05  2.37479308e-05
212.801 -3.68083670e-05  4.25904237e-06
212.963 -3.33671628e-05 -1.72433703e-05
213.126 -1.82986036e-05 -3.33743035e-05
213.289  3.49785372e-06 -3.84030727e-05
213.451  2.46591125e-05 -3.02896377e-05
213.614  3.78438069e-05 -1.14979772e-05
213.777  3.82801594e-05  1.17430824e-05
213.939  2.54955832e-05  3.15017524e-05
214.102  3.58833581e-06  4.08497421e-05
214.265 -2.00803516e-05  3.62985325e-05
214.428 -3.73565268e-05  1.90944058e-05
214.590 -4.21099916e-05 -5.10190137e-06
214.753 -3.24117614e-05 -2.80706779e-05
214.916 -1.12976412e-05 -4.18308031e-05
215.078  1.41683861e-05 -4.14196263e-05
215.241  3.52584089e-05 -2.66789785e-05
215.404  4.45802219e-05 -2.41779406e-06
215.566  3.86689705e-05  2.31511657e-05
215.729  1.92733264e-05  4.11989928e-05
215.892 -7.14321656e-06  4.53322069e-05
216.054 -3.15604484e-05  3.38610181e-05
216.217 -4.54854011e-05  1.04811964e-05
216.380 -4.39105637e-05 -1.69141894e-05
216.543 -2.71221248e-05 -3.89028593e-05
216.705 -6.90851695e-07 -4.77771695e-05
216.868  2.63774452e-05 -4.02567827e-05
217.031  4.47115302e-05 -1.87015392e-05
217.193  4.78300220e-05  9.62382276e-06
217.356  3.44413047e-05  3.49963055e-05
217.519  8.96422282e-06  4.85805566e-05
217.681 -1.99246969e-05  4.55181601e-05
217.844 -4.22501132e-05  2.66669631e-05
218.007 -5.01960592e-05 -1.62153432e-06
218.169 -4.08486401e-05 -2.96404645e-05
218.332 -1.72675006e-05 -4.76704888e-05
218.495  1.25070742e-05 -4.93604331e-05
218.657  3.82036246e-05 -3.39714462e-05
218.820  5.08730673e-05 -6.69596132e-06
218.983  4.60132693e-05  2.30962746e-05
219.146  2.51811325e-05  4.50862187e-05
219.308 -4.49962729e-06  5.15872389e-05
219.471 -3.27810663e-05  4.02465289e-05
219.634 -4.98352286e-05  1.49046985e-05
219.796 -4.96834463e-05 -1.57070774e-05
219.959 -3.23067991e-05 -4.09785103e-05
220.122 -3.67963096e-06 -5.21090208e-05
220.284  2.62844374e-05 -4.51902212e-05
220.447  4.71721786e-05 -2.25854951e-05
220.610  5.17076447e-05  7.87358505e-06
220.772  3.82984793e-05  3.56013765e-05
220.935  1.16018545e-05  5.09524159e-05
221.098 -1.90878085e-05  4.85914730e-05
221.261 -4.30847138e-05  2.93574808e-05
221.423 -5.20477847e-05 -2.38127449e-08
221.586 -4.28911930e-05 -2.92945083e-05
221.749 -1.88611755e-05 -4.82594379e-05
221.911  1.16094405e-05 -5.03485484e-05
222.074  3.78697495e-05 -3.49092636e-05
222.237  5.07835199e-05 -7.41995898e-06
222.399  4.59234983e-05  2.24566895e-05
222.562  2.51066316e-05  4.42767328e-05
222.725 -4.27863621e-06  5.04785434e-05
222.887 -3.18965316e-05  3.90237463e-05
223.050 -4.81069878e-05  1.40747404e-05
223.213 -4.73506116e-05 -1.55133290e-05
223.376 -3.00699928e-05 -3.93364611e-05
223.538 -2.49953720e-06 -4.91163241e-05
223.701  2.55769877e-05 -4.15950790e-05
223.864  4.43075389e-05 -1.96284792e-05
224.026  4.72471551e-05  8.88158653e-06
224.189  3.35877886e-05  3.38293826e-05
224.352  8.37785920e-06  4.65022667e-05
224.514 -1.93320742e-05  4.26367028e-05
224.677 -3.97465767e-05  2.38659450e-05
224.840 -4.57995075e-05 -2.93636629e-06
225.002 -3.56144341e-05 -2.81715214e-05
225.165 -1.30948065e-05 -4.29603192e-05
225.328  1.35565999e-05 -4.22792121e-05
225.491  3.48254985e-05 -2.66851729e-05
225.653  4.32888452e-05 -2.02010370e-06
225.816  3.62242351e-05  2.27679767e-05
225.979  1.64945963e-05  3.88693708e-05
226.141 -8.58558153e-06  4.07575230e-05
226.304 -2.99506237e-05  2.81033853e-05
226.467 -4.00657285e-05  5.78312162e-06
226.629 -3.56019374e-05 -1.79778807e-05
226.792 -1.85384720e-05 -3.46298678e-05
226.955  4.66586895e-06 -3.83876402e-05
227.117  2.54981087e-05 -2.82524013e-05
227.280  3.65173949e-05 -8.26170468e-06
227.443  3.40230271e-05  1.40843593e-05
227.606  1.93055432e-05  3.06278949e-05
227.768 -1.93693981e-06  3.55356256e-05
227.931 -2.17817086e-05  2.73639984e-05
228.094 -3.30313640e-05  9.48334687e-06
228.256 -3.18264798e-05 -1.12720614e-05
228.419 -1.89822876e-05 -2.72003011e-05
228.582  4.22356246e-07 -3.25829055e-05
228.744  1.90259348e-05 -2.57461690e-05
228.907  2.99597857e-05 -9.58705351e-06
229.070  2.93821863e-05  9.61338148e-06
229.232  1.78413205e-05  2.46047872e-05
229.395 -3.17300458e-08  2.98909703e-05
229.558 -1.73476134e-05  2.37515678e-05
229.721 -2.75881625e-05  8.80591301e-06
229.883 -2.70551005e-05 -9.06509928e-06
230.046 -1.62118281e-05 -2.29987127e-05
230.209  5.73094676e-07 -2.77681618e-05
230.371  1.67488554e-05 -2.17415531e-05
230.534  2.61111719e-05 -7.44145981e-06
230.697  2.51698387e-05  9.47676576e-06
230.859  1.44456736e-05  2.24285082e-05
231.022 -1.77498463e-06  2.64415635e-05
231.185 -1.71219669e-05  2.00505259e-05
231.347 -2.56171247e-05  5.83216440e-06
231.510 -2.39800074e-05 -1.06101163e-05
231.673 -1.28824523e-05 -2.28296151e-05
231.836  3.31665039e-06 -2.60371471e-05
231.998  1.82648865e-05 -1.89542249e-05
232.161  2.60827480e-05 -4.31820298e-06
232.324  2.36458576e-05  1.21670412e-05
232.486  1.18160644e-05  2.40369106e-05
232.649 -4.86311739e-06  2.65711106e-05
232.812 -1.99051727e-05  1.86445943e-05
232.974 -2.73798237e-05  3.20615446e-06
233.137 -2.42222732e-05 -1.38223875e-05
233.300 -1.14660034e-05 -2.58052361e-05
233.462  6.10038909e-06 -2.79531952e-05
233.625  2.17303372e-05 -1.92131309e-05
233.788  2.92930583e-05 -2.73817902e-06
233.951  2.56572669e-05  1.52581943e-05
234.113  1.19567863e-05  2.78382890e-05
234.276 -6.76699658e-06  3.00005234e-05
234.439 -2.34221593e-05  2.06444591e-05
234.601 -3.15465434e-05  3.06921541e-06
234.764 -2.78008967e-05 -1.61967922e-05
234.927 -1.33082963e-05 -2.98225502e-05
235.089  6.67944946e-06 -3.24600797e-05
235.252  2.46914435e-05 -2.28216655e-05
235.415  3.38353451e-05 -4.25413084e-06
235.577  3.04244632e-05  1.64295803e-05
235.740  1.54379689e-05  3.14617259e-05
235.903 -5.74945045e-06  3.50378887e-05
236.065 -2.53085539e-05  2.55429475e-05
236.228 -3.58588593e-05  6.24529444e-06
236.391 -3.32482205e-05 -1.58377710e-05
236.554 -1.81734541e-05 -3.25077682e-05
236.716  3.99095486e-06 -3.74323158e-05
236.879  2.51261384e-05 -2.85467798e-05
237.042  3.73532356e-05 -8.90045328e-06
237.204  3.59741128e-05  1.44024781e-05
237.367  2.12738325e-05  3.27861427e-05
237.530 -1.51569705e-06  3.93679821e-05
237.692 -2.40923150e-05  3.15422825e-05
237.855 -3.81198088e-05  1.20008474e-05
238.018 -3.83192665e-05 -1.22032577e-05
238.180 -2.44577117e-05 -3.22131856e-05
238.343 -1.48252393e-06 -4.06257279e-05
238.506  2.22536242e-05 -3.42416420e-05
238.669  3.80456617e-05 -1.52779233e-05
238.831  4.00462972e-05  9.40625616e-06
238.994  2.74355618e-05  3.08033696e-05
239.157  4.75199815e-06  4.10649174e-05
239.319 -1.97477541e-05  3.63917082e-05
239.482 -3.71136854e-05  1.84449700e-05
239.645 -4.09880435e-05 -6.24394149e-06
239.807 -2.99426353e-05 -2.86652489e-05
239.970 -8.01234065e-06 -4.06365188e-05
240.133  1.67862245e-05 -3.78017513e-05
240.295  3.54014677e-05 -2.12295361e-05
240.458  4.10646964e-05  2.98800012e-06
240.621  3.17681190e-05  2.59864361e-05
240.784  1.09859282e-05  3.93862679e-05
240.946 -1.36285423e-05  3.83635749e-05
241.109 -3.30699946e-05  2.34028983e-05
241.272 -4.02909891e-05  8.20809481e-08
241.434 -3.27768217e-05 -2.30102517e-05
241.597 -1.34286219e-05 -3.74476905e-05
241.760  1.05515391e-05 -3.80612585e-05
241.922  3.03440517e-05 -2.48040725e-05
242.085  3.87722208e-05 -2.71091106e-06
242.248  3.29218367e-05  2.00074647e-05
242.410  1.51566446e-05  3.50252983e-05
242.573 -7.81806177e-06  3.69700565e-05
242.736 -2.74859803e-05  2.53564103e-05
242.899 -3.66896759e-05  4.69534952e-06
243.061 -3.22476229e-05 -1.72458710e-05
243.224 -1.60659977e-05 -3.23695047e-05
243.387  5.64847362e-06 -3.52454454e-05
243.549  2.47651758e-05 -2.50744830e-05
243.712  3.42779536e-05 -5.90540811e-06
243.875  3.08831281e-05  1.49605086e-05
244.037  1.61416997e-05  2.97468747e-05
244.200 -4.19748483e-06  3.31040252e-05
244.363 -2.24272238e-05  2.40599729e-05
244.525 -3.17975697e-05  6.29630952e-06
244.688 -2.90252961e-05 -1.33277676e-05
244.851 -1.54564664e-05 -2.74099106e-05
245.014  3.53828956e-06 -3.07980104e-05
245.176  2.06668561e-05 -2.24873386e-05
245.339  2.95055454e-05 -5.91126028e-06
245.502  2.69146410e-05  1.24468589e-05
245.664  1.41599294e-05  2.55696230e-05
245.827 -3.65617802e-06  2.85856481e-05
245.990 -1.96079752e-05  2.05817337e-05
246.152 -2.76266297e-05  4.87452769e-06
246.315 -2.48063868e-05 -1.23312207e-05
246.478 -1.24599364e-05 -2.43733004e-05
246.640  4.45291097e-06 -2.67014104e-05
246.803  1.92923241e-05 -1.85924050e-05
246.966  2.63284726e-05 -3.37513272e-06
247.129  2.29413407e-05  1.29102064e-05
247.291  1.05976878e-05  2.38895157e-05
247.454 -5.76094940e-06  2.53301341e-05
247.617 -1.96771871e-05  1.67642859e-05
247.779 -2.57041191e-05  1.64300681e-06
247.942 -2.15196132e-05 -1.40398256e-05
248.105 -8.81908923e-06 -2.41023832e-05
248.267  7.36500143e-06 -2.45880933e-05
248.430  2.06424619e-05 -1.53102981e-05
248.593  2.57641694e-05  7.89681912e-08
248.755  2.06794126e-05  1.55210983e-05
248.918  7.34603939e-06  2.49162777e-05
249.081 -9.02785283e-06  2.45124755e-05
249.244 -2.20068482e-05  1.43876422e-05
249.406 -2.64389184e-05 -1.56300364e-06
249.569 -2.04830022e-05 -1.71243292e-05
249.732 -6.35179176e-06 -2.61700531e-05
249.894  1.05177875e-05 -2.50596716e-05
250.057  2.35511776e-05 -1.40814151e-05
250.220  2.75891736e-05  2.62148291e-06
250.382  2.09117336e-05  1.86168215e-05
250.545  5.94318539e-06  2.76581156e-05
250.708 -1.16351305e-05  2.61126030e-05
250.870 -2.50454525e-05  1.43976366e-05
251.033 -2.90243002e-05 -3.12703825e-06
251.196 -2.18711777e-05 -1.97904222e-05
251.359 -6.15100820e-06 -2.91554645e-05
251.521  1.22347705e-05 -2.74968121e-05
251.684  2.62757753e-05 -1.52658890e-05
251.847  3.05259142e-05  3.02558645e-06
252.009  2.32053726e-05  2.04849078e-05
252.172  6.92893857e-06  3.04441335e-05
252.335 -1.22413656e-05  2.90033211e-05
252.497 -2.70682061e-05  1.65502884e-05
252.660 -3.18746792e-05 -2.34043140e-06
252.823 -2.47174847e-05 -2.06045257e-05
252.985 -8.16122363e-06 -3.13385392e-05
253.148  1.16553488e-05 -3.04147581e-05
253.311  2.73076213e-05 -1.80672799e-05
253.473  3.28766297e-05  1.16663420e-06
253.636  2.61940576e-05  2.01266466e-05
253.799  9.67870911e-06  3.17067293e-05
253.962 -1.05497255e-05  3.15311229e-05
254.124 -2.69496662e-05  1.96087397e-05
254.287 -3.33852469e-05  3.43285386e-07
254.450 -2.74304482e-05 -1.91021220e-05
254.612 -1.12812305e-05 -3.14843633e-05
254.775  9.05891046e-06 -3.21923985e-05
254.938  2.60239424e-05 -2.09678563e-05
255.100  3.33167351e-05 -1.99963629e-06
255.263  2.82549636e-05  1.76471911e-05
255.426  1.27628450e-05  3.06796891e-05
255.588 -7.36112719e-06  3.22961398e-05
255.751 -2.46278095e-05  2.19642069e-05
255.914 -3.26576160e-05  3.59903004e-06
256.077 -2.85487718e-05 -1.59274672e-05
256.239 -1.39364072e-05 -2.93697133e-05
256.402  5.65589093e-06 -3.18082726e-05
256.565  2.29120053e-05 -2.24644746e-05
256.727  3.14643332e-05 -4.94878961e-06
256.890  2.82586137e-05  1.41360121e-05
257.053  1.46549080e-05  2.76888191e-05
257.215 -4.13905351e-06  3.07653322e-05
257.378 -2.10607150e-05  2.23964363e-05
257.541 -2.98547121e-05  5.88986403e-06
257.703 -2.74007188e-05 -1.24689862e-05
257.866 -1.48277694e-05 -2.58113234e-05
258.029  2.97897631e-06 -2.92676534e-05
258.192  1.92688484e-05 -2.17554561e-05
258.354  2.79919245e-05 -6.31536945e-06
258.517  2.60563052e-05  1.11022690e-05
258.680  1.44304444e-05  2.39295346e-05
258.842 -2.29720387e-06  2.74648886e-05
259.005 -1.77186738e-05  2.06033045e-05
259.168 -2.60630346e-05  6.18200255e-06
259.330 -2.43599674e-05 -1.01714122e-05
259.493 -1.35056921e-05 -2.22297368e-05
259.656  2.15576903e-06 -2.55364340e-05
259.818  1.65581295e-05 -1.90591650e-05
259.981  2.42555257e-05 -5.51289825e-06
260.144  2.24823789e-05  9.75663450e-06
260.307  1.21561522e-05  2.08696041e-05
260.469 -2.55180413e-06  2.36694385e-05
260.632 -1.58836541e-05  1.72835595e-05
260.795 -2.27351072e-05  4.39244247e-06
260.957 -2.06089131e-05 -9.87444046e-06
261.120 -1.05297460e-05 -1.99602728e-05
261.283  3.41952886e-06 -2.20364856e-05
261.445  1.57300884e-05 -1.54573743e-05
261.608  2.16269751e-05 -2.95442983e-06
261.771  1.89165886e-05  1.04773098e-05
261.933  8.80048056e-06  1.95549430e-05
262.096 -4.63967741e-06  2.07751466e-05
262.259 -1.60688546e-05  1.37592817e-05
262.422 -2.10020860e-05  1.36493306e-06
262.584 -1.75527241e-05 -1.14617089e-05
262.747 -7.14719287e-06 -1.96445683e-05
262.910  6.05559379e-06 -1.99721632e-05
263.072  1.68138097e-05 -1.23447200e-05
263.235  2.08699796e-05  1.98514026e-07
263.398  1.66183950e-05  1.26827984e-05
263.560  5.73227540e-06  2.01606453e-05
263.723 -7.49372119e-06  1.96546613e-05
263.886 -1.78333123e-05  1.13284632e-05
264.048 -2.11794270e-05 -1.56899295e-06
264.211 -1.61583313e-05 -1.39732316e-05
264.374 -4.68248820e-06 -2.09850550e-05
264.537  8.78525514e-06 -1.97893474e-05
264.699  1.89671534e-05 -1.07721740e-05
264.862  2.18269905e-05  2.61028892e-06
265.025  1.61576585e-05  1.51636472e-05
265.187  4.07448548e-06  2.19661368e-05
265.350 -9.78598767e-06  2.02889869e-05
265.513 -2.00467866e-05  1.06783998e-05
265.675 -2.26718016e-05 -3.23206872e-06
265.838 -1.65454568e-05 -1.61029002e-05
266.001 -3.92731342e-06 -2.29386729e-05
266.163  1.03924406e-05 -2.10246727e-05
266.326  2.09164169e-05 -1.09921584e-05
266.489  2.35539453e-05  3.39870196e-06
266.652  1.72049945e-05  1.66759838e-05
266.814  4.20260311e-06  2.37445961e-05
266.977 -1.05530367e-05  2.18425261e-05
267.140 -2.14518171e-05  1.16100078e-05
267.302 -2.43141613e-05 -3.13149311e-06
267.465 -1.79897370e-05 -1.68171642e-05
267.628 -4.81162907e-06 -2.42516479e-05
267.790  1.02729584e-05 -2.25833089e-05
267.953  2.15741559e-05 -1.23948514e-05
268.116  2.48130226e-05  2.50439354e-06
268.278  1.87427945e-05  1.65162334e-05
268.441  5.62774371e-06  2.43682307e-05
268.604 -9.61166520e-06  2.31025136e-05
268.767 -2.12575681e-05  1.31938832e-05
268.929 -2.49475981e-05 -1.63340851e-06
269.092 -1.93166741e-05 -1.58173537e-05
269.255 -6.50282315e-06 -2.40533186e-05
269.417  8.67334902e-06 -2.32879036e-05
269.580  2.05303884e-05 -1.38574772e-05
269.743  2.46632585e-05  6.60694978e-07
269.905  1.95907425e-05  1.48114640e-05
270.068  7.28622589e-06  2.33202056e-05
270.231 -7.59215474e-06  2.30720119e-05
270.393 -1.94701842e-05  1.42573055e-05
270.556 -2.39587245e-05  2.64315053e-07
270.719 -1.94848224e-05 -1.36237254e-05
270.881 -7.84387808e-06 -2.22331759e-05
271.044  6.51469912e-06 -2.24385032e-05
271.207  1.81928454e-05 -1.43017586e-05
271.370  2.28839969e-05 -1.00370375e-06
271.532  1.89678738e-05  1.23973571e-05
271.695  8.07454767e-06  2.08975307e-05
271.858 -5.58200718e-06  2.14224489e-05
272.020 -1.68368276e-05  1.39464451e-05
272.183 -2.15322739e-05  1.44733784e-06
272.346 -1.80606681e-05 -1.12753612e-05
272.508 -7.92103421e-06 -1.94448839e-05
272.671  4.91246226e-06 -2.01047331e-05
272.834  1.55448877e-05 -1.31980812e-05
272.996  2.00273327e-05 -1.52523192e-06
273.159  1.68316752e-05  1.03824540e-05
273.322  7.37537789e-06  1.80161830e-05
273.485 -4.58760664e-06  1.86008826e-05
273.647 -1.44462633e-05  1.21115733e-05
273.810 -1.85076813e-05  1.21504643e-06
273.973 -1.53867191e-05 -9.81003769e-06
274.135 -6.47822887e-06 -1.67444783e-05
274.298  4.64291123e-06 -1.70454963e-05
274.461  1.36415816e-05 -1.07814967e-05
274.623  1.71089882e-05 -5.43732913e-07
274.786  1.38543936e-05  9.60628883e-06
274.949  5.31267711e-06  1.57389448e-05
275.111 -5.06499680e-06  1.55746279e-05
275.274 -1.31917075e-05  9.32946599e-06
275.437 -1.59470463e-05 -4.17300461e-07
275.600 -1.23696287e-05 -9.77205287e-06
275.762 -3.99288695e-06 -1.50718864e-05
275.925  5.79533121e-06 -1.43089490e-05
276.088  1.31113802e-05 -7.88864791e-06
276.250  1.51039697e-05  1.56283758e-06
276.413  1.10573031e-05  1.02623161e-05
276.576  2.64875764e-06  1.47707287e-05
276.738 -6.73912775e-06  1.33398170e-05
276.901 -1.33685418e-05  6.58691389e-06
277.064 -1.46195199e-05 -2.76827170e-06
277.226 -1.00173319e-05 -1.09928987e-05
277.389 -1.40898264e-06 -1.48163000e-05
277.552  7.77793986e-06 -1.27193073e-05
277.715  1.38898354e-05 -5.53084480e-06
277.877  1.44880559e-05  3.90546108e-06
278.040  9.31285668e-06  1.18519586e-05
278.203  3.85207693e-07  1.51472440e-05
278.365 -8.78474452e-06  1.24549389e-05
278.528 -1.45714919e-05  4.79313426e-06
278.691 -1.46607839e-05 -4.85825797e-06
278.853 -8.96341538e-06 -1.27150508e-05
279.016  3.40761996e-07 -1.56692314e-05
279.179  9.64004807e-06 -1.25099172e-05
279.341  1.52935338e-05 -4.40510665e-06
279.504  1.50529158e-05  5.53636799e-06
279.667  8.94422508e-06  1.34613691e-05
279.830 -7.25782313e-07  1.62674757e-05
279.992 -1.02468421e-05  1.28092366e-05
280.155 -1.59350259e-05  4.35466988e-06
280.318 -1.55552600e-05 -5.88599894e-06
280.480 -9.19124622e-06 -1.39885878e-05
280.643  7.69601654e-07 -1.68213768e-05
280.806  1.05420160e-05 -1.32507425e-05
280.968  1.63887367e-05 -4.58928060e-06
281.131  1.60489529e-05  5.89556173e-06
281.294  9.61064559e-06  1.42245397e-05
281.456 -5.13768416e-07  1.72198682e-05
281.619 -1.05026986e-05  1.37190757e-05
281.782 -1.65739621e-05  5.02350611e-06
281.945 -1.64209836e-05 -5.59545204e-06
282.107 -1.00911880e-05 -1.41349333e-05
282.270  3.49862859e-08 -1.73753436e-05
282.433  1.01473626e-05 -1.41002969e-05
282.595  1.64460462e-05 -5.55065275e-06
282.758  1.65780389e-05  5.05239734e-06
282.921  1.05184091e-05  1.37265920e-05
283.083  5.66063555e-07  1.72339121e-05
283.246 -9.53220619e-06  1.42956746e-05
283.409 -1.60010035e-05  6.05712498e-06
283.571 -1.64570909e-05 -4.35980781e-06
283.734 -1.07891880e-05 -1.30455786e-05
283.897 -1.17835688e-06 -1.67806554e-05
284.060  8.74325428e-06 -1.42334931e-05
284.222  1.52744370e-05 -6.43721223e-06
284.385  1.60320619e-05  3.62555650e-06
284.548  1.08246578e-05  1.21700782e-05
284.710  1.69450602e-06  1.60398552e-05
284.873 -7.88474492e-06  1.38774850e-05
285.036 -1.43353646e-05  6.60594805e-06
285.198 -1.53161278e-05 -2.95830440e-06
285.361 -1.05793376e-05 -1.11991631e-05
285.524 -2.02367424e-06 -1.50707864e-05
285.686  7.06518347e-06 -1.32304279e-05
285.849  1.32764455e-05 -6.50863342e-06
286.012  1.43591239e-05  2.45371863e-06
286.175  1.00453575e-05  1.02395166e-05
286.337  2.10238351e-06  1.39595460e-05
286.500 -6.38331599e-06  1.23322691e-05
286.663 -1.22019836e-05  6.12649806e-06
286.825 -1.32400293e-05 -2.18256646e-06
286.988 -9.25188035e-06 -9.39212123e-06
287.151 -1.90190169e-06 -1.28075124e-05
287.313  5.91624559e-06 -1.12535057e-05
287.476  1.12147785e-05 -5.47813000e-06
287.639  1.20557344e-05  2.18266698e-06
287.801  8.26036943e-06  8.74021461e-06
287.964  1.43087012e-06  1.17178491e-05
288.127 -5.71094191e-06  1.00853429e-05
288.289 -1.04031445e-05  4.61622493e-06
288.452 -1.09081645e-05 -2.45564635e-06
288.615 -7.15620821e-06 -8.33946346e-06
288.778 -7.32701706e-07 -1.07822577e-05
288.940  5.77953798e-06 -8.92796926e-06
289.103  9.82999901e-06 -3.61974178e-06
289.266  9.89165855e-06  2.96825652e-06
289.428  6.03728634e-06  8.21158111e-06
289.591 -1.21415341e-07  1.00700595e-05
289.754 -6.09871392e-06  7.87796059e-06
289.916 -9.52585765e-06  2.58273078e-06
290.079 -9.08178931e-06 -3.65756543e-06
290.242 -5.00098744e-06 -8.34261124e-06
290.404  1.04236973e-06 -9.62070226e-06
290.567  6.61354013e-06 -7.01610488e-06
290.730  9.48651469e-06 -1.60189454e-06
290.893  8.52649594e-06  4.43949182e-06
291.055  4.13173361e-06  8.68619104e-06
291.218 -1.93454089e-06  9.43996875e-06
291.381 -7.24558758e-06  6.39746901e-06
291.543 -9.67503840e-06  7.64672518e-07
291.706 -8.24066459e-06 -5.22004217e-06
291.869 -3.49101801e-06 -9.17085639e-06
292.031  2.70781870e-06 -9.50011315e-06
292.194  7.90398355e-06 -6.04539587e-06
292.357  1.00273556e-05 -1.38915397e-07
292.519  8.20526287e-06  5.90780935e-06
292.682  3.11086969e-06  9.70985227e-06
292.845 -3.28897424e-06  9.74423331e-06
293.008 -8.49738289e-06  5.95005014e-06
293.170 -1.04608871e-05 -2.35053112e-07
293.333 -8.37119887e-06 -6.42563243e-06
293.496 -2.99092196e-06 -1.02122013e-05
293.658  3.63063619e-06 -1.00945866e-05
293.821  8.94516862e-06 -6.07102757e-06
293.984  1.08855633e-05  3.48937326e-07
294.146  8.66687095e-06  6.71963202e-06
294.309  3.09924201e-06  1.05941287e-05
294.472 -3.71633762e-06  1.04634777e-05
294.634 -9.18693681e-06  6.34326982e-06
294.797 -1.12157830e-05 -2.26547764e-07
294.960 -9.00788424e-06 -6.76483167e-06
295.123 -3.37716546e-06 -1.07896345e-05
295.285  3.56116853e-06 -1.07647344e-05
295.448  9.18954169e-06 -6.68574700e-06
295.611  1.13812796e-05 -8.05853224e-08
295.773  9.30774416e-06  6.56728530e-06
295.936  3.74775920e-06  1.07585421e-05
296.099 -3.20861693e-06  1.09241910e-05
296.261 -8.95072679e-06  7.01221306e-06
296.424 -1.13352480e-05  5.00944994e-07
296.587 -9.48867292e-06 -6.16261519e-06
296.749 -4.12649290e-06 -1.04906358e-05
296.912  2.72438582e-06 -1.08883484e-05
297.075  8.49847887e-06 -7.24259993e-06
297.238  1.10590973e-05 -9.52599387e-07
297.400  9.49139001e-06  5.61078124e-06
297.563  4.43219272e-06  1.00055765e-05
297.726 -2.18771758e-06  1.06305633e-05
297.888 -7.88618440e-06  7.31309345e-06
298.051 -1.05638327e-05  1.35349085e-06
298.214 -9.28226462e-06 -4.98753094e-06
298.376 -4.59680834e-06 -9.34926017e-06
298.539  1.68093612e-06 -1.01538615e-05
298.702  7.18477346e-06 -7.18338151e-06
298.864  9.88802175e-06 -1.63163501e-06
299.027  8.85659406e-06  4.37398751e-06
299.190  4.57326681e-06  8.58742445e-06
299.353 -1.27863707e-06  9.48962948e-06
299.515 -6.47333861e-06  6.84058116e-06
299.678 -9.09223050e-06  1.73411745e-06
299.841 -8.23784503e-06 -3.84624264e-06
300.003 -4.34084249e-06 -7.79703156e-06
300.166  1.03839778e-06 -8.69238108e-06
300.329  5.82927811e-06 -6.29993282e-06
300.491  8.25044374e-06 -1.63338279e-06
300.654  7.47359331e-06  3.46630377e-06
300.817  3.90720543e-06  7.05614310e-06
300.979 -9.94377865e-07  7.83183644e-06
301.142 -5.31872042e-06  5.60225505e-06
301.305 -7.43995270e-06  1.32970454e-06
301.468 -6.62897638e-06 -3.27502375e-06
301.630 -3.30650988e-06 -6.43370940e-06
301.793  1.15417177e-06 -6.98377229e-06
301.956  4.98829939e-06 -4.80810529e-06
302.118  6.73151269e-06 -8.49811583e-07
302.281  5.77817998e-06  3.28751384e-06
302.444  2.59383482e-06  5.98105791e-06
302.606 -1.49874799e-06  6.22062057e-06
302.769 -4.85969544e-06  3.98922413e-06
302.932 -6.18099973e-06  2.42470851e-07
303.094 -4.99467682e-06 -3.49180884e-06
303.257 -1.83725195e-06 -5.72631005e-06
303.420  1.98544751e-06 -5.60251884e-06
303.583  4.92792249e-06 -3.21875708e-06
303.745  5.82309792e-06  4.28162644e-07
303.908  4.34162445e-06  3.85132185e-06
304.071  1.10894215e-06  5.67196640e-06
304.233 -2.55404351e-06  5.16984093e-06
304.396 -5.16325793e-06  2.56198962e-06
304.559 -5.66745703e-06 -1.09091557e-06
304.721 -3.86411980e-06 -4.31067133e-06
304.884 -4.76267216e-07 -5.79542602e-06
305.047  3.13522557e-06 -4.93853333e-06
305.209  5.51595867e-06 -2.06870408e-06
305.372  5.69801947e-06  1.67696725e-06
305.535  3.58439753e-06  4.80357393e-06
305.697 -6.55532360e-09  6.05238104e-06
305.860 -3.66001290e-06  4.89910557e-06
306.023 -5.92296474e-06  1.76759549e-06
306.186 -5.87595897e-06 -2.12883867e-06
306.348 -3.50009814e-06 -5.26143115e-06
306.511  3.05187504e-07 -6.38304458e-06
306.674  4.06843544e-06 -5.01905781e-06
306.836  6.31609016e-06 -1.66313217e-06
306.999  6.14571920e-06  2.40738937e-06
307.162  3.58531413e-06  5.62177259e-06
307.324 -4.09077171e-07  6.72052029e-06
307.487 -4.31649002e-06  5.24784077e-06
307.650 -6.63098168e-06  1.73549324e-06
307.812 -6.44282109e-06 -2.49587429e-06
307.975 -3.79432577e-06 -5.83596110e-06
308.138  3.31817735e-07 -6.99982310e-06
308.301  4.38102686e-06 -5.52356573e-06
308.463  6.81549271e-06 -1.94393184e-06
308.626  6.70212446e-06  2.40104377e-06
308.789  4.06794545e-06  5.87521834e-06
308.951 -1.08282418e-07  7.16597342e-06
309.114 -4.26223033e-06  5.78098376e-06
309.277 -6.83595352e-06  2.23297056e-06
309.439 -6.86577828e-06 -2.15162457e-06
309.602 -4.34173301e-06 -5.73381447e-06
309.765 -2.10526577e-07 -7.18028354e-06
309.927  3.98312236e-06 -5.96001472e-06
310.090  6.68052174e-06 -2.54008101e-06
310.253  6.89031341e-06  1.79429557e-06
310.416  4.55460060e-06  5.42883082e-06
310.578  5.64150807e-07  7.02457827e-06
310.741 -3.58583158e-06  6.01350679e-06
310.904 -6.35970053e-06  2.80359500e-06
311.066 -6.75198345e-06 -1.38727619e-06
311.229 -4.65631882e-06 -4.99691398e-06
311.392 -8.90412560e-07 -6.70306121e-06
311.554  3.12529447e-06 -5.91280295e-06
311.717  5.90440023e-06 -2.97015622e-06
311.880  6.44927986e-06  9.92302471e-07
312.042  4.61315302e-06  4.48898505e-06
312.205  1.13349990e-06  6.24131045e-06
312.368 -2.66174182e-06  5.65042546e-06
312.531 -5.36167569e-06  3.00121115e-06
312.693 -6.00214972e-06 -6.66457148e-07
312.856 -4.41145089e-06 -3.96364364e-06
313.019 -1.25111539e-06 -5.68223411e-06
313.181  2.25315936e-06 -5.24006079e-06
313.344  4.78829280e-06 -2.87769118e-06
313.507  5.44842446e-06  4.55249949e-07
313.669  4.05893750e-06  3.47970032e-06
313.832  1.21936368e-06  5.07971750e-06
313.995 -1.94833751e-06  4.71425296e-06
314.157 -4.24292957e-06  2.60189526e-06
314.320 -4.83843701e-06 -3.87609714e-07
314.483 -3.58325322e-06 -3.08854632e-06
314.646 -1.03481057e-06 -4.49131028e-06
314.808  1.78096900e-06 -4.11994978e-06
314.971  3.77845574e-06 -2.19621365e-06
315.134  4.22853767e-06  4.72895934e-07
315.296  3.02764661e-06  2.82760820e-06
315.459  7.13982216e-07  3.97107519e-06
315.622 -1.76559792e-06  3.51208853e-06
315.784 -3.43559429e-06  1.69928312e-06
315.947 -3.67391892e-06 -7.00132637e-07
316.110 -2.44461319e-06 -2.71611296e-06
316.272 -2.90738902e-07 -3.56313905e-06
316.435  1.89632734e-06 -2.94605144e-06
316.598  3.23851815e-06 -1.16055631e-06
316.761  3.22144674e-06  1.03987928e-06
316.923  1.88881335e-06  2.75361239e-06
317.086 -1.88325343e-07  3.29636227e-06
317.249 -2.14853909e-06  2.47040498e-06
317.411 -3.19242521e-06  6.33960370e-07
317.574 -2.90370747e-06 -1.44875235e-06
317.737 -1.41032096e-06 -2.92092278e-06
317.899  6.70241252e-07 -3.18088948e-06
318.062  2.48296348e-06 -2.12113310e-06
318.225  3.28325917e-06 -1.71032411e-07
318.387  2.73539708e-06  1.87575378e-06
318.550  1.04867176e-06  3.18302456e-06
318.713 -1.10292898e-06  3.20740525e-06
318.876 -2.85111671e-06  1.91781303e-06
319.038 -3.47994191e-06 -1.85783695e-07
319.201 -2.71238663e-06 -2.26909550e-06
319.364 -8.28085969e-07 -3.49376701e-06
319.526  1.44199270e-06 -3.34924739e-06
319.689  3.20147157e-06 -1.86171672e-06
319.852  3.73906285e-06  4.08512873e-07
320.014  2.81305391e-06  2.58254308e-06
320.177  7.54588611e-07  3.80213731e-06
320.340 -1.65592858e-06  3.56665476e-06
320.502 -3.48599711e-06  1.93597631e-06
320.665 -4.01113716e-06 -4.86666301e-07
320.828 -3.00141253e-06 -2.78087744e-06
320.991 -8.15770901e-07 -4.05922431e-06
321.153  1.72939741e-06 -3.81217427e-06
321.316  3.66639565e-06 -2.10813247e-06
321.479  4.24714962e-06  4.27676966e-07
321.641  3.23188128e-06  2.84413911e-06
321.804  9.83248692e-07  4.22454298e-06
321.967 -1.66463379e-06  4.03663554e-06
322.129 -3.71891720e-06  2.33494704e-06
322.292 -4.40448526e-06 -2.55222125e-07
322.455 -3.45543269e-06 -2.76997145e-06
322.617 -1.21704329e-06 -4.27069927e-06
322.780  1.48087814e-06 -4.19535444e-06
322.943  3.63681607e-06 -2.56855623e-06
323.105  4.45191108e-06  5.90707450e-09
323.268  3.62623806e-06  2.57339572e-06
323.431  1.47092396e-06  4.18613988e-06
323.594 -1.21155605e-06  4.25390602e-06
323.756 -3.43032921e-06  2.76271448e-06
323.919 -4.37330886e-06  2.75532422e-07
324.082 -3.70752095e-06 -2.28405402e-06
324.244 -1.69816476e-06 -3.97610872e-06
324.407  8.99384093e-07 -4.19239568e-06
324.570  3.12469687e-06 -2.87830940e-06
324.732  4.16951473e-06 -5.42229906e-07
324.895  3.67569598e-06  1.94173772e-06
325.058  1.85740286e-06  3.66171722e-06
325.220 -5.90353161e-07  4.00738801e-06
325.383 -2.75669920e-06  2.88787538e-06
325.546 -3.85767244e-06  7.51500043e-07
325.709 -3.52262544e-06 -1.59114022e-06
325.871 -1.91795230e-06 -3.27689292e-06
326.034  3.27800334e-07 -3.71146885e-06
326.197  2.36986361e-06 -2.77883761e-06
326.359  3.46822176e-06 -8.70223154e-07
326.522  3.25615880e-06  1.27633641e-06
326.685  1.86355126e-06  2.86344219e-06
326.847 -1.47309646e-07  3.33100605e-06
327.010 -2.00863867e-06  2.55488078e-06
327.173 -3.04037516e-06  8.78476618e-07
327.335 -2.89888069e-06 -1.03527563e-06
327.498 -1.69379644e-06 -2.46519804e-06
327.661  7.26526527e-08 -2.90257605e-06
327.824  1.71242683e-06 -2.23492127e-06
327.986  2.61699325e-06 -7.71328837e-07
328.149  2.48486793e-06  8.94919689e-07
328.312  1.42332916e-06  2.12241990e-06
328.474 -1.13009339e-07  2.46820605e-06
328.637 -1.51066359e-06  1.84988256e-06
328.800 -2.23931523e-06  5.58996958e-07
328.962 -2.05474393e-06 -8.67998504e-07
329.125 -1.07937545e-06 -1.86710687e-06
329.288  2.62037755e-07 -2.06974284e-06
329.450  1.41967314e-06 -1.43815601e-06
329.613  1.94180631e-06 -2.65309934e-07
329.776  1.65001585e-06  9.52036701e-07
329.939  6.98097332e-07  1.71937701e-06
330.101 -4.99243271e-07  1.74323833e-06
330.264 -1.44130622e-06  1.04062316e-06
330.427 -1.74773800e-06 -7.56886060e-08
330.589 -1.30781084e-06 -1.13050383e-06
330.752 -3.19896825e-07 -1.68512802e-06
330.915  7.93376249e-07 -1.51448430e-06
331.077  1.56312898e-06 -6.95648430e-07
331.240  1.66642361e-06  4.24662439e-07
331.403  1.05659567e-06  1.37545734e-06
331.565 -1.60026915e-08  1.75551241e-06
331.728 -1.10695483e-06  1.39633290e-06
331.891 -1.76020910e-06  4.34281584e-07
332.054 -1.69267219e-06 -7.42435213e-07
332.216 -9.12977740e-07 -1.65123497e-06
332.379  2.76812459e-07 -1.90860996e-06
332.542  1.40107439e-06 -1.38773518e-06
332.704  1.99863192e-06 -2.76268617e-07
332.867  1.80823651e-06  9.94911544e-07
333.030  8.79779565e-07  1.91906420e-06
333.192 -4.40198597e-07  2.11296034e-06
333.355 -1.64014385e-06  1.47424212e-06
333.518 -2.24036939e-06  2.27743008e-07
333.680 -1.98460310e-06 -1.15695961e-06
333.843 -9.45886793e-07 -2.14225334e-06
334.006  4.96520165e-07 -2.33203955e-06
334.169  1.79633031e-06 -1.63000516e-06
334.331  2.44850434e-06 -2.81073194e-07
334.494  2.18669894e-06  1.21520683e-06
334.657  1.08818658e-06  2.29108637e-06
334.819 -4.49421208e-07  2.52888303e-06
334.982 -1.85313041e-06  1.82137853e-06
335.145 -2.59180524e-06  4.16570818e-07
335.307 -2.37739244e-06 -1.16957772e-06
335.470 -1.27519942e-06 -2.34641012e-06
335.633  3.15051127e-07 -2.67054419e-06
335.795  1.80724849e-06 -2.01170802e-06
335.958  2.64822137e-06 -6.05393976e-07
336.121  2.52244430e-06  1.03310534e-06
336.284  1.47148174e-06  2.30145559e-06
336.446 -1.19882681e-07  2.73219045e-06
336.609 -1.66838895e-06  2.16631173e-06
336.772 -2.60729459e-06  8.13241267e-07
336.934 -2.59504088e-06 -8.29762782e-07
337.097 -1.64204733e-06 -2.16209116e-06
337.260 -1.02945820e-07 -2.70027099e-06
337.422  1.45732364e-06 -2.25670768e-06
337.585  2.47133551e-06 -1.00472495e-06
337.748  2.57896173e-06  5.90765586e-07
337.910  1.75654386e-06  1.94579679e-06
338.073  3.18314847e-07  2.57398960e-06
338.236 -1.20290711e-06  2.26373304e-06
338.399 -2.25492622e-06  1.14807119e-06
338.561 -2.47000949e-06 -3.50267569e-07
338.724 -1.79300600e-06 -1.67933164e-06
338.887 -4.93848422e-07 -2.36477010e-06
339.049  9.38419458e-07 -2.17959250e-06
339.212  1.98255533e-06 -1.21929418e-06
339.375  2.27595439e-06  1.41153561e-07
339.537  1.74063534e-06  1.39504893e-06
339.700  6.03796120e-07  2.09413313e-06
339.863 -6.97337630e-07  2.00869842e-06
340.025 -1.68488574e-06  1.20495897e-06
340.188 -2.01529300e-06  8.85317354e-09
340.351 -1.60089325e-06 -1.12633742e-06
340.513 -6.31789497e-07 -1.79065926e-06
340.676  5.08893422e-07 -1.76689540e-06
340.839  1.39457040e-06 -1.10324533e-06
341.002  1.71479474e-06 -8.06086245e-08
341.164  1.38667181e-06  9.03162375e-07
341.327  5.72548077e-07  1.48639042e-06
341.490 -3.94254557e-07  1.47893137e-06
341.652 -1.14226904e-06  9.23613452e-07
341.815 -1.40581492e-06  6.59570659e-08
341.978 -1.12001216e-06 -7.48525044e-07
342.140 -4.32409158e-07 -1.21275941e-06
342.303  3.64149741e-07 -1.17471870e-06
342.466  9.53038895e-07 -6.85376369e-07
342.628  1.11988065e-06  3.15304001e-08
342.791  8.29042250e-07  6.76054406e-07
342.954  2.28303725e-07  9.96411385e-07
343.117 -4.18145214e-07  8.85288760e-07
343.279 -8.43243365e-07  4.15152525e-07
343.442 -8.84504432e-07 -1.97648033e-07
343.605 -5.44455988e-07 -6.88622218e-07
343.767  1.49058029e-08 -8.55733973e-07
343.930  5.45228678e-07 -6.39039896e-07
344.093  8.18496065e-07 -1.43200420e-07
344.255  7.19979097e-07  4.09964731e-07
344.418  2.95612403e-07  7.78097861e-07
344.581 -2.68145297e-07  7.98852198e-07
344.743 -7.25395375e-07  4.58408628e-07
344.906 -8.73250613e-07 -1.00835235e-07
345.069 -6.37301586e-07 -6.40887371e-07
345.232 -1.06623473e-07 -9.26592685e-07
345.394  5.02019460e-07 -8.23219557e-07
345.557  9.32264241e-07 -3.57094296e-07
345.720  9.92125477e-07  2.91832729e-07
345.882  6.37087501e-07  8.61087047e-07
346.045 -6.77452142e-09  1.10922676e-06
346.208 -6.90327688e-07  9.16423330e-07
346.370 -1.13670039e-06  3.38337648e-07
346.533 -1.15241192e-06 -4.12070812e-07
346.696 -7.09585408e-07 -1.04322094e-06
346.858  3.88751065e-08 -1.29780574e-06
347.021  8.13116657e-07 -1.05790267e-06
347.184  1.31089511e-06 -3.94813107e-07
347.347  1.32711611e-06  4.52989722e-07
347.509  8.36114053e-07  1.16557715e-06
347.672  5.87818560e-09  1.46454288e-06
347.835 -8.59151301e-07  1.22161014e-06
347.997 -1.43199544e-06  5.10156881e-07
348.160 -1.48827615e-06 -4.15998758e-07
348.323 -9.91906569e-07 -1.21487121e-06
348.485 -1.13891354e-07 -1.58533566e-06
348.648  8.27320410e-07 -1.37957211e-06
348.811  1.48466317e-06 -6.61546442e-07
348.973  1.61049739e-06  3.12226947e-07
349.136  1.14972293e-06  1.18756867e-06
349.299  2.64245082e-07  1.64254777e-06
349.462 -7.26467414e-07  1.50578327e-06
349.624 -1.46253814e-06  8.22701146e-07
349.787 -1.67433052e-06 -1.60919157e-07
349.950 -1.28339195e-06 -1.08974202e-06
350.112 -4.31380128e-07 -1.62718814e-06
350.275  5.73687142e-07 -1.57955613e-06
350.438  1.36878930e-06 -9.67077466e-07
350.600  1.66874630e-06 -1.34603727e-08
350.763  1.37084755e-06  9.35902810e-07
350.926  5.88578403e-07  1.54001949e-06
351.088 -3.91700047e-07  1.58777179e-06
351.251 -1.21565379e-06  1.07121201e-06
351.414 -1.59214616e-06  1.84756700e-07
351.577 -1.39664684e-06 -7.47092766e-07
351.739 -7.11662550e-07 -1.39113713e-06
351.902  2.05911271e-07 -1.52606335e-06
352.065  1.02269142e-06 -1.11783489e-06
352.227  1.45198096e-06 -3.28476839e-07
352.390  1.35387015e-06  5.48194284e-07
352.553  7.82066373e-07  1.19811753e-06
352.715 -4.13477500e-08  1.39913149e-06
352.878 -8.13859232e-07  1.09803400e-06
353.041 -1.26343942e-06  4.24586187e-07
353.203 -1.24495169e-06 -3.64543764e-07
353.366 -7.88789152e-07 -9.83369514e-07
353.529 -8.04884966e-08 -1.22009466e-06
353.692  6.14083771e-07 -1.01197373e-06
353.854  1.04747711e-06 -4.59770719e-07
354.017  1.08103051e-06  2.18434669e-07
354.180  7.29317073e-07  7.71269118e-07
354.342  1.44472494e-07  1.00862553e-06
354.505 -4.46105119e-07  8.68299934e-07
354.668 -8.28140893e-07  4.29071618e-07
354.830 -8.79976809e-07 -1.26323017e-07
354.993 -6.09724253e-07 -5.85237747e-07
355.156 -1.43722614e-07 -7.88018230e-07
355.318  3.27917873e-07 -6.82708344e-07
355.481  6.29289789e-07 -3.36457222e-07
355.644  6.63741370e-07  9.71569697e-08
355.807  4.43856005e-07  4.44793909e-07
355.969  8.00478084e-08  5.81876560e-07
356.132 -2.70755832e-07  4.75931458e-07
356.295 -4.71306284e-07  1.93970142e-07
356.457 -4.55580466e-07 -1.31698781e-07
356.620 -2.51369462e-07 -3.62957486e-07
356.783  3.68372981e-08 -4.11160007e-07
356.945  2.77708378e-07 -2.71093221e-07
357.108  3.68573126e-07 -1.96555998e-08
357.271  2.77281893e-07  2.22617790e-07
357.433  5.48136911e-08  3.44667831e-07
357.596 -1.90841385e-07  2.91858156e-07
357.759 -3.43387872e-07  9.05488874e-08
357.921 -3.28072920e-07 -1.65070878e-07
358.084 -1.46415652e-07 -3.55452881e-07
358.247  1.23553317e-07 -3.86587371e-07
358.410  3.61533054e-07 -2.33212018e-07
358.572  4.54963052e-07  4.71918972e-08
358.735  3.48934759e-07  3.38096505e-07
358.898  7.39883755e-08  5.10646433e-07
359.060 -2.64513298e-07  4.78052825e-07
359.223 -5.26741347e-07  2.36566647e-07
359.386 -5.94305349e-07 -1.29723060e-07
359.548 -4.22700900e-07 -4.79232116e-07
359.711 -6.31314817e-08 -6.66433194e-07
359.874  3.53985187e-07 -6.02680305e-07
360.036  6.65587217e-07 -2.95258334e-07
360.199  7.40584953e-07  1.51887292e-07
360.362  5.34414610e-07  5.72763466e-07
360.525  1.09134656e-07  8.01883309e-07
360.687 -3.84578432e-07  7.40408293e-07
360.850 -7.61346797e-07  3.95805949e-07
361.013 -8.72831425e-07 -1.16023653e-07
361.175 -6.64708875e-07 -6.09554240e-07
361.338 -2.00540774e-07 -8.99444292e-07
361.501  3.56519226e-07 -8.70040433e-07
361.663  8.03451762e-07 -5.20110010e-07
361.826  9.72398162e-07  3.15467643e-08
361.989  7.92647727e-07  5.88102691e-07
362.151  3.20807053e-07  9.46817031e-07
362.314 -2.77562699e-07  9.72140534e-07
362.477 -7.88394530e-07  6.47996338e-07
362.640 -1.02531789e-06  8.62469640e-08
362.802 -8.98620250e-07 -5.14299078e-07
362.965 -4.50338974e-07 -9.38295517e-07
363.128  1.61665469e-07 -1.03168189e-06
363.290  7.19788968e-07 -7.59655855e-07
363.453  1.02417164e-06 -2.18304586e-07
363.616  9.66676102e-07  4.00208766e-07
363.778  5.68964212e-07  8.75487309e-07
363.941 -2.67539352e-08  1.03979888e-06
364.104 -6.07814202e-07  8.37950803e-07
364.266 -9.68905544e-07  3.44595763e-07
364.429 -9.86187924e-07 -2.62373359e-07
364.592 -6.58685031e-07 -7.67043664e-07
364.755 -1.07752694e-07 -9.94467857e-07
364.917  4.67932958e-07 -8.70577989e-07
365.080  8.66399397e-07 -4.46850579e-07
365.243  9.52989695e-07  1.19799614e-07
365.405  7.06114958e-07  6.27216664e-07
365.568  2.23254841e-07  9.00399277e-07
365.731 -3.18746526e-07  8.51712929e-07
365.893 -7.29148427e-07  5.10690514e-07
366.056 -8.69906623e-07  8.43626636e-09
366.219 -7.03991348e-07 -4.73613387e-07
366.381 -3.04120287e-07 -7.68364002e-07
366.544  1.79290501e-07 -7.82602360e-07
366.707  5.73543409e-07 -5.27085994e-07
366.870  7.46321196e-07 -1.05793934e-07
367.032  6.51647887e-07  3.24797851e-07
367.195  3.39659647e-07  6.13840405e-07
367.358 -6.64585117e-08  6.70963622e-07
367.520 -4.17894413e-07  4.93305860e-07
367.683 -5.96634266e-07  1.60495456e-07
367.846 -5.54755880e-07 -1.98110814e-07
368.008 -3.25555526e-07 -4.54864748e-07
368.171 -6.92739920e-09 -5.29584351e-07
368.334  2.80121204e-07 -4.13271550e-07
368.496  4.38022025e-07 -1.66809373e-07
368.659  4.24549822e-07  1.07679600e-07
368.822  2.64246239e-07  3.09412877e-07
368.985  3.33789020e-08  3.74596825e-07
369.147 -1.75298172e-07  2.96976354e-07
369.310 -2.88127397e-07  1.25330651e-07
369.473 -2.76418737e-07 -6.26250922e-08
369.635 -1.64174989e-07 -1.92989327e-07
369.798 -1.15144173e-08 -2.23547049e-07
369.961  1.13634330e-07 -1.58868693e-07
370.123  1.63015566e-07 -4.25881658e-08
370.286  1.27765793e-07  6.58375339e-08
370.449  3.83256161e-08  1.16894895e-07
370.611 -5.37479463e-08  9.31779290e-08
370.774 -9.94069003e-08  1.56273907e-08
370.937 -7.53396150e-08 -6.98146324e-08
371.100  4.51426212e-09 -1.13786241e-07
371.262  9.74949454e-08 -8.71502334e-08
371.425  1.51901379e-07  2.87335176e-09
371.588  1.30858280e-07  1.16048307e-07
371.750  3.27243269e-08  1.96649775e-07
371.913 -1.06277869e-07  1.97402398e-07
372.076 -2.26532880e-07  1.03886970e-07
372.238 -2.68527707e-07 -5.58929029e-08
372.401 -2.00706138e-07 -2.21344877e-07
372.564 -3.67368671e-08 -3.21183119e-07
372.726  1.67672597e-07 -3.03590296e-07
372.889  3.33205627e-07 -1.61302210e-07
373.052  3.87489452e-07  6.29498440e-08
373.215  2.97072825e-07  2.89015251e-07
373.377  8.28751025e-08  4.27592283e-07
373.540 -1.84037445e-07  4.16923898e-07
373.703 -4.05250379e-07  2.48483928e-07
373.865 -4.93032950e-07 -2.68374284e-08
374.028 -4.04963238e-07 -3.12823775e-07
374.191 -1.61564880e-07 -5.03039219e-07
374.353  1.56359206e-07 -5.21459789e-07
374.516  4.35343459e-07 -3.51132568e-07
374.679  5.71554163e-07 -4.45392272e-08
374.841  5.08349159e-07  2.92390348e-07
375.004  2.59702329e-07  5.39022397e-07
375.167 -9.11837040e-08  6.02751173e-07
375.329 -4.21763937e-07  4.53707121e-07
375.492 -6.13127775e-07  1.39148806e-07
375.655 -5.92474232e-07 -2.33037746e-07
375.818 -3.62317627e-07 -5.32110120e-07
375.980 -3.09108053e-10 -6.49840510e-07
376.143  3.68187074e-07 -5.41413701e-07
376.306  6.12786131e-07 -2.42326711e-07
376.468  6.45754408e-07  1.44696248e-07
376.631  4.54316530e-07  4.84255193e-07
376.794  1.04055541e-07  6.56684799e-07
376.956 -2.82984061e-07  6.01829150e-07
377.119 -5.71187161e-07  3.38813893e-07
377.282 -6.60946916e-07 -4.03451294e-08
377.444 -5.22384927e-07 -4.02583929e-07
377.607 -2.05195693e-07 -6.22632880e-07
377.770  1.78192893e-07 -6.26280160e-07
377.933  4.94310503e-07 -4.14940990e-07
378.095  6.35724688e-07 -6.56073670e-08
378.258  5.56823675e-07  2.98385676e-07
378.421  2.89940455e-07  5.52084168e-07
378.583 -6.80222529e-08  6.10960405e-07
378.746 -3.92279212e-07  4.60354620e-07
378.909 -5.72858830e-07  1.58986512e-07
379.071 -5.52783090e-07 -1.85347940e-07
379.234 -3.47050795e-07 -4.53713098e-07
379.397 -3.31309498e-08 -5.57430096e-07
379.559  2.77798402e-07 -4.69006900e-07
379.722  4.79895991e-07 -2.27640791e-07
379.885  5.10562567e-07  7.75389953e-08
380.048  3.69067831e-07  3.39407785e-07
380.210  1.12737246e-07  4.72172480e-07
380.373 -1.64588760e-07  4.39577715e-07
380.536 -3.68074581e-07  2.63116501e-07
380.698 -4.35145651e-07  1.23310333e-08
380.861 -3.53271050e-07 -2.22781314e-07
381.024 -1.61684525e-07 -3.65345818e-07
381.186  6.58100637e-08 -3.75532466e-07
381.349  2.50558128e-07 -2.61703611e-07
381.512  3.35359661e-07 -7.42429016e-08
381.674  3.02015428e-07  1.17255494e-07
381.837  1.75090696e-07  2.49230464e-07
382.000  7.60828589e-09  2.84696126e-07
382.163 -1.40498021e-07  2.24564404e-07
382.325 -2.22791033e-07  1.01949081e-07
382.488 -2.22157486e-07 -3.41407383e-08
382.651 -1.52578538e-07 -1.36723783e-07
382.813 -4.84785254e-08 -1.78105823e-07
382.976  4.94282272e-08 -1.57153198e-07
383.139  1.10312428e-07 -9.37741534e-08
383.301  1.23747610e-07 -1.87350191e-08
383.464  9.82133134e-08  3.98553369e-08
383.627  5.42124285e-08  6.82523726e-08
383.789  1.39187380e-08  6.83181206e-08
383.952 -1.02406513e-08  5.27926637e-08
384.115 -1.84934951e-08  3.76634259e-08
384.278 -1.99782628e-08  3.17575491e-08
384.440 -2.67829328e-08  3.27695058e-08
384.603 -4.45421718e-08  3.08016695e-08
384.766 -6.74421946e-08  1.38697910e-08
384.928 -8.16789482e-08 -2.31851431e-08
385.091 -7.14308522e-08 -7.22542257e-08
385.254 -2.79671477e-08 -1.14729401e-07
385.416  4.18145545e-08 -1.28228506e-07
385.579  1.16278879e-07 -9.63985029e-08
385.742  1.66015804e-07 -2.00919991e-08
385.904  1.64350760e-07  8.01996509e-08
386.067  1.01279315e-07  1.70295356e-07
386.230 -9.49967771e-09  2.12909765e-07
386.393 -1.33798686e-07  1.83807333e-07
386.555 -2.26351603e-07  8.41164967e-08
386.718 -2.47910284e-07 -5.83795827e-08
386.881 -1.82600947e-07 -1.95812047e-07
387.043 -4.50709819e-08 -2.76352795e-07
387.206  1.21500426e-07 -2.65312729e-07
387.369  2.58284073e-07 -1.58657299e-07
387.531  3.13362240e-07  1.29973798e-08
387.694  2.61019154e-07  1.91779713e-07
387.857  1.12415786e-07  3.13633866e-07
388.019 -8.45469211e-08  3.31631580e-07
388.182 -2.61651946e-07  2.33037308e-07
388.345 -3.54969401e-07  4.73412370e-08
388.508 -3.26947882e-07 -1.62707971e-07
388.670 -1.82407316e-07 -3.23684366e-07
388.833  3.10353359e-08 -3.76270978e-07
388.996  2.40160943e-07 -2.97807843e-07
389.158  3.70629972e-07 -1.12777675e-07
389.321  3.73622120e-07  1.16161249e-07
389.484  2.45590900e-07  3.09123967e-07
389.646  2.93349864e-08  3.96533318e-07
389.809 -2.00461686e-07  3.45952305e-07
389.972 -3.62189707e-07  1.73626835e-07
390.134 -3.97930037e-07 -6.12754554e-08
390.297 -2.94401078e-07 -2.75822128e-07
390.460 -8.69967667e-08 -3.93801630e-07
390.623  1.51059721e-07 -3.73632071e-07
390.785  3.35123155e-07 -2.22000041e-07
390.948  4.00526249e-07  7.25042058e-09
391.111  3.24334210e-07  2.32047281e-07
391.273  1.34120785e-07  3.72991409e-07
391.436 -1.01118011e-07  3.80663195e-07
391.599 -2.97435178e-07  2.53172007e-07
391.761 -3.85511389e-07  3.79352991e-08
391.924 -3.34790804e-07 -1.87046600e-07
392.087 -1.65711375e-07 -3.41497259e-07
392.249  5.90137492e-08 -3.70659429e-07
392.412  2.58091416e-07 -2.66249728e-07
392.575  3.59847825e-07 -6.86838299e-08
392.737  3.29171705e-07  1.49285199e-07
392.900  1.80231673e-07  3.08005402e-07
393.063 -3.07525733e-08  3.50531541e-07
393.226 -2.25477623e-07  2.64122617e-07
393.388 -3.32365467e-07  8.28565391e-08
393.551 -3.14152318e-07 -1.24876129e-07
393.714 -1.79945525e-07 -2.81215491e-07
393.876  1.86996335e-08 -3.29226846e-07
394.039  2.06109441e-07 -2.52989037e-07
394.202  3.12222184e-07 -8.24734490e-08
394.364  2.98482985e-07  1.16555576e-07
394.527  1.70896706e-07  2.68340245e-07
394.690 -2.10446721e-08  3.16043547e-07
394.852 -2.03487216e-07  2.41614017e-07
395.015 -3.07075168e-07  7.36346680e-08
395.178 -2.91674209e-07 -1.23140867e-07
395.341 -1.62221262e-07 -2.73510528e-07
395.503  3.19909186e-08 -3.19012876e-07
395.666  2.17068313e-07 -2.40165697e-07
395.829  3.21495001e-07 -6.56215814e-08
395.991  3.02593185e-07  1.39291846e-07
396.154  1.64706812e-07  2.96553416e-07
396.317 -4.23691269e-08  3.43546867e-07
396.479 -2.41670056e-07  2.58516076e-07
396.642 -3.55951378e-07  6.95397594e-08
396.805 -3.37848954e-07 -1.55674070e-07
396.967 -1.88955240e-07 -3.32538672e-07
397.130  4.05417193e-08 -3.91241816e-07
397.293  2.67688588e-07 -3.04288546e-07
397.456  4.06291812e-07 -9.68457570e-08
397.618  4.00119905e-07  1.59825296e-07
397.781  2.43632015e-07  3.72059028e-07
397.944 -1.37580760e-08  4.58831892e-07
398.106 -2.82148247e-07  3.81183502e-07
398.269 -4.63548172e-07  1.57766513e-07
398.432 -4.86900907e-07 -1.37785811e-07
398.594 -3.33977175e-07 -4.01949858e-07
398.757 -4.99438793e-08 -5.37624623e-07
398.920  2.70213094e-07 -4.87888253e-07
399.082  5.14193969e-07 -2.59498649e-07
399.245  5.90047768e-07  7.61198657e-08
399.408  4.60467634e-07  4.06339119e-07
399.571  1.59595901e-07  6.13794826e-07
399.733 -2.16840521e-07  6.17482648e-07
