0.160  9.15457396e-03 -1.44994207e-03
0.319  5.24619416e-03  1.34615550e-03
0.479  2.78815235e-03  2.58517221e-03
0.639  8.19779861e-04  2.80164059e-03
0.799 -6.62119328e-04  2.25655060e-03
0.958 -1.51383994e-03  1.30068024e-03
1.118 -1.69779639e-03  1.79113577e-04
1.278 -1.30537800e-03 -7.16596375e-04
1.437 -5.87556262e-04 -1.16621369e-03
1.597  1.88850485e-04 -1.16311689e-03
1.757  7.45221159e-04 -7.81976052e-04
1.916  9.72328093e-04 -2.01120857e-04
2.076  8.28255756e-04  3.72985215e-04
2.236  4.02925159e-04  7.23460358e-04
2.396 -9.07941677e-05  7.85754639e-04
2.555 -4.86666026e-04  5.35654499e-04
2.715 -6.65726765e-04  1.50275227e-04
2.875 -5.91953379e-04 -2.49149582e-04
3.034 -3.11076730e-04 -5.20283912e-04
3.194  4.22346070e-05 -5.65159757e-04
3.354  3.52146232e-04 -4.09806539e-04
3.514  5.08223297e-04 -1.22382968e-04
3.673  4.55287929e-04  1.87358292e-04
3.833  2.46447214e-04  4.05949896e-04
3.993 -3.14849500e-05  4.54449487e-04
4.152 -2.78537440e-04  3.31828727e-04
4.312 -4.08983077e-04  9.78261990e-05
4.472 -3.72997421e-04 -1.57416586e-04
4.631 -2.00198793e-04 -3.31386891e-04
4.791  3.97583021e-05 -3.69883700e-04
4.951  2.44476159e-04 -2.71114295e-04
5.111  3.46353849e-04 -7.84283090e-05
5.270  3.15493488e-04  1.32565033e-04
5.430  1.70225113e-04  2.82588850e-04
5.590 -2.86483866e-05  3.18355384e-04
5.749 -2.05992290e-04  2.31689993e-04
5.909 -2.96310453e-04  6.09478564e-05
6.069 -2.71843467e-04 -1.20779477e-04
6.229 -1.49018037e-04 -2.48313510e-04
6.388  2.25896432e-05 -2.79724162e-04
6.548  1.76039164e-04 -2.07431353e-04
6.708  2.55688272e-04 -6.21792823e-05
6.867  2.33565308e-04  9.80178950e-05
7.027  1.22358253e-04  2.14444084e-04
7.187 -2.89166478e-05  2.42950870e-04
7.346 -1.59966752e-04  1.78048782e-04
7.506 -2.23336769e-04  5.14828964e-05
7.666 -2.01481506e-04 -8.76925482e-05
7.826 -1.06369348e-04 -1.87568663e-04
7.985  2.45176453e-05 -2.13314645e-04
8.145  1.40147691e-04 -1.56441654e-04
8.305  1.98233032e-04 -4.36650202e-05
8.464  1.79985935e-04  8.11146547e-05
8.624  9.49413166e-05  1.71509618e-04
8.784 -2.32483530e-05  1.94316331e-04
8.944 -1.29568697e-04  1.42996880e-04
9.103 -1.82645015e-04  4.01712883e-05
9.263 -1.65105042e-04 -7.21841014e-05
9.423 -8.72652027e-05 -1.50919175e-04
9.582  1.86371926e-05 -1.68448107e-04
9.742  1.12081902e-04 -1.21253312e-04
9.902  1.59316935e-04 -2.94843154e-05
10.062  1.44204129e-04  7.05329572e-05
10.221  7.45722748e-05  1.40070693e-04
10.381 -2.04951800e-05  1.54566843e-04
10.541 -1.04382514e-04  1.10891970e-04
10.700 -1.46309547e-04  2.70047873e-05
10.860 -1.30969692e-04 -6.42027516e-05
11.020 -6.52804758e-05 -1.28242099e-04
11.179  2.41625469e-05 -1.42032231e-04
11.339  1.02855321e-04 -1.01503162e-04
11.499  1.41241842e-04 -2.38637903e-05
11.659  1.25970108e-04  5.99743414e-05
11.818  6.52068347e-05  1.18139603e-04
11.978 -1.68005365e-05  1.29590644e-04
12.138 -8.90193252e-05  9.15473676e-05
12.297 -1.24230084e-04  2.03005312e-05
12.457 -1.10246269e-04 -5.58905511e-05
12.617 -5.44018473e-05 -1.07644421e-04
12.777  2.06856584e-05 -1.15698191e-04
12.936  8.56646166e-05 -7.84277370e-05
13.096  1.15772919e-04 -1.14393396e-05
13.256  1.00930913e-04  5.88472186e-05
13.415  4.83101298e-05  1.05439411e-04
13.575 -2.11629323e-05  1.11508232e-04
13.735 -8.03168708e-05  7.60190145e-05
13.894 -1.06848730e-04  1.33407538e-05
14.054 -9.17374101e-05 -5.20919755e-05
14.214 -4.17850078e-05 -9.57631373e-05
14.374  2.30446265e-05 -1.02287059e-04
14.533  7.76589344e-05 -7.03541757e-05
14.693  1.01976147e-04 -1.34003135e-05
14.853  8.78467454e-05  4.58233394e-05
15.012  4.18515593e-05  8.47481370e-05
15.172 -1.74027934e-05  8.92005423e-05
15.332 -6.72614734e-05  5.83474875e-05
15.492 -8.93416529e-05  5.00714054e-06
15.651 -7.58896727e-05 -4.99206475e-05
15.811 -3.31499191e-05 -8.55700403e-05
15.971  2.15390060e-05 -8.86262137e-05
16.130  6.69731829e-05 -5.88118282e-05
16.290  8.58872263e-05 -8.50104189e-06
16.450  7.16586341e-05  4.27972909e-05
16.609  3.06210998e-05  7.55032175e-05
16.769 -2.11212664e-05  7.74621766e-05
16.929 -6.36387124e-05  4.87779005e-05
17.089 -8.08040397e-05  1.08982370e-06
17.248 -6.68296015e-05 -4.70784866e-05
17.408 -2.77974169e-05 -7.73382542e-05
17.568  2.10625517e-05 -7.88098889e-05
17.727  6.09336352e-05 -5.17037348e-05
17.887  7.69103201e-05 -6.76912796e-06
18.047  6.36316842e-05  3.84611395e-05
18.207  2.68178064e-05  6.67894650e-05
18.366 -1.88398288e-05  6.81627570e-05
18.526 -5.56336061e-05  4.28756809e-05
18.686 -6.99912920e-05  1.38584990e-06
18.845 -5.71049221e-05 -3.98358378e-05
19.005 -2.26099900e-05 -6.50935612e-05
19.165  1.95348737e-05 -6.51341584e-05
19.324  5.29618133e-05 -4.04480731e-05
19.484  6.50803886e-05 -1.18376764e-06
19.644  5.15607618e-05  3.72908630e-05
19.804  1.81309047e-05  6.04420721e-05
19.963 -2.20556421e-05  5.97645344e-05
20.123 -5.37837774e-05  3.61665373e-05
20.283 -6.52455036e-05 -6.29072673e-07
20.442 -5.26623557e-05 -3.63105111e-05
20.602 -2.16567388e-05 -5.72241162e-05
20.762  1.54610489e-05 -5.56215568e-05
20.922  4.43090591e-05 -3.27367869e-05
21.081  5.38846026e-05  2.22109168e-06
21.241  4.10120158e-05  3.56693687e-05
21.401  1.11320116e-05  5.47040614e-05
21.560 -2.40205699e-05  5.23416382e-05
21.720 -5.07616446e-05  2.99563716e-05
21.880 -5.89992573e-05 -3.60942407e-06
22.039 -4.60207897e-05 -3.52777015e-05
22.199 -1.70908022e-05 -5.29669053e-05
22.359  1.64597102e-05 -5.03323531e-05
22.519  4.17187350e-05 -2.87546571e-05
22.678  4.94040563e-05  3.19351073e-06
22.838  3.70287430e-05  3.30816610e-05
22.998  9.73382567e-06  4.97302284e-05
23.157 -2.16506405e-05  4.72255834e-05
23.317 -4.51311375e-05  2.69677263e-05
23.477 -5.20332291e-05 -2.76730040e-06
23.637 -4.00423108e-05 -3.03494255e-05
23.796 -1.42218871e-05 -4.53366579e-05
23.956  1.52075726e-05 -4.21913081e-05
24.116  3.70332131e-05 -2.25209258e-05
24.275  4.30833366e-05  5.70021518e-06
24.435  3.14215802e-05  3.15565775e-05
24.595  7.05262629e-06  4.51961690e-05
24.754 -2.04204024e-05  4.15951169e-05
24.914 -4.04094817e-05  2.25546078e-05
25.074 -4.53252050e-05 -4.38622906e-06
25.234 -3.36507780e-05 -2.88920117e-05
25.393 -1.02028414e-05 -4.16641221e-05
25.553  1.59014976e-05 -3.82101986e-05
25.713  3.45988241e-05 -2.03622840e-05
25.872  3.89490470e-05  4.70780863e-06
26.032  2.77475790e-05  2.71130296e-05
26.192  5.64906024e-06  3.82136801e-05
26.352 -1.85478674e-05  3.40191569e-05
26.511 -3.53793023e-05  1.63799334e-05
26.671 -3.85430000e-05 -7.71796385e-06
26.831 -2.70306150e-05 -2.88510617e-05
26.990 -5.43740884e-06 -3.90420540e-05
27.150  1.77510391e-05 -3.46303399e-05
27.310  3.37037365e-05 -1.75168758e-05
27.470  3.65644029e-05  5.47447252e-06
27.629  2.54806837e-05  2.54722273e-05
27.789  5.03563260e-06  3.50161473e-05
27.949 -1.67028316e-05  3.06744770e-05
28.108 -3.14532426e-05  1.44402116e-05
28.268 -3.36775060e-05 -7.14143297e-06
28.428 -2.27441529e-05 -2.57499562e-05
28.587 -3.15877116e-06 -3.43256241e-05
28.747  1.74710188e-05 -2.97622792e-05
28.907  3.12899184e-05 -1.41680894e-05
29.067  3.31365318e-05  6.24633860e-06
29.226  2.26499650e-05  2.35943933e-05
29.386  4.16250899e-06  3.12295262e-05
29.546 -1.51047605e-05  2.64501262e-05
29.705 -2.76853817e-05  1.13831233e-05
29.865 -2.88775406e-05 -8.05115344e-06
30.025 -1.85007036e-05 -2.42947768e-05
30.185 -7.00972714e-07 -3.11583466e-05
30.344  1.75647970e-05 -2.62542189e-05
30.504  2.92509269e-05 -1.16473933e-05
30.664  3.00715520e-05  6.92487641e-06
30.823  1.99180972e-05  2.22501209e-05
30.983  2.83954003e-06  2.86084176e-05
31.143 -1.44591382e-05  2.38134143e-05
31.302 -2.54058331e-05  9.92087789e-06
31.462 -2.60259235e-05 -7.48182009e-06
31.622 -1.62899143e-05 -2.16190232e-05
31.782 -2.07535820e-07 -2.71758534e-05
31.941  1.58583712e-05 -2.21428248e-05
32.101  2.57736302e-05 -8.65082099e-06
32.261  2.58075345e-05  7.92327348e-06
32.420  1.60914763e-05  2.12258166e-05
32.580  5.66991276e-07  2.62334650e-05
32.740 -1.47639309e-05  2.11611218e-05
32.900 -2.40835179e-05  8.20930594e-06
33.059 -2.39243159e-05 -7.50949787e-06
33.219 -1.46038074e-05 -1.99574205e-05
33.379  8.45609416e-08 -2.43873148e-05
33.538  1.44335211e-05 -1.92841186e-05
33.698  2.28982895e-05 -6.82909335e-06
33.858  2.23335849e-05  8.10875818e-06
34.017  1.31659692e-05  1.97401951e-05
34.177 -9.80144644e-07  2.36552581e-05
34.337 -1.46088390e-05  1.85633446e-05
34.497 -2.24946705e-05  6.57500740e-06
34.656 -2.18016927e-05 -7.59574084e-06
34.816 -1.29874138e-05 -1.84263567e-05
34.976  4.21880997e-07 -2.18606018e-05
35.135  1.31331433e-05 -1.67403078e-05
35.295  2.02858476e-05 -5.14553723e-06
35.455  1.92695769e-05  8.33015839e-06
35.615  1.05804702e-05  1.84914749e-05
35.774 -2.29559541e-06  2.15685341e-05
35.934 -1.43296328e-05  1.65007024e-05
36.094 -2.09882101e-05  5.39664389e-06
36.253 -1.98224940e-05 -7.32958150e-06
36.413 -1.14267860e-05 -1.68152640e-05
36.573  7.86472238e-07 -1.95023409e-05
36.732  1.20845570e-05 -1.44793627e-05
36.892  1.81767681e-05 -3.88313120e-06
37.052  1.67988802e-05  8.10408033e-06
37.212  8.66759293e-06  1.68751649e-05
37.371 -2.94174262e-06  1.90768739e-05
37.531 -1.35347162e-05  1.39938938e-05
37.691 -1.90226305e-05  3.73257725e-06
37.850 -1.73777170e-05 -7.72398245e-06
38.010 -9.38644257e-06 -1.59548902e-05
38.170  1.82122143e-06 -1.78553928e-05
38.330  1.19136282e-05 -1.28677342e-05
38.489  1.70386131e-05 -3.02115979e-06
38.649  1.53930885e-05  7.83293072e-06
38.809  7.76365789e-06  1.54788176e-05
38.968 -2.81329673e-06  1.70772065e-05
39.128 -1.21660762e-05  1.21499392e-05
39.288 -1.67199483e-05  2.67722778e-06
39.447 -1.48271053e-05 -7.59513318e-06
39.607 -7.27829958e-06 -1.47089835e-05
39.767  2.93428594e-06 -1.60375439e-05
39.927  1.18465509e-05 -1.11570877e-05
40.086  1.61287277e-05 -2.05671057e-06
40.246  1.42346136e-05  7.66226106e-06
40.406  7.01033127e-06  1.42977552e-05
40.565 -2.62172908e-06  1.53698635e-05
40.725 -1.09349519e-05  1.05506841e-05
40.885 -1.47786928e-05  1.83734464e-06
41.045 -1.27304397e-05 -7.36069834e-06
41.204 -5.71309216e-06 -1.35378228e-05
41.364  3.47802093e-06 -1.43562890e-05
41.524  1.13125751e-05 -9.62177566e-06
41.683  1.47900466e-05 -1.28447352e-06
41.843  1.26586464e-05  7.42032864e-06
42.003  5.87569598e-06  1.31331806e-05
42.162 -2.89897590e-06  1.37020617e-05
42.322 -1.02697169e-05  9.04051545e-06
42.482 -1.34179722e-05  1.01621118e-06
42.642 -1.12585254e-05 -7.25120538e-06
42.801 -4.72962810e-06 -1.25649168e-05
42.961  3.59706966e-06 -1.29784856e-05
43.121  1.04556431e-05 -8.45536640e-06
43.280  1.32458394e-05 -8.11961387e-07
43.440  1.09952243e-05  6.91822415e-06
43.600  4.63116779e-06  1.17412543e-05
43.760 -3.31552266e-06  1.18710794e-05
43.919 -9.74453237e-06  7.29983819e-06
44.079 -1.22441299e-05 -1.56186787e-07
44.239 -9.90645726e-06 -7.57804972e-06
44.398 -3.68998899e-06 -1.21679551e-05
44.558  3.93522628e-06 -1.22362986e-05
44.718  1.00566756e-05 -7.82981143e-06
44.878  1.23902884e-05 -7.56885986e-07
45.037  1.01054029e-05  6.22503154e-06
45.197  4.20506216e-06  1.04697091e-05
45.357 -2.95544956e-06  1.03843775e-05
45.516 -8.62333346e-06  6.10643798e-06
45.676 -1.06238066e-05 -6.08718985e-07
45.836 -8.24961381e-06 -7.15198091e-06
45.995 -2.51752738e-06 -1.09886502e-05
46.155  4.33652055e-06 -1.06635235e-05
46.315  9.66467631e-06 -6.38754813e-06
46.475  1.14265565e-05  1.62940678e-07
46.634  9.03440180e-06  6.47226386e-06
46.794  3.47268129e-06  1.01253670e-05
46.954 -3.10189744e-06  9.81650290e-06
47.113 -8.14157337e-06  5.77492793e-06
47.273 -9.77138842e-06 -3.82735589e-07
47.433 -7.47615911e-06 -6.21691328e-06
47.593 -2.21117640e-06 -9.47586785e-06
47.752  3.91143882e-06 -8.97404103e-06
47.912  8.48315606e-06 -4.94749648e-06
48.072  9.77964719e-06  9.98973372e-07
48.231  7.32733501e-06  6.52538196e-06
48.391  2.09814631e-06  9.54094891e-06
48.551 -3.84848896e-06  8.93132808e-06
48.710 -8.25613480e-06  4.96943704e-06
48.870 -9.49481784e-06 -7.48618819e-07
49.030 -7.14121071e-06 -6.01328704e-06
49.190 -2.19593757e-06 -8.84778494e-06
49.349  3.37917754e-06 -8.20117656e-06
49.509  7.45386328e-06 -4.40803611e-06
49.669  8.47390347e-06  9.88087291e-07
49.828  6.10330331e-06  5.90157926e-06
49.988  1.34202736e-06  8.43875369e-06
50.148 -3.95377354e-06  7.65005750e-06
50.308 -7.73719049e-06  3.91938486e-06
50.467 -8.55603864e-06 -1.28419903e-06
50.627 -6.16355614e-06 -5.95235402e-06
50.787 -1.52383643e-06 -8.28283178e-06
50.946  3.57401690e-06 -7.44039228e-06
51.106  7.15791525e-06 -3.81351057e-06
51.266  7.90063430e-06  1.18341656e-06
51.425  5.60031263e-06  5.59998710e-06
51.585  1.18387521e-06  7.75828377e-06
51.745 -3.59959335e-06  6.90682951e-06
51.905 -6.88881960e-06  3.42249646e-06
52.064 -7.47031447e-06 -1.29974306e-06
52.224 -5.16018456e-06 -5.39388223e-06
52.384 -8.86328913e-07 -7.31080538e-06
52.543  3.65211330e-06 -6.34600054e-06
52.703  6.72090114e-06 -2.89520340e-06
52.863  7.17766567e-06  1.66000776e-06
53.023  4.87044411e-06  5.56360811e-06
53.182  7.45358676e-07  7.35506355e-06
53.342 -3.58153430e-06  6.37141910e-06
53.502 -6.47595046e-06  3.05126092e-06
53.661 -6.84659644e-06 -1.27271008e-06
53.821 -4.60290082e-06 -4.94676829e-06
53.981 -6.81590879e-07 -6.57008262e-06
54.140  3.39374809e-06 -5.55259965e-06
54.300  6.05373005e-06 -2.36358852e-06
54.460  6.28305791e-06  1.73448262e-06
54.620  4.05628363e-06  5.15244869e-06
54.779  2.71122438e-07  6.55979795e-06
54.939 -3.60773515e-06  5.45483192e-06
55.099 -6.06928349e-06  2.30265387e-06
55.258 -6.19649177e-06 -1.68352813e-06
55.418 -3.99347518e-06 -4.95867479e-06
55.578 -3.21135528e-07 -6.28844954e-06
55.738  3.38729245e-06 -5.23065804e-06
55.897  5.70676137e-06 -2.22998272e-06
56.057  5.80514643e-06  1.52052574e-06
56.217  3.68874726e-06  4.54445383e-06
56.376  2.11095558e-07  5.70893027e-06
56.536 -3.23855215e-06  4.59973271e-06
56.696 -5.33947649e-06  1.66754190e-06
56.855 -5.31109500e-06 -1.91045034e-06
57.015 -3.17739358e-06 -4.75109032e-06
57.175  1.97553698e-07 -5.79091216e-06
57.335  3.49567497e-06 -4.64247664e-06
57.494  5.47605115e-06 -1.78757768e-06
57.654  5.39181984e-06  1.63938128e-06
57.814  3.31103353e-06  4.33790984e-06
57.973  8.52537199e-08  5.28476616e-06
58.133 -3.04552901e-06  4.14322435e-06
58.293 -4.88758067e-06  1.41232558e-06
58.453 -4.74730712e-06 -1.83826162e-06
58.612 -2.73743466e-06 -4.36043098e-06
58.772  3.32481508e-07 -5.18274148e-06
58.932  3.27519532e-06 -4.03443600e-06
59.091  4.94294134e-06 -1.40165052e-06
59.251  4.71985469e-06  1.69327518e-06
59.411  2.73668545e-06  4.03903173e-06
59.570 -2.33358290e-07  4.74262884e-06
59.730 -3.02888276e-06  3.57893870e-06
59.890 -4.57098216e-06  1.01235982e-06
60.050 -4.30981656e-06 -1.95078604e-06
60.209 -2.37109023e-06 -4.15215509e-06
60.369  4.80438367e-07 -4.77720092e-06
60.529  3.11761447e-06 -3.61456914e-06
60.688  4.54367237e-06 -1.12686284e-06
60.848  4.24208617e-06  1.69430830e-06
61.008  2.34355461e-06  3.76713358e-06
61.168 -3.83538361e-07  4.32822898e-06
61.327 -2.87423663e-06  3.17893709e-06
61.487 -4.19624311e-06  8.01294823e-07
61.647 -3.85420422e-06 -1.85362686e-06
61.806 -2.01020859e-06 -3.77433178e-06
61.966  5.81860534e-07 -4.22663732e-06
62.126  2.92425618e-06 -3.05003921e-06
62.286  4.12023540e-06 -7.38178710e-07
62.445  3.71377867e-06  1.81378011e-06
62.605  1.90059904e-06  3.63431654e-06
62.765 -6.03908671e-07  4.02572997e-06
62.924 -2.84436555e-06  2.87693304e-06
63.084 -3.95582440e-06  6.64778882e-07
63.244 -3.54048652e-06 -1.75721459e-06
63.403 -1.80112203e-06 -3.44416417e-06
63.563  5.83485896e-07 -3.75829037e-06
63.723  2.67956423e-06 -2.61893382e-06
63.883  3.67714474e-06 -4.76450304e-07
64.042  3.22870049e-06  1.83215421e-06
64.202  1.52517601e-06  3.40622986e-06
64.362 -7.65908374e-07  3.67151622e-06
64.521 -2.74032236e-06  2.55295520e-06
64.681 -3.65643874e-06  4.95040161e-07
64.841 -3.19027394e-06 -1.67846797e-06
65.001 -1.53260715e-06 -3.13106949e-06
65.160  6.46736052e-07 -3.32781560e-06
65.320  2.49538316e-06 -2.19923600e-06
65.480  3.32230522e-06 -2.04508748e-07
65.639  2.81479634e-06  1.86674196e-06
65.799  1.18607702e-06  3.23438432e-06
65.959 -9.08233884e-07  3.38091401e-06
66.118 -2.67205216e-06  2.26281648e-06
66.278 -3.43874877e-06  3.44764744e-07
66.438 -2.92220411e-06 -1.63356824e-06
66.598 -1.35876211e-06 -2.92332576e-06
66.757  6.33350273e-07 -3.03255053e-06
66.917  2.29446251e-06 -1.95483369e-06
67.077  2.98157904e-06 -1.35421866e-07
67.236  2.45468213e-06  1.72368255e-06
67.396  9.52016452e-07  2.89427185e-06
67.556 -9.41878281e-07  2.93285031e-06
67.716 -2.48383841e-06  1.85568591e-06
67.875 -3.07458100e-06  8.27147894e-08
68.035 -2.51321643e-06 -1.69651441e-06
68.195 -1.02381813e-06 -2.78760172e-06
68.354  8.18778443e-07 -2.79648919e-06
68.514  2.29323908e-06 -1.73811071e-06
68.674  2.85377677e-06 -2.41666969e-08
68.833  2.31225836e-06  1.66622017e-06
68.993  8.86280809e-07  2.69057814e-06
69.153 -8.49835199e-07  2.68226508e-06
69.313 -2.21951195e-06  1.65373686e-06
69.472 -2.71730075e-06  2.48492071e-08
69.632 -2.15908262e-06 -1.55718123e-06
69.792 -7.77654250e-07 -2.49819945e-06
69.951  8.67530378e-07 -2.44311050e-06
70.111  2.14922210e-06 -1.42382152e-06
70.271  2.58048618e-06  1.36629320e-07
70.431  1.99742180e-06  1.63450528e-06
70.590  6.51624978e-07  2.49977875e-06
70.750 -9.29831353e-07  2.39545736e-06
70.910 -2.14793215e-06  1.38306841e-06
71.069 -2.53056479e-06 -1.32511701e-07
71.229 -1.94887866e-06 -1.57828974e-06
71.389 -6.51993823e-07 -2.39662776e-06
71.548  8.63759500e-07 -2.28655353e-06
71.708  2.01091476e-06 -1.32324945e-06
71.868  2.35076616e-06  1.15046109e-07
72.028  1.78303613e-06  1.46676253e-06
72.187  5.38986379e-07  2.20173327e-06
72.347 -8.95989679e-07  2.05876006e-06
72.507 -1.95324972e-06  1.10745715e-06
72.666 -2.23923713e-06 -2.83621501e-07
72.826 -1.66176791e-06 -1.56186047e-06
72.986 -4.44417884e-07 -2.24108286e-06
73.146  9.27205838e-07 -2.08109804e-06
73.305  1.92150995e-06 -1.14668122e-06
73.465  2.17643458e-06  1.86425233e-07
73.625  1.59893713e-06  1.39156439e-06
73.784  4.23913395e-07  2.02086640e-06
73.944 -8.75728093e-07  1.83858346e-06
74.104 -1.80897589e-06  9.22290750e-07
74.263 -2.02462143e-06 -3.51489772e-07
74.423 -1.44199046e-06 -1.49402150e-06
74.583 -3.08720118e-07 -2.07508474e-06
74.743  9.32818447e-07 -1.86996046e-06
74.902  1.81536360e-06 -9.78154342e-07
75.062  1.99744648e-06  2.42973429e-07
75.222  1.42600183e-06  1.33241861e-06
75.381  3.43566589e-07  1.86893777e-06
75.541 -8.35783524e-07  1.65719268e-06
75.701 -1.65352677e-06  8.06403803e-07
75.861 -1.79544374e-06 -3.50807401e-07
76.020 -1.23144436e-06 -1.36213489e-06
76.180 -1.86736863e-07 -1.82794472e-06
76.340  9.33220356e-07 -1.58520453e-06
76.499  1.68354797e-06 -7.35659868e-07
76.659  1.78631139e-06  3.96804922e-07
76.819  1.21461880e-06  1.36538645e-06
76.978  1.84658746e-07  1.80566257e-06
77.138 -8.97283166e-07  1.56838661e-06
77.298 -1.61665665e-06  7.46883302e-07
77.458 -1.71918624e-06 -3.30195157e-07
77.617 -1.17243911e-06 -1.23864435e-06
77.777 -1.99602916e-07 -1.64556753e-06
77.937  8.05562350e-07 -1.40174001e-06
78.096  1.46394512e-06 -6.08765141e-07
78.256  1.52841224e-06  4.05687025e-07
78.416  9.75161670e-07  1.25133744e-06
78.576  3.75303485e-08  1.60924731e-06
78.735 -9.17874578e-07  1.33789923e-06
78.895 -1.53111812e-06  5.57396438e-07
79.055 -1.56088488e-06 -4.21498004e-07
79.214 -1.00598524e-06 -1.23100865e-06
79.374 -9.44157161e-08 -1.55638438e-06
79.534  8.31110478e-07 -1.27875927e-06
79.694  1.41473476e-06 -5.24245128e-07
79.853  1.43504791e-06  4.19274518e-07
80.013  9.07152529e-07  1.18981181e-06
80.173  4.04473808e-08  1.48836511e-06
80.332 -8.30631716e-07  1.22080637e-06
80.492 -1.36099500e-06  5.02581617e-07
80.652 -1.35921213e-06 -3.88400428e-07
80.811 -8.40194622e-07 -1.09527878e-06
80.971 -3.24692524e-09 -1.34966478e-06
81.131  8.16746618e-07 -1.06801454e-06
81.291  1.30113219e-06 -3.56975834e-07
81.450  1.27808429e-06  5.00889018e-07
81.610  7.56135220e-07  1.16745497e-06
81.770 -5.88922554e-08  1.40010113e-06
81.929 -8.41607581e-07  1.11254848e-06
82.089 -1.30207189e-06  4.17560634e-07
82.249 -1.27082483e-06 -4.02731690e-07
82.409 -7.60869724e-07 -1.03851795e-06
82.568  1.45415544e-08 -1.25586375e-06
82.728  7.54405557e-07 -9.71364503e-07
82.888  1.18391522e-06 -3.11368394e-07
83.047  1.13568001e-06  4.58959632e-07
83.207  6.40206317e-07  1.04985255e-06
83.367 -9.61816996e-08  1.22945024e-06
83.526 -7.94602884e-07  9.32913547e-07
83.686 -1.18295859e-06  2.90523355e-07
83.846 -1.11047573e-06 -4.53534887e-07
84.006 -6.21257076e-07 -1.01347508e-06
84.165  9.53253119e-08 -1.16979656e-06
84.325  7.66322599e-07 -8.78249329e-07
84.485  1.12677186e-06 -2.58491446e-07
84.644  1.05016387e-06  4.53502620e-07
84.804  5.77983920e-07  9.74213679e-07
84.964 -1.10374085e-07  1.10867966e-06
85.124 -7.40528762e-07  8.18843905e-07
85.283 -1.06914712e-06  2.14038533e-07
85.443 -9.84302493e-07 -4.66133309e-07
85.603 -5.18778519e-07 -9.54248485e-07
85.762  1.43707488e-07 -1.07657004e-06
85.922  7.37631123e-07 -7.90023593e-07
86.082  1.04465627e-06 -2.07780060e-07
86.241  9.53162350e-07  4.31561322e-07
86.401  4.98591788e-07  8.85715287e-07
86.561 -1.29057483e-07  9.87289506e-07
86.721 -6.85794001e-07  6.94423719e-07
86.880 -9.65275541e-07  1.32088917e-07
87.040 -8.55821602e-07 -4.75994897e-07
87.200 -4.07563230e-07 -9.03874906e-07
87.359  1.95957012e-07 -9.83500045e-07
87.519  7.29491592e-07 -6.87728633e-07
87.679  9.86592397e-07 -1.43811111e-07
87.839  8.67971030e-07  4.43414771e-07
87.998  4.33850562e-07  8.49824924e-07
88.158 -1.48756833e-07  9.16108704e-07
88.318 -6.59431157e-07  6.31285465e-07
88.477 -8.96554517e-07  1.10999194e-07
88.637 -7.80774706e-07 -4.47876632e-07
88.797 -3.67882420e-07 -8.22553633e-07
88.956  1.85185200e-07 -8.74649977e-07
89.116  6.56518463e-07 -5.97148836e-07
89.276  8.63287028e-07 -9.53108333e-08
89.436  7.38068878e-07  4.30546369e-07
89.595  3.27800695e-07  7.71390552e-07
89.755 -2.06454263e-07  8.06703446e-07
89.915 -6.49758222e-07  5.23577528e-07
90.074 -8.40195544e-07  3.05251908e-08
90.234 -7.08529829e-07 -4.72200393e-07
90.394 -3.02864960e-07 -7.96605537e-07
90.554  2.10112976e-07 -8.25355511e-07
90.713  6.34007337e-07 -5.44397944e-07
90.873  8.15569251e-07 -7.16996173e-08
91.033  6.82970058e-07  4.06248647e-07
91.192  2.95697784e-07  7.15169988e-07
91.352 -1.86677351e-07  7.35182802e-07
91.512 -5.84845866e-07  4.63815509e-07
91.671 -7.44451481e-07  1.96745614e-08
91.831 -6.03798458e-07 -4.28489064e-07
91.991 -2.30579466e-07 -7.07555331e-07
92.151  2.31069292e-07 -7.04826140e-07
92.310  6.05577509e-07 -4.31890487e-07
92.470  7.41914900e-07  3.41296725e-09
92.630  5.95558487e-07  4.38700157e-07
92.789  2.29537705e-07  7.00476359e-07
92.949 -2.20703448e-07  6.93419750e-07
93.109 -5.76692517e-07  4.31184340e-07
93.269 -7.02536705e-07  1.15527757e-08
93.428 -5.62384229e-07 -3.99272372e-07
93.588 -2.09536858e-07 -6.38896390e-07
93.748  2.17248229e-07 -6.26258896e-07
93.907  5.45405073e-07 -3.67636071e-07
94.067  6.56882802e-07  3.73221723e-08
94.227  5.12522541e-07  4.22725977e-07
94.386  1.65584286e-07  6.44863105e-07
94.546 -2.40427284e-07  6.24412116e-07
94.706 -5.49596554e-07  3.65693908e-07
94.866 -6.50768945e-07 -2.32621311e-08
95.025 -5.01424451e-07 -3.88782441e-07
95.185 -1.64856324e-07 -5.98513136e-07
95.345  2.21673124e-07 -5.69375341e-07
95.504  5.16683776e-07 -3.15352230e-07
95.664  6.06210086e-07  5.52520519e-08
95.824  4.55426315e-07  4.04330493e-07
95.984  1.34025992e-07  5.98974166e-07
96.143 -2.35102726e-07  5.60903092e-07
96.303 -5.13013630e-07  3.15395806e-07
96.463 -5.87383331e-07 -4.01011878e-08
96.622 -4.37629376e-07 -3.73209234e-07
96.782 -1.27925535e-07 -5.49845639e-07
96.942  2.27149905e-07 -5.06551249e-07
97.102  4.85526394e-07 -2.69357936e-07
97.261  5.47928391e-07  7.39841447e-08
97.421  4.00686994e-07  3.87232453e-07
97.581  9.84562439e-08  5.45679460e-07
97.740 -2.40882906e-07  4.97812170e-07
97.900 -4.79856413e-07  2.61964802e-07
98.060 -5.34270335e-07 -7.24956300e-08
98.219 -3.86051206e-07 -3.69024816e-07
98.379 -8.91261978e-08 -5.18863000e-07
98.539  2.34214534e-07 -4.70488424e-07
98.699  4.61038220e-07 -2.39224183e-07
98.858  5.12054125e-07  7.84191633e-08
99.018  3.64699835e-07  3.57008553e-07
99.178  8.12038293e-08  4.97285312e-07
99.337 -2.22271529e-07  4.43047390e-07
99.497 -4.35643083e-07  2.17552745e-07
99.657 -4.76103647e-07 -8.30208560e-08
99.817 -3.27344333e-07 -3.47442386e-07
99.976 -5.68943175e-08 -4.75188161e-07
100.136  2.32329484e-07 -4.13686427e-07
100.296  4.31870118e-07 -1.95964683e-07
100.455  4.59539584e-07  9.19682926e-08
100.615  3.11333252e-07  3.43536955e-07
100.775  4.92146409e-08  4.56128510e-07
100.934 -2.31225607e-07  3.89765327e-07
101.094 -4.17719112e-07  1.77259899e-07
101.254 -4.38935696e-07 -1.04506403e-07
101.414 -2.95990629e-07 -3.44838249e-07
101.573 -4.13103961e-08 -4.48803767e-07
101.733  2.26466414e-07 -3.86163644e-07
101.893  3.98813932e-07 -1.81542229e-07
102.052  4.17357606e-07  8.71264039e-08
102.212  2.78094616e-07  3.08817131e-07
102.372  3.22041339e-08  4.02775147e-07
102.532 -2.17741247e-07  3.37916635e-07
102.691 -3.76334536e-07  1.35564519e-07
102.851 -3.89015273e-07 -1.19862586e-07
103.011 -2.47094796e-07 -3.27319401e-07
103.170 -9.28977221e-09 -4.14061690e-07
103.330  2.27234275e-07 -3.43929246e-07
103.490  3.78126538e-07 -1.45214445e-07
103.649  3.84559048e-07  9.79469940e-08
103.809  2.42894961e-07  2.96986926e-07
103.969  1.63644287e-08  3.76896743e-07
104.129 -2.09888241e-07  3.03875561e-07
104.288 -3.52148811e-07  1.14475324e-07
104.448 -3.51166308e-07 -1.16855819e-07
104.608 -2.13755295e-07 -3.05415240e-07
104.767  2.63607477e-09 -3.73503333e-07
104.927  2.19592173e-07 -2.98143642e-07
105.087  3.49383158e-07 -1.14956463e-07
105.247  3.42162897e-07  1.10225366e-07
105.406  2.08781019e-07  2.88546469e-07
105.566 -2.42886598e-09  3.48870113e-07
105.726 -2.09964148e-07  2.76524746e-07
105.885 -3.29029849e-07  9.91007759e-08
106.045 -3.21004203e-07 -1.16470605e-07
106.205 -1.91313477e-07 -2.80561883e-07
106.364  1.30070823e-08 -3.34381656e-07
106.524  2.06536917e-07 -2.61581253e-07
106.684  3.15978068e-07 -8.62253296e-08
106.844  3.05277748e-07  1.18767623e-07
107.003  1.74795062e-07  2.72633153e-07
107.163 -2.17608330e-08  3.23156769e-07
107.323 -2.03917898e-07  2.48454781e-07
107.482 -3.08027088e-07  7.85519794e-08
107.642 -2.93286489e-07 -1.14092082e-07
107.802 -1.64166012e-07 -2.59949773e-07
107.962  2.17919942e-08 -3.04015811e-07
108.121  1.95156146e-07 -2.26005694e-07
108.281  2.92285653e-07 -6.31642766e-08
108.441  2.71383515e-07  1.21116801e-07
108.600  1.46100687e-07  2.60438183e-07
108.760 -3.16548212e-08  2.96688897e-07
108.920 -1.98411899e-07  2.19049675e-07
109.079 -2.86236496e-07  6.34499943e-08
109.239 -2.61457874e-07 -1.14652235e-07
109.399 -1.40882195e-07 -2.44538862e-07
109.559  3.22151373e-08 -2.73614665e-07
109.718  1.91182243e-07 -1.98096552e-07
109.878  2.70301528e-07 -4.60584464e-08
110.038  2.45625504e-07  1.25906390e-07
110.197  1.28322084e-07  2.45980504e-07
110.357 -3.96628623e-08  2.72395781e-07
110.517 -1.87843066e-07  1.99090526e-07
110.677 -2.60697622e-07  5.05231092e-08
110.836 -2.35944671e-07 -1.11148690e-07
110.996 -1.19562981e-07 -2.22053959e-07
111.156  4.04426670e-08 -2.45899752e-07
111.315  1.78066107e-07 -1.70922725e-07
111.475  2.46230908e-07 -2.68741383e-08
111.635  2.17631392e-07  1.24530533e-07
111.794  1.01716654e-07  2.29465473e-07
111.954 -5.00940456e-08  2.48399522e-07
112.114 -1.81816993e-07  1.70583308e-07
112.274 -2.45760475e-07  3.21743726e-08
112.433 -2.13117135e-07 -1.13521763e-07
112.593 -1.01410568e-07 -2.15092494e-07
112.753  4.34156416e-08 -2.29525190e-07
112.912  1.70659819e-07 -1.54328370e-07
113.072  2.28145984e-07 -2.39942258e-08
113.232  1.94120420e-07  1.15548748e-07
113.392  8.85247965e-08  2.08542503e-07
113.551 -5.09060228e-08  2.16716655e-07
113.711 -1.70308706e-07  1.43645502e-07
113.871 -2.19269178e-07  1.62466604e-08
114.030 -1.84650120e-07 -1.18353982e-07
114.190 -8.08080624e-08 -2.03090341e-07
114.350  5.56898502e-08 -2.09334842e-07
114.510  1.67130905e-07 -1.38082241e-07
114.669  2.12143569e-07 -1.27965459e-08
114.829  1.78547847e-07  1.14021539e-07
114.989  7.55529099e-08  1.92314056e-07
115.148 -5.46231141e-08  1.97902884e-07
115.308 -1.58218195e-07  1.25953044e-07
115.468 -2.01163324e-07  4.65289184e-09
115.627 -1.65990651e-07 -1.13915213e-07
115.787 -6.47888247e-08 -1.88693947e-07
115.947  5.72353374e-08 -1.91927957e-07
116.107  1.55527983e-07 -1.19335374e-07
116.266  1.95004423e-07 -4.80342785e-09
116.426  1.56431907e-07  1.07448167e-07
116.586  5.91555756e-08  1.78266308e-07
116.745 -5.68260259e-08  1.76289331e-07
116.905 -1.51595523e-07  1.04656962e-07
117.065 -1.85480270e-07 -4.47665652e-09
117.225 -1.45482756e-07 -1.13566501e-07
117.384 -5.28969724e-08 -1.78969376e-07
117.544  5.99006758e-08 -1.73327338e-07
117.704  1.49672791e-07 -1.04991946e-07
117.863  1.77964634e-07  1.14526162e-09
118.023  1.39299218e-07  1.06221452e-07
118.183  4.93601477e-08  1.65039684e-07
118.342 -6.05705338e-08  1.58760894e-07
118.502 -1.43475576e-07  9.28232931e-08
118.662 -1.68983422e-07 -1.12791902e-08
118.822 -1.32001063e-07 -1.09613976e-07
118.981 -4.31268161e-08 -1.63313223e-07
119.141  6.11185050e-08 -1.57243509e-07
119.301  1.37305879e-07 -9.10628322e-08
119.460  1.61509903e-07  9.41457996e-09
119.620  1.23318125e-07  1.00619061e-07
119.780  3.58694011e-08  1.51784697e-07
119.940 -6.15612292e-08  1.44006565e-07
120.099 -1.33926565e-07  7.72226113e-08
120.259 -1.55897507e-07 -1.75552196e-08
120.419 -1.15077223e-07 -1.04012290e-07
120.578 -3.11536054e-08 -1.52750767e-07
120.738  6.15390174e-08 -1.41098656e-07
120.898  1.31998778e-07 -7.56146547e-08
121.057  1.50219814e-07  1.45431298e-08
121.217  1.09291565e-07  9.91864027e-08
121.377  3.03820616e-08  1.44407640e-07
121.537 -5.93619712e-08  1.30976332e-07
121.696 -1.25629401e-07  6.99586627e-08
121.856 -1.39327729e-07 -1.64626088e-08
122.016 -1.00257615e-07 -9.67506462e-08
122.175 -2.40942235e-08 -1.35375369e-07
122.335  6.29802193e-08 -1.20804933e-07
122.495  1.22963100e-07 -6.10922926e-08
122.655  1.34075494e-07  2.47638392e-08
122.814  9.61285334e-08  1.00338961e-07
122.974  1.99191314e-08  1.35791926e-07
123.134 -6.33883029e-08  1.22653843e-07
123.293 -1.18980147e-07  6.33009631e-08
123.453 -1.30718180e-07 -1.92660143e-08
123.613 -9.30586843e-08 -8.89175636e-08
123.772 -1.90142134e-08 -1.23112328e-07
123.932  5.77608540e-08 -1.09461052e-07
124.092  1.10176572e-07 -5.03802883e-08
124.252  1.20458814e-07  2.64267532e-08
124.411  8.09927259e-08  9.16372854e-08
124.571  1.07621635e-08  1.23756273e-07
124.731 -6.12866898e-08  1.06679462e-07
124.890 -1.11671762e-07  4.89014058e-08
125.050 -1.18038796e-07 -2.37082130e-08
125.210 -7.77960664e-08 -8.74099098e-08
125.370 -1.11937888e-08 -1.16231072e-07
125.529  5.94502698e-08 -9.71239029e-08
125.689  1.07265719e-07 -4.26179209e-08
125.849  1.10521315e-07  2.79639557e-08
126.008  7.26444790e-08  8.93764773e-08
126.168  8.57050985e-09  1.13884357e-07
126.328 -6.01679047e-08  9.53595450e-08
126.487 -1.03059777e-07  4.32202496e-08
126.647 -1.04989412e-07 -2.62122381e-08
126.807 -6.90741976e-08 -8.30125976e-08
126.967 -5.56865644e-09 -1.04630958e-07
127.126  5.92751363e-08 -8.75240891e-08
127.286  9.78541980e-08 -3.56351883e-08
127.446  1.00096970e-07  3.09279209e-08
127.605  6.39055880e-08  8.24554310e-08
127.765  1.62561909e-09  1.03019272e-07
127.925 -5.81027787e-08  8.51400027e-08
128.085 -9.47178391e-08  3.27447612e-08
128.244 -9.62860782e-08 -2.96350217e-08
128.404 -5.86062921e-08 -7.85334294e-08
128.564  4.42874040e-10 -9.86601923e-08
128.723  5.66113343e-08 -7.87975925e-08
128.883  9.24447457e-08 -2.84236263e-08
129.043  9.14298956e-08  2.97507673e-08
129.202  5.38907760e-08  7.73431744e-08
129.362 -1.28999932e-09  9.46094889e-08
129.522 -5.60490361e-08  7.30265315e-08
129.682 -8.95484032e-08  2.56534502e-08
129.841 -8.57135930e-08 -3.09977411e-08
130.001 -5.03288993e-08 -7.69670075e-08
130.161  2.82540953e-09 -9.07181197e-08
130.320  5.62936880e-08 -7.00523565e-08
130.480  8.56711947e-08 -2.49445569e-08
130.640  8.09268277e-08  3.08321489e-08
130.800  4.73360923e-08  7.27640606e-08
130.959 -5.71785395e-09  8.40135839e-08
131.119 -5.62053045e-08  6.45389596e-08
131.279 -8.22949281e-08  1.90595085e-08
131.438 -7.83972417e-08 -3.50146049e-08
131.598 -4.46607485e-08 -7.32622053e-08
131.758  7.58215074e-09 -8.47988774e-08
131.918  5.40276408e-08 -6.55826654e-08
132.077  7.92780514e-08 -2.02095722e-08
132.237  7.56839687e-08  2.98044327e-08
132.397  4.12515613e-08  6.58361266e-08
132.556 -7.58785892e-09  7.73364563e-08
132.716 -5.06858830e-08  5.65646483e-08
132.876 -7.53705772e-08  1.32220854e-08
133.035 -6.94983357e-08 -3.29772820e-08
133.195 -3.52235324e-08 -6.80608204e-08
133.355  1.01992308e-08 -7.70955218e-08
133.515  5.23717384e-08 -5.47632158e-08
133.674  7.52357681e-08 -1.39897649e-08
133.834  6.69256211e-08  3.13447016e-08
133.994  3.45587584e-08  6.55934933e-08
134.153 -9.50524637e-09  7.19814122e-08
134.313 -5.13084953e-08  5.09445136e-08
134.473 -7.12899161e-08  1.23156427e-08
134.633 -6.30880695e-08 -3.25693057e-08
134.792 -3.30916841e-08 -6.36789487e-08
134.952  1.05450112e-08 -6.85365926e-08
135.112  4.95180892e-08 -4.93639428e-08
135.271  6.66408378e-08 -1.09174227e-08
135.431  5.95419602e-08  3.20378878e-08
135.591  2.96322080e-08  5.95608020e-08
135.750 -1.31001503e-08  6.46482469e-08
135.910 -4.82235020e-08  4.55940463e-08
136.070 -6.45174303e-08  7.03198590e-09
136.230 -5.74876160e-08 -3.24096218e-08
136.389 -2.64859213e-08 -5.81836695e-08
136.549  1.37037770e-08 -6.33946193e-08
136.709  4.65348023e-08 -4.27459630e-08
136.868  6.31490053e-08 -5.64011266e-09
137.028  5.46503753e-08  3.10268588e-08
137.188  2.42143179e-08  5.69387638e-08
137.348 -1.27061330e-08  6.08819784e-08
137.507 -4.49259051e-08  3.97403449e-08
137.667 -6.02352714e-08  5.80870119e-09
137.827 -4.99158679e-08 -2.95475262e-08
137.986 -2.16869004e-08 -5.43158711e-08
138.146  1.36964955e-08 -5.54867184e-08
138.306  4.53732128e-08 -3.52740337e-08
138.465  5.77703289e-08 -2.95396116e-09
138.625  4.72917954e-08  3.24315580e-08
138.785  2.08507522e-08  5.46482163e-08
138.945 -1.47188473e-08  5.46724382e-08
139.104 -4.43477804e-08  3.62545965e-08
139.264 -5.46263489e-08  3.86476720e-09
139.424 -4.55480957e-08 -3.01210295e-08
139.583 -1.92298369e-08 -4.94846732e-08
139.743  1.57100221e-08 -5.01938677e-08
139.903  4.21564504e-08 -3.21222286e-08
140.063  5.21974972e-08  3.82903316e-10
140.222  4.36209408e-08  3.13019859e-08
140.382  1.65419569e-08  4.94421452e-08
140.542 -1.59261000e-08  5.06809090e-08
140.701 -4.03353453e-08  3.14138469e-08
140.861 -5.08473077e-08  4.50749446e-10
141.021 -4.09872963e-08 -2.78691032e-08
141.180 -1.44461314e-08 -4.62322179e-08
141.340  1.50983510e-08 -4.63139785e-08
141.500  3.91883490e-08 -2.65339429e-08
141.660  4.86778139e-08  1.64485644e-09
141.819  3.72106239e-08  2.90815942e-08
141.979  1.26825238e-08  4.67135721e-08
142.139 -1.56964033e-08  4.44494446e-08
142.298 -3.96460350e-08  2.56515385e-08
142.458 -4.67571398e-08 -1.15493467e-09
142.618 -3.54243248e-08 -2.89384354e-08
142.778 -1.26515665e-08 -4.45582903e-08
142.937  1.60276732e-08 -4.16176768e-08
143.097  3.82762240e-08 -2.47805556e-08
143.257  4.36826335e-08  1.99924161e-09
143.416  3.38913415e-08  2.84723106e-08
143.576  1.12966105e-08  4.14884338e-08
143.736 -1.68288042e-08  3.92510982e-08
143.895 -3.61975714e-08  2.26486512e-08
144.055 -4.15057836e-08 -4.44684435e-09
144.215 -3.21731977e-08 -2.83233274e-08
144.375 -8.70437318e-09 -4.05175042e-08
144.534  1.73598392e-08 -3.89859340e-08
144.694  3.51639649e-08 -2.12832205e-08
144.854  4.11974057e-08  4.49253807e-09
145.013  3.07497523e-08  2.62190545e-08
145.173  7.68871697e-09  3.89563636e-08
145.333 -1.59543119e-08  3.65448825e-08
145.493 -3.39499876e-08  1.84063001e-08
145.652 -3.95025591e-08 -4.93425928e-09
145.812 -2.79473372e-08 -2.62499848e-08
145.972 -7.02582518e-09 -3.88068933e-08
146.131  1.55061442e-08 -3.47057375e-08
146.291  3.34859337e-08 -1.79470175e-08
146.451  3.69703502e-08  3.82177968e-09
146.610  2.57200786e-08  2.53096780e-08
146.770  6.51352138e-09  3.58676561e-08
146.930 -1.63504088e-08  3.10520805e-08
147.090 -3.28087097e-08  1.59731762e-08
147.249 -3.47855430e-08 -6.06420753e-09
147.409 -2.50004047e-08 -2.66600699e-08
147.569 -5.80885146e-09 -3.51409961e-08
147.728  1.67916693e-08 -3.13140348e-08
147.888  3.08847483e-08 -1.66135966e-08
148.048  3.31534592e-08  5.70636677e-09
148.208  2.40824359e-08  2.39701996e-08
148.367  4.23363757e-09  3.19064551e-08
148.527 -1.63623297e-08  2.89568895e-08
148.687 -2.90447190e-08  1.33677692e-08
148.846 -3.20810961e-08 -7.60908132e-09
149.006 -2.19920093e-08 -2.38376860e-08
149.166 -2.53054373e-09 -3.22962504e-08
149.326  1.58521129e-08 -2.84544587e-08
149.485  2.88165525e-08 -1.23375628e-08
149.645  3.14219217e-08  6.54681890e-09
149.805  2.02323331e-08  2.26685625e-08
149.964  2.62886340e-09  3.11917052e-08
150.124 -1.49927376e-08  2.59145646e-08
150.284 -2.82415611e-08  1.11580024e-08
150.443 -2.91457234e-08 -6.34286196e-09
150.603 -1.84216705e-08 -2.28009092e-08
150.763 -2.45726510e-09 -2.96038400e-08
150.923  1.55762684e-08 -2.37910898e-08
151.082  2.75175562e-08 -1.06358348e-08
151.242  2.71411631e-08  7.23645339e-09
151.402  1.78668793e-08  2.30178845e-08
151.561  1.85248198e-09  2.80574676e-08
151.721 -1.60544029e-08  2.33346122e-08
151.881 -2.59222031e-08  1.05610684e-08
152.041 -2.59682099e-08 -7.63743344e-09
152.200 -1.73861355e-08 -2.13326276e-08
152.360 -6.52273436e-10 -2.60038115e-08
152.520  1.55461590e-08 -2.21597755e-08
152.679  2.43499405e-08 -8.47041161e-09
152.839  2.53559714e-08  8.63637357e-09
152.999  1.59423118e-08  2.07078897e-08
153.158 -3.85144518e-10  2.62046355e-08
153.318 -1.45822879e-08  2.17841692e-08
153.478 -2.38270242e-08  7.80046409e-09
153.638 -2.45760358e-08 -7.23505244e-09
153.797 -1.42414481e-08 -1.92221276e-08
153.957  2.83223044e-10 -2.48033826e-08
154.117  1.38243109e-08 -1.90378846e-08
154.276  2.34235053e-08 -6.31482434e-09
154.436  2.26380929e-08  7.53705539e-09
154.596  1.27972095e-08  2.00013624e-08
154.756 -2.18143780e-10  2.40988645e-08
154.915 -1.42489321e-08  1.79560030e-08
155.075 -2.27046998e-08  6.78808463e-09
155.235 -2.08004627e-08 -7.46219942e-09
155.394 -1.23551697e-08 -1.93463727e-08
155.554  7.86222573e-10 -2.18501612e-08
155.714  1.48071097e-08 -1.67740229e-08
155.873  2.14343899e-08 -5.89698631e-09
156.033  2.00523793e-08  8.78310911e-09
156.193  1.22844905e-08  1.88467449e-08
156.353 -1.58764139e-09  2.11754044e-08
156.512 -1.40858958e-08  1.70272339e-08
156.672 -1.98517999e-08  5.29887442e-09
156.832 -1.94851366e-08 -8.37764625e-09
156.991 -1.09627788e-08 -1.69991024e-08
157.151  2.52649939e-09 -2.01959708e-08
157.311  1.31893651e-08 -1.55165758e-08
157.471  1.94395255e-08 -3.48691300e-09
157.630  1.88149811e-08  8.30636029e-09
157.790  9.34350802e-09  1.69570508e-08
157.950 -2.59005815e-09  2.02696090e-08
158.109 -1.28614564e-08  1.42695748e-08
158.269 -1.96497529e-08  3.29510223e-09
158.429 -1.77063614e-08 -7.64179128e-09
158.588 -8.75835311e-09 -1.70486540e-08
158.748  1.82992985e-09 -1.92343179e-08
158.908  1.27410007e-08 -1.31192428e-08
159.068  1.86376491e-08 -3.74698868e-09
159.227  1.58354828e-08  7.54826395e-09
159.387  8.34612542e-09  1.64223426e-08
159.547 -2.32631692e-09  1.71489868e-08
159.706 -1.32284292e-08  1.20736836e-08
159.866 -1.74241173e-08  2.91930529e-09
160.026 -1.51468334e-08 -8.87587186e-09
160.186 -8.24486442e-09 -1.61369377e-08
160.345  3.22889602e-09 -1.68166097e-08
160.505  1.28229228e-08 -1.26538614e-08
160.665  1.63659677e-08 -2.63879632e-09
160.824  1.51514531e-08  8.31118006e-09
160.984  7.53362872e-09  1.43791183e-08
161.144 -3.64778456e-09  1.60461150e-08
161.303 -1.16695447e-08  1.14642412e-08
161.463 -1.58886993e-08  1.18813654e-09
161.623 -1.46072165e-08 -8.04571394e-09
161.783 -6.23419888e-09 -1.42955757e-08
161.942  3.39157208e-09 -1.62215818e-08
162.102  1.10525521e-08 -1.05265322e-08
162.262  1.58061159e-08 -1.36204064e-09
162.421  1.32940225e-08  7.02718307e-09
162.581  5.43376038e-09  1.39817748e-08
162.741 -2.96336887e-09  1.48130344e-08
162.901 -1.13059578e-08  8.98320383e-09
163.060 -1.52647875e-08  1.25422453e-09
163.220 -1.19827804e-08 -7.60845736e-09
163.380 -5.49308220e-09 -1.41758264e-08
163.539  3.07547472e-09 -1.37377745e-08
163.699  1.15128937e-08 -8.96648987e-09
163.859  1.39740701e-08 -1.42467840e-09
164.018  1.12959267e-08  7.96743863e-09
164.178  5.38941874e-09  1.30832856e-08
164.338 -3.95842095e-09  1.26983909e-08
164.498 -1.11939955e-08  8.83060291e-09
164.657 -1.31064576e-08  4.57593651e-10
164.817 -1.14626112e-08 -8.16408912e-09
164.977 -4.83595773e-09 -1.22168503e-08
165.136  4.30197217e-09 -1.28124955e-08
165.296  1.01624530e-08 -8.51373723e-09
165.456  1.28403198e-08  1.81641917e-10
165.616  1.11880275e-08  7.31090076e-09
165.775  3.85136036e-09  1.17175412e-08
165.935 -3.86769713e-09  1.26969461e-08
166.095 -9.52025766e-09  7.43459218e-09
166.254 -1.28315559e-08 -1.68559486e-10
166.414 -1.01045131e-08 -6.55512663e-09
166.574 -3.31037113e-09 -1.17197767e-08
166.734  3.28462246e-09 -1.17360248e-08
166.893  9.68958633e-09 -6.41101786e-09
167.053  1.23609237e-08 -1.56643651e-10
167.213  9.03517394e-09  6.77443786e-09
167.372  3.62951008e-09  1.16919120e-08
167.532 -3.12201440e-09  1.06616873e-08
167.692 -9.64291749e-09  6.49448757e-09
167.851 -1.09629239e-08  5.03645346e-10
168.011 -8.30812606e-09 -6.87482646e-09
168.171 -3.50766091e-09 -1.03954449e-08
168.331  3.95818064e-09 -9.44213905e-09
168.490  9.33192946e-09 -6.13136254e-09
168.650  1.01723383e-08  6.77625734e-10
168.810  8.52488725e-09  7.36117707e-09
168.969  3.02696974e-09  9.95444264e-09
169.129 -4.26398740e-09  1.00130591e-08
169.289 -8.40681479e-09  6.32643491e-09
169.449 -1.00759484e-08 -7.75656038e-10
169.608 -8.48532202e-09 -6.08570698e-09
169.768 -2.35785830e-09 -9.12080371e-09
169.928  3.59120896e-09 -9.64136414e-09
170.087  7.62855159e-09 -5.13047064e-09
170.247  1.00169714e-08  8.71391390e-10
170.407  7.53617329e-09  5.50485972e-09
170.566  2.05841878e-09  9.34481422e-09
170.726 -2.76625799e-09  9.07010592e-09
170.886 -7.53929853e-09  4.66062379e-09
171.046 -9.39726500e-09  5.80473619e-11
171.205 -6.50674390e-09 -5.05601734e-09
171.365 -2.51963176e-09 -8.69419350e-09
171.525  2.34058059e-09 -7.57322498e-09
171.684  7.17447710e-09 -4.49134404e-09
171.844  7.82839663e-09 -3.59118478e-10
172.004  5.79947867e-09  4.99148259e-09
172.164  2.67732265e-09  7.22597695e-09
172.323 -2.53922579e-09  6.28823955e-09
172.483 -6.01129584e-09  4.27599063e-09
172.643 -6.11726145e-09 -2.56785927e-10
172.802 -5.15210398e-09 -4.51268500e-09
172.962 -1.67777874e-09 -5.53485089e-09
173.122  2.87591266e-09 -5.41683894e-09
173.281  4.65016670e-09 -3.14553127e-09
173.441  5.12261402e-09  1.27868634e-09
173.601  3.99524430e-09  3.65784586e-09
173.761  3.49534433e-11  4.50210160e-09
173.920 -2.81952802e-09  4.32904863e-09
174.080 -3.89285343e-09  1.07157866e-09
174.240 -4.40603564e-09 -2.12707621e-09
174.399 -1.97092308e-09 -3.37041771e-09
174.559  1.45403369e-09 -4.27884249e-09
174.719  2.91509363e-09 -2.66058204e-09
174.879  3.99681701e-09  8.96896047e-10
175.038  3.11883450e-09  2.72840241e-09
175.198 -4.68299934e-10  3.90569508e-09
175.358 -2.86627726e-09  3.68900859e-09
175.517 -4.21651652e-09  2.22045057e-10
175.677 -4.62032070e-09 -2.90354816e-09
175.837 -1.48175334e-09 -4.63493733e-09
175.996  2.43529674e-09 -5.69232067e-09
176.156  4.84358044e-09 -3.16396387e-09
176.316  6.69268190e-09  1.44107621e-09
176.476  5.15143930e-09  4.81797467e-09
176.635  2.00902917e-10  7.68432119e-09
176.795 -4.29835916e-09  7.58923274e-09
176.955 -8.41654683e-09  2.90315983e-09
177.114 -1.02479407e-08 -2.60585351e-09
177.274 -6.67179639e-09 -8.10668417e-09
177.434 -6.28012124e-10 -1.22693997e-08
177.594  6.14527176e-09 -1.07911489e-08
177.753  1.28277240e-08 -5.08670783e-09
177.913  1.44022636e-08  2.47689686e-09
178.073  1.02348018e-08  1.14877671e-08
178.232  2.78829525e-09  1.67964637e-08
178.392 -7.86498911e-09  1.54908202e-08
178.552 -1.70843918e-08  9.43658477e-09
178.711 -1.98306155e-08 -1.64890091e-09
178.871 -1.66665163e-08 -1.42721900e-08
179.031 -6.83746520e-09 -2.18280099e-08
179.191  7.87911784e-09 -2.30327784e-08
179.350  2.02449777e-08 -1.64688493e-08
179.510  2.69147623e-08 -1.76900437e-09
179.670  2.56150652e-08  1.43899067e-08
179.829  1.36173015e-08  2.68316785e-08
179.989 -4.24434456e-09  3.23340748e-08
180.149 -2.16757824e-08  2.58681922e-08
180.309 -3.46161261e-08  9.27541552e-09
180.468 -3.61232090e-08 -1.11600584e-08
180.628 -2.42558893e-08 -3.09261894e-08
180.788 -3.91761060e-09 -4.18965838e-08
180.947  2.06085568e-08 -3.81194382e-08
181.107  4.10526523e-08 -2.17597174e-08
181.267  4.79181812e-08  4.03743486e-09
181.426  3.95869527e-08  3.21233416e-08
181.586  1.70760604e-08  5.06457451e-08
181.746 -1.49278107e-08  5.37585868e-08
181.906 -4.40315942e-08  3.94952539e-08
182.065 -6.05279749e-08  8.86632050e-09
182.225 -5.89922537e-08 -2.74083466e-08
182.385 -3.59070302e-08 -5.70169670e-08
182.544  1.95484697e-09 -7.12089836e-08
182.704  4.17309770e-08 -6.16829116e-08
182.864  7.22285385e-08 -2.93411006e-08
183.024  8.08867659e-08  1.49774658e-08
183.183  6.15823971e-08  5.92828127e-08
183.343  2.04727201e-08  8.81479673e-08
183.503 -3.19024481e-08  8.83874764e-08
183.662 -7.94576920e-08  5.92682180e-08
183.822 -1.03232798e-07  7.36340664e-09
183.982 -9.43853154e-08 -5.33846733e-08
184.142 -5.32092714e-08 -1.00849023e-07
184.301  1.15040123e-08 -1.18287573e-07
184.461  7.81385511e-08 -9.81478730e-08
184.621  1.23921670e-07 -4.13759328e-08
184.780  1.33140148e-07  3.51727198e-08
184.940  9.70947015e-08  1.06161298e-07
185.100  2.37583505e-08  1.49012504e-07
185.259 -6.36360089e-08  1.45017831e-07
185.419 -1.38653592e-07  9.00792847e-08
185.579 -1.74034545e-07  1.68659822e-10
185.739 -1.52135498e-07 -9.89011150e-08
185.898 -7.69648577e-08 -1.74716239e-07
186.058  3.16426241e-08 -1.96930133e-07
186.218  1.41221018e-07 -1.54370167e-07
186.377  2.12154552e-07 -5.55643603e-08
186.537  2.17283105e-07  7.31561807e-08
186.697  1.49617799e-07  1.88765760e-07
186.857  2.30473559e-08  2.50342344e-07
187.016 -1.23616246e-07  2.33378677e-07
187.176 -2.41083144e-07  1.34085601e-07
187.336 -2.88402696e-07 -2.12041602e-08
187.495 -2.41178518e-07 -1.82931569e-07
187.655 -1.05813197e-07 -2.98277927e-07
187.815  7.75856929e-08 -3.22657174e-07
187.974  2.52213084e-07 -2.37480014e-07
188.134  3.57660613e-07 -6.36608268e-08
188.294  3.49087896e-07  1.48303305e-07
188.454  2.20352917e-07  3.30456667e-07
188.613  4.48754394e-09  4.15202989e-07
188.773 -2.34379730e-07  3.65240947e-07
188.933 -4.14369550e-07  1.86139893e-07
189.092 -4.68173916e-07 -7.47056709e-08
189.252 -3.67247388e-07 -3.33900541e-07
189.412 -1.29980916e-07 -5.01287177e-07
189.572  1.74151482e-07 -5.12844659e-07
189.731  4.45029475e-07 -3.48794613e-07
189.891  5.88368420e-07 -4.90110614e-08
190.051  5.42500608e-07  2.93612260e-07
190.210  3.04693028e-07  5.66552868e-07
190.370 -5.83731580e-08  6.69721338e-07
190.530 -4.33743891e-07  5.50375406e-07
190.689 -6.94257232e-07  2.31493764e-07
190.849 -7.37763004e-07 -1.94787006e-07
191.009 -5.31128995e-07 -5.92784582e-07
191.169 -1.24404185e-07 -8.20862718e-07
191.328  3.61793380e-07 -7.85696293e-07
191.488  7.65380887e-07 -4.77993224e-07
191.648  9.39314617e-07  2.17957813e-08
191.807  8.05711970e-07  5.57351917e-07
191.967  3.82662622e-07  9.45564148e-07
192.127 -2.09036879e-07  1.04188001e-06
192.287 -7.77660745e-07  7.87404777e-07
192.446 -1.12667937e-06  2.39011274e-07
192.606 -1.11721395e-06 -4.36769512e-07
192.766 -7.20652022e-07 -1.01836499e-06
192.925 -4.33693894e-08 -1.29811351e-06
193.085  7.04275708e-07 -1.15232943e-06
193.245  1.27160909e-06 -5.97402545e-07
193.404  1.44602846e-06  2.07953308e-07
193.564  1.13559235e-06  1.00811251e-06
193.724  4.09548048e-07  1.52494190e-06
193.884 -5.16945195e-07  1.55656960e-06
194.043 -1.33939383e-06  1.05496862e-06
194.203 -1.76415760e-06  1.49161721e-07
194.363 -1.61489402e-06 -8.80377687e-07
194.522 -8.96871495e-07 -1.68602406e-06
194.682  1.87691468e-07 -1.97358495e-06
194.842  1.29082873e-06 -1.60316861e-06
195.002  2.03400634e-06 -6.49869361e-07
195.161  2.13346457e-06  6.00268751e-07
195.321  1.50335101e-06  1.73847618e-06
195.481  3.06836528e-07  2.36447474e-06
195.640 -1.08519122e-06  2.22113175e-06
195.800 -2.20847927e-06  1.30030846e-06
195.960 -2.65324595e-06 -1.36975476e-07
196.119 -2.21474414e-06 -1.63466349e-06
196.279 -9.80647387e-07 -2.67899073e-06
196.439  6.83023301e-07 -2.87446473e-06
196.599  2.23303965e-06 -2.09312655e-06
196.758  3.12378107e-06 -5.32645099e-07
196.918  3.00129177e-06  1.32522015e-06
197.078  1.83459657e-06  2.85796409e-06
197.237 -4.96018014e-08  3.51374332e-06
197.397 -2.04950590e-06  3.00405121e-06
197.557 -3.48256329e-06  1.42050086e-06
197.717 -3.81493890e-06 -7.63954947e-07
197.876 -2.85277652e-06 -2.83599861e-06
198.036 -8.39123063e-07 -4.07349174e-06
198.196  1.60161951e-06 -3.98946963e-06
198.355  3.65713925e-06 -2.52189589e-06
198.515  4.58978903e-06 -8.51786853e-08
198.675  3.99995531e-06  2.54590950e-06
198.834  1.99067067e-06  4.47500725e-06
198.994 -8.39802500e-07  4.98664660e-06
199.154 -3.56857058e-06  3.81125740e-06
199.314 -5.24377374e-06  1.24314161e-06
199.473 -5.21827349e-06 -1.92302855e-06
199.633 -3.39025868e-06 -4.63004903e-06
199.793 -2.72775952e-07 -5.91284658e-06
199.952  3.13826688e-06 -5.23734337e-06
200.112  5.68219613e-06 -2.70969497e-06
200.272  6.42609506e-06  9.13457336e-07
200.432  4.99741110e-06  4.44777940e-06
200.591  1.75352790e-06  6.66770166e-06
200.751 -2.29571936e-06  6.72280217e-06
200.911 -5.80197395e-06  4.45904001e-06
201.070 -7.51943206e-06  5.18219545e-07
201.230 -6.74351829e-06 -3.84081209e-06
201.390 -3.59292519e-06 -7.13697482e-06
201.550  9.86556326e-07 -8.16477730e-06
201.709  5.49838035e-06 -6.43443394e-06
201.869  8.37674030e-06 -2.38075397e-06
202.029  8.53069268e-06  2.73344199e-06
202.188  5.74859165e-06  7.20049531e-06
202.348  8.19889677e-07  9.43805027e-06
202.508 -4.67423509e-06  8.54539639e-06
202.667 -8.86549791e-06  4.65031948e-06
202.827 -1.02323926e-05 -1.07096104e-06
202.987 -8.14187316e-06 -6.74164209e-06
203.147 -3.12250667e-06 -1.03996975e-05
203.306  3.25099051e-06 -1.06680627e-05
203.466  8.85054324e-06 -7.26568217e-06
203.626  1.16979647e-05 -1.17002838e-06
203.785  1.06574823e-05  5.65768621e-06
203.945  5.88090871e-06  1.08969727e-05
204.105 -1.17925692e-06  1.26493813e-05
204.265 -8.20413093e-06  1.01248676e-05
204.424 -1.27610173e-05  3.97268524e-06
204.584 -1.31453561e-05 -3.87046526e-06
204.744 -9.01008747e-06 -1.07786852e-05
204.903 -1.55206212e-06 -1.43141818e-05
205.063  6.81816005e-06 -1.30846250e-05
205.223  1.32504098e-05 -7.27404195e-06
205.382  1.54250265e-05  1.33744103e-06
205.542  1.23787091e-05  9.90855591e-06
205.702  4.90754743e-06  1.54742932e-05
205.862 -4.61805566e-06  1.59639227e-05
206.021 -1.30032887e-05  1.09617727e-05
206.181 -1.72946605e-05  1.93696525e-06
206.341 -1.58124730e-05 -8.17941499e-06
206.500 -8.79949299e-06 -1.59412256e-05
206.660  1.57472917e-06 -1.85530587e-05
206.820  1.18784488e-05 -1.48747479e-05
206.980  1.85436985e-05 -5.89337972e-06
207.139  1.91003368e-05  5.52547751e-06
207.299  1.30846849e-05  1.55408920e-05
207.459  2.28561486e-06  2.06253946e-05
207.618 -9.77152630e-06  1.88061602e-05
207.778 -1.89692151e-05  1.04127887e-05
207.938 -2.20047821e-05 -1.93457900e-06
208.097 -1.75670205e-05 -1.41311711e-05
208.257 -6.87561629e-06 -2.19526463e-05
208.417  6.62958628e-06 -2.25128193e-05
208.577  1.83927072e-05 -1.53179325e-05
208.736  2.42755335e-05 -2.54257149e-06
208.896  2.20054110e-05  1.16176156e-05
209.056  1.20440018e-05  2.23211827e-05
209.215 -2.46354002e-06  2.57288621e-05
209.375 -1.66768278e-05  2.03782646e-05
209.535 -2.56675237e-05  7.78611185e-06
209.695 -2.61265383e-05 -7.96722240e-06
209.854 -1.75774978e-05 -2.15508631e-05
210.014 -2.64426076e-06 -2.81840642e-05
210.174  1.37412314e-05 -2.53198976e-05
210.333  2.59612593e-05 -1.36071474e-05
210.493  2.96410805e-05  3.21838162e-06
210.653  2.32088043e-05  1.95139122e-05
210.812  8.53791515e-06  2.96237428e-05
210.972 -9.57649308e-06  2.98404374e-05
211.132 -2.49829100e-05  1.97543049e-05
211.292 -3.22629775e-05  2.51301041e-06
211.451 -2.86309230e-05 -1.61514307e-05
211.611 -1.49910148e-05 -2.98290815e-05
211.771  4.25398150e-06 -3.36287925e-05
211.930  2.26222037e-05 -2.59257758e-05
212.090  3.37315738e-05 -9.03248583e-06
212.250  3.35166533e-05  1.14853869e-05
212.410  2.17153077e-05  2.86375612e-05
212.569  2.07090623e-06  3.63887378e-05
212.729 -1.88469128e-05  3.17864201e-05
212.889 -3.38346368e-05  1.60733961e-05
213.048 -3.75408789e-05 -5.62437341e-06
213.208 -2.83755006e-05 -2.59612977e-05
213.368 -9.16267578e-06 -3.78626270e-05
213.527  1.37133929e-05 -3.69887870e-05
213.687  3.24296084e-05 -2.33104075e-05
213.847  4.04046389e-05 -1.23614763e-06
214.007  3.46106697e-05  2.18015047e-05
214.166  1.67166921e-05  3.78538654e-05
214.326 -7.37082010e-06  4.11984476e-05
214.486 -2.94597530e-05  3.03796713e-05
214.645 -4.18593358e-05  8.82062238e-06
214.805 -4.00597107e-05 -1.62554840e-05
214.965 -2.43755837e-05 -3.62458901e-05
215.125  5.79195428e-08 -4.41206040e-05
215.284  2.49647538e-05 -3.69025665e-05
215.444  4.17301405e-05 -1.67871231e-05
215.604  4.43887854e-05  9.51617036e-06
215.763  3.17517547e-05  3.30175040e-05
215.923  7.90934391e-06  4.55258399e-05
216.083 -1.90843547e-05  4.25127172e-05
216.242 -3.99346830e-05  2.47492192e-05
216.402 -4.73174663e-05 -1.86341751e-06
216.562 -3.84545631e-05 -2.82511492e-05
216.722 -1.61571004e-05 -4.52708199e-05
216.881  1.20548187e-05 -4.68838764e-05
217.041  3.64947225e-05 -3.23028840e-05
217.201  4.86425693e-05 -6.35124756e-06
217.360  4.41203594e-05  2.21329389e-05
217.520  2.42783227e-05  4.33133949e-05
217.680 -4.19672222e-06  4.97574779e-05
217.840 -3.15392697e-05  3.90562952e-05
217.999 -4.82578559e-05  1.47270588e-05
218.159 -4.84417815e-05 -1.49429640e-05
218.319 -3.18614863e-05 -3.97206317e-05
218.478 -4.10601274e-06 -5.09659671e-05
218.638  2.52991956e-05 -4.46595368e-05
218.798  4.61668882e-05 -2.28425981e-05
218.958  5.11929384e-05  7.03722680e-06
219.117  3.85215406e-05  3.46686185e-05
219.277  1.24336377e-05  5.04487484e-05
219.437 -1.80939056e-05  4.88323372e-05
219.596 -4.24867686e-05  3.02879330e-05
219.756 -5.22489177e-05  1.17670597e-06
219.916 -4.39310228e-05 -2.84329369e-05
220.075 -2.03618927e-05 -4.82595637e-05
220.235  1.03097699e-05 -5.13882283e-05
220.395  3.74414912e-05 -3.66970673e-05
220.555  5.15980627e-05 -9.26939342e-06
220.714  4.78472986e-05  2.13691141e-05
220.874  2.74941147e-05  4.45645453e-05
221.034 -2.37141559e-06  5.22515644e-05
221.193 -3.13462311e-05  4.17766941e-05
221.353 -4.93457513e-05  1.68223703e-05
221.513 -5.01328710e-05 -1.38856770e-05
221.673 -3.34925010e-05 -3.96316508e-05
221.832 -5.29191552e-06 -5.14652638e-05
221.992  2.45838742e-05 -4.53298159e-05
222.152  4.57076260e-05 -2.34620884e-05
222.311  5.07665401e-05  6.41220294e-06
222.471  3.81057204e-05  3.38106659e-05
222.631  1.22806486e-05  4.91874931e-05
222.790 -1.75756321e-05  4.72720232e-05
222.950 -4.09925090e-05  2.88903873e-05
223.110 -4.98454314e-05  6.34323773e-07
223.270 -4.11900709e-05 -2.75051313e-05
223.429 -1.82567707e-05 -4.56786564e-05
223.589  1.07468798e-05 -4.76390221e-05
223.749  3.55764114e-05 -3.29083974e-05
223.908  4.75771263e-05 -6.88318439e-06
224.068  4.27206241e-05  2.11383596e-05
224.228  2.29705042e-05  4.12796926e-05
224.388 -4.49166914e-06  4.65830318e-05
224.547 -2.98711281e-05  3.54313658e-05
224.707 -4.42620297e-05  1.20404681e-05
224.867 -4.27914846e-05 -1.51179654e-05
225.026 -2.62802806e-05 -3.63834461e-05
225.186 -8.60303226e-07 -4.43581745e-05
225.346  2.42897892e-05 -3.64941082e-05
225.505  4.02664273e-05 -1.59133291e-05
225.665  4.16055128e-05  9.80212401e-06
225.825  2.81635254e-05  3.14004433e-05
225.985  5.07031388e-06  4.12963533e-05
226.144 -1.92118009e-05  3.62462312e-05
226.304 -3.59890157e-05  1.84244187e-05
226.464 -3.94548096e-05 -5.47030623e-06
226.623 -2.87161028e-05 -2.67223976e-05
226.783 -8.00849395e-06 -3.77766925e-05
226.943  1.49502672e-05 -3.49367198e-05
227.103  3.18251200e-05 -1.96150696e-05
227.262  3.66934179e-05  2.30067043e-06
227.422  2.81402850e-05  2.26878289e-05
227.582  9.66231657e-06  3.41913452e-05
227.741 -1.17253567e-05  3.28887865e-05
227.901 -2.81318865e-05  1.96378760e-05
228.061 -3.37035947e-05 -3.56390497e-07
228.220 -2.67226042e-05 -1.95533944e-05
228.380 -1.01344831e-05 -3.09097310e-05
228.540  9.64744070e-06 -3.04673434e-05
228.700  2.51974963e-05 -1.87393485e-05
228.859  3.08593046e-05 -4.16353672e-07
229.019  2.48047991e-05  1.74737647e-05
229.179  9.62992825e-06  2.82448257e-05
229.338 -8.71122518e-06  2.80436085e-05
229.498 -2.32164357e-05  1.72342323e-05
229.658 -2.84910068e-05  1.78718965e-07
229.818 -2.27501339e-05 -1.64907333e-05
229.977 -8.43228554e-06 -2.64249970e-05
230.137  8.80095838e-06 -2.59600141e-05
230.297  2.22739349e-05 -1.54727590e-05
230.456  2.68560403e-05  8.20930598e-07
230.616  2.09078836e-05  1.65330548e-05
230.776  6.87287983e-06  2.55753668e-05
230.935 -9.70550449e-06  2.44985777e-05
231.095 -2.23417004e-05  1.38045787e-05
231.255 -2.61167868e-05 -2.27454186e-06
231.415 -1.95789993e-05 -1.74274548e-05
231.574 -5.29596119e-06 -2.57100505e-05
231.734  1.11425767e-05 -2.38549988e-05
231.894  2.32857695e-05 -1.25435576e-05
232.053  2.63282285e-05  3.84701759e-06
232.213  1.89873109e-05  1.89204318e-05
232.373  4.02402689e-06  2.67354185e-05
232.533 -1.27901772e-05  2.41216917e-05
232.692 -2.48847299e-05  1.19376752e-05
232.852 -2.74359797e-05 -5.21126448e-06
233.012 -1.92597461e-05 -2.07079125e-05
233.171 -3.32591524e-06 -2.84634757e-05
233.331  1.43219293e-05 -2.52821222e-05
233.491  2.68557902e-05 -1.21464219e-05
233.650  2.92857565e-05  6.08234485e-06
233.810  2.04173369e-05  2.24689109e-05
233.970  3.39040231e-06  3.06345636e-05
234.130 -1.54418053e-05  2.72171153e-05
234.289 -2.88862835e-05  1.32272454e-05
234.449 -3.16437255e-05 -6.24649734e-06
234.609 -2.23771207e-05 -2.38996150e-05
234.768 -4.30854218e-06 -3.29476510e-05
234.928  1.59140937e-05 -2.97216649e-05
235.088  3.06678779e-05 -1.51325091e-05
235.248  3.42247737e-05  5.58129270e-06
235.407  2.49641068e-05  2.47449558e-05
235.567  6.06706213e-06  3.50946136e-05
235.727 -1.55863240e-05  3.25295983e-05
235.886 -3.19302876e-05  1.77177541e-05
236.046 -3.67251150e-05 -4.06538473e-06
236.206 -2.79328271e-05 -2.48250672e-05
236.366 -8.55373737e-06 -3.67942486e-05
236.525  1.44032287e-05 -3.53439907e-05
236.685  3.24699089e-05 -2.07609176e-05
236.845  3.88554184e-05  1.77746816e-06
237.004  3.09964004e-05  2.40531215e-05
237.164  1.15729746e-05  3.78217440e-05
237.324 -1.24105279e-05  3.78704378e-05
237.483 -3.21700431e-05  2.39894151e-05
237.643 -4.03718932e-05  1.11471787e-06
237.803 -3.38598651e-05 -2.24423253e-05
237.963 -1.48694469e-05 -3.80314190e-05
238.122  9.74731530e-06 -3.98499890e-05
238.282  3.10107918e-05 -2.71116057e-05
238.442  4.11022775e-05 -4.37493031e-06
238.601  3.62531585e-05  2.01011990e-05
238.761  1.81573460e-05  3.73707987e-05
238.921 -6.62783182e-06  4.10872248e-05
239.081 -2.90686157e-05  2.98490013e-05
239.240 -4.09636017e-05  7.72652449e-06
239.400 -3.79599745e-05 -1.72187715e-05
239.560 -2.11527973e-05 -3.58846165e-05
239.719  3.31529387e-06 -4.14700742e-05
239.879  2.65058887e-05 -3.19665467e-05
240.039  3.99691324e-05 -1.08847220e-05
240.198  3.88399649e-05  1.40418991e-05
240.358  2.36058313e-05  3.37076558e-05
240.518 -9.15363468e-08  4.09796576e-05
240.678 -2.35511563e-05  3.32980295e-05
240.837 -3.82239986e-05  1.35886166e-05
240.997 -3.88426185e-05 -1.08469269e-05
241.157 -2.53276953e-05 -3.10471324e-05
241.316 -2.77422971e-06 -3.96899970e-05
241.476  2.04718871e-05 -3.37633609e-05
241.636  3.59109452e-05 -1.56291395e-05
241.796  3.80112299e-05  7.90824991e-06
241.955  2.62100854e-05  2.81573928e-05
242.115  5.05484350e-06  3.77579774e-05
242.275 -1.75431610e-05  3.33753114e-05
242.434 -3.32683491e-05  1.68706303e-05
242.594 -3.64758674e-05 -5.46727576e-06
242.754 -2.62346098e-05 -2.53104954e-05
242.913 -6.58977474e-06 -3.54041234e-05
243.073  1.50167542e-05 -3.22351641e-05
243.233  3.05627770e-05 -1.72642293e-05
243.393  3.44362521e-05  3.70606658e-06
243.552  2.54725048e-05  2.27659788e-05
243.712  7.30181372e-06  3.28861190e-05
243.872 -1.30940721e-05  3.05188424e-05
244.031 -2.80584075e-05  1.68515956e-05
244.191 -3.21370980e-05 -2.72886602e-06
244.351 -2.40746966e-05 -2.07423768e-05
244.511 -7.20329187e-06 -3.04684336e-05
244.670  1.19054598e-05 -2.84555082e-05
244.830  2.59870844e-05 -1.57578438e-05
244.990  2.98396703e-05  2.55315640e-06
245.149  2.22530503e-05  1.93935461e-05
245.309  6.39167504e-06  2.83924683e-05
245.469 -1.14973754e-05  2.63008778e-05
245.628 -2.45229255e-05  1.41747037e-05
245.788 -2.77924855e-05 -3.11019432e-06
245.948 -2.02544933e-05 -1.87928039e-05
246.108 -5.03583816e-06 -2.68505544e-05
246.267  1.18291673e-05 -2.43075918e-05
246.427  2.37648131e-05 -1.23365070e-05
246.587  2.62038998e-05  4.25489692e-06
246.746  1.83316221e-05  1.89272740e-05
246.906  3.35520267e-06  2.59661624e-05
247.066 -1.27802591e-05  2.26963070e-05
247.226 -2.37280676e-05  1.04925856e-05
247.385 -2.52194124e-05 -5.78432746e-06
247.545 -1.67139111e-05 -1.97025937e-05
247.705 -1.59373906e-06 -2.57818790e-05
247.864  1.41668302e-05 -2.16314656e-05
248.024  2.43453845e-05 -8.87902228e-06
248.184  2.49067647e-05  7.46291586e-06
248.343  1.55828570e-05  2.09564995e-05
248.503 -8.70190738e-09  2.62567169e-05
248.663 -1.57652422e-05  2.12047708e-05
248.823 -2.54767864e-05  7.69229972e-06
248.982 -2.52509895e-05 -9.05094120e-06
249.142 -1.50532091e-05 -2.24792830e-05
249.302  1.24416894e-06 -2.72735862e-05
249.461  1.73387703e-05 -2.14276465e-05
249.621  2.69278600e-05 -7.06772490e-06
249.781  2.61594599e-05  1.03321697e-05
249.941  1.51618012e-05  2.40390717e-05
250.100 -1.95966459e-06  2.86558357e-05
250.260 -1.86648387e-05  2.22326348e-05
250.420 -2.84744108e-05  7.06555428e-06
250.579 -2.74754793e-05 -1.11375296e-05
250.739 -1.58655630e-05 -2.54095398e-05
250.899  2.07252321e-06 -3.01901450e-05
251.058  1.95601775e-05 -2.34835068e-05
251.218  2.98899475e-05 -7.66684816e-06
251.378  2.89982971e-05  1.13627674e-05
251.538  1.70492797e-05  2.63965044e-05
251.697 -1.57714765e-06  3.16523886e-05
251.857 -1.99012653e-05  2.49933042e-05
252.017 -3.09721929e-05  8.77895007e-06
252.176 -3.05077440e-05 -1.09786557e-05
252.336 -1.85421022e-05 -2.68597103e-05
252.496  5.43015593e-07 -3.28337964e-05
252.656  1.96370425e-05 -2.65484023e-05
252.815  3.15654693e-05 -1.02490925e-05
252.975  3.17909117e-05  1.00322480e-05
253.135  2.01398777e-05  2.67270427e-05
253.294  8.95606503e-07  3.35649241e-05
253.454 -1.87922224e-05  2.79350448e-05
253.614 -3.15772153e-05  1.18840703e-05
253.774 -3.26675613e-05 -8.63870622e-06
253.933 -2.16301850e-05 -2.60003211e-05
254.093 -2.55757905e-06 -3.37348285e-05
254.253  1.74612901e-05 -2.89646274e-05
254.412  3.09871337e-05 -1.34741676e-05
254.572  3.30105618e-05  6.96485195e-06
254.732  2.28173797e-05  2.47527147e-05
254.891  4.23835656e-06  3.33026245e-05
255.051 -1.57948480e-05  2.94948209e-05
255.211 -2.98476600e-05  1.48188588e-05
255.371 -3.27588883e-05 -5.20731017e-06
255.530 -2.35453428e-05 -2.31181679e-05
255.690 -5.73556479e-06 -3.22998451e-05
255.850  1.39802604e-05 -2.94448394e-05
256.009  2.82753381e-05 -1.57509445e-05
256.169  3.19224349e-05  3.56835164e-06
256.329  2.37153611e-05  2.12736291e-05
256.489  6.87306164e-06  3.08239207e-05
256.648 -1.22184000e-05  2.88035218e-05
256.808 -2.64343774e-05  1.61556504e-05
256.968 -3.05787632e-05 -2.23193193e-06
257.127 -2.32964540e-05 -1.94161339e-05
257.287 -7.52074004e-06 -2.90244107e-05
257.447  1.06989673e-05 -2.76289462e-05
257.606  2.45152901e-05 -1.59823581e-05
257.766  2.88622423e-05  1.34220394e-06
257.926  2.23267895e-05  1.77381989e-05
258.086  7.60856191e-06  2.70839533e-05
258.245 -9.57759931e-06  2.60393292e-05
258.405 -2.27115583e-05  1.52484078e-05
258.565 -2.69463594e-05 -9.86958371e-07
258.724 -2.09065737e-05 -1.64049952e-05
258.884 -7.13350021e-06 -2.51956874e-05
259.044  8.95817114e-06 -2.41965882e-05
259.204  2.11968072e-05 -1.40351725e-05
259.363  2.50213942e-05  1.18852810e-06
259.523  1.91841992e-05  1.55358539e-05
259.683  6.15832458e-06  2.35395740e-05
259.842 -8.88230085e-06  2.22854407e-05
260.002 -2.01045457e-05  1.24768746e-05
260.162 -2.32707475e-05 -1.90335251e-06
260.321 -1.73374574e-05 -1.51915040e-05
260.481 -4.80198920e-06 -2.22607874e-05
260.641  9.32659076e-06 -2.04909298e-05
260.801  1.95129627e-05 -1.07430126e-05
260.960  2.18493763e-05  3.02964016e-06
261.120  1.55516607e-05  1.53682373e-05
261.280  3.22322300e-06  2.14533801e-05
261.439 -1.02072120e-05  1.89766930e-05
261.599 -1.94370492e-05  9.01659458e-06
261.759 -2.08665964e-05 -4.42133994e-06
261.919 -1.39969671e-05 -1.59999878e-05
262.078 -1.60009859e-06 -2.11510614e-05
262.238  1.13914034e-05 -1.78659796e-05
262.398  1.98291298e-05 -7.47145756e-06
262.557  2.03745873e-05  5.90660875e-06
262.717  1.28080568e-05  1.69683942e-05
262.877  1.08419440e-07  2.13254252e-05
263.036 -1.27149157e-05  1.72277588e-05
263.196 -2.05870645e-05  6.25192579e-06
263.356 -2.03636602e-05 -7.30901372e-06
263.516 -1.20691661e-05 -1.81191935e-05
263.675  1.09889558e-06 -2.18912090e-05
263.835  1.40031835e-05 -1.70700761e-05
263.995  2.15683008e-05 -5.45693661e-06
264.154  2.07651666e-05  8.46916291e-06
264.314  1.18061046e-05  1.92821371e-05
264.474 -1.90953556e-06  2.27180623e-05
264.634 -1.50930201e-05  1.73415102e-05
264.793 -2.26080213e-05  5.12978583e-06
264.953 -2.14620025e-05 -9.26374973e-06
265.113 -1.19854730e-05 -2.02917345e-05
265.272  2.26435881e-06 -2.36478391e-05
265.432  1.58517036e-05 -1.79398851e-05
265.592  2.35396193e-05 -5.25448139e-06
265.751  2.23049248e-05  9.61916024e-06
265.911  1.25205375e-05  2.10067472e-05
266.071 -2.16285123e-06  2.45151523e-05
266.231 -1.61915642e-05  1.87263800e-05
266.390 -2.42152989e-05  5.75945969e-06
266.550 -2.31319531e-05 -9.51822632e-06
266.710 -1.32832640e-05 -2.13266402e-05
266.869  1.66075215e-06 -2.51680509e-05
267.029  1.60789894e-05 -1.95433110e-05
267.189  2.45238126e-05 -6.52847629e-06
267.349  2.37882038e-05  9.00007093e-06
267.508  1.41214026e-05  2.12028477e-05
267.668 -8.60889899e-07  2.54858731e-05
267.828 -1.55370311e-05  2.02338845e-05
267.987 -2.44027438e-05  7.41683381e-06
268.147 -2.41442756e-05 -8.15362494e-06
268.307 -1.48784128e-05 -2.06430485e-05
268.466 -1.00965504e-07 -2.53925316e-05
268.626  1.46409061e-05 -2.06617248e-05
268.786  2.38440499e-05 -8.27021439e-06
268.946  2.41114253e-05  7.10539239e-06
269.105  1.54131031e-05  1.97079423e-05
269.265  1.07348375e-06  2.48643227e-05
269.425 -1.35067652e-05  2.07273393e-05
269.584 -2.28930104e-05  8.94361664e-06
269.744 -2.36515622e-05 -6.00258378e-06
269.904 -1.56162533e-05 -1.85016519e-05
270.064 -1.90878091e-06 -2.39315069e-05
270.223  1.22755991e-05 -2.03790748e-05
270.383  2.16411849e-05 -9.31861091e-06
270.543  2.27803875e-05  4.99386773e-06
270.702  1.54226320e-05  1.71575997e-05
270.862  2.48088173e-06  2.26730902e-05
271.022 -1.10949897e-05  1.96175106e-05
271.182 -2.02140067e-05  9.31727388e-06
271.341 -2.15633561e-05 -4.21076198e-06
271.501 -1.48176290e-05 -1.58215398e-05
271.661 -2.70090552e-06 -2.12052887e-05
271.820  1.01010981e-05 -1.84935437e-05
271.980  1.87541887e-05 -8.91092967e-06
272.140  2.01057132e-05  3.75224022e-06
272.299  1.38378694e-05  1.46333270e-05
272.459  2.52674740e-06  1.96656192e-05
272.619 -9.40251835e-06  1.71008437e-05
272.779 -1.74031635e-05  8.12220491e-06
272.938 -1.85384235e-05 -3.67395258e-06
273.098 -1.25653160e-05 -1.37095253e-05
273.258 -1.96635265e-06 -1.81952670e-05
273.417  9.06757955e-06 -1.55633273e-05
273.577  1.62835280e-05 -7.02023990e-06
273.737  1.70016655e-05  3.98272119e-06
273.897  1.11154986e-05  1.31294742e-05
274.056  1.07500860e-06  1.69219974e-05
274.216 -9.11680541e-06  1.40188672e-05
274.376 -1.54848506e-05  5.71040296e-06
274.535 -1.56273831e-05 -4.63685414e-06
274.695 -9.62182397e-06 -1.29268619e-05
274.855  5.26614392e-08 -1.59451304e-05
275.014  9.52190340e-06 -1.26014667e-05
275.174  1.50541105e-05 -4.32033726e-06
275.334  1.45229779e-05  5.55264696e-06
275.494  8.21860025e-06  1.30874997e-05
275.653 -1.29528102e-06  1.53240367e-05
275.813 -1.02112344e-05  1.14247446e-05
275.973 -1.49912672e-05  2.98393464e-06
276.132 -1.37586032e-05 -6.61634826e-06
276.292 -7.02487822e-06 -1.35527833e-05
276.452  2.52066922e-06 -1.50717752e-05
276.612  1.10803646e-05 -1.05689454e-05
276.771  1.52504504e-05 -1.82470522e-06
276.931  1.33599518e-05  7.69956567e-06
277.091  6.13053631e-06  1.42280863e-05
277.250 -3.60290835e-06  1.51550540e-05
277.410 -1.20058564e-05  1.00725446e-05
277.570 -1.57470093e-05  9.40538885e-07
277.729 -1.33070288e-05 -8.67557147e-06
277.889 -5.58594905e-06 -1.49953629e-05
278.049  4.43780807e-06 -1.55003320e-05
278.209  1.28607757e-05 -9.92885755e-06
278.368  1.63696072e-05 -3.92214594e-07
278.528  1.35382982e-05  9.43451490e-06
278.688  5.39674885e-06  1.57287042e-05
278.847 -4.95472428e-06  1.60045699e-05
279.007 -1.35304996e-05  1.00880402e-05
279.167 -1.69953101e-05  1.97351143e-07
279.327 -1.39594179e-05 -9.89624697e-06
279.486 -5.52471127e-06 -1.63106306e-05
279.646  5.12381646e-06 -1.65488168e-05
279.806  1.39268804e-05 -1.04646275e-05
279.965  1.75051863e-05 -3.30121387e-07
280.125  1.44558000e-05  1.00195112e-05
280.285  5.89441139e-06  1.66465093e-05
280.444 -4.95846450e-06  1.70131721e-05
280.604 -1.39985620e-05  1.09497024e-05
280.764 -1.77985832e-05  7.26025153e-07
280.924 -1.49077485e-05 -9.80610499e-06
281.083 -6.40412645e-06 -1.66752252e-05
281.243  4.51250787e-06 -1.72917549e-05
281.403  1.37359080e-05 -1.14256187e-05
281.562  1.78048731e-05 -1.29089995e-06
281.722  1.52059513e-05  9.29914109e-06
281.882  6.93916713e-06  1.63753553e-05
282.042 -3.87228841e-06  1.73058139e-05
282.201 -1.31704155e-05  1.17808839e-05
282.361 -1.74915478e-05  1.91339952e-06
282.521 -1.52648627e-05 -8.57589283e-06
282.680 -7.38627083e-06 -1.57666585e-05
282.840  3.14446079e-06 -1.70128940e-05
283.000  1.23693782e-05 -1.19234912e-05
283.159  1.68673555e-05 -2.47966310e-06
283.319  1.50322582e-05  7.73681317e-06
283.479  7.64772445e-06  1.49066319e-05
283.639 -2.44167997e-06  1.64107109e-05
283.798 -1.14266622e-05  1.17916238e-05
283.958 -1.59797780e-05  2.88800484e-06
284.118 -1.44943766e-05 -6.89249077e-06
284.277 -7.65343532e-06 -1.38821892e-05
284.437  1.86845331e-06 -1.55357486e-05
284.597  1.04503614e-05 -1.13606839e-05
284.757  1.49074484e-05 -3.06126267e-06
284.916  1.36765440e-05  6.14986064e-06
285.076  7.36898783e-06  1.27975188e-05
285.236 -1.50874568e-06  1.44574345e-05
285.395 -9.54862896e-06  1.06454710e-05
285.555 -1.37491487e-05  2.95527706e-06
285.715 -1.26391111e-05 -5.59892789e-06
285.874 -6.79851755e-06 -1.17602168e-05
286.034  1.41629819e-06 -1.32687581e-05
286.194  8.81581059e-06 -9.69693936e-06
286.354  1.26111031e-05 -2.56304835e-06
286.513  1.14688390e-05  5.30172268e-06
286.673  5.98256612e-06  1.08678946e-05
286.833 -1.60861319e-06  1.20741129e-05
286.992 -8.32110980e-06  8.59425934e-06
287.152 -1.15938098e-05  1.91455891e-06
287.312 -1.02668550e-05 -5.28531368e-06
287.472 -4.99182789e-06 -1.01967151e-05
287.631  2.06568411e-06 -1.09756623e-05
287.791  8.10115679e-06 -7.43385161e-06
287.951  1.07796223e-05 -1.07215594e-06
288.110  9.13527634e-06  5.53987491e-06
288.270  3.91767598e-06  9.79270437e-06
288.430 -2.73388398e-06  1.00603042e-05
288.590 -8.15677788e-06  6.31705623e-06
288.749 -1.02227053e-05  1.21705396e-07
288.909 -8.16458223e-06 -6.02151245e-06
289.069 -2.86023277e-06 -9.66671228e-06
289.228  3.53419970e-06 -9.38934037e-06
289.388  8.45392024e-06 -5.33761040e-06
289.548  9.94308209e-06  8.39295589e-07
289.707  7.42307417e-06  6.65887624e-06
289.867  1.91530301e-06  9.79398524e-06
290.027 -4.37310300e-06  8.99204749e-06
290.187 -8.92875721e-06  4.57007964e-06
290.346 -9.92558120e-06 -1.71457862e-06
290.506 -6.94914878e-06 -7.36267873e-06
290.666 -1.16217347e-06 -1.01186422e-05
290.825  5.15447247e-06 -8.86332786e-06
290.985  9.49670676e-06 -4.06080001e-06
291.145  1.01232799e-05  2.42095165e-06
291.305  6.74718718e-06  8.03734694e-06
291.464  6.54264967e-07  1.05621336e-05
291.624 -5.79145580e-06  8.96531308e-06
291.784 -1.00641156e-05  3.82290574e-06
291.943 -1.04644145e-05 -2.89793715e-06
292.103 -6.78791255e-06 -8.59350539e-06
292.263 -4.13665906e-07 -1.10339738e-05
292.422  6.21719235e-06 -9.23290114e-06
292.582  1.05405716e-05 -3.83610234e-06
292.742  1.08618886e-05  3.11456748e-06
292.902  7.01338392e-06  8.95933649e-06
293.061  4.29603992e-07  1.14432196e-05
293.221 -6.39291729e-06  9.58288463e-06
293.381 -1.08499726e-05  4.05065583e-06
293.540 -1.12246134e-05 -3.07262112e-06
293.700 -7.34562091e-06 -9.08897454e-06
293.860 -6.60670379e-07 -1.17096640e-05
294.020  6.31199824e-06 -9.92538758e-06
294.179  1.09392795e-05 -4.39454178e-06
294.339  1.14693834e-05  2.80554228e-06
294.499  7.69714718e-06  8.96705685e-06
294.658  1.04072103e-06  1.17737248e-05
294.818 -5.99940454e-06  1.01756077e-05
294.978 -1.07844231e-05  4.78289375e-06
295.137 -1.15314058e-05 -2.37299479e-06
295.297 -7.98200034e-06 -8.60948769e-06
295.457 -1.48806185e-06 -1.16036248e-05
295.617  5.50723456e-06 -1.02641045e-05
295.776  1.03927155e-05 -5.12899301e-06
295.936  1.13717663e-05  1.85213636e-06
296.096  8.12624837e-06  8.06066130e-06
296.255  1.91659092e-06  1.11985486e-05
296.415 -4.90739281e-06  1.01446945e-05
296.575 -9.80111422e-06  5.35552471e-06
296.735 -1.09811170e-05 -1.32730637e-06
296.894 -8.07705979e-06 -7.38725468e-06
297.054 -2.24695188e-06 -1.05874144e-05
297.214  4.28224796e-06 -9.79950685e-06
297.373  9.07038914e-06 -5.40427982e-06
297.533  1.03797347e-05  8.79513022e-07
297.693  7.80899348e-06  6.66904604e-06
297.852  2.41604429e-06  9.82398927e-06
298.012 -3.71402721e-06  9.24062881e-06
298.172 -8.27635488e-06  5.24272821e-06
298.332 -9.61425322e-06 -5.76594859e-07
298.491 -7.32632809e-06 -5.98810269e-06
298.651 -2.38408585e-06 -8.97944615e-06
298.811  3.27419441e-06 -8.50777220e-06
298.970  7.49983377e-06 -4.86688880e-06
299.130  8.75121255e-06  4.64956988e-07
299.290  6.66120192e-06  5.41823886e-06
299.450  2.13886019e-06  8.13317783e-06
299.609 -3.01456361e-06  7.66212228e-06
299.769 -6.81665938e-06  4.30074436e-06
299.929 -7.86793072e-06 -5.64132550e-07
300.088 -5.86837640e-06 -5.01627297e-06
300.248 -1.69664690e-06 -7.36260193e-06
300.408  2.96158771e-06 -6.77758063e-06
300.567  6.28851946e-06 -3.59254144e-06
300.727  7.04206039e-06  8.65230329e-07
300.887  5.01773053e-06  4.81577281e-06
301.047  1.09935510e-06  6.73318407e-06
301.206 -3.11425351e-06  5.93104202e-06
301.366 -5.95547685e-06  2.80815316e-06
301.526 -6.34166785e-06 -1.33336482e-06
301.685 -4.18526889e-06 -4.82357284e-06
301.845 -4.08111168e-07 -6.29035306e-06
302.005  3.44525598e-06 -5.19293087e-06
302.165  5.83134763e-06 -2.02205186e-06
302.324  5.81724976e-06  1.91318326e-06
302.484  3.44336352e-06  5.01950513e-06
302.644 -3.05434615e-07  6.05461423e-06
302.803 -3.90507089e-06  4.61872035e-06
302.963 -5.90287052e-06  1.30726309e-06
303.123 -5.49625305e-06 -2.53638600e-06
303.282 -2.85142445e-06 -5.35974228e-06
303.442  9.68487468e-07 -6.02016139e-06
303.602  4.42872744e-06 -4.24221827e-06
303.762  6.13264809e-06 -7.26076283e-07
303.921  5.38031451e-06  3.13048616e-06
304.081  2.44859964e-06  5.78341014e-06
304.241 -1.51602611e-06  6.15658009e-06
304.400 -4.94469096e-06  4.07171825e-06
304.560 -6.46490604e-06  3.22801881e-07
304.720 -5.44559832e-06 -3.62811503e-06
304.880 -2.24967333e-06 -6.22117490e-06
305.039  1.89861674e-06 -6.41324072e-06
305.199  5.38448681e-06 -4.08984043e-06
305.359  6.83298248e-06 -1.19035455e-07
305.518  5.64655773e-06  3.97570172e-06
305.678  2.24434279e-06  6.60424830e-06
305.838 -2.08838826e-06  6.72615357e-06
305.998 -5.69135564e-06  4.25692112e-06
306.157 -7.16782419e-06  1.11570777e-07
306.317 -5.92269389e-06 -4.14001290e-06
306.477 -2.39939485e-06 -6.87275573e-06
306.636  2.08214937e-06 -7.02667021e-06
306.796  5.82677370e-06 -4.51695125e-06
306.956  7.40682275e-06 -2.73292033e-07
307.115  6.20699241e-06  4.11150910e-06
307.275  2.66336357e-06  6.98289327e-06
307.435 -1.90093339e-06  7.25066224e-06
307.595 -5.77448275e-06  4.80498954e-06
307.754 -7.50185045e-06  5.57295915e-07
307.914 -6.43453269e-06 -3.90445725e-06
308.074 -2.97342227e-06 -6.91219376e-06
308.233  1.58621666e-06 -7.34654401e-06
308.393  5.54194818e-06 -5.05536785e-06
308.553  7.42506239e-06 -9.03744500e-07
308.713  6.55030035e-06  3.55433595e-06
308.872  3.26386568e-06  6.66195525e-06
309.032 -1.19385601e-06  7.28109183e-06
309.192 -5.15896743e-06  5.21004592e-06
309.351 -7.17155136e-06  1.24811192e-06
309.511 -6.51570304e-06 -3.11296522e-06
309.671 -3.47482678e-06 -6.25622510e-06
309.830  7.86790491e-07 -7.04280421e-06
309.990  4.67324115e-06 -5.22600908e-06
310.150  6.75890088e-06 -1.52937601e-06
310.310  6.31315590e-06  2.64162344e-06
310.469  3.55966913e-06  5.73768484e-06
310.629 -4.27153516e-07  6.64277948e-06
310.789 -4.14347705e-06  5.08036077e-06
310.948 -6.22422695e-06  1.69727611e-06
311.108 -5.94786576e-06 -2.20281510e-06
311.268 -3.49012925e-06 -5.16151123e-06
311.428  1.68407742e-07 -6.11287432e-06
311.587  3.63136837e-06 -4.77231650e-06
311.747  5.61914381e-06 -1.71820146e-06
311.907  5.44630702e-06  1.85203281e-06
312.066  3.25904422e-06  4.58823193e-06
312.226 -4.85766979e-08  5.50102284e-06
312.386 -3.19383673e-06  4.32225053e-06
312.545 -5.00293095e-06  1.57912888e-06
312.705 -4.85182679e-06 -1.63098686e-06
312.865 -2.88069434e-06 -4.07617438e-06
313.025  8.58344502e-08 -4.86434087e-06
313.184  2.87632719e-06 -3.76842326e-06
313.344  4.43457978e-06 -1.28880401e-06
313.504  4.21847633e-06  1.56311641e-06
313.663  2.38856218e-06  3.67409763e-06
313.823 -2.77128980e-07  4.26136281e-06
313.983 -2.70752806e-06  3.16183037e-06
314.143 -3.96504418e-06  8.75761951e-07
314.302 -3.60405179e-06 -1.65145487e-06
314.462 -1.83044764e-06 -3.41503998e-06
314.622  5.99593080e-07 -3.74473027e-06
314.781  2.69605018e-06 -2.55945574e-06
314.941  3.63108340e-06 -3.83702745e-07
315.101  3.06289848e-06  1.87877813e-06
315.260  1.26161588e-06  3.31256172e-06
315.420 -1.01408159e-06  3.35503466e-06
315.580 -2.82980391e-06  2.01662165e-06
315.740 -3.45139802e-06 -1.34664443e-07
315.899 -2.63903986e-06 -2.21019688e-06
316.059 -7.37318221e-07 -3.35994251e-06
316.219  1.47039766e-06 -3.11612435e-06
316.378  3.07838517e-06 -1.57973460e-06
316.538  3.42505060e-06  6.24366754e-07
316.698  2.36062748e-06  2.59819876e-06
316.858  3.05936230e-07  3.53200058e-06
317.017 -1.91391935e-06  3.03236698e-06
317.177 -3.39787964e-06  1.28072777e-06
317.337 -3.53205898e-06 -1.03499550e-06
317.496 -2.23680386e-06 -2.98941917e-06
317.656 -3.36166040e-09 -3.78884869e-06
317.816  2.29292668e-06 -3.08854182e-06
317.975  3.73696786e-06 -1.13379296e-06
318.135  3.73629423e-06  1.32708069e-06
318.295  2.25743066e-06  3.33181209e-06
318.455 -1.51131758e-07  4.08115511e-06
318.614 -2.56535708e-06  3.25258224e-06
318.774 -4.04343182e-06  1.13431562e-06
318.934 -3.99063565e-06 -1.47705788e-06
319.093 -2.39526797e-06 -3.58104705e-06
319.253  1.57077713e-07 -4.35662094e-06
319.413  2.70377927e-06 -3.48051475e-06
319.573  4.27060463e-06 -1.25987032e-06
319.732  4.24362500e-06  1.47981694e-06
319.892  2.60990421e-06  3.70560220e-06
320.052 -3.24534336e-08  4.56696591e-06
320.211 -2.69809694e-06  3.72247601e-06
320.371 -4.38325349e-06  1.47337806e-06
320.531 -4.44630952e-06 -1.34848848e-06
320.690 -2.85301509e-06 -3.69035404e-06
320.850 -1.89371978e-07 -4.67418638e-06
321.010  2.55613862e-06 -3.92896001e-06
321.170  4.36198243e-06 -1.72833347e-06
321.329  4.55817743e-06  1.11195013e-06
321.489  3.07466402e-06  3.53825265e-06
321.649  4.64666822e-07  4.65496283e-06
321.808 -2.30230390e-06  4.05688170e-06
321.968 -4.20522751e-06  1.97530968e-06
322.128 -4.55173863e-06 -8.10765542e-07
322.288 -3.22993321e-06 -3.26952981e-06
322.447 -7.45233826e-07 -4.50283127e-06
322.607  1.97418906e-06 -4.07497528e-06
322.767  3.92860039e-06 -2.16845714e-06
322.926  4.41560093e-06  4.91961439e-07
323.086  3.28468621e-06  2.91838381e-06
323.246  9.84378667e-07  4.22833769e-06
323.406 -1.61732710e-06  3.96765405e-06
323.565 -3.56212565e-06  2.27097855e-06
323.725 -4.15566699e-06 -2.02928037e-07
323.885 -3.21942928e-06 -2.52790046e-06
324.044 -1.14258364e-06 -3.85736702e-06
324.204  1.27886034e-06 -3.73648604e-06
324.364  3.14608758e-06 -2.25921250e-06
324.523  3.79395546e-06 -1.48461098e-08
324.683  3.03098261e-06  2.14430602e-06
324.843  1.19242973e-06  3.42759276e-06
325.003 -1.00139961e-06  3.39913764e-06
325.162 -2.72587454e-06  2.12522346e-06
325.322 -3.36506611e-06  1.31047106e-07
325.482 -2.73223809e-06 -1.81129155e-06
325.641 -1.12193643e-06 -2.98321911e-06
325.801  8.18005833e-07 -2.98638372e-06
325.961  2.34610047e-06 -1.87755442e-06
326.121  2.91108865e-06 -1.29871614e-07
326.280  2.35021080e-06  1.56473157e-06
326.440  9.35552189e-07  2.56885700e-06
326.600 -7.48585898e-07  2.53789935e-06
326.759 -2.04471342e-06  1.53970227e-06
326.919 -2.47603104e-06  1.12316512e-08
327.079 -1.92235027e-06 -1.42822618e-06
327.238 -6.52739250e-07 -2.22375009e-06
327.398  7.97761608e-07 -2.09719829e-06
327.558  1.84820413e-06 -1.14640356e-06
327.718  2.10044868e-06  2.09847242e-07
327.877  1.49131746e-06  1.41025805e-06
328.037  3.04797245e-07  1.97720696e-06
328.197 -9.54526388e-07  1.70599338e-06
328.356 -1.76877202e-06  7.38566147e-07
328.516 -1.81655342e-06 -5.05413328e-07
328.676 -1.09908523e-06 -1.50365173e-06
328.836  6.93670805e-08 -1.84545649e-06
328.995  1.19407685e-06 -1.39868256e-06
329.155  1.80355395e-06 -3.57894628e-07
329.315  1.64420699e-06  8.38380838e-07
329.474  7.81538048e-07  1.68730766e-06
329.634 -4.28182457e-07  1.82994776e-06
329.794 -1.48166714e-06  1.19802886e-06
329.953 -1.93554793e-06  4.18329543e-08
330.113 -1.58854913e-06 -1.16768841e-06
330.273 -5.64345116e-07 -1.92952676e-06
330.433  7.32800136e-07 -1.91738160e-06
330.592  1.77762336e-06 -1.11280329e-06
330.752  2.13600331e-06  1.80940204e-07
330.912  1.63987196e-06  1.45395579e-06
331.071  4.60254544e-07  2.19223155e-06
331.231 -9.52228366e-07  2.08181082e-06
331.391 -2.04250155e-06  1.13741342e-06
331.551 -2.36828272e-06 -2.94082191e-07
331.710 -1.77563332e-06 -1.66450731e-06
331.870 -4.67795056e-07 -2.43576868e-06
332.030  1.06719412e-06 -2.28859842e-06
332.189  2.24182632e-06 -1.25311302e-06
332.349  2.59292961e-06  2.95512859e-07
332.509  1.96389346e-06  1.77706863e-06
332.668  5.71648629e-07  2.62403144e-06
332.828 -1.07204876e-06  2.49934865e-06
332.988 -2.35021503e-06  1.43055992e-06
333.148 -2.77306626e-06 -1.97160418e-07
333.307 -2.16749859e-06 -1.78205652e-06
333.467 -7.44982732e-07 -2.72921604e-06
333.627  9.74773323e-07 -2.67683279e-06
333.786  2.35452933e-06 -1.63371721e-06
333.946  2.87903953e-06  2.27061884e-08
334.106  2.34872429e-06  1.68350358e-06
334.266  9.53477699e-07  2.73523881e-06
334.425 -7.95518043e-07  2.78940524e-06
334.585 -2.25538291e-06  1.82480527e-06
334.745 -2.89170073e-06  1.95929736e-07
334.904 -2.47412472e-06 -1.49837819e-06
335.064 -1.16014869e-06 -2.63921743e-06
335.224  5.63909492e-07 -2.81475554e-06
335.383  2.06654161e-06 -1.96942871e-06
335.543  2.80430178e-06 -4.22709092e-07
335.703  2.51891318e-06  1.25405483e-06
335.863  1.33002543e-06  2.45114249e-06
336.022 -3.15138858e-07  2.74265794e-06
336.182 -1.81246271e-06  2.04084554e-06
336.342 -2.62307532e-06  6.21943092e-07
336.501 -2.46995097e-06 -9.84249842e-07
336.661 -1.43424523e-06 -2.19220008e-06
336.821  8.51464216e-08 -2.57608738e-06
336.981  1.52473427e-06 -2.02284465e-06
337.140  2.36627898e-06 -7.62862124e-07
337.300  2.32683044e-06  7.24331542e-07
337.460  1.45344196e-06  1.89197440e-06
337.619  9.42237333e-08  2.33030715e-06
337.779 -1.23804070e-06  1.91127181e-06
337.939 -2.06150152e-06  8.23625197e-07
338.098 -2.10124555e-06 -5.06897248e-07
338.258 -1.38011256e-06 -1.58455149e-06
338.418 -1.99120353e-07 -2.03023702e-06
338.578  9.85884202e-07 -1.71429325e-06
338.737  1.74159101e-06 -7.93897634e-07
338.897  1.81512905e-06  3.58001922e-07
339.057  1.21936770e-06  1.30385895e-06
339.216  2.16175962e-07  1.70687551e-06
339.376 -7.96298820e-07  1.45119523e-06
339.536 -1.44011741e-06  6.75563167e-07
339.696 -1.49777931e-06 -2.94120948e-07
339.855 -9.87739727e-07 -1.07910932e-06
340.015 -1.43686589e-07 -1.39337148e-06
340.175  6.88205161e-07 -1.14955703e-06
340.334  1.18721408e-06 -4.81824691e-07
340.494  1.18200273e-06  3.20147594e-07
340.654  7.10412173e-07  9.31270480e-07
340.814 -8.41335432e-09  1.12094608e-06
340.973 -6.69225517e-07  8.41198654e-07
341.133 -1.00612456e-06  2.35186789e-07
341.293 -8.99624759e-07 -4.28980274e-07
341.452 -4.17651459e-07 -8.70943358e-07
341.612  2.19966537e-07 -9.14891831e-07
341.772  7.35315309e-07 -5.57813201e-07
341.931  9.10504310e-07  3.54671527e-08
342.091  6.77226651e-07  6.02963108e-07
342.251  1.41002454e-07  8.97504619e-07
342.411 -4.63523328e-07  7.91283056e-07
342.570 -8.71901326e-07  3.27078307e-07
342.730 -9.02761918e-07 -2.98672475e-07
342.890 -5.32974786e-07 -8.16763856e-07
343.049  9.05809796e-08 -9.99392795e-07
343.209  7.08350034e-07 -7.55164176e-07
343.369  1.05602509e-06 -1.69515217e-07
343.529  9.73957549e-07  5.24687747e-07
343.688  4.74848787e-07  1.04090855e-06
343.848 -2.54451808e-07  1.15571024e-06
344.008 -9.24611774e-07  8.00497229e-07
344.167 -1.25929088e-06  9.61157384e-08
344.327 -1.10546101e-06 -6.89461898e-07
344.487 -5.00081785e-07 -1.24544674e-06
344.646  3.37214243e-07 -1.33922973e-06
344.806  1.08698818e-06 -9.11509233e-07
344.966  1.45158440e-06 -1.07006364e-07
345.126  1.27190829e-06  7.77455824e-07
345.285  5.95681055e-07  1.40360577e-06
345.445 -3.36182417e-07  1.52033621e-06
345.605 -1.17750921e-06  1.06493412e-06
345.764 -1.60518150e-06  1.91631281e-07
345.924 -1.44468021e-06 -7.83083266e-07
346.084 -7.40188912e-07 -1.49522394e-06
346.244  2.59144190e-07 -1.67101251e-06
346.403  1.18761791e-06 -1.23296349e-06
346.563  1.69841889e-06 -3.30598492e-07
346.723  1.59541555e-06  7.10997102e-07
346.882  9.06739653e-07  1.50936094e-06
347.042 -1.22833317e-07  1.76818101e-06
347.202 -1.11920427e-06  1.38686965e-06
347.361 -1.71817761e-06  4.98687606e-07
347.521 -1.69944579e-06 -5.75360334e-07
347.681 -1.06691466e-06 -1.44542454e-06
347.841 -4.93855680e-08 -1.79624324e-06
348.000  9.84163608e-07 -1.50090962e-06
348.160  1.66101279e-06 -6.68252871e-07
348.320  1.73894915e-06  3.97951837e-07
348.479  1.19452066e-06  1.31267221e-06
348.639  2.30450119e-07  1.74884768e-06
348.799 -8.02390632e-07  1.55570049e-06
348.959 -1.53319047e-06  8.12573269e-07
349.118 -1.70523974e-06 -2.05083072e-07
349.278 -1.26865855e-06 -1.12853041e-06
349.438 -3.93113040e-07 -1.62964249e-06
349.597  5.98745372e-07 -1.54037746e-06
349.757  1.34977481e-06 -9.09065357e-07
349.917  1.59958295e-06  2.38472289e-08
350.076  1.27597636e-06  9.16229777e-07
350.236  5.13634435e-07  1.45160041e-06
350.396 -3.99743380e-07  1.45343225e-06
350.556 -1.13262486e-06  9.42163176e-07
350.715 -1.43246122e-06  1.21443613e-07
350.875 -1.21215830e-06 -7.01907931e-07
351.035 -5.74865104e-07 -1.23487973e-06
351.194  2.30377069e-07 -1.30252394e-06
351.354  9.07306470e-07 -9.05299474e-07
351.514  1.22176605e-06 -2.12057082e-07
351.674  1.08241680e-06  5.11219319e-07
351.833  5.68092170e-07  1.00378688e-06
351.993 -1.11125678e-07  1.10340601e-06
352.153 -6.99461328e-07  8.01430959e-07
352.312 -9.90405183e-07  2.36818098e-07
352.472 -9.00608486e-07 -3.65859518e-07
352.632 -4.93606767e-07 -7.83575050e-07
352.791  5.53428394e-08 -8.77836539e-07
352.951  5.31465233e-07 -6.42093418e-07
353.111  7.63457470e-07 -1.93335206e-07
353.271  6.86986966e-07  2.80769313e-07
353.430  3.60311449e-07  5.97443571e-07
353.590 -6.75693581e-08  6.50505341e-07
353.750 -4.19895314e-07  4.45490996e-07
353.909 -5.64915773e-07  8.82526553e-08
354.069 -4.65183303e-07 -2.62587081e-07
354.229 -1.84509548e-07 -4.63769627e-07
354.389  1.43276879e-07 -4.45536077e-07
354.548  3.73815970e-07 -2.34095062e-07
354.708  4.14431101e-07  6.38192766e-08
354.868  2.59126105e-07  3.09331548e-07
355.027 -1.22499740e-08  3.93755890e-07
355.187 -2.69998794e-07  2.83369681e-07
355.347 -3.93798441e-07  3.18655849e-08
355.506 -3.24797908e-07 -2.42635688e-07
355.666 -9.02236522e-08 -4.10975506e-07
355.826  2.06212296e-07 -3.90022347e-07
355.986  4.29320696e-07 -1.78491379e-07
356.145  4.71888710e-07  1.38864247e-07
356.305  3.00689426e-07  4.25299629e-07
356.465 -2.51849057e-08  5.50772865e-07
356.624 -3.74769839e-07  4.46597999e-07
356.784 -5.99271510e-07  1.37967592e-07
356.944 -5.92839875e-07 -2.60422457e-07
357.104 -3.38570459e-07 -5.89209137e-07
357.263  7.79304766e-08 -7.07459289e-07
357.423  4.99351737e-07 -5.50213749e-07
357.583  7.57023051e-07 -1.60694524e-07
357.742  7.36505437e-07  3.22039120e-07
357.902  4.27430718e-07  7.14689350e-07
358.062 -6.71582371e-08  8.58242547e-07
358.222 -5.67443842e-07  6.82350911e-07
358.381 -8.81856422e-07  2.37566200e-07
358.541 -8.80767315e-07 -3.20843707e-07
358.701 -5.50207893e-07 -7.87325224e-07
358.860  1.09027566e-10 -9.82000948e-07
359.020  5.73814361e-07 -8.21605711e-07
359.180  9.57974915e-07 -3.52847649e-07
359.339  1.00434049e-06  2.61742555e-07
359.499  6.86015482e-07  7.99820461e-07
359.659  1.09312640e-07  1.06194514e-06
359.819 -5.21052947e-07  9.46298601e-07
359.978 -9.76479376e-07  4.86608945e-07
360.138 -1.08921773e-06 -1.56546681e-07
360.298 -8.13068789e-07 -7.52893290e-07
360.457 -2.42624634e-07 -1.08739334e-06
360.617  4.19221999e-07 -1.03728616e-06
360.777  9.36114319e-07 -6.17582903e-07
360.937  1.12279084e-06  2.24718380e-08
361.096  9.11720710e-07  6.54851599e-07
361.256  3.79090148e-07  1.05477315e-06
361.416 -2.84363625e-07  1.08055354e-06
361.575 -8.42955703e-07  7.25819486e-07
361.735 -1.09947769e-06  1.20099492e-07
361.895 -9.66896750e-07 -5.20044012e-07
362.054 -4.98227255e-07 -9.67965296e-07
362.214  1.36044432e-07 -1.06893390e-06
362.374  7.09419767e-07 -7.94943064e-07
362.534  1.02138539e-06 -2.50466667e-07
362.693  9.69634714e-07  3.66755090e-07
362.853  5.82462252e-07  8.37792916e-07
363.013  5.41778651e-09  1.00261967e-06
363.172 -5.52704220e-07  8.14067954e-07
363.332 -8.97699443e-07  3.50477673e-07
363.492 -9.17876914e-07 -2.14937365e-07
363.652 -6.19504299e-07 -6.80428776e-07
363.811 -1.21452343e-07 -8.88680372e-07
363.971  3.92555406e-07 -7.79204308e-07
364.131  7.43038975e-07 -4.06739956e-07
364.290  8.16635172e-07  8.38091966e-08
364.450  6.03819218e-07  5.14936811e-07
364.610  1.97306783e-07  7.39971505e-07
364.769 -2.48508589e-07  6.93704724e-07
364.929 -5.75350533e-07  4.11934718e-07
365.089 -6.77336481e-07  1.06374555e-08
365.249 -5.36922901e-07 -3.60595393e-07
365.408 -2.23763622e-07 -5.73533425e-07
365.568  1.37194632e-07 -5.67487411e-07
365.728  4.13706612e-07 -3.65414256e-07
365.887  5.16149122e-07 -5.77979191e-08
366.047  4.26748372e-07  2.34559283e-07
366.207  1.98336592e-07  4.08377604e-07
366.367 -7.03492557e-08  4.15315358e-07
366.526 -2.76017059e-07  2.73204670e-07
366.686 -3.51537552e-07  5.36943416e-08
366.846 -2.86472762e-07 -1.49971656e-07
367.005 -1.25516879e-07 -2.62825326e-07
367.165  5.37129157e-08 -2.54704622e-07
367.325  1.76698750e-07 -1.47225504e-07
367.484  2.01692417e-07 -1.06827742e-09
367.644  1.32889226e-07  1.14438345e-07
367.804  1.58496827e-08  1.51990580e-07
367.964 -8.66134172e-08  1.03799125e-07
368.123 -1.24723254e-07  3.55247767e-09
368.283 -8.23551623e-08 -9.13840828e-08
368.443  1.57754781e-08 -1.29029069e-07
368.602  1.15843856e-07 -8.60038697e-08
368.762  1.62109175e-07  2.07999816e-08
368.922  1.22599320e-07  1.39999523e-07
369.082  5.10891498e-09  2.10249925e-07
369.241 -1.42415905e-07  1.88215398e-07
369.401 -2.52529724e-07  6.91142344e-08
369.561 -2.67878785e-07 -1.06203251e-07
369.720 -1.66463914e-07 -2.66331094e-07
369.880  2.39651258e-08 -3.39040833e-07
370.040  2.33387794e-07 -2.80921955e-07
370.199  3.77001764e-07 -9.94366870e-08
370.359  3.88005168e-07  1.44983215e-07
370.519  2.46960590e-07  3.61070414e-07
370.679 -5.10142214e-09  4.60333155e-07
370.838 -2.80076426e-07  3.92344178e-07
370.998 -4.73931453e-07  1.69225568e-07
371.158 -5.05351181e-07 -1.35982622e-07
371.317 -3.50526506e-07 -4.14108887e-07
371.477 -5.52558423e-08 -5.58210160e-07
371.637  2.79605172e-07 -5.05970076e-07
371.797  5.31877250e-07 -2.65857236e-07
371.956  6.03892134e-07  8.40570585e-08
372.116  4.61033806e-07  4.20772189e-07
372.276  1.45613691e-07  6.20425037e-07
372.435 -2.34938369e-07  6.05529823e-07
372.595 -5.44840215e-07  3.73645787e-07
372.755 -6.70565250e-07  8.99524678e-10
372.914 -5.61878432e-07 -3.82461722e-07
373.074 -2.51271334e-07 -6.39769321e-07
373.234  1.54493311e-07 -6.76923107e-07
373.394  5.12876301e-07 -4.76165375e-07
373.553  6.96638415e-07 -1.05275865e-07
373.713  6.38304694e-07  3.06396655e-07
373.873  3.56289382e-07  6.14605121e-07
374.032 -5.10798082e-08  7.10071831e-07
374.192 -4.41689692e-07  5.58455316e-07
374.352 -6.78718654e-07  2.13373631e-07
374.512 -6.79392980e-07 -2.04360857e-07
374.671 -4.45343003e-07 -5.48833479e-07
374.831 -5.99328224e-08 -7.00289268e-07
374.991  3.41579316e-07 -6.08708832e-07
375.150  6.19234436e-07 -3.09436522e-07
375.310  6.79237040e-07  9.08540017e-08
375.470  5.05526340e-07  4.51406834e-07
375.630  1.62874131e-07  6.48710223e-07
375.789 -2.26097759e-07  6.19482225e-07
375.949 -5.26041600e-07  3.79853389e-07
376.109 -6.37313563e-07  1.88148872e-08
376.268 -5.28052441e-07 -3.35205626e-07
376.428 -2.43846069e-07 -5.61752192e-07
376.588  1.10442881e-07 -5.88551477e-07
376.747  4.11095255e-07 -4.14973468e-07
376.907  5.58331170e-07 -1.10279865e-07
377.067  5.09444902e-07  2.15201700e-07
377.227  2.92253945e-07  4.49999554e-07
377.386 -9.49586537e-09  5.19248707e-07
377.546 -2.88607830e-07  4.10101975e-07
377.706 -4.51658490e-07  1.71799828e-07
377.865 -4.51800180e-07 -1.06273763e-07
378.025 -3.01863974e-07 -3.26856192e-07
378.185 -6.42574702e-08 -4.19948216e-07
378.345  1.73214857e-07 -3.65721166e-07
378.504  3.30152548e-07 -1.95810141e-07
378.664  3.62133970e-07  2.12688713e-08
378.824  2.71519098e-07  2.06969343e-07
378.983  1.02372728e-07  3.02680524e-07
379.143 -7.83272979e-08  2.87235453e-07
379.303 -2.08332236e-07  1.79946349e-07
379.462 -2.51219892e-07  3.03740641e-08
379.622 -2.05343477e-07 -1.04342177e-07
379.782 -1.01270983e-07 -1.81312238e-07
379.942  1.45719084e-08 -1.84330529e-07
380.101  1.00277509e-07 -1.27153437e-07
380.261  1.32249847e-07 -4.35384742e-08
380.421  1.12125354e-07  3.03824685e-08
380.580  6.23256763e-08  6.97938422e-08
380.740  1.16166606e-08  6.97689614e-08
380.900 -1.78294427e-08  4.49353391e-08
381.060 -1.93011021e-08  1.80164721e-08
381.219 -3.89117595e-09  7.57766180e-09
381.379  8.48013104e-09  1.93787972e-08
381.539  1.13858437e-09  4.24118642e-08
381.698 -3.06348043e-08  5.58343658e-08
381.858 -7.44684357e-08  4.14042225e-08
382.018 -1.05877053e-07 -6.94424724e-09
382.177 -1.01247363e-07 -7.66015955e-08
382.337 -4.91855399e-08 -1.38905882e-07
382.497  4.09806010e-08 -1.62229318e-07
382.657  1.38640203e-07 -1.25643049e-07
382.816  2.03900914e-07 -3.01712974e-08
382.976  2.03381473e-07  9.64303324e-08
383.136  1.24671917e-07  2.08794890e-07
383.295 -1.37837644e-08  2.60747396e-07
383.455 -1.66851833e-07  2.22773283e-07
383.615 -2.78528692e-07  9.73665709e-08
383.775 -3.01353781e-07 -7.82972297e-08
383.934 -2.16743946e-07 -2.44623595e-07
384.094 -4.56856098e-08 -3.39022480e-07
384.254  1.57307053e-07 -3.19749699e-07
384.413  3.21047727e-07 -1.84677258e-07
384.573  3.82599822e-07  2.63595280e-08
384.733  3.12823613e-07  2.43048722e-07
384.892  1.28233210e-07  3.87506729e-07
385.052 -1.12636797e-07  4.03961223e-07
385.212 -3.26814325e-07  2.79795383e-07
385.372 -4.37024867e-07  5.13891364e-08
385.531 -4.00014451e-07 -2.05198078e-07
385.691 -2.22187380e-07 -4.00623723e-07
385.851  3.94290892e-08 -4.64529198e-07
386.010  2.95828601e-07 -3.69771019e-07
386.170  4.57927165e-07 -1.44307279e-07
386.330  4.66706523e-07  1.36564908e-07
386.490  3.15051953e-07  3.77131987e-07
386.649  5.25177315e-08  4.93488658e-07
386.809 -2.32473494e-07  4.42786162e-07
386.969 -4.42519994e-07  2.40324162e-07
387.128 -5.04110360e-07 -4.61888139e-08
387.288 -3.94935362e-07 -3.19890924e-07
387.448 -1.51390705e-07 -4.86777453e-07
387.607  1.44584173e-07 -4.89497038e-07
387.767  3.92187957e-07 -3.27255507e-07
387.927  5.07241237e-07 -5.47696840e-08
388.087  4.51709707e-07  2.35348902e-07
388.246  2.44982347e-07  4.44672275e-07
388.406 -4.22892725e-08  5.03798138e-07
388.566 -3.12302529e-07  3.94282881e-07
388.725 -4.75137221e-07  1.54584847e-07
388.885 -4.78048535e-07 -1.32795725e-07
389.045 -3.22318615e-07 -3.71427312e-07
389.205 -6.31283374e-08 -4.83213375e-07
389.364  2.11370241e-07 -4.33322369e-07
389.524  4.10535421e-07 -2.42249993e-07
389.684  4.70265542e-07  2.32104885e-08
389.843  3.74819525e-07  2.74315941e-07
390.003  1.60434622e-07  4.29048999e-07
390.163 -9.96497132e-08  4.39827200e-07
390.322 -3.19327245e-07  3.08476688e-07
390.482 -4.28606972e-07  8.22521853e-08
390.642 -3.96888373e-07 -1.62519226e-07
390.802 -2.39773530e-07 -3.46134697e-07
390.961 -1.22833454e-08 -4.12852425e-07
391.121  2.09823308e-07 -3.46568200e-07
391.281  3.56791259e-07 -1.73717921e-07
391.440  3.86158369e-07  4.60865302e-08
391.600  2.93845253e-07  2.41949763e-07
391.760  1.14650454e-07  3.54637486e-07
391.920 -9.16638890e-08  3.53087835e-07
392.079 -2.61029654e-07  2.43545316e-07
392.239 -3.43530807e-07  6.51299077e-08
392.399 -3.18503965e-07 -1.25299530e-07
392.558 -1.99282163e-07 -2.70028030e-07
392.718 -2.55633037e-08 -3.27991075e-07
392.878  1.48973023e-07 -2.86714291e-07
393.038  2.72834667e-07 -1.62623744e-07
393.197  3.12648423e-07  5.02283489e-09
393.357  2.60296318e-07  1.65757781e-07
393.517  1.33576831e-07  2.74054436e-07
393.676 -2.87885607e-08  3.00901197e-07
393.836 -1.79930535e-07  2.40188363e-07
393.996 -2.77692194e-07  1.10925910e-07
394.155 -2.94562797e-07 -4.94337224e-08
394.315 -2.26112881e-07 -1.95868234e-07
394.475 -9.17442358e-08 -2.86375103e-07
394.635  7.14533809e-08 -2.94273770e-07
394.794  2.16935763e-07 -2.16068233e-07
394.954  3.01642462e-07 -7.16936996e-08
395.114  2.99074993e-07  9.88397120e-08
395.273  2.06169039e-07  2.45551487e-07
395.433  4.63234535e-08  3.23666010e-07
395.593 -1.34854079e-07  3.05843895e-07
395.753 -2.83074563e-07  1.91752836e-07
395.912 -3.50394678e-07  1.16090163e-08
396.072 -3.10040765e-07 -1.82055131e-07
396.232 -1.68187417e-07 -3.28806352e-07
396.391  3.61540011e-08 -3.77824156e-07
396.551  2.41313846e-07 -3.06683140e-07
396.711  3.79738413e-07 -1.30767740e-07
396.870  4.00993090e-07  9.95180115e-08
397.030  2.90324504e-07  3.11074609e-07
397.190  7.52943864e-08  4.31404936e-07
397.350 -1.78766511e-07  4.14098616e-07
397.509 -3.87907081e-07  2.55331134e-07
397.669 -4.78151129e-07 -5.97198178e-10
397.829 -4.10478378e-07 -2.72046735e-07
397.988 -1.97227746e-07 -4.66897709e-07
398.148  9.70936266e-08 -5.12874692e-07
398.308  3.75812418e-07 -3.83777724e-07
398.468  5.41236893e-07 -1.13496639e-07
398.627  5.27851357e-07  2.12597225e-07
398.787  3.29108020e-07  4.84354755e-07
398.947  3.34100471e-09  6.02596073e-07
399.106 -3.43290250e-07  5.16090771e-07
399.266 -5.89695568e-07  2.43058084e-07
399.426 -6.42479316e-07 -1.31976624e-07
399.585 -4.71648144e-07 -4.82582943e-07
399.745 -1.23906394e-07 -6.82724857e-07
