#% 0, Z0, m, 0.0
#% 1, Z, km
#% 2, U, m/s
#% 3, V, m/s
#% 4, W, m/s
#% 5, T, degK
#% 6, RHO, g/cm3
#% 7, P, mbar
#31.7668     37.1627     49.759      299.453     625         
    0.000    3.832   -0.137    0.000    285.796  1.2370e-03  1.0146e+03
    0.200    3.874   -0.129    0.000    284.586  1.2129e-03  9.9067e+02
    0.400    3.837   -0.093    0.000    283.370  1.1893e-03  9.6724e+02
    0.600    3.862   -0.051    0.000    282.132  1.1661e-03  9.4425e+02
    0.800    4.789   -0.367    0.000    281.254  1.1419e-03  9.2173e+02
    1.000    6.671   -1.329    0.000    281.079  1.1153e-03  8.9972e+02
    1.200    7.416   -2.198    0.000    280.404  1.0912e-03  8.7817e+02
    1.400    7.413   -2.617    0.000    279.472  1.0686e-03  8.5709e+02
    1.600    7.365   -2.777    0.000    278.430  1.0467e-03  8.3642e+02
    1.800    7.428   -2.804    0.000    277.377  1.0253e-03  8.1619e+02
    2.000    7.573   -2.643    0.000    276.418  1.0038e-03  7.9637e+02
    2.200    7.810   -2.271    0.000    275.468  9.8273e-04  7.7694e+02
    2.400    8.055   -1.783    0.000    274.330  9.6265e-04  7.5792e+02
    2.600    8.335   -1.246    0.000    273.094  9.4323e-04  7.3929e+02
    2.800    8.635   -0.713    0.000    271.879  9.2405e-04  7.2103e+02
    3.000    8.902   -0.236    0.000    270.681  9.0513e-04  7.0315e+02
    3.200    9.167    0.159    0.000    269.379  8.8684e-04  6.8563e+02
    3.400    9.483    0.459    0.000    267.983  8.6912e-04  6.6845e+02
    3.600    9.913    0.660    0.000    266.525  8.5188e-04  6.5163e+02
    3.800   10.513    0.770    0.000    264.992  8.3513e-04  6.3514e+02
    4.000   11.260    0.838    0.000    263.422  8.1872e-04  6.1897e+02
    4.200   12.099    0.926    0.000    261.864  8.0250e-04  6.0312e+02
    4.400   12.954    1.099    0.000    260.344  7.8641e-04  5.8759e+02
    4.600   13.676    1.359    0.000    258.844  7.7048e-04  5.7238e+02
    4.800   14.139    1.683    0.000    257.330  7.5482e-04  5.5746e+02
    5.000   14.349    2.057    0.000    255.788  7.3947e-04  5.4285e+02
    5.200   14.325    2.462    0.000    254.206  7.2446e-04  5.2855e+02
    5.400   14.079    2.881    0.000    252.580  7.0979e-04  5.1453e+02
    5.600   13.699    3.295    0.000    250.915  6.9543e-04  5.0079e+02
    5.800   13.314    3.679    0.000    249.229  6.8131e-04  4.8734e+02
    6.000   13.094    3.972    0.000    247.569  6.6733e-04  4.7415e+02
    6.200   13.185    4.128    0.000    245.974  6.5338e-04  4.6125e+02
    6.400   13.620    4.185    0.000    244.427  6.3951e-04  4.4862e+02
    6.600   14.393    4.192    0.000    242.904  6.2579e-04  4.3626e+02
    6.800   15.453    4.167    0.000    241.404  6.1222e-04  4.2416e+02
    7.000   16.725    4.126    0.000    239.917  5.9882e-04  4.1232e+02
    7.200   18.089    4.071    0.000    238.408  5.8569e-04  4.0075e+02
    7.400   19.419    3.995    0.000    236.846  5.7290e-04  3.8943e+02
    7.600   20.615    3.830    0.000    235.243  5.6041e-04  3.7836e+02
    7.800   21.593    3.504    0.000    233.622  5.4815e-04  3.6753e+02
    8.000   22.377    3.059    0.000    231.992  5.3609e-04  3.5694e+02
    8.200   23.060    2.607    0.000    230.355  5.2423e-04  3.4658e+02
    8.400   23.743    2.208    0.000    228.737  5.1252e-04  3.3646e+02
    8.600   24.549    1.842    0.000    227.206  5.0080e-04  3.2656e+02
    8.800   25.579    1.500    0.000    225.825  4.8895e-04  3.1690e+02
    9.000   26.802    1.279    0.000    224.624  4.7693e-04  3.0746e+02
    9.200   28.138    1.318    0.000    223.615  4.6475e-04  2.9826e+02
    9.400   29.529    1.674    0.000    222.806  4.5243e-04  2.8931e+02
    9.600   30.983    2.220    0.000    222.184  4.4002e-04  2.8059e+02
    9.800   32.514    2.799    0.000    221.736  4.2760e-04  2.7212e+02
   10.000   34.105    3.301    0.000    221.433  4.1523e-04  2.6389e+02
   10.200   35.695    3.681    0.000    221.226  4.0304e-04  2.5590e+02
   10.400   37.215    3.901    0.000    221.063  3.9112e-04  2.4815e+02
   10.600   38.612    3.959    0.000    220.908  3.7953e-04  2.4063e+02
   10.800   39.862    3.933    0.000    220.763  3.6827e-04  2.3333e+02
   11.000   40.945    3.907    0.000    220.633  3.5730e-04  2.2625e+02
   11.200   41.847    3.961    0.000    220.525  3.4662e-04  2.1938e+02
   11.400   42.606    4.137    0.000    220.455  3.3620e-04  2.1271e+02
   11.600   43.282    4.460    0.000    220.441  3.2600e-04  2.0625e+02
   11.800   43.936    4.957    0.000    220.504  3.1601e-04  1.9999e+02
   12.000   44.620    5.626    0.000    220.642  3.0623e-04  1.9392e+02
   12.200   45.362    6.365    0.000    220.779  2.9676e-04  1.8804e+02
   12.400   46.180    7.049    0.000    220.819  2.8770e-04  1.8233e+02
   12.600   47.095    7.548    0.000    220.665  2.7916e-04  1.7679e+02
   12.800   48.121    7.748    0.000    220.229  2.7120e-04  1.7142e+02
   13.000   49.223    7.649    0.000    219.520  2.6378e-04  1.6619e+02
   13.200   50.332    7.333    0.000    218.608  2.5678e-04  1.6111e+02
   13.400   51.379    6.880    0.000    217.566  2.5010e-04  1.5617e+02
   13.600   52.294    6.370    0.000    216.464  2.4363e-04  1.5136e+02
   13.800   53.012    5.879    0.000    215.372  2.3729e-04  1.4667e+02
   14.000   53.493    5.428    0.000    214.328  2.3104e-04  1.4212e+02
   14.200   53.713    5.010    0.000    213.355  2.2484e-04  1.3768e+02
   14.400   53.648    4.615    0.000    212.473  2.1869e-04  1.3335e+02
   14.600   53.275    4.235    0.000    211.705  2.1255e-04  1.2915e+02
   14.800   52.569    3.860    0.000    211.072  2.0643e-04  1.2505e+02
   15.000   51.523    3.485    0.000    210.589  2.0030e-04  1.2106e+02
   15.200   50.188    3.116    0.000    210.234  1.9422e-04  1.1719e+02
   15.400   48.634    2.764    0.000    209.980  1.8823e-04  1.1343e+02
   15.600   46.930    2.440    0.000    209.799  1.8236e-04  1.0980e+02
   15.800   45.145    2.153    0.000    209.661  1.7665e-04  1.0630e+02
   16.000   43.348    1.913    0.000    209.539  1.7114e-04  1.0292e+02
   16.200   41.608    1.732    0.000    209.403  1.6585e-04  9.9674e+01
   16.400   39.976    1.615    0.000    209.235  1.6079e-04  9.6557e+01
   16.600   38.451    1.555    0.000    209.036  1.5595e-04  9.3559e+01
   16.800   37.020    1.544    0.000    208.814  1.5129e-04  9.0669e+01
   17.000   35.672    1.574    0.000    208.577  1.4680e-04  8.7876e+01
   17.200   34.396    1.635    0.000    208.332  1.4245e-04  8.5172e+01
   17.400   33.179    1.720    0.000    208.086  1.3822e-04  8.2549e+01
   17.600   32.011    1.820    0.000    207.848  1.3411e-04  7.9999e+01
   17.800   30.880    1.925    0.000    207.624  1.3008e-04  7.7515e+01
   18.000   29.774    2.028    0.000    207.422  1.2614e-04  7.5091e+01
   18.200   28.681    2.120    0.000    207.250  1.2226e-04  7.2722e+01
   18.400   27.590    2.192    0.000    207.115  1.1844e-04  7.0402e+01
   18.600   26.491    2.237    0.000    207.023  1.1467e-04  6.8129e+01
   18.800   25.387    2.252    0.000    206.975  1.1095e-04  6.5905e+01
   19.000   24.286    2.239    0.000    206.969  1.0730e-04  6.3735e+01
   19.200   23.194    2.199    0.000    207.003  1.0373e-04  6.1623e+01
   19.400   22.119    2.133    0.000    207.076  1.0024e-04  5.9572e+01
   19.600   21.070    2.042    0.000    207.184  9.6845e-05  5.7586e+01
   19.800   20.054    1.926    0.000    207.327  9.3552e-05  5.5666e+01
   20.000   19.078    1.786    0.000    207.501  9.0365e-05  5.3815e+01
   20.200   18.150    1.624    0.000    207.706  8.7287e-05  5.2033e+01
   20.400   17.278    1.440    0.000    207.939  8.4322e-05  5.0322e+01
   20.600   16.468    1.236    0.000    208.197  8.1473e-05  4.8682e+01
   20.800   15.719    1.014    0.000    208.481  7.8734e-05  4.7110e+01
   21.000   15.028    0.781    0.000    208.788  7.6100e-05  4.5600e+01
   21.200   14.389    0.539    0.000    209.117  7.3564e-05  4.4151e+01
   21.400   13.798    0.293    0.000    209.466  7.1123e-05  4.2757e+01
   21.600   13.250    0.048    0.000    209.835  6.8770e-05  4.1415e+01
   21.800   12.743   -0.191    0.000    210.222  6.6502e-05  4.0123e+01
   22.000   12.270   -0.421    0.000    210.626  6.4313e-05  3.8877e+01
   22.200   11.828   -0.637    0.000    211.045  6.2199e-05  3.7674e+01
   22.400   11.411   -0.835    0.000    211.478  6.0158e-05  3.6512e+01
   22.600   11.017   -1.009    0.000    211.925  5.8184e-05  3.5389e+01
   22.800   10.641   -1.157    0.000    212.383  5.6275e-05  3.4302e+01
   23.000   10.277   -1.272    0.000    212.851  5.4428e-05  3.3249e+01
   23.200    9.922   -1.351    0.000    213.328  5.2640e-05  3.2229e+01
   23.400    9.571   -1.390    0.000    213.813  5.0908e-05  3.1239e+01
   23.600    9.220   -1.384    0.000    214.304  4.9229e-05  3.0278e+01
   23.800    8.865   -1.328    0.000    214.800  4.7601e-05  2.9345e+01
   24.000    8.507   -1.226    0.000    215.299  4.6024e-05  2.8439e+01
   24.200    8.146   -1.081    0.000    215.800  4.4496e-05  2.7559e+01
   24.400    7.788   -0.899    0.000    216.300  4.3018e-05  2.6705e+01
   24.600    7.433   -0.685    0.000    216.798  4.1589e-05  2.5877e+01
   24.800    7.084   -0.444    0.000    217.292  4.0208e-05  2.5075e+01
   25.000    6.745   -0.181    0.000    217.779  3.8874e-05  2.4297e+01
   25.200    6.417    0.098    0.000    218.258  3.7588e-05  2.3545e+01
   25.400    6.104    0.390    0.000    218.727  3.6347e-05  2.2817e+01
   25.600    5.807    0.689    0.000    219.185  3.5152e-05  2.2113e+01
   25.800    5.530    0.989    0.000    219.628  3.4001e-05  2.1432e+01
   26.000    5.275    1.286    0.000    220.055  3.2893e-05  2.0774e+01
   26.200    5.045    1.574    0.000    220.465  3.1827e-05  2.0138e+01
   26.400    4.842    1.850    0.000    220.855  3.0802e-05  1.9524e+01
   26.600    4.667    2.112    0.000    221.227  2.9817e-05  1.8931e+01
   26.800    4.519    2.362    0.000    221.580  2.8869e-05  1.8359e+01
   27.000    4.397    2.601    0.000    221.917  2.7956e-05  1.7805e+01
   27.200    4.302    2.830    0.000    222.239  2.7077e-05  1.7271e+01
   27.400    4.232    3.051    0.000    222.548  2.6230e-05  1.6753e+01
   27.600    4.187    3.265    0.000    222.843  2.5413e-05  1.6253e+01
   27.800    4.168    3.472    0.000    223.128  2.4625e-05  1.5769e+01
   28.000    4.173    3.676    0.000    223.402  2.3864e-05  1.5301e+01
   28.200    4.201    3.876    0.000    223.668  2.3129e-05  1.4847e+01
   28.400    4.254    4.074    0.000    223.926  2.2419e-05  1.4408e+01
   28.600    4.329    4.271    0.000    224.178  2.1733e-05  1.3983e+01
   28.800    4.427    4.468    0.000    224.426  2.1069e-05  1.3571e+01
   29.000    4.546    4.668    0.000    224.670  2.0427e-05  1.3171e+01
   29.200    4.688    4.871    0.000    224.912  1.9805e-05  1.2784e+01
   29.400    4.851    5.077    0.000    225.152  1.9203e-05  1.2409e+01
   29.600    5.034    5.290    0.000    225.394  1.8620e-05  1.2045e+01
   29.800    5.238    5.510    0.000    225.637  1.8055e-05  1.1692e+01
   30.000    5.461    5.737    0.000    225.882  1.7507e-05  1.1349e+01
   30.200    5.704    5.975    0.000    226.133  1.6975e-05  1.1017e+01
   30.400    5.966    6.223    0.000    226.388  1.6459e-05  1.0694e+01
   30.600    6.247    6.483    0.000    226.651  1.5958e-05  1.0380e+01
   30.800    6.545    6.756    0.000    226.922  1.5471e-05  1.0076e+01
   31.000    6.861    7.044    0.000    227.202  1.4999e-05  9.7803e+00
   31.200    7.196    7.339    0.000    227.492  1.4540e-05  9.4932e+00
   31.400    7.550    7.636    0.000    227.794  1.4094e-05  9.2145e+00
   31.600    7.925    7.924    0.000    228.107  1.3662e-05  8.9441e+00
   31.800    8.322    8.196    0.000    228.434  1.3242e-05  8.6818e+00
   32.000    8.742    8.442    0.000    228.773  1.2836e-05  8.4276e+00
   32.200    9.187    8.656    0.000    229.126  1.2441e-05  8.1812e+00
   32.400    9.658    8.827    0.000    229.495  1.2059e-05  7.9425e+00
   32.600   10.156    8.949    0.000    229.879  1.1688e-05  7.7114e+00
   32.800   10.683    9.012    0.000    230.279  1.1330e-05  7.4877e+00
   33.000   11.239    9.009    0.000    230.697  1.0982e-05  7.2712e+00
   33.200   11.826    8.930    0.000    231.132  1.0646e-05  7.0618e+00
   33.400   12.445    8.769    0.000    231.586  1.0320e-05  6.8593e+00
   33.600   13.092    8.534    0.000    232.061  1.0005e-05  6.6635e+00
   33.800   13.760    8.243    0.000    232.560  9.6997e-06  6.4740e+00
   34.000   14.444    7.913    0.000    233.085  9.4038e-06  6.2907e+00
   34.200   15.137    7.561    0.000    233.639  9.1169e-06  6.1133e+00
   34.400   15.831    7.206    0.000    234.226  8.8386e-06  5.9415e+00
   34.600   16.522    6.864    0.000    234.847  8.5684e-06  5.7752e+00
   34.800   17.202    6.553    0.000    235.507  8.3061e-06  5.6141e+00
   35.000   17.865    6.291    0.000    236.207  8.0513e-06  5.4581e+00
   35.200   18.505    6.095    0.000    236.951  7.8036e-06  5.3068e+00
   35.400   19.115    5.983    0.000    237.741  7.5628e-06  5.1602e+00
   35.600   19.688    5.972    0.000    238.580  7.3287e-06  5.0181e+00
   35.800   20.220    6.076    0.000    239.470  7.1009e-06  4.8803e+00
   36.000   20.712    6.289    0.000    240.406  6.8795e-06  4.7466e+00
   36.200   21.168    6.599    0.000    241.381  6.6645e-06  4.6169e+00
   36.400   21.591    6.990    0.000    242.389  6.4560e-06  4.4912e+00
   36.600   21.987    7.451    0.000    243.421  6.2540e-06  4.3692e+00
   36.800   22.358    7.967    0.000    244.472  6.0584e-06  4.2508e+00
   37.000   22.708    8.525    0.000    245.533  5.8693e-06  4.1360e+00
   37.200   23.043    9.111    0.000    246.598  5.6865e-06  4.0246e+00
   37.400   23.364    9.713    0.000    247.660  5.5100e-06  3.9164e+00
   37.600   23.678   10.316    0.000    248.712  5.3397e-06  3.8115e+00
   37.800   23.987   10.907    0.000    249.746  5.1756e-06  3.7097e+00
   38.000   24.295   11.473    0.000    250.755  5.0174e-06  3.6109e+00
   38.200   24.607   12.000    0.000    251.734  4.8651e-06  3.5149e+00
   38.400   24.925   12.474    0.000    252.673  4.7186e-06  3.4218e+00
   38.600   25.256   12.883    0.000    253.567  4.5777e-06  3.3314e+00
   38.800   25.601   13.213    0.000    254.408  4.4424e-06  3.2436e+00
   39.000   25.966   13.450    0.000    255.190  4.3125e-06  3.1584e+00
   39.200   26.354   13.582    0.000    255.904  4.1878e-06  3.0757e+00
   39.400   26.768   13.593    0.000    256.545  4.0682e-06  2.9953e+00
   39.600   27.213   13.477    0.000    257.107  3.9535e-06  2.9173e+00
   39.800   27.684   13.245    0.000    257.593  3.8435e-06  2.8415e+00
   40.000   28.179   12.911    0.000    258.009  3.7379e-06  2.7678e+00
   40.200   28.694   12.491    0.000    258.358  3.6363e-06  2.6963e+00
   40.400   29.225   11.999    0.000    258.646  3.5385e-06  2.6267e+00
   40.600   29.769   11.451    0.000    258.878  3.4443e-06  2.5590e+00
   40.800   30.322   10.861    0.000    259.057  3.3534e-06  2.4932e+00
   41.000   30.881   10.244    0.000    259.189  3.2657e-06  2.4292e+00
   41.200   31.442    9.615    0.000    259.279  3.1809e-06  2.3670e+00
   41.400   32.001    8.989    0.000    259.332  3.0988e-06  2.3064e+00
   41.600   32.555    8.381    0.000    259.351  3.0193e-06  2.2474e+00
   41.800   33.101    7.806    0.000    259.342  2.9423e-06  2.1900e+00
   42.000   33.634    7.279    0.000    259.309  2.8675e-06  2.1340e+00
   42.200   34.152    6.815    0.000    259.258  2.7948e-06  2.0796e+00
   42.400   34.651    6.429    0.000    259.192  2.7242e-06  2.0265e+00
   42.600   35.126    6.135    0.000    259.118  2.6555e-06  1.9748e+00
   42.800   35.578    5.938    0.000    259.035  2.5885e-06  1.9244e+00
   43.000   36.006    5.832    0.000    258.944  2.5234e-06  1.8753e+00
   43.200   36.411    5.813    0.000    258.843  2.4599e-06  1.8274e+00
   43.400   36.794    5.874    0.000    258.730  2.3982e-06  1.7808e+00
   43.600   37.155    6.009    0.000    258.605  2.3380e-06  1.7353e+00
   43.800   37.496    6.213    0.000    258.466  2.2795e-06  1.6909e+00
   44.000   37.818    6.481    0.000    258.313  2.2225e-06  1.6476e+00
   44.200   38.120    6.805    0.000    258.143  2.1670e-06  1.6055e+00
   44.400   38.404    7.181    0.000    257.955  2.1130e-06  1.5643e+00
   44.600   38.671    7.603    0.000    257.749  2.0604e-06  1.5242e+00
   44.800   38.921    8.064    0.000    257.523  2.0092e-06  1.4850e+00
   45.000   39.155    8.560    0.000    257.275  1.9594e-06  1.4468e+00
   45.200   39.373    9.085    0.000    257.006  1.9109e-06  1.4095e+00
   45.400   39.578    9.633    0.000    256.712  1.8637e-06  1.3731e+00
   45.600   39.768   10.197    0.000    256.393  1.8178e-06  1.3376e+00
   45.800   39.946   10.773    0.000    256.049  1.7731e-06  1.3030e+00
   46.000   40.111   11.354    0.000    255.677  1.7296e-06  1.2692e+00
   46.200   40.265   11.935    0.000    255.276  1.6873e-06  1.2362e+00
   46.400   40.408   12.511    0.000    254.845  1.6461e-06  1.2040e+00
   46.600   40.541   13.074    0.000    254.383  1.6060e-06  1.1725e+00
   46.800   40.665   13.621    0.000    253.889  1.5670e-06  1.1418e+00
   47.000   40.781   14.144    0.000    253.361  1.5290e-06  1.1118e+00
   47.200   40.889   14.638    0.000    252.798  1.4921e-06  1.0826e+00
   47.400   40.990   15.097    0.000    252.199  1.4562e-06  1.0540e+00
   47.600   41.085   15.517    0.000    251.562  1.4212e-06  1.0261e+00
   47.800   41.175   15.890    0.000    250.887  1.3872e-06  9.9887e-01
   48.000   41.260   16.213    0.000    250.174  1.3541e-06  9.7227e-01
   48.200   41.341   16.492    0.000    249.432  1.3219e-06  9.4631e-01
   48.400   41.419   16.732    0.000    248.669  1.2905e-06  9.2097e-01
   48.600   41.495   16.939    0.000    247.895  1.2597e-06  8.9626e-01
   48.800   41.570   17.121    0.000    247.121  1.2297e-06  8.7216e-01
   49.000   41.644   17.284    0.000    246.355  1.2003e-06  8.4866e-01
   49.200   41.719   17.433    0.000    245.608  1.1715e-06  8.2576e-01
   49.400   41.794   17.576    0.000    244.889  1.1432e-06  8.0344e-01
   49.600   41.871   17.719    0.000    244.207  1.1153e-06  7.8170e-01
   49.800   41.951   17.868    0.000    243.572  1.0879e-06  7.6053e-01
   50.000   42.035   18.029    0.000    242.995  1.0610e-06  7.3992e-01
   50.200   42.123   18.210    0.000    242.484  1.0344e-06  7.1985e-01
   50.400   42.216   18.415    0.000    242.049  1.0081e-06  7.0032e-01
   50.600   42.315   18.653    0.000    241.699  9.8219e-07  6.8133e-01
   50.800   42.421   18.926    0.000    241.442  9.5657e-07  6.6284e-01
   51.000   42.538   19.235    0.000    241.272  9.3128e-07  6.4487e-01
   51.200   42.671   19.576    0.000    241.185  9.0636e-07  6.2738e-01
   51.400   42.822   19.947    0.000    241.175  8.8183e-07  6.1038e-01
   51.600   42.995   20.348    0.000    241.237  8.5771e-07  5.9384e-01
   51.800   43.195   20.775    0.000    241.365  8.3404e-07  5.7775e-01
   52.000   43.426   21.226    0.000    241.554  8.1082e-07  5.6211e-01
   52.200   43.690   21.700    0.000    241.798  7.8808e-07  5.4690e-01
   52.400   43.993   22.194    0.000    242.092  7.6584e-07  5.3211e-01
   52.600   44.337   22.706    0.000    242.431  7.4409e-07  5.1772e-01
   52.800   44.728   23.235    0.000    242.809  7.2287e-07  5.0374e-01
   53.000   45.168   23.777    0.000    243.220  7.0216e-07  4.9014e-01
   53.200   45.661   24.331    0.000    243.660  6.8199e-07  4.7692e-01
   53.400   46.212   24.895    0.000    244.123  6.6235e-07  4.6407e-01
   53.600   46.821   25.466    0.000    244.603  6.4325e-07  4.5157e-01
   53.800   47.487   26.041    0.000    245.097  6.2469e-07  4.3942e-01
   54.000   48.206   26.614    0.000    245.598  6.0665e-07  4.2761e-01
   54.200   48.975   27.183    0.000    246.102  5.8915e-07  4.1612e-01
   54.400   49.791   27.744    0.000    246.605  5.7217e-07  4.0496e-01
   54.600   50.652   28.291    0.000    247.101  5.5571e-07  3.9410e-01
   54.800   51.554   28.822    0.000    247.585  5.3977e-07  3.8354e-01
   55.000   52.494   29.333    0.000    248.054  5.2433e-07  3.7327e-01
   55.200   53.469   29.818    0.000    248.501  5.0939e-07  3.6329e-01
   55.400   54.476   30.276    0.000    248.923  4.9494e-07  3.5359e-01
   55.600   55.512   30.700    0.000    249.313  4.8097e-07  3.4415e-01
   55.800   56.574   31.088    0.000    249.668  4.6748e-07  3.3497e-01
   56.000   57.659   31.436    0.000    249.983  4.5445e-07  3.2604e-01
   56.200   58.765   31.739    0.000    250.252  4.4187e-07  3.1736e-01
   56.400   59.887   31.996    0.000    250.473  4.2974e-07  3.0892e-01
   56.600   61.021   32.207    0.000    250.645  4.1803e-07  3.0070e-01
   56.800   62.165   32.374    0.000    250.769  4.0672e-07  2.9272e-01
   57.000   63.312   32.499    0.000    250.843  3.9581e-07  2.8494e-01
   57.200   64.460   32.583    0.000    250.867  3.8527e-07  2.7738e-01
   57.400   65.605   32.628    0.000    250.842  3.7508e-07  2.7002e-01
   57.600   66.741   32.634    0.000    250.768  3.6524e-07  2.6286e-01
   57.800   67.866   32.604    0.000    250.644  3.5573e-07  2.5589e-01
   58.000   68.975   32.538    0.000    250.471  3.4654e-07  2.4910e-01
   58.200   70.064   32.439    0.000    250.247  3.3765e-07  2.4250e-01
   58.400   71.128   32.308    0.000    249.974  3.2906e-07  2.3606e-01
   58.600   72.164   32.147    0.000    249.650  3.2074e-07  2.2980e-01
   58.800   73.168   31.956    0.000    249.276  3.1270e-07  2.2370e-01
   59.000   74.136   31.737    0.000    248.851  3.0491e-07  2.1776e-01
   59.200   75.064   31.494    0.000    248.377  2.9738e-07  2.1197e-01
   59.400   75.950   31.233    0.000    247.859  2.9008e-07  2.0634e-01
   59.600   76.793   30.962    0.000    247.299  2.8300e-07  2.0084e-01
   59.800   77.591   30.688    0.000    246.704  2.7612e-07  1.9549e-01
   60.000   78.343   30.420    0.000    246.078  2.6944e-07  1.9028e-01
   60.200   79.047   30.164    0.000    245.426  2.6294e-07  1.8519e-01
   60.400   79.701   29.929    0.000    244.752  2.5661e-07  1.8023e-01
   60.600   80.304   29.721    0.000    244.061  2.5044e-07  1.7540e-01
   60.800   80.855   29.549    0.000    243.357  2.4442e-07  1.7069e-01
   61.000   81.352   29.419    0.000    242.646  2.3853e-07  1.6609e-01
   61.200   81.792   29.340    0.000    241.932  2.3278e-07  1.6161e-01
   61.400   82.175   29.319    0.000    241.219  2.2716e-07  1.5724e-01
   61.600   82.500   29.364    0.000    240.513  2.2165e-07  1.5297e-01
   61.800   82.764   29.481    0.000    239.818  2.1624e-07  1.4881e-01
   62.000   82.967   29.674    0.000    239.137  2.1095e-07  1.4475e-01
   62.200   83.116   29.931    0.000    238.469  2.0575e-07  1.4079e-01
   62.400   83.214   30.239    0.000    237.812  2.0066e-07  1.3692e-01
   62.600   83.268   30.586    0.000    237.166  1.9567e-07  1.3315e-01
   62.800   83.283   30.960    0.000    236.529  1.9078e-07  1.2947e-01
   63.000   83.264   31.348    0.000    235.899  1.8599e-07  1.2589e-01
   63.200   83.216   31.737    0.000    235.276  1.8131e-07  1.2239e-01
   63.400   83.146   32.114    0.000    234.657  1.7672e-07  1.1898e-01
   63.600   83.058   32.468    0.000    234.041  1.7224e-07  1.1565e-01
   63.800   82.957   32.785    0.000    233.427  1.6785e-07  1.1240e-01
   64.000   82.850   33.052    0.000    232.813  1.6356e-07  1.0924e-01
   64.200   82.741   33.258    0.000    232.198  1.5937e-07  1.0615e-01
   64.400   82.636   33.389    0.000    231.581  1.5527e-07  1.0315e-01
   64.600   82.539   33.435    0.000    230.961  1.5127e-07  1.0021e-01
   64.800   82.451   33.392    0.000    230.336  1.4736e-07  9.7356e-02
   65.000   82.370   33.265    0.000    229.708  1.4355e-07  9.4571e-02
   65.200   82.291   33.056    0.000    229.077  1.3982e-07  9.1858e-02
   65.400   82.214   32.768    0.000    228.442  1.3618e-07  8.9215e-02
   65.600   82.136   32.404    0.000    227.805  1.3263e-07  8.6642e-02
   65.800   82.054   31.968    0.000    227.165  1.2917e-07  8.4137e-02
   66.000   81.966   31.463    0.000    226.524  1.2579e-07  8.1698e-02
   66.200   81.869   30.892    0.000    225.880  1.2250e-07  7.9324e-02
   66.400   81.760   30.258    0.000    225.235  1.1928e-07  7.7015e-02
   66.600   81.638   29.563    0.000    224.590  1.1615e-07  7.4768e-02
   66.800   81.499   28.812    0.000    223.944  1.1309e-07  7.2583e-02
   67.000   81.341   28.007    0.000    223.298  1.1011e-07  7.0459e-02
   67.200   81.161   27.151    0.000    222.653  1.0721e-07  6.8394e-02
   67.400   80.957   26.248    0.000    222.010  1.0438e-07  6.6386e-02
   67.600   80.729   25.300    0.000    221.370  1.0162e-07  6.4436e-02
   67.800   80.474   24.311    0.000    220.736  9.8934e-08  6.2541e-02
   68.000   80.192   23.284    0.000    220.110  9.6314e-08  6.0700e-02
   68.200   79.880   22.221    0.000    219.492  9.3760e-08  5.8913e-02
   68.400   79.537   21.126    0.000    218.886  9.1270e-08  5.7178e-02
   68.600   79.162   20.002    0.000    218.292  8.8844e-08  5.5493e-02
   68.800   78.753   18.854    0.000    217.713  8.6479e-08  5.3859e-02
   69.000   78.308   17.683    0.000    217.151  8.4174e-08  5.2274e-02
   69.200   77.826   16.493    0.000    216.609  8.1928e-08  5.0736e-02
   69.400   77.305   15.289    0.000    216.087  7.9739e-08  4.9245e-02
   69.600   76.743   14.074    0.000    215.588  7.7606e-08  4.7801e-02
   69.800   76.139   12.851    0.000    215.116  7.5528e-08  4.6401e-02
   70.000   75.494   11.623    0.000    214.671  7.3504e-08  4.5045e-02
   70.200   74.810   10.394    0.000    214.256  7.1533e-08  4.3733e-02
   70.400   74.086    9.166    0.000    213.875  6.9613e-08  4.2463e-02
   70.600   73.324    7.943    0.000    213.528  6.7745e-08  4.1235e-02
   70.800   72.524    6.728    0.000    213.219  6.5927e-08  4.0047e-02
   71.000   71.688    5.526    0.000    212.950  6.4157e-08  3.8900e-02
   71.200   70.816    4.340    0.000    212.723  6.2436e-08  3.7792e-02
   71.400   69.908    3.174    0.000    212.539  6.0762e-08  3.6721e-02
   71.600   68.966    2.034    0.000    212.402  5.9134e-08  3.5688e-02
   71.800   67.991    0.923    0.000    212.312  5.7551e-08  3.4692e-02
   72.000   66.984   -0.152    0.000    212.271  5.6012e-08  3.3730e-02
   72.200   65.946   -1.188    0.000    212.279  5.4517e-08  3.2804e-02
   72.400   64.878   -2.176    0.000    212.336  5.3064e-08  3.1910e-02
   72.600   63.782   -3.111    0.000    212.439  5.1738e-08  3.1079e-02
   72.800   62.659   -3.987    0.000    212.584  5.0373e-08  3.0251e-02
   73.000   61.512   -4.797    0.000    212.767  4.9050e-08  2.9453e-02
   73.200   60.343   -5.535    0.000    212.983  4.7767e-08  2.8684e-02
   73.400   59.153   -6.196    0.000    213.230  4.6524e-08  2.7943e-02
   73.600   57.946   -6.775    0.000    213.504  4.5318e-08  2.7228e-02
   73.800   56.724   -7.267    0.000    213.799  4.4148e-08  2.6538e-02
   74.000   55.491   -7.669    0.000    214.110  4.3013e-08  2.5871e-02
   74.200   54.250   -7.978    0.000    214.433  4.1911e-08  2.5227e-02
   74.400   53.004   -8.193    0.000    214.763  4.0840e-08  2.4603e-02
   74.600   51.758   -8.312    0.000    215.092  3.9798e-08  2.3998e-02
   74.800   50.515   -8.336    0.000    215.416  3.8783e-08  2.3411e-02
   75.000   49.279   -8.269    0.000    215.728  3.7795e-08  2.2840e-02
   75.200   48.052   -8.114    0.000    216.023  3.6831e-08  2.2284e-02
   75.400   46.839   -7.875    0.000    216.295  3.5890e-08  2.1741e-02
   75.600   45.643   -7.557    0.000    216.539  3.4971e-08  2.1211e-02
   75.800   44.470   -7.165    0.000    216.751  3.4073e-08  2.0691e-02
   76.000   43.321   -6.705    0.000    216.927  3.3195e-08  2.0183e-02
   76.200   42.202   -6.181    0.000    217.064  3.2337e-08  1.9683e-02
   76.400   41.116   -5.601    0.000    217.161  3.1497e-08  1.9193e-02
   76.600   40.066   -4.971    0.000    217.214  3.0676e-08  1.8711e-02
   76.800   39.056   -4.296    0.000    217.223  2.9872e-08  1.8238e-02
   77.000   38.089   -3.583    0.000    217.187  2.9086e-08  1.7771e-02
   77.200   37.167   -2.838    0.000    217.106  2.8318e-08  1.7313e-02
   77.400   36.295   -2.066    0.000    216.982  2.7566e-08  1.6862e-02
   77.600   35.472   -1.273    0.000    216.814  2.6832e-08  1.6418e-02
   77.800   34.703   -0.466    0.000    216.606  2.6114e-08  1.5981e-02
   78.000   33.988    0.352    0.000    216.359  2.5412e-08  1.5551e-02
   78.200   33.330    1.175    0.000    216.073  2.4727e-08  1.5128e-02
   78.400   32.729    2.000    0.000    215.752  2.4058e-08  1.4713e-02
   78.600   32.188    2.822    0.000    215.397  2.3405e-08  1.4305e-02
   78.800   31.708    3.638    0.000    215.009  2.2768e-08  1.3905e-02
   79.000   31.289    4.446    0.000    214.592  2.2146e-08  1.3512e-02
   79.200   30.933    5.241    0.000    214.146  2.1539e-08  1.3126e-02
   79.400   30.640    6.023    0.000    213.674  2.0948e-08  1.2749e-02
   79.600   30.412    6.787    0.000    213.178  2.0371e-08  1.2379e-02
   79.800   30.250    7.533    0.000    212.658  1.9809e-08  1.2017e-02
   80.000   30.153    8.258    0.000    212.118  1.9261e-08  1.1663e-02
   80.200   30.123    8.961    0.000    211.557  1.8726e-08  1.1317e-02
   80.400   30.157    9.640    0.000    210.979  1.8206e-08  1.0979e-02
   80.600   30.251   10.297    0.000    210.383  1.7698e-08  1.0649e-02
   80.800   30.403   10.929    0.000    209.772  1.7204e-08  1.0327e-02
   81.000   30.608   11.538    0.000    209.147  1.6722e-08  1.0012e-02
   81.200   30.864   12.123    0.000    208.508  1.6253e-08  9.7054e-03
   81.400   31.166   12.684    0.000    207.858  1.5795e-08  9.4064e-03
   81.600   31.512   13.222    0.000    207.196  1.5350e-08  9.1150e-03
   81.800   31.898   13.735    0.000    206.524  1.4915e-08  8.8312e-03
   82.000   32.321   14.225    0.000    205.843  1.4492e-08  8.5548e-03
   82.200   32.777   14.690    0.000    205.154  1.4080e-08  8.2858e-03
   82.400   33.263   15.132    0.000    204.456  1.3679e-08  8.0239e-03
   82.600   33.776   15.551    0.000    203.752  1.3287e-08  7.7692e-03
   82.800   34.312   15.945    0.000    203.041  1.2906e-08  7.5214e-03
   83.000   34.869   16.316    0.000    202.324  1.2535e-08  7.2804e-03
   83.200   35.442   16.663    0.000    201.602  1.2173e-08  7.0462e-03
   83.400   36.030   16.986    0.000    200.876  1.1821e-08  6.8185e-03
   83.600   36.629   17.286    0.000    200.145  1.1478e-08  6.5972e-03
   83.800   37.235   17.562    0.000    199.410  1.1144e-08  6.3822e-03
   84.000   37.846   17.814    0.000    198.672  1.0818e-08  6.1734e-03
   84.200   38.460   18.042    0.000    197.931  1.0501e-08  5.9706e-03
   84.400   39.072   18.246    0.000    197.187  1.0192e-08  5.7737e-03
   84.600   39.681   18.427    0.000    196.441  9.8911e-09  5.5825e-03
   84.800   40.282   18.583    0.000    195.693  9.5982e-09  5.3969e-03
   85.000   40.874   18.715    0.000    194.943  9.3129e-09  5.2168e-03
   85.200   41.454   18.823    0.000    194.193  9.0352e-09  5.0420e-03
   85.400   42.019   18.904    0.000    193.441  8.7647e-09  4.8725e-03
   85.600   42.570   18.957    0.000    192.688  8.5014e-09  4.7080e-03
   85.800   43.103   18.981    0.000    191.935  8.2451e-09  4.5484e-03
   86.000   43.619   18.972    0.000    191.182  7.9955e-09  4.3937e-03
   86.200   44.114   18.930    0.000    190.429  7.7526e-09  4.2437e-03
   86.400   44.589   18.852    0.000    189.676  7.5162e-09  4.0983e-03
   86.600   45.042   18.737    0.000    188.924  7.2861e-09  3.9573e-03
   86.800   45.470   18.582    0.000    188.172  7.0622e-09  3.8207e-03
   87.000   45.874   18.386    0.000    187.421  6.8443e-09  3.6883e-03
   87.200   46.251   18.146    0.000    186.671  6.6323e-09  3.5600e-03
   87.400   46.601   17.861    0.000    185.922  6.4261e-09  3.4357e-03
   87.600   46.922   17.529    0.000    185.175  6.2254e-09  3.3153e-03
   87.800   47.213   17.148    0.000    184.429  6.0303e-09  3.1987e-03
   88.000   47.471   16.716    0.000    183.685  5.8405e-09  3.0859e-03
   88.200   47.697   16.230    0.000    182.942  5.6559e-09  2.9765e-03
   88.400   47.889   15.690    0.000    182.202  5.4765e-09  2.8707e-03
   88.600   48.045   15.092    0.000    181.464  5.3020e-09  2.7683e-03
   88.800   48.165   14.436    0.000    180.728  5.1324e-09  2.6692e-03
   89.000   48.246   13.718    0.000    179.994  4.9675e-09  2.5733e-03
   89.200   48.288   12.938    0.000    179.263  4.8073e-09  2.4805e-03
   89.400   48.289   12.093    0.000    178.535  4.6515e-09  2.3907e-03
   89.600   48.249   11.181    0.000    177.809  4.5002e-09  2.3039e-03
   89.800   48.165   10.201    0.000    177.087  4.3532e-09  2.2199e-03
   90.000   48.036    9.150    0.000    176.367  4.2104e-09  2.1387e-03
   90.200   47.863    8.028    0.000    175.650  4.0717e-09  2.0602e-03
   90.400   47.643    6.840    0.000    174.938  3.9370e-09  1.9843e-03
   90.600   47.379    5.596    0.000    174.231  3.8062e-09  1.9110e-03
   90.800   47.071    4.301    0.000    173.530  3.6791e-09  1.8401e-03
   91.000   46.718    2.965    0.000    172.836  3.5556e-09  1.7716e-03
   91.200   46.322    1.593    0.000    172.151  3.4357e-09  1.7054e-03
   91.400   45.883    0.195    0.000    171.475  3.3192e-09  1.6415e-03
   91.600   45.401   -1.224    0.000    170.809  3.2061e-09  1.5798e-03
   91.800   44.877   -2.654    0.000    170.155  3.0963e-09  1.5202e-03
   92.000   44.311   -4.088    0.000    169.512  2.9897e-09  1.4627e-03
   92.200   43.704   -5.519    0.000    168.882  2.8861e-09  1.4072e-03
   92.400   43.056   -6.939    0.000    168.266  2.7856e-09  1.3536e-03
   92.600   42.367   -8.341    0.000    167.664  2.6881e-09  1.3019e-03
   92.800   41.639   -9.717    0.000    167.077  2.5934e-09  1.2520e-03
   93.000   40.871  -11.059    0.000    166.506  2.5016e-09  1.2039e-03
   93.200   40.064  -12.360    0.000    165.952  2.4125e-09  1.1576e-03
   93.400   39.218  -13.612    0.000    165.415  2.3261e-09  1.1129e-03
   93.600   38.334  -14.808    0.000    164.896  2.2423e-09  1.0698e-03
   93.800   37.412  -15.939    0.000    164.396  2.1610e-09  1.0282e-03
   94.000   36.453  -17.000    0.000    163.915  2.0823e-09  9.8824e-04
   94.200   35.457  -17.981    0.000    163.455  2.0059e-09  9.4970e-04
   94.400   34.424  -18.875    0.000    163.015  1.9320e-09  9.1258e-04
   94.600   33.356  -19.675    0.000    162.596  1.8604e-09  8.7685e-04
   94.800   32.252  -20.373    0.000    162.200  1.7910e-09  8.4244e-04
   95.000   31.112  -20.962    0.000    161.826  1.7239e-09  8.0932e-04
   95.200   29.939  -21.436    0.000    161.475  1.6589e-09  7.7746e-04
   95.400   28.735  -21.795    0.000    161.149  1.5960e-09  7.4680e-04
   95.600   27.504  -22.043    0.000    160.847  1.5351e-09  7.1731e-04
   95.800   26.250  -22.184    0.000    160.570  1.4763e-09  6.8895e-04
   96.000   24.976  -22.220    0.000    160.319  1.4194e-09  6.6168e-04
   96.200   23.687  -22.154    0.000    160.096  1.3644e-09  6.3546e-04
   96.400   22.386  -21.989    0.000    159.899  1.3113e-09  6.1027e-04
   96.600   21.078  -21.729    0.000    159.731  1.2599e-09  5.8606e-04
   96.800   19.765  -21.377    0.000    159.592  1.2104e-09  5.6280e-04
   97.000   18.453  -20.934    0.000    159.482  1.1625e-09  5.4045e-04
   97.200   17.144  -20.406    0.000    159.403  1.1163e-09  5.1899e-04
   97.400   15.843  -19.794    0.000    159.355  1.0717e-09  4.9839e-04
   97.600   14.554  -19.102    0.000    159.339  1.0287e-09  4.7861e-04
   97.800   13.279  -18.333    0.000    159.357  9.8725e-10  4.5963e-04
   98.000   12.024  -17.490    0.000    159.408  9.4727e-10  4.4141e-04
   98.200   10.792  -16.575    0.000    159.495  9.0873e-10  4.2393e-04
   98.400    9.586  -15.593    0.000    159.617  8.7160e-10  4.0716e-04
   98.600    8.411  -14.546    0.000    159.777  8.3583e-10  3.9108e-04
   98.800    7.271  -13.437    0.000    159.975  8.0139e-10  3.7566e-04
   99.000    6.169  -12.269    0.000    160.213  7.6822e-10  3.6087e-04
   99.200    5.109  -11.046    0.000    160.491  7.3630e-10  3.4670e-04
   99.400    4.096   -9.770    0.000    160.812  7.0559e-10  3.3311e-04
   99.600    3.132   -8.444    0.000    161.176  6.7604e-10  3.2010e-04
   99.800    2.222   -7.072    0.000    161.586  6.4763e-10  3.0762e-04
  100.000    1.369   -5.657    0.000    162.042  6.2030e-10  2.9567e-04
  100.200    0.577   -4.202    0.000    162.546  5.9404e-10  2.8423e-04
  100.400   -0.152   -2.715    0.000    163.099  5.6881e-10  2.7327e-04
  100.600   -0.818   -1.205    0.000    163.699  5.4458e-10  2.6277e-04
  100.800   -1.421    0.321    0.000    164.346  5.2133e-10  2.5273e-04
  101.000   -1.959    1.853    0.000    165.040  4.9902e-10  2.4311e-04
  101.200   -2.431    3.384    0.000    165.781  4.7763e-10  2.3390e-04
  101.400   -2.837    4.904    0.000    166.568  4.5713e-10  2.2509e-04
  101.600   -3.176    6.407    0.000    167.401  4.3748e-10  2.1665e-04
  101.800   -3.446    7.882    0.000    168.280  4.1867e-10  2.0858e-04
  102.000   -3.648    9.322    0.000    169.205  4.0065e-10  2.0085e-04
  102.200   -3.780   10.719    0.000    170.176  3.8341e-10  1.9346e-04
  102.400   -3.842   12.064    0.000    171.192  3.6691e-10  1.8638e-04
  102.600   -3.832   13.349    0.000    172.253  3.5113e-10  1.7961e-04
  102.800   -3.750   14.564    0.000    173.360  3.3603e-10  1.7313e-04
  103.000   -3.596   15.703    0.000    174.512  3.2160e-10  1.6692e-04
  103.200   -3.367   16.756    0.000    175.709  3.0780e-10  1.6099e-04
  103.400   -3.064   17.715    0.000    176.952  2.9462e-10  1.5530e-04
  103.600   -2.685   18.572    0.000    178.239  2.8201e-10  1.4986e-04
  103.800   -2.230   19.319    0.000    179.571  2.6997e-10  1.4466e-04
  104.000   -1.698   19.946    0.000    180.949  2.5847e-10  1.3967e-04
  104.200   -1.088   20.446    0.000    182.371  2.4749e-10  1.3490e-04
  104.400   -0.399   20.810    0.000    183.838  2.3700e-10  1.3033e-04
  104.600    0.370   21.030    0.000    185.349  2.2698e-10  1.2595e-04
  104.800    1.219   21.097    0.000    186.905  2.1741e-10  1.2176e-04
  105.000    2.149   21.004    0.000    188.506  2.0828e-10  1.1774e-04
  105.200    3.160   20.743    0.000    190.150  1.9956e-10  1.1390e-04
  105.400    4.246   20.321    0.000    191.837  1.9124e-10  1.1021e-04
  105.600    5.400   19.745    0.000    193.568  1.8329e-10  1.0668e-04
  105.800    6.616   19.023    0.000    195.342  1.7571e-10  1.0329e-04
  106.000    7.886   18.162    0.000    197.158  1.6847e-10  1.0004e-04
  106.200    9.203   17.170    0.000    199.016  1.6156e-10  9.6932e-05
  106.400   10.561   16.055    0.000    200.916  1.5497e-10  9.3946e-05
  106.600   11.953   14.825    0.000    202.855  1.4867e-10  9.1082e-05
  106.800   13.371   13.487    0.000    204.835  1.4267e-10  8.8334e-05
  107.000   14.809   12.049    0.000    206.852  1.3693e-10  8.5697e-05
  107.200   16.260   10.518    0.000    208.907  1.3146e-10  8.3166e-05
  107.400   17.717    8.903    0.000    210.999  1.2624e-10  8.0735e-05
  107.600   19.173    7.211    0.000    213.125  1.2126e-10  7.8401e-05
  107.800   20.621    5.450    0.000    215.285  1.1650e-10  7.6158e-05
  108.000   22.054    3.628    0.000    217.477  1.1197e-10  7.4003e-05
  108.200   23.465    1.751    0.000    219.698  1.0763e-10  7.1932e-05
  108.400   24.848   -0.171    0.000    221.947  1.0350e-10  6.9941e-05
  108.600   26.195   -2.132    0.000    224.221  9.9553e-11  6.8026e-05
  108.800   27.499   -4.124    0.000    226.519  9.5787e-11  6.6184e-05
  109.000   28.754   -6.139    0.000    228.837  9.2193e-11  6.4411e-05
  109.200   29.953   -8.169    0.000    231.172  8.8762e-11  6.2704e-05
  109.400   31.088  -10.206    0.000    233.521  8.5488e-11  6.1061e-05
  109.600   32.153  -12.243    0.000    235.882  8.2363e-11  5.9478e-05
  109.800   33.141  -14.273    0.000    238.249  7.9380e-11  5.7952e-05
  110.000   34.044  -16.287    0.000    240.620  7.6533e-11  5.6482e-05
  110.200   34.858  -18.279    0.000    242.990  7.3816e-11  5.5064e-05
  110.400   35.583  -20.247    0.000    245.358  7.1222e-11  5.3695e-05
  110.600   36.221  -22.192    0.000    247.724  6.8744e-11  5.2375e-05
  110.800   36.774  -24.113    0.000    250.087  6.6377e-11  5.1100e-05
  111.000   37.244  -26.010    0.000    252.446  6.4113e-11  4.9869e-05
  111.200   37.632  -27.882    0.000    254.801  6.1949e-11  4.8680e-05
  111.400   37.942  -29.730    0.000    257.152  5.9879e-11  4.7530e-05
  111.600   38.174  -31.553    0.000    259.496  5.7897e-11  4.6418e-05
  111.800   38.331  -33.350    0.000    261.835  5.6000e-11  4.5343e-05
  112.000   38.415  -35.123    0.000    264.168  5.4183e-11  4.4303e-05
  112.200   38.428  -36.870    0.000    266.493  5.2443e-11  4.3297e-05
  112.400   38.372  -38.591    0.000    268.811  5.0774e-11  4.2322e-05
  112.600   38.248  -40.287    0.000    271.121  4.9175e-11  4.1379e-05
  112.800   38.059  -41.956    0.000    273.422  4.7640e-11  4.0464e-05
  113.000   37.807  -43.599    0.000    275.714  4.6168e-11  3.9578e-05
  113.200   37.494  -45.215    0.000    277.998  4.4755e-11  3.8719e-05
  113.400   37.121  -46.804    0.000    280.271  4.3398e-11  3.7887e-05
  113.600   36.691  -48.366    0.000    282.535  4.2095e-11  3.7079e-05
  113.800   36.205  -49.901    0.000    284.788  4.0842e-11  3.6295e-05
  114.000   35.667  -51.408    0.000    287.031  3.9639e-11  3.5534e-05
  114.200   35.076  -52.888    0.000    289.263  3.8481e-11  3.4796e-05
  114.400   34.437  -54.339    0.000    291.484  3.7368e-11  3.4079e-05
  114.600   33.750  -55.763    0.000    293.695  3.6296e-11  3.3382e-05
  114.800   33.018  -57.158    0.000    295.894  3.5265e-11  3.2705e-05
  115.000   32.242  -58.524    0.000    298.081  3.4272e-11  3.2048e-05
  115.200   31.425  -59.861    0.000    300.258  3.3315e-11  3.1408e-05
  115.400   30.568  -61.169    0.000    302.423  3.2393e-11  3.0786e-05
  115.600   29.674  -62.448    0.000    304.578  3.1505e-11  3.0182e-05
  115.800   28.744  -63.697    0.000    306.721  3.0648e-11  2.9593e-05
  116.000   27.781  -64.917    0.000    308.853  2.9821e-11  2.9021e-05
  116.200   26.786  -66.106    0.000    310.975  2.9024e-11  2.8464e-05
  116.400   25.762  -67.265    0.000    313.087  2.8254e-11  2.7921e-05
  116.600   24.710  -68.394    0.000    315.188  2.7511e-11  2.7393e-05
  116.800   23.633  -69.492    0.000    317.280  2.6793e-11  2.6878e-05
  117.000   22.532  -70.559    0.000    319.362  2.6100e-11  2.6377e-05
  117.200   21.409  -71.595    0.000    321.436  2.5429e-11  2.5889e-05
  117.400   20.267  -72.599    0.000    323.502  2.4781e-11  2.5413e-05
  117.600   19.107  -73.572    0.000    325.560  2.4154e-11  2.4949e-05
  117.800   17.931  -74.513    0.000    327.610  2.3548e-11  2.4496e-05
  118.000   16.741  -75.421    0.000    329.655  2.2961e-11  2.4055e-05
  118.200   15.537  -76.297    0.000    331.694  2.2393e-11  2.3625e-05
  118.400   14.320  -77.139    0.000    333.728  2.1842e-11  2.3205e-05
  118.600   13.093  -77.948    0.000    335.759  2.1309e-11  2.2796e-05
  118.800   11.857  -78.722    0.000    337.786  2.0792e-11  2.2396e-05
  119.000   10.612  -79.461    0.000    339.812  2.0291e-11  2.2006e-05
  119.200    9.359  -80.166    0.000    341.836  1.9806e-11  2.1625e-05
  119.400    8.102  -80.835    0.000    343.861  1.9335e-11  2.1254e-05
  119.600    6.839  -81.467    0.000    345.887  1.8877e-11  2.0891e-05
  119.800    5.574  -82.064    0.000    347.916  1.8434e-11  2.0536e-05
  120.000    4.306  -82.623    0.000    349.949  1.8003e-11  2.0190e-05
  120.200    3.038  -83.145    0.000    351.988  1.7584e-11  1.9852e-05
  120.400    1.770  -83.629    0.000    354.033  1.7178e-11  1.9522e-05
  120.600    0.505  -84.075    0.000    356.086  1.6782e-11  1.9199e-05
  120.800   -0.758  -84.481    0.000    358.149  1.6398e-11  1.8883e-05
  121.000   -2.016  -84.849    0.000    360.224  1.6025e-11  1.8575e-05
  121.200   -3.268  -85.177    0.000    362.312  1.5661e-11  1.8274e-05
  121.400   -4.513  -85.465    0.000    364.416  1.5307e-11  1.7979e-05
  121.600   -5.749  -85.712    0.000    366.536  1.4963e-11  1.7691e-05
  121.800   -6.976  -85.918    0.000    368.675  1.4628e-11  1.7410e-05
  122.000   -8.192  -86.083    0.000    370.836  1.4301e-11  1.7134e-05
  122.200   -9.396  -86.205    0.000    373.019  1.3983e-11  1.6865e-05
  122.400  -10.586  -86.285    0.000    375.228  1.3673e-11  1.6602e-05
  122.600  -11.761  -86.323    0.000    377.465  1.3370e-11  1.6345e-05
  122.800  -12.920  -86.317    0.000    379.732  1.3076e-11  1.6093e-05
  123.000  -14.062  -86.267    0.000    382.032  1.2788e-11  1.5847e-05
  123.200  -15.184  -86.173    0.000    384.368  1.2507e-11  1.5606e-05
  123.400  -16.287  -86.035    0.000    386.742  1.2233e-11  1.5370e-05
  123.600  -17.368  -85.851    0.000    387.489  1.2012e-11  1.5133e-05
  123.800  -18.427  -85.622    0.000    389.697  1.1756e-11  1.4907e-05
  124.000  -19.461  -85.346    0.000    391.887  1.1508e-11  1.4685e-05
  124.200  -20.470  -85.024    0.000    394.059  1.1267e-11  1.4468e-05
  124.400  -21.453  -84.656    0.000    396.214  1.1033e-11  1.4256e-05
  124.600  -22.408  -84.240    0.000    398.352  1.0805e-11  1.4048e-05
  124.800  -23.333  -83.776    0.000    400.472  1.0584e-11  1.3844e-05
  125.000  -24.228  -83.264    0.000    402.576  1.0369e-11  1.3644e-05
  125.200  -25.091  -82.703    0.000    404.662  1.0160e-11  1.3449e-05
  125.400  -25.923  -82.095    0.000    406.732  9.9564e-12  1.3257e-05
  125.600  -26.724  -81.441    0.000    408.785  9.7586e-12  1.3069e-05
  125.800  -27.494  -80.742    0.000    410.822  9.5662e-12  1.2885e-05
  126.000  -28.235  -80.000    0.000    412.842  9.3790e-12  1.2704e-05
  126.200  -28.947  -79.216    0.000    414.846  9.1967e-12  1.2527e-05
  126.400  -29.630  -78.392    0.000    416.834  9.0193e-12  1.2353e-05
  126.600  -30.285  -77.528    0.000    418.805  8.8465e-12  1.2183e-05
  126.800  -30.912  -76.626    0.000    420.762  8.6782e-12  1.2016e-05
  127.000  -31.512  -75.688    0.000    422.702  8.5142e-12  1.1852e-05
  127.200  -32.085  -74.715    0.000    424.627  8.3545e-12  1.1691e-05
  127.400  -32.633  -73.707    0.000    426.536  8.1988e-12  1.1533e-05
  127.600  -33.155  -72.667    0.000    428.430  8.0471e-12  1.1378e-05
  127.800  -33.652  -71.596    0.000    430.309  7.8991e-12  1.1226e-05
  128.000  -34.124  -70.496    0.000    432.172  7.7549e-12  1.1077e-05
  128.200  -34.573  -69.366    0.000    434.021  7.6142e-12  1.0930e-05
  128.400  -34.998  -68.210    0.000    435.855  7.4769e-12  1.0786e-05
  128.600  -35.401  -67.028    0.000    437.674  7.3430e-12  1.0645e-05
  128.800  -35.781  -65.821    0.000    439.478  7.2123e-12  1.0506e-05
  129.000  -36.139  -64.591    0.000    441.268  7.0848e-12  1.0369e-05
  129.200  -36.477  -63.340    0.000    443.044  6.9603e-12  1.0235e-05
  129.400  -36.793  -62.069    0.000    444.805  6.8388e-12  1.0104e-05
  129.600  -37.090  -60.778    0.000    446.552  6.7201e-12  9.9743e-06
  129.800  -37.367  -59.469    0.000    448.286  6.6041e-12  9.8472e-06
  130.000  -37.625  -58.145    0.000    450.005  6.4909e-12  9.7223e-06
  130.200  -37.865  -56.805    0.000    451.710  6.3803e-12  9.5995e-06
  130.400  -38.086  -55.452    0.000    453.402  6.2722e-12  9.4788e-06
  130.600  -38.291  -54.086    0.000    455.080  6.1666e-12  9.3601e-06
  130.800  -38.479  -52.710    0.000    456.745  6.0633e-12  9.2434e-06
  131.000  -38.650  -51.323    0.000    458.396  5.9624e-12  9.1287e-06
  131.200  -38.806  -49.929    0.000    460.034  5.8637e-12  9.0159e-06
  131.400  -38.947  -48.528    0.000    461.659  5.7672e-12  8.9049e-06
  131.600  -39.073  -47.121    0.000    463.271  5.6728e-12  8.7958e-06
  131.800  -39.185  -45.710    0.000    464.870  5.5805e-12  8.6884e-06
  132.000  -39.284  -44.296    0.000    466.456  5.4902e-12  8.5828e-06
  132.200  -39.370  -42.881    0.000    468.030  5.4019e-12  8.4789e-06
  132.400  -39.443  -41.465    0.000    469.591  5.3154e-12  8.3767e-06
  132.600  -39.505  -40.051    0.000    471.139  5.2308e-12  8.2761e-06
  132.800  -39.556  -38.639    0.000    472.675  5.1480e-12  8.1771e-06
  133.000  -39.597  -37.231    0.000    474.198  5.0669e-12  8.0797e-06
  133.200  -39.627  -35.828    0.000    475.710  4.9875e-12  7.9838e-06
  133.400  -39.648  -34.432    0.000    477.209  4.9098e-12  7.8894e-06
  133.600  -39.660  -33.044    0.000    478.696  4.8337e-12  7.7965e-06
  133.800  -39.664  -31.665    0.000    480.171  4.7591e-12  7.7050e-06
  134.000  -39.660  -30.296    0.000    481.635  4.6861e-12  7.6149e-06
  134.200  -39.648  -28.940    0.000    483.086  4.6146e-12  7.5263e-06
  134.400  -39.631  -27.596    0.000    484.526  4.5445e-12  7.4389e-06
  134.600  -39.607  -26.268    0.000    485.955  4.4758e-12  7.3530e-06
  134.800  -39.578  -24.955    0.000    487.372  4.4085e-12  7.2683e-06
  135.000  -39.544  -23.660    0.000    488.778  4.3425e-12  7.1848e-06
  135.200  -39.505  -22.382    0.000    490.172  4.2778e-12  7.1027e-06
  135.400  -39.463  -21.124    0.000    491.555  4.2144e-12  7.0218e-06
  135.600  -39.416  -19.884    0.000    492.928  4.1523e-12  6.9420e-06
  135.800  -39.365  -18.661    0.000    494.289  4.0913e-12  6.8635e-06
  136.000  -39.310  -17.457    0.000    495.639  4.0315e-12  6.7861e-06
  136.200  -39.251  -16.271    0.000    496.978  3.9729e-12  6.7098e-06
  136.400  -39.189  -15.102    0.000    498.307  3.9154e-12  6.6346e-06
  136.600  -39.122  -13.950    0.000    499.625  3.8590e-12  6.5606e-06
  136.800  -39.052  -12.816    0.000    500.933  3.8036e-12  6.4876e-06
  137.000  -38.978  -11.699    0.000    502.230  3.7493e-12  6.4157e-06
  137.200  -38.900  -10.598    0.000    503.516  3.6960e-12  6.3448e-06
  137.400  -38.819   -9.515    0.000    504.793  3.6437e-12  6.2749e-06
  137.600  -38.734   -8.448    0.000    506.059  3.5924e-12  6.2059e-06
  137.800  -38.646   -7.397    0.000    507.315  3.5420e-12  6.1380e-06
  138.000  -38.555   -6.362    0.000    508.561  3.4926e-12  6.0711e-06
  138.200  -38.460   -5.344    0.000    509.797  3.4440e-12  6.0050e-06
  138.400  -38.362   -4.341    0.000    511.023  3.3963e-12  5.9399e-06
  138.600  -38.261   -3.353    0.000    512.239  3.3495e-12  5.8757e-06
  138.800  -38.157   -2.382    0.000    513.445  3.3035e-12  5.8124e-06
  139.000  -38.050   -1.425    0.000    514.642  3.2584e-12  5.7499e-06
  139.200  -37.940   -0.484    0.000    515.829  3.2140e-12  5.6884e-06
  139.400  -37.827    0.443    0.000    517.007  3.1705e-12  5.6276e-06
  139.600  -37.711    1.354    0.000    518.175  3.1277e-12  5.5677e-06
  139.800  -37.593    2.251    0.000    519.334  3.0856e-12  5.5086e-06
  140.000  -37.471    3.134    0.000    520.484  3.0443e-12  5.4503e-06
  140.200  -37.347    4.003    0.000    521.624  3.0037e-12  5.3928e-06
  140.400  -37.221    4.857    0.000    522.756  2.9638e-12  5.3361e-06
  140.600  -37.092    5.698    0.000    523.878  2.9246e-12  5.2801e-06
  140.800  -36.961    6.525    0.000    524.991  2.8861e-12  5.2248e-06
  141.000  -36.827    7.338    0.000    526.096  2.8482e-12  5.1703e-06
  141.200  -36.691    8.138    0.000    527.191  2.8109e-12  5.1165e-06
  141.400  -36.553    8.925    0.000    528.278  2.7743e-12  5.0635e-06
  141.600  -36.412    9.699    0.000    529.356  2.7383e-12  5.0111e-06
  141.800  -36.270   10.460    0.000    530.426  2.7029e-12  4.9594e-06
  142.000  -36.125   11.209    0.000    531.487  2.6681e-12  4.9084e-06
  142.200  -35.978   11.945    0.000    532.539  2.6339e-12  4.8580e-06
  142.400  -35.830   12.668    0.000    533.583  2.6002e-12  4.8083e-06
  142.600  -35.679   13.380    0.000    534.619  2.5671e-12  4.7592e-06
  142.800  -35.527   14.080    0.000    535.646  2.5345e-12  4.7108e-06
  143.000  -35.373   14.768    0.000    536.665  2.5025e-12  4.6630e-06
  143.200  -35.217   15.444    0.000    537.676  2.4709e-12  4.6157e-06
  143.400  -35.060   16.109    0.000    538.679  2.4399e-12  4.5691e-06
  143.600  -34.901   16.763    0.000    539.674  2.4094e-12  4.5231e-06
  143.800  -34.741   17.406    0.000    540.661  2.3794e-12  4.4777e-06
  144.000  -34.579   18.038    0.000    541.640  2.3498e-12  4.4328e-06
  144.200  -34.416   18.659    0.000    542.612  2.3207e-12  4.3885e-06
  144.400  -34.252   19.270    0.000    543.575  2.2921e-12  4.3447e-06
  144.600  -34.086   19.870    0.000    544.531  2.2639e-12  4.3015e-06
  144.800  -33.919   20.460    0.000    545.479  2.2362e-12  4.2588e-06
  145.000  -33.751   21.040    0.000    546.420  2.2089e-12  4.2167e-06
  145.200  -33.582   21.611    0.000    547.353  2.1820e-12  4.1751e-06
  145.400  -33.412   22.171    0.000    548.278  2.1556e-12  4.1339e-06
  145.600  -33.241   22.723    0.000    549.197  2.1295e-12  4.0933e-06
  145.800  -33.069   23.265    0.000    550.107  2.1038e-12  4.0532e-06
  146.000  -32.896   23.798    0.000    551.011  2.0786e-12  4.0136e-06
  146.200  -32.723   24.322    0.000    551.907  2.0537e-12  3.9744e-06
  146.400  -32.549   24.837    0.000    552.797  2.0292e-12  3.9357e-06
  146.600  -32.374   25.343    0.000    553.679  2.0051e-12  3.8975e-06
  146.800  -32.198   25.842    0.000    554.554  1.9813e-12  3.8598e-06
  147.000  -32.022   26.332    0.000    555.422  1.9579e-12  3.8225e-06
  147.200  -31.846   26.814    0.000    556.283  1.9348e-12  3.7856e-06
  147.400  -31.669   27.288    0.000    557.137  1.9121e-12  3.7492e-06
  147.600  -31.491   27.754    0.000    557.985  1.8897e-12  3.7132e-06
  147.800  -31.314   28.213    0.000    558.825  1.8677e-12  3.6776e-06
  148.000  -31.136   28.664    0.000    559.659  1.8459e-12  3.6425e-06
  148.200  -30.958   29.108    0.000    560.487  1.8245e-12  3.6078e-06
  148.400  -30.780   29.546    0.000    561.307  1.8034e-12  3.5734e-06
  148.600  -30.601   29.976    0.000    562.121  1.7826e-12  3.5395e-06
  148.800  -30.423   30.400    0.000    562.929  1.7621e-12  3.5060e-06
  149.000  -30.245   30.817    0.000    563.730  1.7419e-12  3.4728e-06
  149.200  -30.067   31.228    0.000    564.525  1.7220e-12  3.4401e-06
  149.400  -29.889   31.633    0.000    565.314  1.7024e-12  3.4077e-06
  149.600  -29.711   32.032    0.000    566.096  1.6830e-12  3.3757e-06
  149.800  -29.534   32.425    0.000    566.872  1.6640e-12  3.3441e-06
  150.000  -29.357   32.813    0.000    567.641  1.6452e-12  3.3128e-06
  150.200  -29.180   33.195    0.000    568.405  1.6266e-12  3.2819e-06
  150.400  -29.004   33.572    0.000    569.163  1.6084e-12  3.2513e-06
  150.600  -28.828   33.943    0.000    569.914  1.5903e-12  3.2211e-06
  150.800  -28.652   34.309    0.000    570.659  1.5726e-12  3.1912e-06
  151.000  -28.477   34.670    0.000    571.399  1.5551e-12  3.1617e-06
  151.200  -28.303   35.025    0.000    572.133  1.5378e-12  3.1325e-06
  151.400  -28.128   35.375    0.000    572.860  1.5207e-12  3.1036e-06
  151.600  -27.955   35.720    0.000    573.582  1.5039e-12  3.0750e-06
  151.800  -27.781   36.060    0.000    574.299  1.4874e-12  3.0468e-06
  152.000  -27.608   36.395    0.000    575.009  1.4710e-12  3.0189e-06
  152.200  -27.436   36.724    0.000    575.714  1.4549e-12  2.9913e-06
  152.400  -27.264   37.049    0.000    576.413  1.4390e-12  2.9640e-06
  152.600  -27.092   37.368    0.000    577.107  1.4233e-12  2.9370e-06
  152.800  -26.921   37.682    0.000    577.795  1.4078e-12  2.9103e-06
  153.000  -26.751   37.991    0.000    578.478  1.3925e-12  2.8839e-06
  153.200  -26.581   38.295    0.000    579.155  1.3775e-12  2.8577e-06
  153.400  -26.411   38.595    0.000    579.826  1.3626e-12  2.8319e-06
  153.600  -26.242   38.889    0.000    580.493  1.3479e-12  2.8064e-06
  153.800  -26.073   39.178    0.000    581.154  1.3335e-12  2.7811e-06
  154.000  -25.905   39.463    0.000    581.810  1.3192e-12  2.7561e-06
  154.200  -25.737   39.742    0.000    582.460  1.3051e-12  2.7314e-06
  154.400  -25.570   40.017    0.000    583.106  1.2912e-12  2.7069e-06
  154.600  -25.403   40.287    0.000    583.746  1.2775e-12  2.6827e-06
  154.800  -25.237   40.552    0.000    584.381  1.2639e-12  2.6588e-06
  155.000  -25.072   40.813    0.000    585.012  1.2505e-12  2.6351e-06
  155.200  -24.907   41.068    0.000    585.637  1.2373e-12  2.6117e-06
  155.400  -24.742   41.320    0.000    586.257  1.2243e-12  2.5885e-06
  155.600  -24.578   41.566    0.000    586.872  1.2115e-12  2.5655e-06
  155.800  -24.415   41.808    0.000    587.482  1.1988e-12  2.5429e-06
  156.000  -24.252   42.045    0.000    588.088  1.1862e-12  2.5204e-06
  156.200  -24.089   42.278    0.000    588.688  1.1739e-12  2.4982e-06
  156.400  -23.928   42.506    0.000    589.284  1.1617e-12  2.4762e-06
  156.600  -23.766   42.729    0.000    589.875  1.1496e-12  2.4545e-06
  156.800  -23.606   42.948    0.000    590.462  1.1377e-12  2.4330e-06
  157.000  -23.446   43.163    0.000    591.043  1.1259e-12  2.4117e-06
  157.200  -23.286   43.373    0.000    591.620  1.1143e-12  2.3906e-06
  157.400  -23.127   43.579    0.000    592.193  1.1029e-12  2.3698e-06
  157.600  -22.969   43.780    0.000    592.761  1.0916e-12  2.3491e-06
  157.800  -22.811   43.977    0.000    593.324  1.0804e-12  2.3287e-06
  158.000  -22.654   44.170    0.000    593.883  1.0694e-12  2.3085e-06
  158.200  -22.497   44.358    0.000    594.438  1.0585e-12  2.2885e-06
  158.400  -22.341   44.543    0.000    594.988  1.0477e-12  2.2687e-06
  158.600  -22.186   44.723    0.000    595.533  1.0371e-12  2.2492e-06
  158.800  -22.031   44.898    0.000    596.075  1.0266e-12  2.2298e-06
  159.000  -21.877   45.070    0.000    596.612  1.0162e-12  2.2106e-06
  159.200  -21.723   45.237    0.000    597.144  1.0059e-12  2.1916e-06
  159.400  -21.570   45.401    0.000    597.673  9.9582e-13  2.1728e-06
  159.600  -21.418   45.560    0.000    598.197  9.8582e-13  2.1542e-06
  159.800  -21.267   45.715    0.000    598.717  9.7595e-13  2.1358e-06
  160.000  -21.116   45.866    0.000    599.233  9.6619e-13  2.1176e-06
  160.200  -20.965   46.013    0.000    599.745  9.5632e-13  2.0991e-06
  160.400  -20.815   46.156    0.000    600.253  9.4680e-13  2.0813e-06
  160.600  -20.666   46.295    0.000    600.757  9.3740e-13  2.0636e-06
  160.800  -20.518   46.431    0.000    601.257  9.2811e-13  2.0461e-06
  161.000  -20.370   46.562    0.000    601.752  9.1893e-13  2.0288e-06
  161.200  -20.223   46.689    0.000    602.244  9.0986e-13  2.0116e-06
  161.400  -20.077   46.813    0.000    602.732  9.0090e-13  1.9946e-06
  161.600  -19.931   46.933    0.000    603.216  8.9204e-13  1.9778e-06
  161.800  -19.786   47.049    0.000    603.697  8.8329e-13  1.9612e-06
  162.000  -19.642   47.161    0.000    604.173  8.7464e-13  1.9447e-06
  162.200  -19.498   47.270    0.000    604.646  8.6610e-13  1.9284e-06
  162.400  -19.355   47.375    0.000    605.114  8.5765e-13  1.9123e-06
  162.600  -19.213   47.476    0.000    605.580  8.4930e-13  1.8963e-06
  162.800  -19.071   47.574    0.000    606.041  8.4105e-13  1.8804e-06
  163.000  -18.931   47.667    0.000    606.499  8.3290e-13  1.8648e-06
  163.200  -18.790   47.758    0.000    606.953  8.2484e-13  1.8492e-06
  163.400  -18.651   47.845    0.000    607.403  8.1687e-13  1.8339e-06
  163.600  -18.512   47.928    0.000    607.850  8.0900e-13  1.8187e-06
  163.800  -18.374   48.008    0.000    608.294  8.0122e-13  1.8036e-06
  164.000  -18.237   48.084    0.000    608.734  7.9352e-13  1.7887e-06
  164.200  -18.101   48.157    0.000    609.170  7.8592e-13  1.7739e-06
  164.400  -17.965   48.226    0.000    609.603  7.7840e-13  1.7592e-06
  164.600  -17.830   48.292    0.000    610.032  7.7096e-13  1.7448e-06
  164.800  -17.696   48.355    0.000    610.458  7.6361e-13  1.7304e-06
  165.000  -17.562   48.415    0.000    610.881  7.5635e-13  1.7162e-06
  165.200  -17.429   48.471    0.000    611.300  7.4917e-13  1.7021e-06
  165.400  -17.297   48.523    0.000    611.716  7.4207e-13  1.6882e-06
  165.600  -17.166   48.573    0.000    612.129  7.3504e-13  1.6743e-06
  165.800  -17.035   48.619    0.000    612.538  7.2810e-13  1.6607e-06
  166.000  -16.906   48.663    0.000    612.945  7.2124e-13  1.6471e-06
  166.200  -16.777   48.703    0.000    613.347  7.1445e-13  1.6337e-06
  166.400  -16.649   48.739    0.000    613.747  7.0774e-13  1.6204e-06
  166.600  -16.521   48.773    0.000    614.144  7.0110e-13  1.6073e-06
  166.800  -16.395   48.804    0.000    614.537  6.9454e-13  1.5942e-06
  167.000  -16.269   48.831    0.000    614.927  6.8805e-13  1.5813e-06
  167.200  -16.144   48.856    0.000    615.315  6.8163e-13  1.5685e-06
  167.400  -16.020   48.878    0.000    615.699  6.7528e-13  1.5558e-06
  167.600  -15.896   48.896    0.000    616.080  6.6900e-13  1.5433e-06
  167.800  -15.774   48.912    0.000    616.458  6.6279e-13  1.5308e-06
  168.000  -15.652   48.925    0.000    616.833  6.5665e-13  1.5185e-06
  168.200  -15.531   48.935    0.000    617.205  6.5058e-13  1.5063e-06
  168.400  -15.411   48.942    0.000    617.574  6.4457e-13  1.4942e-06
  168.600  -15.292   48.946    0.000    617.940  6.3863e-13  1.4823e-06
  168.800  -15.173   48.948    0.000    618.303  6.3276e-13  1.4704e-06
  169.000  -15.056   48.946    0.000    618.664  6.2694e-13  1.4586e-06
  169.200  -14.939   48.942    0.000    619.021  6.2119e-13  1.4470e-06
  169.400  -14.823   48.936    0.000    619.376  6.1551e-13  1.4355e-06
  169.600  -14.708   48.926    0.000    619.728  6.0988e-13  1.4240e-06
  169.800  -14.594   48.914    0.000    620.077  6.0431e-13  1.4127e-06
  170.000  -14.481   48.899    0.000    620.423  5.9881e-13  1.4015e-06
  170.200  -14.368   48.882    0.000    620.767  5.9336e-13  1.3904e-06
  170.400  -14.256   48.862    0.000    621.108  5.8797e-13  1.3794e-06
  170.600  -14.146   48.840    0.000    621.446  5.8264e-13  1.3685e-06
  170.800  -14.036   48.815    0.000    621.781  5.7737e-13  1.3576e-06
  171.000  -13.927   48.788    0.000    622.114  5.7215e-13  1.3469e-06
  171.200  -13.819   48.758    0.000    622.444  5.6698e-13  1.3363e-06
  171.400  -13.712   48.725    0.000    622.772  5.6188e-13  1.3258e-06
  171.600  -13.605   48.691    0.000    623.097  5.5682e-13  1.3154e-06
  171.800  -13.500   48.654    0.000    623.419  5.5182e-13  1.3051e-06
  172.000  -13.395   48.614    0.000    623.739  5.4687e-13  1.2948e-06
  172.200  -13.292   48.573    0.000    624.056  5.4198e-13  1.2847e-06
  172.400  -13.189   48.529    0.000    624.371  5.3713e-13  1.2746e-06
  172.600  -13.087   48.482    0.000    624.683  5.3234e-13  1.2647e-06
  172.800  -12.986   48.434    0.000    624.993  5.2759e-13  1.2548e-06
  173.000  -12.886   48.383    0.000    625.301  5.2290e-13  1.2450e-06
  173.200  -12.787   48.330    0.000    625.606  5.1825e-13  1.2353e-06
  173.400  -12.689   48.275    0.000    625.908  5.1365e-13  1.2257e-06
  173.600  -12.592   48.218    0.000    626.208  5.0910e-13  1.2162e-06
  173.800  -12.496   48.159    0.000    626.506  5.0460e-13  1.2068e-06
  174.000  -12.401   48.098    0.000    626.801  5.0014e-13  1.1974e-06
  174.200  -12.306   48.034    0.000    627.094  4.9573e-13  1.1882e-06
  174.400  -12.213   47.969    0.000    627.385  4.9137e-13  1.1790e-06
  174.600  -12.121   47.902    0.000    627.673  4.8705e-13  1.1699e-06
  174.800  -12.029   47.832    0.000    627.960  4.8277e-13  1.1609e-06
  175.000  -11.939   47.761    0.000    628.243  4.7854e-13  1.1519e-06
  175.200  -11.849   47.688    0.000    628.525  4.7435e-13  1.1431e-06
  175.400  -11.761   47.613    0.000    628.804  4.7020e-13  1.1343e-06
  175.600  -11.673   47.536    0.000    629.082  4.6610e-13  1.1256e-06
  175.800  -11.587   47.458    0.000    629.357  4.6203e-13  1.1170e-06
  176.000  -11.501   47.378    0.000    629.629  4.5801e-13  1.1084e-06
  176.200  -11.417   47.295    0.000    629.900  4.5403e-13  1.0999e-06
  176.400  -11.333   47.212    0.000    630.168  4.5009e-13  1.0915e-06
  176.600  -11.250   47.126    0.000    630.435  4.4619e-13  1.0832e-06
  176.800  -11.169   47.039    0.000    630.699  4.4233e-13  1.0749e-06
  177.000  -11.088   46.950    0.000    630.961  4.3850e-13  1.0668e-06
  177.200  -11.009   46.860    0.000    631.221  4.3472e-13  1.0587e-06
  177.400  -10.930   46.768    0.000    631.479  4.3097e-13  1.0506e-06
  177.600  -10.853   46.674    0.000    631.735  4.2726e-13  1.0426e-06
  177.800  -10.776   46.579    0.000    631.989  4.2359e-13  1.0347e-06
  178.000  -10.701   46.482    0.000    632.241  4.1995e-13  1.0269e-06
  178.200  -10.626   46.384    0.000    632.491  4.1636e-13  1.0191e-06
  178.400  -10.553   46.285    0.000    632.739  4.1279e-13  1.0114e-06
  178.600  -10.481   46.184    0.000    632.985  4.0926e-13  1.0038e-06
  178.800  -10.409   46.082    0.000    633.229  4.0577e-13  9.9625e-07
  179.000  -10.339   45.978    0.000    633.471  4.0231e-13  9.8876e-07
  179.200  -10.270   45.873    0.000    633.712  3.9888e-13  9.8132e-07
  179.400  -10.202   45.767    0.000    633.950  3.9549e-13  9.7395e-07
  179.600  -10.135   45.659    0.000    634.187  3.9213e-13  9.6664e-07
  179.800  -10.069   45.550    0.000    634.421  3.8881e-13  9.5940e-07
  180.000  -10.004   45.440    0.000    634.654  3.8552e-13  9.5222e-07
