#% 0, Z0, m, 795
#% 1, Z, km
#% 2, U, m/s
#% 3, V, m/s
#% 4, W, m/s
#% 5, T, degK
#% 6, RHO, g/cm3
#% 7, P, mbar
#30.5942     35.5664     48.9328     99.0754     658         
    0.000    2.399    1.984    0.000    285.332  1.2411e-03  1.0163e+03
    0.200    2.396    2.111    0.000    284.091  1.2170e-03  9.9227e+02
    0.400    2.553    2.209    0.000    282.975  1.1928e-03  9.6876e+02
    0.600    3.104    2.048    0.000    282.105  1.1681e-03  9.4571e+02
    0.800    3.819    1.463    0.000    281.087  1.1443e-03  9.2313e+02
    1.000    4.700    0.717    0.000    279.903  1.1216e-03  9.0101e+02
    1.200    6.091   -0.535    0.000    279.412  1.0966e-03  8.7936e+02
    1.400    6.810   -1.753    0.000    278.786  1.0726e-03  8.5817e+02
    1.600    6.977   -2.687    0.000    278.011  1.0496e-03  8.3745e+02
    1.800    7.022   -3.307    0.000    277.262  1.0269e-03  8.1716e+02
    2.000    7.036   -3.608    0.000    276.432  1.0049e-03  7.9728e+02
    2.200    7.152   -3.660    0.000    275.473  9.8387e-04  7.7785e+02
    2.400    7.406   -3.517    0.000    274.299  9.6389e-04  7.5881e+02
    2.600    7.718   -3.224    0.000    272.983  9.4472e-04  7.4015e+02
    2.800    8.019   -2.856    0.000    271.660  9.2588e-04  7.2187e+02
    3.000    8.315   -2.511    0.000    270.403  9.0709e-04  7.0396e+02
    3.200    8.673   -2.270    0.000    269.165  8.8855e-04  6.8641e+02
    3.400    9.123   -2.120    0.000    267.940  8.7026e-04  6.6922e+02
    3.600    9.655   -2.007    0.000    266.694  8.5231e-04  6.5237e+02
    3.800   10.239   -1.881    0.000    265.331  8.3503e-04  6.3588e+02
    4.000   10.839   -1.738    0.000    263.878  8.1830e-04  6.1972e+02
    4.200   11.424   -1.570    0.000    262.379  8.0193e-04  6.0388e+02
    4.400   11.970   -1.343    0.000    260.829  7.8597e-04  5.8836e+02
    4.600   12.480   -1.019    0.000    259.245  7.7034e-04  5.7316e+02
    4.800   12.957   -0.576    0.000    257.648  7.5495e-04  5.5825e+02
    5.000   13.366   -0.027    0.000    256.044  7.3979e-04  5.4363e+02
    5.200   13.740    0.578    0.000    254.449  7.2483e-04  5.2932e+02
    5.400   14.191    1.151    0.000    252.898  7.0995e-04  5.1530e+02
    5.600   14.811    1.655    0.000    251.416  6.9511e-04  5.0156e+02
    5.800   15.659    2.080    0.000    250.022  6.8025e-04  4.8812e+02
    6.000   16.714    2.396    0.000    248.707  6.6542e-04  4.7497e+02
    6.200   17.921    2.578    0.000    247.449  6.5070e-04  4.6212e+02
    6.400   19.209    2.639    0.000    246.215  6.3617e-04  4.4954e+02
    6.600   20.510    2.602    0.000    244.962  6.2193e-04  4.3725e+02
    6.800   21.794    2.477    0.000    243.632  6.0814e-04  4.2522e+02
    7.000   23.042    2.278    0.000    242.176  5.9488e-04  4.1347e+02
    7.200   24.242    2.043    0.000    240.612  5.8211e-04  4.0198e+02
    7.400   25.382    1.820    0.000    238.974  5.6969e-04  3.9073e+02
    7.600   26.454    1.670    0.000    237.301  5.5754e-04  3.7972e+02
    7.800   27.447    1.654    0.000    235.630  5.4556e-04  3.6894e+02
    8.000   28.351    1.757    0.000    233.986  5.3370e-04  3.5840e+02
    8.200   29.155    1.899    0.000    232.382  5.2192e-04  3.4809e+02
    8.400   29.872    2.019    0.000    230.836  5.1020e-04  3.3801e+02
    8.600   30.579    2.109    0.000    229.378  4.9848e-04  3.2816e+02
    8.800   31.359    2.170    0.000    228.042  4.8671e-04  3.1854e+02
    9.000   32.299    2.252    0.000    226.847  4.7485e-04  3.0915e+02
    9.200   33.489    2.429    0.000    225.808  4.6291e-04  3.0000e+02
    9.400   34.990    2.756    0.000    224.932  4.5089e-04  2.9107e+02
    9.600   36.756    3.184    0.000    224.210  4.3884e-04  2.8238e+02
    9.800   38.714    3.641    0.000    223.630  4.2680e-04  2.7393e+02
   10.000   40.756    4.060    0.000    223.168  4.1486e-04  2.6571e+02
   10.200   42.679    4.393    0.000    222.783  4.0309e-04  2.5773e+02
   10.400   44.262    4.595    0.000    222.429  3.9158e-04  2.4997e+02
   10.600   45.334    4.640    0.000    222.073  3.8039e-04  2.4244e+02
   10.800   45.917    4.595    0.000    221.727  3.6948e-04  2.3512e+02
   11.000   46.078    4.546    0.000    221.420  3.5881e-04  2.2801e+02
   11.200   45.893    4.582    0.000    221.177  3.4833e-04  2.2111e+02
   11.400   45.566    4.782    0.000    221.011  3.3803e-04  2.1442e+02
   11.600   45.409    5.223    0.000    220.925  3.2792e-04  2.0792e+02
   11.800   45.737    5.983    0.000    220.921  3.1799e-04  2.0162e+02
   12.000   46.830    7.112    0.000    220.995  3.0826e-04  1.9551e+02
   12.200   48.643    8.452    0.000    221.086  2.9880e-04  1.8959e+02
   12.400   50.957    9.730    0.000    221.105  2.8973e-04  1.8385e+02
   12.600   53.555   10.670    0.000    220.960  2.8112e-04  1.7828e+02
   12.800   56.216   11.002    0.000    220.561  2.7307e-04  1.7286e+02
   13.000   58.768   10.626    0.000    219.887  2.6557e-04  1.6759e+02
   13.200   61.093    9.656    0.000    219.002  2.5849e-04  1.6247e+02
   13.400   63.077    8.226    0.000    217.978  2.5175e-04  1.5750e+02
   13.600   64.607    6.467    0.000    216.884  2.4524e-04  1.5265e+02
   13.800   65.573    4.510    0.000    215.790  2.3889e-04  1.4795e+02
   14.000   65.938    2.487    0.000    214.740  2.3262e-04  1.4336e+02
   14.200   65.755    0.526    0.000    213.742  2.2644e-04  1.3891e+02
   14.400   65.082   -1.241    0.000    212.805  2.2032e-04  1.3456e+02
   14.600   63.977   -2.684    0.000    211.936  2.1426e-04  1.3033e+02
   14.800   62.496   -3.675    0.000    211.145  2.0825e-04  1.2620e+02
   15.000   60.698   -4.098    0.000    210.437  2.0228e-04  1.2217e+02
   15.200   58.648   -3.986    0.000    209.809  1.9637e-04  1.1825e+02
   15.400   56.412   -3.460    0.000    209.253  1.9055e-04  1.1444e+02
   15.600   54.057   -2.640    0.000    208.758  1.8484e-04  1.1075e+02
   15.800   51.652   -1.647    0.000    208.314  1.7927e-04  1.0718e+02
   16.000   49.263   -0.604    0.000    207.913  1.7386e-04  1.0374e+02
   16.200   46.958    0.371    0.000    207.544  1.6861e-04  1.0043e+02
   16.400   44.795    1.169    0.000    207.199  1.6355e-04  9.7260e+01
   16.600   42.781    1.779    0.000    206.878  1.5867e-04  9.4209e+01
   16.800   40.900    2.219    0.000    206.583  1.5394e-04  9.1270e+01
   17.000   39.138    2.510    0.000    206.317  1.4935e-04  8.8434e+01
   17.200   37.482    2.674    0.000    206.081  1.4488e-04  8.5690e+01
   17.400   35.917    2.729    0.000    205.879  1.4052e-04  8.3030e+01
   17.600   34.429    2.697    0.000    205.712  1.3626e-04  8.0446e+01
   17.800   33.003    2.598    0.000    205.584  1.3208e-04  7.7931e+01
   18.000   31.625    2.452    0.000    205.495  1.2798e-04  7.5479e+01
   18.200   30.282    2.280    0.000    205.450  1.2395e-04  7.3085e+01
   18.400   28.958    2.102    0.000    205.450  1.1997e-04  7.0742e+01
   18.600   27.641    1.937    0.000    205.497  1.1606e-04  6.8447e+01
   18.800   26.332    1.791    0.000    205.590  1.1220e-04  6.6202e+01
   19.000   25.039    1.660    0.000    205.724  1.0841e-04  6.4011e+01
   19.200   23.771    1.541    0.000    205.896  1.0472e-04  6.1879e+01
   19.400   22.538    1.430    0.000    206.102  1.0111e-04  5.9810e+01
   19.600   21.348    1.324    0.000    206.338  9.7613e-05  5.7805e+01
   19.800   20.211    1.220    0.000    206.599  9.4224e-05  5.5869e+01
   20.000   19.136    1.113    0.000    206.882  9.0950e-05  5.4002e+01
   20.200   18.132    1.002    0.000    207.182  8.7797e-05  5.2205e+01
   20.400   17.208    0.881    0.000    207.497  8.4768e-05  5.0481e+01
   20.600   16.372    0.748    0.000    207.821  8.1865e-05  4.8828e+01
   20.800   15.622    0.605    0.000    208.154  7.9083e-05  4.7244e+01
   21.000   14.951    0.452    0.000    208.495  7.6415e-05  4.5726e+01
   21.200   14.351    0.293    0.000    208.845  7.3854e-05  4.4267e+01
   21.400   13.815    0.130    0.000    209.205  7.1393e-05  4.2866e+01
   21.600   13.335   -0.034    0.000    209.573  6.9026e-05  4.1517e+01
   21.800   12.903   -0.196    0.000    209.951  6.6747e-05  4.0219e+01
   22.000   12.511   -0.355    0.000    210.337  6.4551e-05  3.8967e+01
   22.200   12.153   -0.507    0.000    210.734  6.2433e-05  3.7760e+01
   22.400   11.820   -0.650    0.000    211.139  6.0389e-05  3.6594e+01
   22.600   11.506   -0.781    0.000    211.555  5.8414e-05  3.5466e+01
   22.800   11.201   -0.899    0.000    211.979  5.6504e-05  3.4376e+01
   23.000   10.899   -0.999    0.000    212.414  5.4656e-05  3.3320e+01
   23.200   10.593   -1.081    0.000    212.859  5.2867e-05  3.2297e+01
   23.400   10.273   -1.140    0.000    213.313  5.1133e-05  3.1304e+01
   23.600    9.934   -1.175    0.000    213.778  4.9452e-05  3.0341e+01
   23.800    9.568   -1.184    0.000    214.253  4.7820e-05  2.9405e+01
   24.000    9.174   -1.165    0.000    214.737  4.6237e-05  2.8496e+01
   24.200    8.759   -1.120    0.000    215.227  4.4703e-05  2.7613e+01
   24.400    8.327   -1.050    0.000    215.721  4.3217e-05  2.6757e+01
   24.600    7.883   -0.957    0.000    216.217  4.1780e-05  2.5926e+01
   24.800    7.433   -0.841    0.000    216.712  4.0391e-05  2.5122e+01
   25.000    6.982   -0.703    0.000    217.205  3.9048e-05  2.4342e+01
   25.200    6.535   -0.545    0.000    217.692  3.7753e-05  2.3587e+01
   25.400    6.097   -0.368    0.000    218.171  3.6503e-05  2.2857e+01
   25.600    5.673   -0.173    0.000    218.641  3.5299e-05  2.2150e+01
   25.800    5.269    0.039    0.000    219.098  3.4139e-05  2.1467e+01
   26.000    4.889    0.268    0.000    219.541  3.3022e-05  2.0806e+01
   26.200    4.540    0.510    0.000    219.967  3.1947e-05  2.0169e+01
   26.400    4.225    0.767    0.000    220.374  3.0915e-05  1.9553e+01
   26.600    3.947    1.036    0.000    220.762  2.9921e-05  1.8958e+01
   26.800    3.705    1.315    0.000    221.132  2.8966e-05  1.8383e+01
   27.000    3.499    1.605    0.000    221.486  2.8046e-05  1.7828e+01
   27.200    3.331    1.904    0.000    221.826  2.7160e-05  1.7291e+01
   27.400    3.198    2.209    0.000    222.153  2.6306e-05  1.6772e+01
   27.600    3.103    2.521    0.000    222.467  2.5483e-05  1.6270e+01
   27.800    3.044    2.838    0.000    222.772  2.4689e-05  1.5785e+01
   28.000    3.021    3.158    0.000    223.067  2.3922e-05  1.5315e+01
   28.200    3.035    3.481    0.000    223.355  2.3182e-05  1.4860e+01
   28.400    3.086    3.805    0.000    223.637  2.2467e-05  1.4420e+01
   28.600    3.173    4.129    0.000    223.915  2.1776e-05  1.3994e+01
   28.800    3.297    4.451    0.000    224.189  2.1107e-05  1.3581e+01
   29.000    3.458    4.770    0.000    224.461  2.0460e-05  1.3181e+01
   29.200    3.655    5.086    0.000    224.733  1.9834e-05  1.2793e+01
   29.400    3.889    5.397    0.000    225.007  1.9228e-05  1.2417e+01
   29.600    4.160    5.701    0.000    225.282  1.8641e-05  1.2052e+01
   29.800    4.467    5.997    0.000    225.562  1.8071e-05  1.1699e+01
   30.000    4.811    6.285    0.000    225.847  1.7519e-05  1.1356e+01
   30.200    5.192    6.562    0.000    226.138  1.6984e-05  1.1023e+01
   30.400    5.610    6.828    0.000    226.438  1.6465e-05  1.0700e+01
   30.600    6.064    7.081    0.000    226.747  1.5961e-05  1.0387e+01
   30.800    6.555    7.321    0.000    227.068  1.5471e-05  1.0082e+01
   31.000    7.083    7.545    0.000    227.401  1.4996e-05  9.7867e+00
   31.200    7.643    7.750    0.000    227.746  1.4534e-05  9.4998e+00
   31.400    8.232    7.934    0.000    228.105  1.4086e-05  9.2214e+00
   31.600    8.844    8.091    0.000    228.475  1.3651e-05  8.9514e+00
   31.800    9.473    8.218    0.000    228.858  1.3230e-05  8.6895e+00
   32.000   10.115    8.312    0.000    229.252  1.2821e-05  8.4356e+00
   32.200   10.765    8.368    0.000    229.659  1.2425e-05  8.1896e+00
   32.400   11.417    8.382    0.000    230.077  1.2042e-05  7.9514e+00
   32.600   12.067    8.351    0.000    230.506  1.1670e-05  7.7206e+00
   32.800   12.710    8.270    0.000    230.947  1.1311e-05  7.4973e+00
   33.000   13.339    8.136    0.000    231.399  1.0964e-05  7.2811e+00
   33.200   13.951    7.945    0.000    231.861  1.0628e-05  7.0721e+00
   33.400   14.540    7.694    0.000    232.334  1.0303e-05  6.8698e+00
   33.600   15.104    7.391    0.000    232.821  9.9885e-06  6.6743e+00
   33.800   15.643    7.052    0.000    233.323  9.6844e-06  6.4851e+00
   34.000   16.156    6.692    0.000    233.845  9.3900e-06  6.3020e+00
   34.200   16.643    6.327    0.000    234.390  9.1047e-06  6.1247e+00
   34.400   17.104    5.973    0.000    234.962  8.8281e-06  5.9531e+00
   34.600   17.538    5.646    0.000    235.563  8.5598e-06  5.7870e+00
   34.800   17.944    5.361    0.000    236.198  8.2993e-06  5.6260e+00
   35.000   18.324    5.134    0.000    236.869  8.0463e-06  5.4700e+00
   35.200   18.675    4.982    0.000    237.580  7.8005e-06  5.3188e+00
   35.400   18.998    4.918    0.000    238.335  7.5615e-06  5.1722e+00
   35.600   19.293    4.961    0.000    239.137  7.3291e-06  5.0301e+00
   35.800   19.559    5.122    0.000    239.988  7.1029e-06  4.8922e+00
   36.000   19.798    5.396    0.000    240.885  6.8830e-06  4.7585e+00
   36.200   20.013    5.769    0.000    241.820  6.6695e-06  4.6288e+00
   36.400   20.207    6.226    0.000    242.788  6.4623e-06  4.5029e+00
   36.600   20.383    6.752    0.000    243.780  6.2615e-06  4.3808e+00
   36.800   20.543    7.333    0.000    244.791  6.0669e-06  4.2623e+00
   37.000   20.691    7.955    0.000    245.814  5.8787e-06  4.1474e+00
   37.200   20.830    8.602    0.000    246.840  5.6968e-06  4.0358e+00
   37.400   20.961    9.261    0.000    247.865  5.5210e-06  3.9275e+00
   37.600   21.089    9.916    0.000    248.880  5.3513e-06  3.8224e+00
   37.800   21.215   10.553    0.000    249.880  5.1876e-06  3.7203e+00
   38.000   21.344   11.158    0.000    250.856  5.0299e-06  3.6213e+00
   38.200   21.477   11.715    0.000    251.803  4.8779e-06  3.5252e+00
   38.400   21.618   12.211    0.000    252.713  4.7317e-06  3.4318e+00
   38.600   21.769   12.631    0.000    253.580  4.5909e-06  3.3412e+00
   38.800   21.933   12.960    0.000    254.396  4.4557e-06  3.2532e+00
   39.000   22.114   13.184    0.000    255.156  4.3257e-06  3.1677e+00
   39.200   22.314   13.287    0.000    255.851  4.2009e-06  3.0847e+00
   39.400   22.535   13.257    0.000    256.476  4.0812e-06  3.0041e+00
   39.600   22.781   13.081    0.000    257.024  3.9663e-06  2.9258e+00
   39.800   23.049   12.773    0.000    257.499  3.8561e-06  2.8498e+00
   40.000   23.338   12.348    0.000    257.906  3.7502e-06  2.7758e+00
   40.200   23.645   11.826    0.000    258.248  3.6483e-06  2.7040e+00
   40.400   23.968   11.222    0.000    258.531  3.5502e-06  2.6342e+00
   40.600   24.305   10.555    0.000    258.761  3.4556e-06  2.5663e+00
   40.800   24.654    9.842    0.000    258.940  3.3644e-06  2.5003e+00
   41.000   25.012    9.101    0.000    259.075  3.2763e-06  2.4361e+00
   41.200   25.377    8.348    0.000    259.170  3.1911e-06  2.3736e+00
   41.400   25.747    7.602    0.000    259.230  3.1086e-06  2.3128e+00
   41.600   26.120    6.880    0.000    259.259  3.0287e-06  2.2536e+00
   41.800   26.493    6.199    0.000    259.263  2.9512e-06  2.1960e+00
   42.000   26.865    5.577    0.000    259.247  2.8760e-06  2.1399e+00
   42.200   27.232    5.031    0.000    259.214  2.8030e-06  2.0853e+00
   42.400   27.594    4.578    0.000    259.170  2.7319e-06  2.0321e+00
   42.600   27.946    4.237    0.000    259.120  2.6628e-06  1.9802e+00
   42.800   28.290    4.014    0.000    259.066  2.5954e-06  1.9297e+00
   43.000   28.623    3.903    0.000    259.006  2.5298e-06  1.8805e+00
   43.200   28.948    3.896    0.000    258.939  2.4660e-06  1.8326e+00
   43.400   29.263    3.986    0.000    258.863  2.4038e-06  1.7858e+00
   43.600   29.570    4.166    0.000    258.777  2.3432e-06  1.7403e+00
   43.800   29.868    4.428    0.000    258.678  2.2843e-06  1.6959e+00
   44.000   30.158    4.766    0.000    258.566  2.2269e-06  1.6525e+00
   44.200   30.440    5.171    0.000    258.439  2.1710e-06  1.6103e+00
   44.400   30.715    5.637    0.000    258.295  2.1167e-06  1.5691e+00
   44.600   30.982    6.156    0.000    258.132  2.0638e-06  1.5289e+00
   44.800   31.242    6.722    0.000    257.950  2.0123e-06  1.4897e+00
   45.000   31.496    7.325    0.000    257.746  1.9622e-06  1.4515e+00
   45.200   31.742    7.960    0.000    257.518  1.9134e-06  1.4142e+00
   45.400   31.983    8.619    0.000    257.266  1.8660e-06  1.3778e+00
   45.600   32.217    9.294    0.000    256.987  1.8199e-06  1.3422e+00
   45.800   32.446    9.979    0.000    256.680  1.7750e-06  1.3076e+00
   46.000   32.669   10.665    0.000    256.343  1.7313e-06  1.2737e+00
   46.200   32.887   11.346    0.000    255.975  1.6888e-06  1.2407e+00
   46.400   33.100   12.015    0.000    255.574  1.6475e-06  1.2084e+00
   46.600   33.308   12.663    0.000    255.139  1.6073e-06  1.1770e+00
   46.800   33.511   13.284    0.000    254.667  1.5682e-06  1.1462e+00
   47.000   33.711   13.871    0.000    254.158  1.5302e-06  1.1162e+00
   47.200   33.907   14.415    0.000    253.609  1.4933e-06  1.0869e+00
   47.400   34.099   14.910    0.000    253.020  1.4574e-06  1.0583e+00
   47.600   34.287   15.349    0.000    252.388  1.4225e-06  1.0304e+00
   47.800   34.473   15.723    0.000    251.711  1.3885e-06  1.0031e+00
   48.000   34.655   16.029    0.000    250.991  1.3555e-06  9.7644e-01
   48.200   34.836   16.270    0.000    250.233  1.3234e-06  9.5042e-01
   48.400   35.015   16.455    0.000    249.450  1.2921e-06  9.2504e-01
   48.600   35.193   16.594    0.000    248.650  1.2615e-06  9.0027e-01
   48.800   35.370   16.694    0.000    247.846  1.2317e-06  8.7611e-01
   49.000   35.549   16.766    0.000    247.046  1.2024e-06  8.5256e-01
   49.200   35.728   16.817    0.000    246.262  1.1738e-06  8.2960e-01
   49.400   35.909   16.857    0.000    245.505  1.1456e-06  8.0722e-01
   49.600   36.093   16.895    0.000    244.784  1.1180e-06  7.8542e-01
   49.800   36.280   16.938    0.000    244.109  1.0908e-06  7.6419e-01
   50.000   36.470   16.996    0.000    243.493  1.0640e-06  7.4352e-01
   50.200   36.665   17.078    0.000    242.944  1.0375e-06  7.2339e-01
   50.400   36.866   17.193    0.000    242.474  1.0114e-06  7.0381e-01
   50.600   37.072   17.349    0.000    242.092  9.8553e-07  6.8475e-01
   50.800   37.285   17.554    0.000    241.808  9.5998e-07  6.6622e-01
   51.000   37.509   17.806    0.000    241.617  9.3473e-07  6.4818e-01
   51.200   37.747   18.104    0.000    241.515  9.0983e-07  6.3064e-01
   51.400   38.004   18.445    0.000    241.496  8.8529e-07  6.1359e-01
   51.600   38.284   18.826    0.000    241.553  8.6115e-07  5.9700e-01
   51.800   38.591   19.245    0.000    241.682  8.3743e-07  5.8086e-01
   52.000   38.930   19.698    0.000    241.875  8.1415e-07  5.6517e-01
   52.200   39.304   20.184    0.000    242.127  7.9135e-07  5.4991e-01
   52.400   39.717   20.699    0.000    242.433  7.6902e-07  5.3507e-01
   52.600   40.174   21.242    0.000    242.786  7.4719e-07  5.2064e-01
   52.800   40.679   21.808    0.000    243.181  7.2588e-07  5.0661e-01
   53.000   41.236   22.397    0.000    243.611  7.0508e-07  4.9297e-01
   53.200   41.849   23.004    0.000    244.072  6.8481e-07  4.7970e-01
   53.400   42.523   23.628    0.000    244.556  6.6508e-07  4.6680e-01
   53.600   43.259   24.266    0.000    245.059  6.4589e-07  4.5426e-01
   53.800   44.055   24.913    0.000    245.575  6.2723e-07  4.4207e-01
   54.000   44.908   25.564    0.000    246.100  6.0911e-07  4.3021e-01
   54.200   45.812   26.216    0.000    246.629  5.9152e-07  4.1869e-01
   54.400   46.765   26.864    0.000    247.156  5.7445e-07  4.0748e-01
   54.600   47.763   27.504    0.000    247.677  5.5791e-07  3.9658e-01
   54.800   48.801   28.130    0.000    248.187  5.4189e-07  3.8598e-01
   55.000   49.876   28.740    0.000    248.681  5.2637e-07  3.7568e-01
   55.200   50.983   29.327    0.000    249.155  5.1136e-07  3.6566e-01
   55.400   52.120   29.889    0.000    249.603  4.9684e-07  3.5591e-01
   55.600   53.282   30.420    0.000    250.021  4.8280e-07  3.4644e-01
   55.800   54.464   30.915    0.000    250.403  4.6925e-07  3.3722e-01
   56.000   55.664   31.372    0.000    250.745  4.5615e-07  3.2826e-01
   56.200   56.878   31.784    0.000    251.042  4.4352e-07  3.1955e-01
   56.400   58.100   32.149    0.000    251.290  4.3133e-07  3.1107e-01
   56.600   59.328   32.467    0.000    251.488  4.1957e-07  3.0283e-01
   56.800   60.557   32.739    0.000    251.636  4.0822e-07  2.9481e-01
   57.000   61.783   32.965    0.000    251.734  3.9726e-07  2.8700e-01
   57.200   63.001   33.147    0.000    251.782  3.8668e-07  2.7941e-01
   57.400   64.207   33.285    0.000    251.779  3.7646e-07  2.7202e-01
   57.600   65.396   33.381    0.000    251.725  3.6659e-07  2.6483e-01
   57.800   66.565   33.435    0.000    251.621  3.5705e-07  2.5784e-01
   58.000   67.710   33.449    0.000    251.466  3.4783e-07  2.5102e-01
   58.200   68.825   33.423    0.000    251.260  3.3892e-07  2.4439e-01
   58.400   69.907   33.358    0.000    251.003  3.3030e-07  2.3793e-01
   58.600   70.951   33.256    0.000    250.694  3.2197e-07  2.3164e-01
   58.800   71.953   33.116    0.000    250.334  3.1391e-07  2.2552e-01
   59.000   72.909   32.941    0.000    249.922  3.0611e-07  2.1955e-01
   59.200   73.814   32.731    0.000    249.459  2.9856e-07  2.1374e-01
   59.400   74.669   32.492    0.000    248.949  2.9125e-07  2.0808e-01
   59.600   75.470   32.232    0.000    248.395  2.8417e-07  2.0257e-01
   59.800   76.220   31.957    0.000    247.802  2.7729e-07  1.9719e-01
   60.000   76.916   31.675    0.000    247.175  2.7061e-07  1.9195e-01
   60.200   77.558   31.392    0.000    246.518  2.6411e-07  1.8684e-01
   60.400   78.145   31.116    0.000    245.836  2.5779e-07  1.8186e-01
   60.600   78.678   30.853    0.000    245.133  2.5163e-07  1.7701e-01
   60.800   79.155   30.612    0.000    244.414  2.4562e-07  1.7227e-01
   61.000   79.576   30.398    0.000    243.684  2.3975e-07  1.6765e-01
   61.200   79.941   30.220    0.000    242.946  2.3402e-07  1.6315e-01
   61.400   80.248   30.084    0.000    242.206  2.2841e-07  1.5875e-01
   61.600   80.498   29.996    0.000    241.467  2.2292e-07  1.5446e-01
   61.800   80.689   29.965    0.000    240.735  2.1754e-07  1.5027e-01
   62.000   80.822   29.995    0.000    240.014  2.1227e-07  1.4619e-01
   62.200   80.901   30.082    0.000    239.303  2.0709e-07  1.4220e-01
   62.400   80.931   30.214    0.000    238.602  2.0202e-07  1.3831e-01
   62.600   80.918   30.383    0.000    237.910  1.9705e-07  1.3451e-01
   62.800   80.866   30.577    0.000    237.226  1.9218e-07  1.3081e-01
   63.000   80.782   30.787    0.000    236.549  1.8741e-07  1.2720e-01
   63.200   80.671   31.003    0.000    235.878  1.8274e-07  1.2367e-01
   63.400   80.538   31.216    0.000    235.211  1.7817e-07  1.2023e-01
   63.600   80.390   31.414    0.000    234.549  1.7369e-07  1.1688e-01
   63.800   80.230   31.587    0.000    233.890  1.6931e-07  1.1361e-01
   64.000   80.065   31.727    0.000    233.233  1.6502e-07  1.1041e-01
   64.200   79.900   31.822    0.000    232.577  1.6083e-07  1.0730e-01
   64.400   79.740   31.864    0.000    231.921  1.5673e-07  1.0427e-01
   64.600   79.592   31.840    0.000    231.264  1.5272e-07  1.0131e-01
   64.800   79.456   31.748    0.000    230.606  1.4881e-07  9.8427e-02
   65.000   79.331   31.587    0.000    229.948  1.4498e-07  9.5617e-02
   65.200   79.215   31.359    0.000    229.288  1.4124e-07  9.2878e-02
   65.400   79.105   31.067    0.000    228.627  1.3759e-07  9.0210e-02
   65.600   78.999   30.712    0.000    227.966  1.3402e-07  8.7611e-02
   65.800   78.894   30.295    0.000    227.305  1.3054e-07  8.5081e-02
   66.000   78.787   29.820    0.000    226.643  1.2714e-07  8.2617e-02
   66.200   78.677   29.287    0.000    225.982  1.2382e-07  8.0219e-02
   66.400   78.561   28.698    0.000    225.321  1.2058e-07  7.7885e-02
   66.600   78.436   28.055    0.000    224.662  1.1742e-07  7.5615e-02
   66.800   78.300   27.360    0.000    224.003  1.1434e-07  7.3406e-02
   67.000   78.150   26.614    0.000    223.347  1.1133e-07  7.1259e-02
   67.200   77.983   25.820    0.000    222.692  1.0840e-07  6.9171e-02
   67.400   77.799   24.980    0.000    222.041  1.0555e-07  6.7141e-02
   67.600   77.594   24.096    0.000    221.395  1.0276e-07  6.5169e-02
   67.800   77.367   23.172    0.000    220.755  1.0005e-07  6.3252e-02
   68.000   77.116   22.210    0.000    220.122  9.7397e-08  6.1390e-02
   68.200   76.840   21.213    0.000    219.500  9.4816e-08  5.9582e-02
   68.400   76.537   20.185    0.000    218.888  9.2300e-08  5.7827e-02
   68.600   76.206   19.127    0.000    218.290  8.9847e-08  5.6123e-02
   68.800   75.843   18.044    0.000    217.706  8.7456e-08  5.4470e-02
   69.000   75.448   16.939    0.000    217.140  8.5125e-08  5.2865e-02
   69.200   75.018   15.814    0.000    216.592  8.2854e-08  5.1310e-02
   69.400   74.551   14.673    0.000    216.065  8.0641e-08  4.9801e-02
   69.600   74.047   13.520    0.000    215.561  7.8485e-08  4.8339e-02
   69.800   73.502   12.358    0.000    215.083  7.6384e-08  4.6923e-02
   70.000   72.918   11.191    0.000    214.631  7.4338e-08  4.5551e-02
   70.200   72.296   10.021    0.000    214.210  7.2345e-08  4.4223e-02
   70.400   71.635    8.852    0.000    213.821  7.0405e-08  4.2938e-02
   70.600   70.938    7.687    0.000    213.467  6.8517e-08  4.1696e-02
   70.800   70.204    6.531    0.000    213.150  6.6680e-08  4.0494e-02
   71.000   69.435    5.387    0.000    212.873  6.4893e-08  3.9334e-02
   71.200   68.632    4.259    0.000    212.637  6.3154e-08  3.8213e-02
   71.400   67.795    3.152    0.000    212.445  6.1463e-08  3.7130e-02
   71.600   66.925    2.070    0.000    212.298  5.9820e-08  3.6086e-02
   71.800   66.024    1.018    0.000    212.199  5.8222e-08  3.5079e-02
   72.000   65.092    0.000    0.000    212.149  5.6669e-08  3.4107e-02
   72.200   64.130   -0.978    0.000    212.149  5.5160e-08  3.3171e-02
   72.400   63.141   -1.912    0.000    212.199  5.3694e-08  3.2268e-02
   72.600   62.126   -2.797    0.000    212.296  5.2358e-08  3.1430e-02
   72.800   61.087   -3.627    0.000    212.436  5.0981e-08  3.0594e-02
   73.000   60.027   -4.399    0.000    212.616  4.9646e-08  2.9789e-02
   73.200   58.947   -5.108    0.000    212.831  4.8352e-08  2.9014e-02
   73.400   57.851   -5.749    0.000    213.079  4.7097e-08  2.8266e-02
   73.600   56.740   -6.318    0.000    213.356  4.5881e-08  2.7546e-02
   73.800   55.619   -6.811    0.000    213.656  4.4701e-08  2.6851e-02
   74.000   54.489   -7.225    0.000    213.975  4.3556e-08  2.6180e-02
   74.200   53.354   -7.557    0.000    214.308  4.2443e-08  2.5531e-02
   74.400   52.218   -7.806    0.000    214.650  4.1362e-08  2.4904e-02
   74.600   51.084   -7.968    0.000    214.994  4.0310e-08  2.4296e-02
   74.800   49.955   -8.045    0.000    215.336  3.9286e-08  2.3706e-02
   75.000   48.834   -8.037    0.000    215.668  3.8288e-08  2.3132e-02
   75.200   47.723   -7.946    0.000    215.986  3.7314e-08  2.2573e-02
   75.400   46.626   -7.774    0.000    216.283  3.6364e-08  2.2028e-02
   75.600   45.545   -7.524    0.000    216.556  3.5436e-08  2.1495e-02
   75.800   44.484   -7.201    0.000    216.798  3.4528e-08  2.0974e-02
   76.000   43.446   -6.808    0.000    217.006  3.3641e-08  2.0463e-02
   76.200   42.435   -6.350    0.000    217.178  3.2774e-08  1.9961e-02
   76.400   41.452   -5.832    0.000    217.309  3.1925e-08  1.9469e-02
   76.600   40.502   -5.259    0.000    217.399  3.1095e-08  1.8985e-02
   76.800   39.588   -4.637    0.000    217.445  3.0282e-08  1.8509e-02
   77.000   38.711   -3.970    0.000    217.447  2.9488e-08  1.8040e-02
   77.200   37.876   -3.266    0.000    217.404  2.8710e-08  1.7579e-02
   77.400   37.083   -2.528    0.000    217.317  2.7950e-08  1.7125e-02
   77.600   36.337   -1.763    0.000    217.187  2.7207e-08  1.6678e-02
   77.800   35.638   -0.976    0.000    217.014  2.6481e-08  1.6238e-02
   78.000   34.989   -0.173    0.000    216.801  2.5772e-08  1.5804e-02
   78.200   34.391    0.643    0.000    216.549  2.5079e-08  1.5379e-02
   78.400   33.846    1.466    0.000    216.259  2.4402e-08  1.4960e-02
   78.600   33.355    2.293    0.000    215.934  2.3742e-08  1.4548e-02
   78.800   32.921    3.119    0.000    215.575  2.3097e-08  1.4144e-02
   79.000   32.543    3.941    0.000    215.184  2.2468e-08  1.3747e-02
   79.200   32.223    4.757    0.000    214.763  2.1855e-08  1.3358e-02
   79.400   31.962    5.562    0.000    214.313  2.1257e-08  1.2976e-02
   79.600   31.761    6.355    0.000    213.838  2.0673e-08  1.2602e-02
   79.800   31.621    7.132    0.000    213.337  2.0105e-08  1.2236e-02
   80.000   31.543    7.891    0.000    212.814  1.9550e-08  1.1878e-02
   80.200   31.527    8.630    0.000    212.269  1.9010e-08  1.1527e-02
   80.400   31.570    9.348    0.000    211.704  1.8483e-08  1.1185e-02
   80.600   31.670   10.045    0.000    211.121  1.7970e-08  1.0850e-02
   80.800   31.824   10.720    0.000    210.521  1.7470e-08  1.0524e-02
   81.000   32.028   11.372    0.000    209.905  1.6983e-08  1.0205e-02
   81.200   32.279   12.001    0.000    209.274  1.6508e-08  9.8940e-03
   81.400   32.574   12.607    0.000    208.630  1.6045e-08  9.5907e-03
   81.600   32.910   13.190    0.000    207.973  1.5594e-08  9.2951e-03
   81.800   33.283   13.749    0.000    207.305  1.5155e-08  9.0071e-03
   82.000   33.691   14.284    0.000    206.627  1.4727e-08  8.7266e-03
   82.200   34.129   14.794    0.000    205.938  1.4310e-08  8.4534e-03
   82.400   34.595   15.281    0.000    205.241  1.3904e-08  8.1875e-03
   82.600   35.086   15.743    0.000    204.536  1.3508e-08  7.9287e-03
   82.800   35.599   16.181    0.000    203.823  1.3123e-08  7.6770e-03
   83.000   36.130   16.594    0.000    203.103  1.2747e-08  7.4321e-03
   83.200   36.677   16.982    0.000    202.377  1.2381e-08  7.1940e-03
   83.400   37.237   17.345    0.000    201.645  1.2025e-08  6.9625e-03
   83.600   37.806   17.683    0.000    200.908  1.1678e-08  6.7375e-03
   83.800   38.381   17.996    0.000    200.167  1.1339e-08  6.5189e-03
   84.000   38.961   18.283    0.000    199.421  1.1010e-08  6.3065e-03
   84.200   39.541   18.544    0.000    198.671  1.0689e-08  6.1002e-03
   84.400   40.120   18.780    0.000    197.917  1.0376e-08  5.8997e-03
   84.600   40.694   18.989    0.000    197.160  1.0072e-08  5.7052e-03
   84.800   41.260   19.172    0.000    196.401  9.7751e-09  5.5162e-03
   85.000   41.816   19.328    0.000    195.639  9.4863e-09  5.3328e-03
   85.200   42.360   19.457    0.000    194.875  9.2050e-09  5.1548e-03
   85.400   42.889   19.558    0.000    194.110  8.9311e-09  4.9821e-03
   85.600   43.402   19.627    0.000    193.342  8.6644e-09  4.8145e-03
   85.800   43.898   19.664    0.000    192.574  8.4047e-09  4.6519e-03
   86.000   44.375   19.666    0.000    191.804  8.1519e-09  4.4942e-03
   86.200   44.833   19.632    0.000    191.034  7.9058e-09  4.3413e-03
   86.400   45.269   19.558    0.000    190.263  7.6662e-09  4.1930e-03
   86.600   45.682   19.443    0.000    189.491  7.4330e-09  4.0492e-03
   86.800   46.072   19.286    0.000    188.720  7.2060e-09  3.9098e-03
   87.000   46.436   19.083    0.000    187.949  6.9851e-09  3.7747e-03
   87.200   46.774   18.834    0.000    187.177  6.7701e-09  3.6438e-03
   87.400   47.083   18.535    0.000    186.407  6.5610e-09  3.5170e-03
   87.600   47.364   18.185    0.000    185.637  6.3574e-09  3.3941e-03
   87.800   47.614   17.782    0.000    184.867  6.1594e-09  3.2750e-03
   88.000   47.833   17.324    0.000    184.099  5.9668e-09  3.1597e-03
   88.200   48.018   16.809    0.000    183.332  5.7795e-09  3.0480e-03
   88.400   48.169   16.234    0.000    182.566  5.5973e-09  2.9399e-03
   88.600   48.284   15.597    0.000    181.801  5.4201e-09  2.8352e-03
   88.800   48.363   14.897    0.000    181.038  5.2478e-09  2.7339e-03
   89.000   48.403   14.132    0.000    180.276  5.0803e-09  2.6358e-03
   89.200   48.404   13.298    0.000    179.517  4.9175e-09  2.5409e-03
   89.400   48.365   12.395    0.000    178.759  4.7592e-09  2.4491e-03
   89.600   48.283   11.421    0.000    178.003  4.6053e-09  2.3602e-03
   89.800   48.158   10.372    0.000    177.250  4.4558e-09  2.2743e-03
   90.000   47.989    9.247    0.000    176.498  4.3106e-09  2.1912e-03
   90.200   47.774    8.047    0.000    175.749  4.1695e-09  2.1108e-03
   90.400   47.514    6.776    0.000    175.004  4.0323e-09  2.0331e-03
   90.600   47.208    5.444    0.000    174.264  3.8991e-09  1.9580e-03
   90.800   46.859    4.058    0.000    173.529  3.7697e-09  1.8853e-03
   91.000   46.465    2.628    0.000    172.802  3.6439e-09  1.8152e-03
   91.200   46.027    1.161    0.000    172.082  3.5217e-09  1.7474e-03
   91.400   45.546   -0.335    0.000    171.372  3.4029e-09  1.6819e-03
   91.600   45.022   -1.851    0.000    170.671  3.2876e-09  1.6186e-03
   91.800   44.455   -3.379    0.000    169.982  3.1755e-09  1.5575e-03
   92.000   43.846   -4.911    0.000    169.304  3.0667e-09  1.4985e-03
   92.200   43.195   -6.439    0.000    168.639  2.9610e-09  1.4415e-03
   92.400   42.502   -7.954    0.000    167.988  2.8583e-09  1.3866e-03
   92.600   41.769   -9.448    0.000    167.352  2.7586e-09  1.3335e-03
   92.800   40.995  -10.913    0.000    166.731  2.6618e-09  1.2823e-03
   93.000   40.180  -12.340    0.000    166.126  2.5679e-09  1.2330e-03
   93.200   39.326  -13.722    0.000    165.538  2.4767e-09  1.1854e-03
   93.400   38.432  -15.051    0.000    164.967  2.3883e-09  1.1395e-03
   93.600   37.498  -16.317    0.000    164.415  2.3025e-09  1.0952e-03
   93.800   36.526  -17.512    0.000    163.882  2.2192e-09  1.0526e-03
   94.000   35.516  -18.629    0.000    163.369  2.1385e-09  1.0115e-03
   94.200   34.468  -19.660    0.000    162.876  2.0603e-09  9.7192e-04
   94.400   33.382  -20.595    0.000    162.405  1.9845e-09  9.3379e-04
   94.600   32.258  -21.427    0.000    161.955  1.9110e-09  8.9708e-04
   94.800   31.098  -22.148    0.000    161.528  1.8398e-09  8.6174e-04
   95.000   29.901  -22.748    0.000    161.124  1.7709e-09  8.2772e-04
   95.200   28.669  -23.223    0.000    160.743  1.7041e-09  7.9499e-04
   95.400   27.405  -23.573    0.000    160.388  1.6395e-09  7.6349e-04
   95.600   26.114  -23.802    0.000    160.057  1.5770e-09  7.3320e-04
   95.800   24.799  -23.914    0.000    159.753  1.5165e-09  7.0406e-04
   96.000   23.465  -23.911    0.000    159.475  1.4580e-09  6.7605e-04
   96.200   22.116  -23.798    0.000    159.224  1.4015e-09  6.4912e-04
   96.400   20.757  -23.577    0.000    159.002  1.3468e-09  6.2324e-04
   96.600   19.392  -23.253    0.000    158.808  1.2940e-09  5.9837e-04
   96.800   18.024  -22.829    0.000    158.644  1.2430e-09  5.7448e-04
   97.000   16.659  -22.308    0.000    158.510  1.1937e-09  5.5153e-04
   97.200   15.300  -21.693    0.000    158.407  1.1462e-09  5.2950e-04
   97.400   13.952  -20.989    0.000    158.337  1.1003e-09  5.0834e-04
   97.600   12.619  -20.198    0.000    158.299  1.0560e-09  4.8804e-04
   97.800   11.305  -19.325    0.000    158.295  1.0133e-09  4.6855e-04
   98.000   10.015  -18.372    0.000    158.326  9.7210e-10  4.4985e-04
   98.200    8.752  -17.343    0.000    158.392  9.3241e-10  4.3191e-04
   98.400    7.522  -16.242    0.000    158.496  8.9415e-10  4.1471e-04
   98.600    6.328  -15.071    0.000    158.637  8.5730e-10  3.9821e-04
   98.800    5.174  -13.835    0.000    158.818  8.2181e-10  3.8239e-04
   99.000    4.065  -12.538    0.000    159.039  7.8764e-10  3.6723e-04
   99.200    3.006  -11.181    0.000    159.301  7.5475e-10  3.5270e-04
   99.400    1.999   -9.769    0.000    159.607  7.2310e-10  3.3877e-04
   99.600    1.051   -8.306    0.000    159.957  6.9266e-10  3.2543e-04
   99.800    0.164   -6.795    0.000    160.354  6.6338e-10  3.1265e-04
  100.000   -0.657   -5.238    0.000    160.798  6.3523e-10  3.0041e-04
  100.200   -1.408   -3.642    0.000    161.291  6.0817e-10  2.8869e-04
  100.400   -2.088   -2.013    0.000    161.834  5.8218e-10  2.7747e-04
  100.600   -2.696   -0.361    0.000    162.425  5.5722e-10  2.6673e-04
  100.800   -3.231    1.307    0.000    163.064  5.3327e-10  2.5645e-04
  101.000   -3.694    2.980    0.000    163.751  5.1030e-10  2.4661e-04
  101.200   -4.083    4.651    0.000    164.486  4.8827e-10  2.3720e-04
  101.400   -4.398    6.310    0.000    165.268  4.6716e-10  2.2819e-04
  101.600   -4.637    7.948    0.000    166.097  4.4695e-10  2.1957e-04
  101.800   -4.801    9.558    0.000    166.973  4.2758e-10  2.1132e-04
  102.000   -4.888   11.129    0.000    167.896  4.0905e-10  2.0343e-04
  102.200   -4.898   12.654    0.000    168.865  3.9132e-10  1.9588e-04
  102.400   -4.830   14.123    0.000    169.881  3.7435e-10  1.8866e-04
  102.600   -4.684   15.527    0.000    170.943  3.5812e-10  1.8175e-04
  102.800   -4.458   16.859    0.000    172.052  3.4261e-10  1.7514e-04
  103.000   -4.153   18.108    0.000    173.206  3.2778e-10  1.6882e-04
  103.200   -3.768   19.266    0.000    174.408  3.1360e-10  1.6277e-04
  103.400   -3.301   20.325    0.000    175.655  3.0006e-10  1.5698e-04
  103.600   -2.752   21.275    0.000    176.948  2.8713e-10  1.5144e-04
  103.800   -2.121   22.109    0.000    178.288  2.7477e-10  1.4614e-04
  104.000   -1.407   22.816    0.000    179.674  2.6297e-10  1.4107e-04
  104.200   -0.608   23.388    0.000    181.105  2.5170e-10  1.3621e-04
  104.400    0.274   23.816    0.000    182.583  2.4095e-10  1.3156e-04
  104.600    1.242   24.092    0.000    184.106  2.3068e-10  1.2711e-04
  104.800    2.296   24.207    0.000    185.676  2.2088e-10  1.2286e-04
  105.000    3.437   24.152    0.000    187.290  2.1152e-10  1.1878e-04
  105.200    4.663   23.920    0.000    188.950  2.0259e-10  1.1487e-04
  105.400    5.969   23.518    0.000    190.655  1.9407e-10  1.1113e-04
  105.600    7.346   22.953    0.000    192.404  1.8594e-10  1.0754e-04
  105.800    8.788   22.233    0.000    194.198  1.7819e-10  1.0411e-04
  106.000   10.286   21.365    0.000    196.035  1.7079e-10  1.0082e-04
  106.200   11.833   20.359    0.000    197.916  1.6373e-10  9.7661e-05
  106.400   13.421   19.222    0.000    199.840  1.5699e-10  9.4636e-05
  106.600   15.043   17.963    0.000    201.805  1.5056e-10  9.1735e-05
  106.800   16.690   16.588    0.000    203.811  1.4443e-10  8.8953e-05
  107.000   18.355   15.106    0.000    205.858  1.3858e-10  8.6284e-05
  107.200   20.030   13.525    0.000    207.943  1.3300e-10  8.3723e-05
  107.400   21.708   11.853    0.000    210.067  1.2767e-10  8.1264e-05
  107.600   23.381   10.098    0.000    212.226  1.2259e-10  7.8904e-05
  107.800   25.042    8.268    0.000    214.421  1.1774e-10  7.6637e-05
  108.000   26.681    6.372    0.000    216.649  1.1312e-10  7.4460e-05
  108.200   28.293    4.416    0.000    218.908  1.0871e-10  7.2368e-05
  108.400   29.869    2.409    0.000    221.197  1.0450e-10  7.0358e-05
  108.600   31.401    0.359    0.000    223.513  1.0048e-10  6.8425e-05
  108.800   32.882   -1.727    0.000    225.853  9.6653e-11  6.6566e-05
  109.000   34.304   -3.839    0.000    228.214  9.2998e-11  6.4777e-05
  109.200   35.659   -5.970    0.000    230.595  8.9511e-11  6.3056e-05
  109.400   36.941   -8.112    0.000    232.990  8.6184e-11  6.1399e-05
  109.600   38.140  -10.258    0.000    235.398  8.3010e-11  5.9803e-05
  109.800   39.249  -12.398    0.000    237.814  7.9982e-11  5.8266e-05
  110.000   40.261  -14.526    0.000    240.234  7.7093e-11  5.6785e-05
  110.200   41.170  -16.634    0.000    242.654  7.4336e-11  5.5357e-05
  110.400   41.976  -18.721    0.000    245.074  7.1706e-11  5.3979e-05
  110.600   42.682  -20.786    0.000    247.491  6.9194e-11  5.2650e-05
  110.800   43.290  -22.829    0.000    249.906  6.6795e-11  5.1368e-05
  111.000   43.803  -24.848    0.000    252.318  6.4502e-11  5.0129e-05
  111.200   44.223  -26.845    0.000    254.727  6.2311e-11  4.8933e-05
  111.400   44.553  -28.818    0.000    257.131  6.0215e-11  4.7777e-05
  111.600   44.795  -30.766    0.000    259.530  5.8211e-11  4.6659e-05
  111.800   44.951  -32.690    0.000    261.923  5.6292e-11  4.5579e-05
  112.000   45.025  -34.589    0.000    264.310  5.4455e-11  4.4533e-05
  112.200   45.018  -36.462    0.000    266.690  5.2696e-11  4.3522e-05
  112.400   44.933  -38.309    0.000    269.064  5.1010e-11  4.2543e-05
  112.600   44.772  -40.129    0.000    271.429  4.9395e-11  4.1595e-05
  112.800   44.538  -41.922    0.000    273.786  4.7845e-11  4.0677e-05
  113.000   44.234  -43.688    0.000    276.133  4.6360e-11  3.9788e-05
  113.200   43.861  -45.426    0.000    278.472  4.4934e-11  3.8925e-05
  113.400   43.423  -47.135    0.000    280.801  4.3565e-11  3.8089e-05
  113.600   42.921  -48.815    0.000    283.119  4.2251e-11  3.7279e-05
  113.800   42.359  -50.465    0.000    285.428  4.0989e-11  3.6492e-05
  114.000   41.738  -52.085    0.000    287.725  3.9776e-11  3.5729e-05
  114.200   41.061  -53.675    0.000    290.011  3.8610e-11  3.4988e-05
  114.400   40.331  -55.235    0.000    292.286  3.7489e-11  3.4269e-05
  114.600   39.550  -56.762    0.000    294.550  3.6410e-11  3.3570e-05
  114.800   38.720  -58.258    0.000    296.801  3.5372e-11  3.2891e-05
  115.000   37.844  -59.721    0.000    299.041  3.4373e-11  3.2232e-05
  115.200   36.924  -61.152    0.000    301.269  3.3411e-11  3.1591e-05
  115.400   35.964  -62.549    0.000    303.485  3.2484e-11  3.0967e-05
  115.600   34.964  -63.912    0.000    305.689  3.1591e-11  3.0361e-05
  115.800   33.929  -65.241    0.000    307.881  3.0730e-11  2.9771e-05
  116.000   32.859  -66.536    0.000    310.061  2.9900e-11  2.9197e-05
  116.200   31.758  -67.795    0.000    312.230  2.9099e-11  2.8639e-05
  116.400   30.629  -69.018    0.000    314.387  2.8326e-11  2.8095e-05
  116.600   29.473  -70.205    0.000    316.533  2.7580e-11  2.7565e-05
  116.800   28.293  -71.355    0.000    318.668  2.6860e-11  2.7050e-05
  117.000   27.091  -72.468    0.000    320.793  2.6164e-11  2.6547e-05
  117.200   25.871  -73.544    0.000    322.908  2.5491e-11  2.6058e-05
  117.400   24.633  -74.581    0.000    325.013  2.4841e-11  2.5581e-05
  117.600   23.382  -75.580    0.000    327.109  2.4213e-11  2.5116e-05
  117.800   22.119  -76.540    0.000    329.197  2.3605e-11  2.4662e-05
  118.000   20.844  -77.461    0.000    331.277  2.3017e-11  2.4220e-05
  118.200   19.560  -78.342    0.000    333.350  2.2448e-11  2.3789e-05
  118.400   18.267  -79.184    0.000    335.416  2.1897e-11  2.3368e-05
  118.600   16.966  -79.986    0.000    337.477  2.1363e-11  2.2958e-05
  118.800   15.660  -80.749    0.000    339.534  2.0846e-11  2.2557e-05
  119.000   14.348  -81.471    0.000    341.587  2.0344e-11  2.2166e-05
  119.200   13.033  -82.153    0.000    343.637  1.9858e-11  2.1784e-05
  119.400   11.715  -82.795    0.000    345.686  1.9387e-11  2.1412e-05
  119.600   10.397  -83.396    0.000    347.734  1.8929e-11  2.1048e-05
  119.800    9.077  -83.957    0.000    349.784  1.8486e-11  2.0692e-05
  120.000    7.760  -84.477    0.000    351.835  1.8055e-11  2.0345e-05
  120.200    6.444  -84.955    0.000    353.890  1.7636e-11  2.0006e-05
  120.400    5.132  -85.393    0.000    355.950  1.7230e-11  1.9675e-05
  120.600    3.826  -85.789    0.000    358.016  1.6835e-11  1.9351e-05
  120.800    2.525  -86.143    0.000    360.090  1.6451e-11  1.9035e-05
  121.000    1.231  -86.456    0.000    362.173  1.6078e-11  1.8725e-05
  121.200   -0.053  -86.727    0.000    364.268  1.5715e-11  1.8423e-05
  121.400   -1.329  -86.955    0.000    366.376  1.5361e-11  1.8128e-05
  121.600   -2.593  -87.141    0.000    368.499  1.5017e-11  1.7839e-05
  121.800   -3.844  -87.285    0.000    370.639  1.4682e-11  1.7556e-05
  122.000   -5.082  -87.386    0.000    372.797  1.4356e-11  1.7280e-05
  122.200   -6.306  -87.445    0.000    374.977  1.4039e-11  1.7010e-05
  122.400   -7.513  -87.460    0.000    377.180  1.3729e-11  1.6745e-05
  122.600   -8.703  -87.432    0.000    379.409  1.3427e-11  1.6487e-05
  122.800   -9.875  -87.361    0.000    381.665  1.3133e-11  1.6234e-05
  123.000  -11.027  -87.246    0.000    383.953  1.2846e-11  1.5987e-05
  123.200  -12.158  -87.088    0.000    386.273  1.2566e-11  1.5745e-05
  123.400  -13.266  -86.886    0.000    388.629  1.2292e-11  1.5508e-05
  123.600  -14.351  -86.639    0.000    389.346  1.2072e-11  1.5270e-05
  123.800  -15.412  -86.349    0.000    391.533  1.1817e-11  1.5043e-05
  124.000  -16.446  -86.014    0.000    393.703  1.1569e-11  1.4820e-05
  124.200  -17.453  -85.634    0.000    395.856  1.1328e-11  1.4602e-05
  124.400  -18.431  -85.210    0.000    397.991  1.1094e-11  1.4388e-05
  124.600  -19.380  -84.741    0.000    400.108  1.0866e-11  1.4179e-05
  124.800  -20.298  -84.227    0.000    402.209  1.0645e-11  1.3974e-05
  125.000  -21.184  -83.667    0.000    404.292  1.0430e-11  1.3773e-05
  125.200  -22.036  -83.063    0.000    406.359  1.0221e-11  1.3576e-05
  125.400  -22.855  -82.414    0.000    408.409  1.0018e-11  1.3383e-05
  125.600  -23.642  -81.722    0.000    410.443  9.8203e-12  1.3194e-05
  125.800  -24.398  -80.989    0.000    412.460  9.6278e-12  1.3009e-05
  126.000  -25.122  -80.215    0.000    414.460  9.4405e-12  1.2827e-05
  126.200  -25.815  -79.403    0.000    416.445  9.2581e-12  1.2649e-05
  126.400  -26.479  -78.552    0.000    418.413  9.0805e-12  1.2474e-05
  126.600  -27.113  -77.665    0.000    420.366  8.9075e-12  1.2302e-05
  126.800  -27.719  -76.743    0.000    422.303  8.7390e-12  1.2134e-05
  127.000  -28.296  -75.787    0.000    424.224  8.5748e-12  1.1969e-05
  127.200  -28.846  -74.798    0.000    426.129  8.4149e-12  1.1807e-05
  127.400  -29.369  -73.777    0.000    428.020  8.2589e-12  1.1648e-05
  127.600  -29.865  -72.727    0.000    429.894  8.1069e-12  1.1492e-05
  127.800  -30.336  -71.647    0.000    431.754  7.9586e-12  1.1339e-05
  128.000  -30.781  -70.540    0.000    433.599  7.8140e-12  1.1188e-05
  128.200  -31.202  -69.407    0.000    435.429  7.6730e-12  1.1040e-05
  128.400  -31.599  -68.248    0.000    437.244  7.5354e-12  1.0895e-05
  128.600  -31.972  -67.066    0.000    439.044  7.4011e-12  1.0753e-05
  128.800  -32.323  -65.861    0.000    440.830  7.2701e-12  1.0613e-05
  129.000  -32.652  -64.635    0.000    442.602  7.1421e-12  1.0475e-05
  129.200  -32.959  -63.388    0.000    444.359  7.0172e-12  1.0340e-05
  129.400  -33.245  -62.124    0.000    446.102  6.8953e-12  1.0208e-05
  129.600  -33.511  -60.841    0.000    447.831  6.7762e-12  1.0077e-05
  129.800  -33.757  -59.543    0.000    449.546  6.6598e-12  9.9490e-06
  130.000  -33.984  -58.229    0.000    451.247  6.5462e-12  9.8230e-06
  130.200  -34.192  -56.902    0.000    452.934  6.4351e-12  9.6992e-06
  130.400  -34.383  -55.563    0.000    454.608  6.3266e-12  9.5775e-06
  130.600  -34.556  -54.212    0.000    456.268  6.2205e-12  9.4577e-06
  130.800  -34.713  -52.852    0.000    457.915  6.1168e-12  9.3400e-06
  131.000  -34.854  -51.483    0.000    459.548  6.0155e-12  9.2243e-06
  131.200  -34.979  -50.106    0.000    461.168  5.9163e-12  9.1105e-06
  131.400  -35.090  -48.724    0.000    462.776  5.8194e-12  8.9985e-06
  131.600  -35.186  -47.337    0.000    464.370  5.7245e-12  8.8884e-06
  131.800  -35.269  -45.946    0.000    465.951  5.6318e-12  8.7801e-06
  132.000  -35.339  -44.554    0.000    467.520  5.5410e-12  8.6735e-06
  132.200  -35.397  -43.160    0.000    469.076  5.4522e-12  8.5687e-06
  132.400  -35.443  -41.766    0.000    470.620  5.3653e-12  8.4655e-06
  132.600  -35.478  -40.375    0.000    472.151  5.2802e-12  8.3640e-06
  132.800  -35.503  -38.986    0.000    473.669  5.1969e-12  8.2640e-06
  133.000  -35.518  -37.601    0.000    475.176  5.1154e-12  8.1657e-06
  133.200  -35.524  -36.221    0.000    476.670  5.0356e-12  8.0689e-06
  133.400  -35.521  -34.848    0.000    478.152  4.9574e-12  7.9736e-06
  133.600  -35.511  -33.483    0.000    479.622  4.8808e-12  7.8798e-06
  133.800  -35.493  -32.128    0.000    481.081  4.8058e-12  7.7874e-06
  134.000  -35.469  -30.782    0.000    482.527  4.7324e-12  7.6965e-06
  134.200  -35.439  -29.449    0.000    483.962  4.6604e-12  7.6070e-06
  134.400  -35.403  -28.128    0.000    485.385  4.5898e-12  7.5188e-06
  134.600  -35.363  -26.822    0.000    486.797  4.5207e-12  7.4319e-06
  134.800  -35.319  -25.531    0.000    488.198  4.4529e-12  7.3464e-06
  135.000  -35.271  -24.257    0.000    489.587  4.3865e-12  7.2621e-06
  135.200  -35.220  -23.001    0.000    490.965  4.3214e-12  7.1792e-06
  135.400  -35.167  -21.763    0.000    492.332  4.2576e-12  7.0974e-06
  135.600  -35.111  -20.542    0.000    493.688  4.1950e-12  7.0169e-06
  135.800  -35.052  -19.339    0.000    495.033  4.1336e-12  6.9375e-06
  136.000  -34.991  -18.154    0.000    496.367  4.0734e-12  6.8593e-06
  136.200  -34.927  -16.986    0.000    497.690  4.0143e-12  6.7823e-06
  136.400  -34.861  -15.834    0.000    499.003  3.9564e-12  6.7063e-06
  136.600  -34.792  -14.700    0.000    500.305  3.8996e-12  6.6315e-06
  136.800  -34.721  -13.582    0.000    501.597  3.8438e-12  6.5577e-06
  137.000  -34.647  -12.481    0.000    502.878  3.7891e-12  6.4851e-06
  137.200  -34.571  -11.396    0.000    504.149  3.7354e-12  6.4134e-06
  137.400  -34.492  -10.328    0.000    505.410  3.6827e-12  6.3428e-06
  137.600  -34.412   -9.275    0.000    506.660  3.6310e-12  6.2731e-06
  137.800  -34.329   -8.239    0.000    507.901  3.5802e-12  6.2045e-06
  138.000  -34.243   -7.218    0.000    509.131  3.5303e-12  6.1368e-06
  138.200  -34.156   -6.213    0.000    510.352  3.4814e-12  6.0701e-06
  138.400  -34.067   -5.223    0.000    511.563  3.4333e-12  6.0042e-06
  138.600  -33.975   -4.248    0.000    512.764  3.3861e-12  5.9393e-06
  138.800  -33.882   -3.288    0.000    513.955  3.3397e-12  5.8753e-06
  139.000  -33.786   -2.343    0.000    515.137  3.2942e-12  5.8122e-06
  139.200  -33.689   -1.413    0.000    516.309  3.2495e-12  5.7500e-06
  139.400  -33.590   -0.498    0.000    517.472  3.2055e-12  5.6886e-06
  139.600  -33.488    0.404    0.000    518.625  3.1624e-12  5.6280e-06
  139.800  -33.385    1.291    0.000    519.769  3.1200e-12  5.5683e-06
  140.000  -33.281    2.164    0.000    520.904  3.0783e-12  5.5093e-06
  140.200  -33.174    3.023    0.000    522.030  3.0373e-12  5.4512e-06
  140.400  -33.066    3.868    0.000    523.146  2.9971e-12  5.3938e-06
  140.600  -32.956    4.700    0.000    524.254  2.9575e-12  5.3372e-06
  140.800  -32.844    5.519    0.000    525.353  2.9186e-12  5.2813e-06
  141.000  -32.731    6.324    0.000    526.443  2.8804e-12  5.2262e-06
  141.200  -32.616    7.116    0.000    527.524  2.8428e-12  5.1718e-06
  141.400  -32.500    7.896    0.000    528.597  2.8058e-12  5.1182e-06
  141.600  -32.383    8.663    0.000    529.661  2.7695e-12  5.0652e-06
  141.800  -32.263    9.417    0.000    530.716  2.7338e-12  5.0129e-06
  142.000  -32.143   10.159    0.000    531.763  2.6986e-12  4.9613e-06
  142.200  -32.021   10.889    0.000    532.801  2.6641e-12  4.9104e-06
  142.400  -31.898   11.606    0.000    533.831  2.6301e-12  4.8601e-06
  142.600  -31.773   12.312    0.000    534.853  2.5967e-12  4.8105e-06
  142.800  -31.648   13.007    0.000    535.866  2.5638e-12  4.7615e-06
  143.000  -31.521   13.689    0.000    536.872  2.5314e-12  4.7131e-06
  143.200  -31.393   14.361    0.000    537.869  2.4996e-12  4.6654e-06
  143.400  -31.264   15.021    0.000    538.858  2.4683e-12  4.6182e-06
  143.600  -31.133   15.670    0.000    539.840  2.4374e-12  4.5717e-06
  143.800  -31.002   16.308    0.000    540.813  2.4071e-12  4.5257e-06
  144.000  -30.870   16.936    0.000    541.779  2.3772e-12  4.4803e-06
  144.200  -30.736   17.553    0.000    542.737  2.3479e-12  4.4355e-06
  144.400  -30.602   18.160    0.000    543.687  2.3190e-12  4.3912e-06
  144.600  -30.467   18.756    0.000    544.629  2.2905e-12  4.3475e-06
  144.800  -30.331   19.343    0.000    545.564  2.2625e-12  4.3043e-06
  145.000  -30.194   19.920    0.000    546.492  2.2349e-12  4.2617e-06
  145.200  -30.056   20.487    0.000    547.412  2.2077e-12  4.2196e-06
  145.400  -29.918   21.044    0.000    548.324  2.1810e-12  4.1780e-06
  145.600  -29.778   21.593    0.000    549.229  2.1547e-12  4.1369e-06
  145.800  -29.638   22.132    0.000    550.127  2.1287e-12  4.0963e-06
  146.000  -29.498   22.662    0.000    551.018  2.1032e-12  4.0562e-06
  146.200  -29.357   23.183    0.000    551.902  2.0781e-12  4.0166e-06
  146.400  -29.215   23.696    0.000    552.778  2.0533e-12  3.9775e-06
  146.600  -29.073   24.200    0.000    553.648  2.0289e-12  3.9388e-06
  146.800  -28.930   24.695    0.000    554.510  2.0049e-12  3.9006e-06
  147.000  -28.786   25.183    0.000    555.366  1.9812e-12  3.8629e-06
  147.200  -28.642   25.663    0.000    556.214  1.9579e-12  3.8256e-06
  147.400  -28.498   26.134    0.000    557.056  1.9349e-12  3.7887e-06
  147.600  -28.353   26.599    0.000    557.891  1.9123e-12  3.7523e-06
  147.800  -28.208   27.055    0.000    558.720  1.8900e-12  3.7163e-06
  148.000  -28.063   27.504    0.000    559.542  1.8680e-12  3.6808e-06
  148.200  -27.918   27.947    0.000    560.357  1.8464e-12  3.6456e-06
  148.400  -27.772   28.382    0.000    561.165  1.8251e-12  3.6109e-06
  148.600  -27.626   28.810    0.000    561.967  1.8040e-12  3.5766e-06
  148.800  -27.479   29.232    0.000    562.763  1.7833e-12  3.5426e-06
  149.000  -27.333   29.647    0.000    563.552  1.7629e-12  3.5091e-06
  149.200  -27.186   30.056    0.000    564.335  1.7427e-12  3.4760e-06
  149.400  -27.040   30.458    0.000    565.112  1.7229e-12  3.4432e-06
  149.600  -26.893   30.855    0.000    565.882  1.7033e-12  3.4108e-06
  149.800  -26.746   31.246    0.000    566.647  1.6841e-12  3.3788e-06
  150.000  -26.600   31.631    0.000    567.405  1.6650e-12  3.3472e-06
  150.200  -26.453   32.011    0.000    568.157  1.6463e-12  3.3159e-06
  150.400  -26.306   32.385    0.000    568.903  1.6278e-12  3.2849e-06
  150.600  -26.160   32.754    0.000    569.643  1.6096e-12  3.2544e-06
  150.800  -26.013   33.117    0.000    570.377  1.5916e-12  3.2241e-06
  151.000  -25.867   33.475    0.000    571.105  1.5739e-12  3.1942e-06
  151.200  -25.721   33.828    0.000    571.827  1.5564e-12  3.1647e-06
  151.400  -25.575   34.175    0.000    572.544  1.5392e-12  3.1355e-06
  151.600  -25.428   34.517    0.000    573.255  1.5222e-12  3.1066e-06
  151.800  -25.282   34.854    0.000    573.960  1.5054e-12  3.0780e-06
  152.000  -25.137   35.186    0.000    574.659  1.4889e-12  3.0497e-06
  152.200  -24.991   35.512    0.000    575.353  1.4725e-12  3.0218e-06
  152.400  -24.845   35.834    0.000    576.041  1.4565e-12  2.9942e-06
  152.600  -24.700   36.150    0.000    576.724  1.4406e-12  2.9668e-06
  152.800  -24.554   36.461    0.000    577.401  1.4249e-12  2.9398e-06
  153.000  -24.409   36.767    0.000    578.073  1.4095e-12  2.9131e-06
  153.200  -24.264   37.067    0.000    578.740  1.3942e-12  2.8867e-06
  153.400  -24.119   37.363    0.000    579.401  1.3792e-12  2.8605e-06
  153.600  -23.974   37.654    0.000    580.057  1.3643e-12  2.8347e-06
  153.800  -23.830   37.940    0.000    580.707  1.3497e-12  2.8091e-06
  154.000  -23.686   38.221    0.000    581.353  1.3352e-12  2.7838e-06
  154.200  -23.541   38.497    0.000    581.993  1.3210e-12  2.7588e-06
  154.400  -23.397   38.768    0.000    582.628  1.3069e-12  2.7340e-06
  154.600  -23.254   39.034    0.000    583.258  1.2930e-12  2.7095e-06
  154.800  -23.110   39.296    0.000    583.883  1.2793e-12  2.6853e-06
  155.000  -22.967   39.553    0.000    584.503  1.2658e-12  2.6613e-06
  155.200  -22.824   39.805    0.000    585.118  1.2524e-12  2.6376e-06
  155.400  -22.681   40.052    0.000    585.728  1.2392e-12  2.6142e-06
  155.600  -22.538   40.294    0.000    586.333  1.2262e-12  2.5910e-06
  155.800  -22.396   40.532    0.000    586.933  1.2134e-12  2.5680e-06
  156.000  -22.253   40.765    0.000    587.528  1.2007e-12  2.5453e-06
  156.200  -22.111   40.994    0.000    588.119  1.1881e-12  2.5228e-06
  156.400  -21.970   41.218    0.000    588.705  1.1758e-12  2.5006e-06
  156.600  -21.828   41.437    0.000    589.286  1.1636e-12  2.4786e-06
  156.800  -21.687   41.652    0.000    589.863  1.1515e-12  2.4568e-06
  157.000  -21.546   41.862    0.000    590.435  1.1396e-12  2.4352e-06
  157.200  -21.406   42.068    0.000    591.002  1.1279e-12  2.4139e-06
  157.400  -21.266   42.270    0.000    591.565  1.1163e-12  2.3928e-06
  157.600  -21.126   42.467    0.000    592.124  1.1048e-12  2.3720e-06
  157.800  -20.986   42.659    0.000    592.678  1.0935e-12  2.3513e-06
  158.000  -20.847   42.847    0.000    593.227  1.0823e-12  2.3308e-06
  158.200  -20.708   43.031    0.000    593.772  1.0713e-12  2.3106e-06
  158.400  -20.569   43.211    0.000    594.313  1.0604e-12  2.2906e-06
  158.600  -20.430   43.386    0.000    594.849  1.0496e-12  2.2708e-06
  158.800  -20.292   43.557    0.000    595.381  1.0390e-12  2.2512e-06
  159.000  -20.155   43.724    0.000    595.909  1.0285e-12  2.2317e-06
  159.200  -20.017   43.887    0.000    596.433  1.0181e-12  2.2125e-06
  159.400  -19.880   44.046    0.000    596.952  1.0079e-12  2.1935e-06
  159.600  -19.744   44.200    0.000    597.467  9.9774e-13  2.1747e-06
  159.800  -19.607   44.350    0.000    597.979  9.8774e-13  2.1560e-06
  160.000  -19.471   44.497    0.000    598.486  9.7786e-13  2.1376e-06
  160.200  -19.336   44.639    0.000    598.989  9.6787e-13  2.1189e-06
  160.400  -19.201   44.777    0.000    599.488  9.5824e-13  2.1009e-06
  160.600  -19.066   44.911    0.000    599.983  9.4871e-13  2.0830e-06
  160.800  -18.932   45.042    0.000    600.474  9.3930e-13  2.0653e-06
  161.000  -18.798   45.168    0.000    600.961  9.3001e-13  2.0478e-06
  161.200  -18.664   45.290    0.000    601.444  9.2082e-13  2.0304e-06
  161.400  -18.531   45.409    0.000    601.923  9.1174e-13  2.0132e-06
  161.600  -18.398   45.524    0.000    602.399  9.0277e-13  1.9962e-06
  161.800  -18.266   45.634    0.000    602.870  8.9391e-13  1.9794e-06
  162.000  -18.134   45.742    0.000    603.338  8.8515e-13  1.9627e-06
  162.200  -18.003   45.845    0.000    603.802  8.7649e-13  1.9462e-06
  162.400  -17.872   45.945    0.000    604.263  8.6794e-13  1.9299e-06
  162.600  -17.741   46.041    0.000    604.720  8.5948e-13  1.9137e-06
  162.800  -17.611   46.133    0.000    605.173  8.5113e-13  1.8977e-06
  163.000  -17.482   46.222    0.000    605.622  8.4287e-13  1.8818e-06
  163.200  -17.353   46.307    0.000    606.068  8.3470e-13  1.8661e-06
  163.400  -17.224   46.388    0.000    606.511  8.2663e-13  1.8506e-06
  163.600  -17.096   46.466    0.000    606.949  8.1866e-13  1.8352e-06
  163.800  -16.968   46.540    0.000    607.385  8.1077e-13  1.8199e-06
  164.000  -16.841   46.611    0.000    607.817  8.0298e-13  1.8048e-06
  164.200  -16.714   46.679    0.000    608.245  7.9527e-13  1.7898e-06
  164.400  -16.588   46.743    0.000    608.670  7.8766e-13  1.7750e-06
  164.600  -16.462   46.803    0.000    609.092  7.8013e-13  1.7604e-06
  164.800  -16.337   46.860    0.000    609.510  7.7268e-13  1.7459e-06
  165.000  -16.213   46.914    0.000    609.925  7.6532e-13  1.7315e-06
  165.200  -16.089   46.965    0.000    610.336  7.5805e-13  1.7172e-06
  165.400  -15.965   47.012    0.000    610.744  7.5085e-13  1.7031e-06
  165.600  -15.842   47.056    0.000    611.149  7.4374e-13  1.6891e-06
  165.800  -15.720   47.097    0.000    611.551  7.3671e-13  1.6753e-06
  166.000  -15.598   47.134    0.000    611.950  7.2975e-13  1.6616e-06
  166.200  -15.476   47.169    0.000    612.345  7.2288e-13  1.6480e-06
  166.400  -15.355   47.200    0.000    612.737  7.1608e-13  1.6346e-06
  166.600  -15.235   47.228    0.000    613.126  7.0935e-13  1.6213e-06
  166.800  -15.116   47.253    0.000    613.512  7.0270e-13  1.6081e-06
  167.000  -14.997   47.275    0.000    613.895  6.9613e-13  1.5950e-06
  167.200  -14.878   47.294    0.000    614.275  6.8963e-13  1.5821e-06
  167.400  -14.760   47.310    0.000    614.652  6.8320e-13  1.5693e-06
  167.600  -14.643   47.323    0.000    615.026  6.7683e-13  1.5566e-06
  167.800  -14.526   47.333    0.000    615.397  6.7054e-13  1.5440e-06
  168.000  -14.410   47.340    0.000    615.764  6.6432e-13  1.5315e-06
  168.200  -14.295   47.344    0.000    616.129  6.5817e-13  1.5192e-06
  168.400  -14.180   47.345    0.000    616.491  6.5209e-13  1.5069e-06
  168.600  -14.066   47.344    0.000    616.850  6.4607e-13  1.4948e-06
  168.800  -13.952   47.339    0.000    617.207  6.4011e-13  1.4828e-06
  169.000  -13.839   47.332    0.000    617.560  6.3422e-13  1.4709e-06
  169.200  -13.727   47.322    0.000    617.911  6.2840e-13  1.4592e-06
  169.400  -13.616   47.310    0.000    618.259  6.2263e-13  1.4475e-06
  169.600  -13.505   47.295    0.000    618.604  6.1693e-13  1.4359e-06
  169.800  -13.394   47.277    0.000    618.946  6.1129e-13  1.4245e-06
  170.000  -13.285   47.256    0.000    619.285  6.0572e-13  1.4131e-06
  170.200  -13.176   47.233    0.000    619.622  6.0020e-13  1.4019e-06
  170.400  -13.068   47.207    0.000    619.956  5.9474e-13  1.3908e-06
  170.600  -12.960   47.179    0.000    620.288  5.8934e-13  1.3797e-06
  170.800  -12.853   47.148    0.000    620.617  5.8399e-13  1.3688e-06
  171.000  -12.747   47.115    0.000    620.943  5.7870e-13  1.3580e-06
  171.200  -12.642   47.079    0.000    621.266  5.7347e-13  1.3472e-06
  171.400  -12.537   47.041    0.000    621.588  5.6830e-13  1.3366e-06
  171.600  -12.433   47.001    0.000    621.906  5.6318e-13  1.3260e-06
  171.800  -12.330   46.958    0.000    622.222  5.5811e-13  1.3156e-06
  172.000  -12.227   46.913    0.000    622.535  5.5310e-13  1.3052e-06
  172.200  -12.125   46.865    0.000    622.846  5.4814e-13  1.2950e-06
  172.400  -12.024   46.815    0.000    623.155  5.4323e-13  1.2848e-06
  172.600  -11.924   46.763    0.000    623.461  5.3837e-13  1.2748e-06
  172.800  -11.824   46.709    0.000    623.764  5.3356e-13  1.2648e-06
  173.000  -11.726   46.652    0.000    624.065  5.2880e-13  1.2549e-06
  173.200  -11.628   46.594    0.000    624.364  5.2410e-13  1.2451e-06
  173.400  -11.530   46.533    0.000    624.660  5.1944e-13  1.2354e-06
  173.600  -11.434   46.470    0.000    624.954  5.1483e-13  1.2258e-06
  173.800  -11.338   46.405    0.000    625.246  5.1027e-13  1.2162e-06
  174.000  -11.243   46.338    0.000    625.535  5.0575e-13  1.2068e-06
  174.200  -11.149   46.269    0.000    625.822  5.0128e-13  1.1974e-06
  174.400  -11.056   46.198    0.000    626.107  4.9686e-13  1.1881e-06
  174.600  -10.963   46.125    0.000    626.390  4.9248e-13  1.1789e-06
  174.800  -10.872   46.050    0.000    626.670  4.8815e-13  1.1698e-06
  175.000  -10.781   45.973    0.000    626.948  4.8386e-13  1.1608e-06
  175.200  -10.691   45.894    0.000    627.224  4.7962e-13  1.1518e-06
  175.400  -10.602   45.813    0.000    627.497  4.7541e-13  1.1429e-06
  175.600  -10.513   45.731    0.000    627.769  4.7126e-13  1.1341e-06
  175.800  -10.426   45.647    0.000    628.038  4.6714e-13  1.1254e-06
  176.000  -10.339   45.561    0.000    628.305  4.6307e-13  1.1168e-06
  176.200  -10.253   45.473    0.000    628.570  4.5903e-13  1.1082e-06
  176.400  -10.168   45.383    0.000    628.833  4.5504e-13  1.0997e-06
  176.600  -10.084   45.292    0.000    629.094  4.5109e-13  1.0913e-06
  176.800  -10.001   45.200    0.000    629.352  4.4717e-13  1.0829e-06
  177.000   -9.919   45.105    0.000    629.609  4.4330e-13  1.0747e-06
  177.200   -9.837   45.009    0.000    629.863  4.3947e-13  1.0665e-06
  177.400   -9.757   44.912    0.000    630.116  4.3567e-13  1.0583e-06
  177.600   -9.677   44.812    0.000    630.367  4.3191e-13  1.0503e-06
  177.800   -9.598   44.712    0.000    630.615  4.2819e-13  1.0423e-06
  178.000   -9.520   44.610    0.000    630.862  4.2451e-13  1.0344e-06
  178.200   -9.444   44.506    0.000    631.106  4.2086e-13  1.0265e-06
  178.400   -9.368   44.401    0.000    631.349  4.1725e-13  1.0188e-06
  178.600   -9.292   44.295    0.000    631.590  4.1368e-13  1.0110e-06
  178.800   -9.218   44.187    0.000    631.828  4.1014e-13  1.0034e-06
  179.000   -9.145   44.078    0.000    632.065  4.0663e-13  9.9582e-07
  179.200   -9.073   43.968    0.000    632.300  4.0316e-13  9.8831e-07
  179.400   -9.002   43.857    0.000    632.534  3.9973e-13  9.8086e-07
  179.600   -8.931   43.744    0.000    632.765  3.9632e-13  9.7347e-07
  179.800   -8.862   43.630    0.000    632.994  3.9295e-13  9.6615e-07
  180.000   -8.793   43.514    0.000    633.222  3.8962e-13  9.5889e-07
