#% 0, Z0, m, 0.0
#% 1, Z, km
#% 2, U, m/s
#% 3, V, m/s
#% 4, W, m/s
#% 5, T, degK
#% 6, RHO, g/cm3
#% 7, P, mbar
#32.3456     37.9759     50.1905     399.641     685         
    0.000    3.419    0.086    0.000    286.377  1.2338e-03  1.0141e+03
    0.200    3.382    0.026    0.000    284.979  1.2107e-03  9.9019e+02
    0.400    3.221   -0.049    0.000    283.573  1.1879e-03  9.6680e+02
    0.600    2.901   -0.068    0.000    282.206  1.1653e-03  9.4382e+02
    0.800    3.421   -0.078    0.000    281.235  1.1415e-03  9.2132e+02
    1.000    5.410   -0.498    0.000    281.025  1.1150e-03  8.9930e+02
    1.200    6.522   -1.291    0.000    280.948  1.0886e-03  8.7780e+02
    1.400    6.745   -1.809    0.000    280.040  1.0660e-03  8.5677e+02
    1.600    6.715   -1.974    0.000    278.862  1.0448e-03  8.3616e+02
    1.800    6.734   -1.927    0.000    277.748  1.0236e-03  8.1596e+02
    2.000    6.834   -1.721    0.000    276.612  1.0029e-03  7.9616e+02
    2.200    7.013   -1.356    0.000    275.470  9.8248e-04  7.7675e+02
    2.400    7.326   -0.843    0.000    274.296  9.6253e-04  7.5773e+02
    2.600    7.716   -0.234    0.000    273.098  9.4299e-04  7.3911e+02
    2.800    8.106    0.415    0.000    271.915  9.2371e-04  7.2086e+02
    3.000    8.446    1.048    0.000    270.732  9.0473e-04  7.0297e+02
    3.200    8.728    1.600    0.000    269.431  8.8646e-04  6.8547e+02
    3.400    8.993    2.053    0.000    268.009  8.6886e-04  6.6831e+02
    3.600    9.293    2.399    0.000    266.483  8.5183e-04  6.5149e+02
    3.800    9.677    2.634    0.000    264.841  8.3540e-04  6.3498e+02
    4.000   10.206    2.791    0.000    263.150  8.1934e-04  6.1880e+02
    4.200   10.908    2.913    0.000    261.485  8.0341e-04  6.0293e+02
    4.400   11.750    3.032    0.000    259.888  7.8750e-04  5.8738e+02
    4.600   12.589    3.172    0.000    258.334  7.7168e-04  5.7214e+02
    4.800   13.278    3.336    0.000    256.791  7.5606e-04  5.5721e+02
    5.000   13.768    3.475    0.000    255.267  7.4060e-04  5.4258e+02
    5.200   14.058    3.567    0.000    253.742  7.2538e-04  5.2825e+02
    5.400   14.169    3.617    0.000    252.166  7.1052e-04  5.1422e+02
    5.600   14.097    3.632    0.000    250.525  6.9605e-04  5.0047e+02
    5.800   13.859    3.618    0.000    248.833  6.8193e-04  4.8700e+02
    6.000   13.625    3.580    0.000    247.153  6.6797e-04  4.7381e+02
    6.200   13.571    3.532    0.000    245.534  6.5404e-04  4.6089e+02
    6.400   13.743    3.514    0.000    243.939  6.4025e-04  4.4824e+02
    6.600   14.151    3.556    0.000    242.338  6.2668e-04  4.3586e+02
    6.800   14.770    3.649    0.000    240.750  6.1327e-04  4.2374e+02
    7.000   15.567    3.784    0.000    239.189  6.0000e-04  4.1188e+02
    7.200   16.491    3.973    0.000    237.626  5.8694e-04  4.0028e+02
    7.400   17.473    4.206    0.000    236.032  5.7416e-04  3.8894e+02
    7.600   18.357    4.384    0.000    234.421  5.6162e-04  3.7785e+02
    7.800   18.992    4.397    0.000    232.814  5.4925e-04  3.6700e+02
    8.000   19.462    4.267    0.000    231.194  5.3710e-04  3.5638e+02
    8.200   19.976    4.088    0.000    229.531  5.2524e-04  3.4600e+02
    8.400   20.658    3.902    0.000    227.838  5.1363e-04  3.3586e+02
    8.600   21.521    3.679    0.000    226.193  5.0209e-04  3.2594e+02
    8.800   22.565    3.409    0.000    224.671  4.9045e-04  3.1625e+02
    9.000   23.769    3.182    0.000    223.330  4.7862e-04  3.0678e+02
    9.200   25.099    3.125    0.000    222.215  4.6654e-04  2.9754e+02
    9.400   26.519    3.302    0.000    221.352  4.5421e-04  2.8855e+02
    9.600   27.975    3.663    0.000    220.728  4.4168e-04  2.7980e+02
    9.800   29.416    4.144    0.000    220.322  4.2905e-04  2.7130e+02
   10.000   30.819    4.671    0.000    220.104  4.1640e-04  2.6304e+02
   10.200   32.202    5.159    0.000    220.030  4.0386e-04  2.5503e+02
   10.400   33.582    5.520    0.000    220.052  3.9152e-04  2.4727e+02
   10.600   34.964    5.714    0.000    220.131  3.7947e-04  2.3974e+02
   10.800   36.337    5.766    0.000    220.228  3.6777e-04  2.3245e+02
   11.000   37.684    5.706    0.000    220.310  3.5645e-04  2.2538e+02
   11.200   38.991    5.572    0.000    220.350  3.4555e-04  2.1853e+02
   11.400   40.241    5.432    0.000    220.369  3.3502e-04  2.1189e+02
   11.600   41.415    5.366    0.000    220.403  3.2479e-04  2.0545e+02
   11.800   42.496    5.452    0.000    220.485  3.1481e-04  1.9921e+02
   12.000   43.476    5.728    0.000    220.622  3.0507e-04  1.9317e+02
   12.200   44.377    6.117    0.000    220.735  2.9566e-04  1.8730e+02
   12.400   45.225    6.522    0.000    220.731  2.8669e-04  1.8162e+02
   12.600   46.045    6.847    0.000    220.518  2.7824e-04  1.7610e+02
   12.800   46.859    7.008    0.000    220.020  2.7038e-04  1.7073e+02
   13.000   47.648    7.012    0.000    219.269  2.6302e-04  1.6552e+02
   13.200   48.379    6.909    0.000    218.350  2.5604e-04  1.6045e+02
   13.400   49.014    6.749    0.000    217.347  2.4932e-04  1.5552e+02
   13.600   49.519    6.581    0.000    216.343  2.4276e-04  1.5073e+02
   13.800   49.861    6.447    0.000    215.415  2.3627e-04  1.4607e+02
   14.000   50.019    6.338    0.000    214.581  2.2983e-04  1.4154e+02
   14.200   49.978    6.225    0.000    213.836  2.2345e-04  1.3713e+02
   14.400   49.725    6.080    0.000    213.178  2.1712e-04  1.3284e+02
   14.600   49.243    5.873    0.000    212.603  2.1086e-04  1.2866e+02
   14.800   48.519    5.575    0.000    212.106  2.0466e-04  1.2459e+02
   15.000   47.553    5.172    0.000    211.681  1.9855e-04  1.2062e+02
   15.200   46.385    4.690    0.000    211.318  1.9253e-04  1.1677e+02
   15.400   45.065    4.162    0.000    211.005  1.8665e-04  1.1303e+02
   15.600   43.644    3.622    0.000    210.728  1.8092e-04  1.0942e+02
   15.800   42.169    3.103    0.000    210.476  1.7537e-04  1.0593e+02
   16.000   40.692    2.640    0.000    210.235  1.7000e-04  1.0258e+02
   16.200   39.261    2.265    0.000    209.995  1.6485e-04  9.9350e+01
   16.400   37.908    2.000    0.000    209.747  1.5989e-04  9.6252e+01
   16.600   36.631    1.834    0.000    209.493  1.5513e-04  9.3272e+01
   16.800   35.421    1.753    0.000    209.239  1.5054e-04  9.0399e+01
   17.000   34.269    1.744    0.000    208.989  1.4609e-04  8.7623e+01
   17.200   33.166    1.793    0.000    208.745  1.4177e-04  8.4935e+01
   17.400   32.104    1.887    0.000    208.514  1.3757e-04  8.2326e+01
   17.600   31.075    2.011    0.000    208.299  1.3347e-04  7.9790e+01
   17.800   30.069    2.153    0.000    208.104  1.2946e-04  7.7319e+01
   18.000   29.079    2.299    0.000    207.933  1.2552e-04  7.4907e+01
   18.200   28.095    2.435    0.000    207.791  1.2165e-04  7.2549e+01
   18.400   27.110    2.546    0.000    207.681  1.1784e-04  7.0239e+01
   18.600   26.115    2.623    0.000    207.608  1.1408e-04  6.7975e+01
   18.800   25.115    2.662    0.000    207.571  1.1039e-04  6.5760e+01
   19.000   24.113    2.666    0.000    207.569  1.0676e-04  6.3598e+01
   19.200   23.116    2.636    0.000    207.599  1.0321e-04  6.1494e+01
   19.400   22.129    2.575    0.000    207.661  9.9752e-05  5.9451e+01
   19.600   21.157    2.483    0.000    207.754  9.6389e-05  5.7472e+01
   19.800   20.207    2.364    0.000    207.874  9.3127e-05  5.5560e+01
   20.000   19.284    2.217    0.000    208.022  8.9972e-05  5.3715e+01
   20.200   18.393    2.047    0.000    208.196  8.6926e-05  5.1940e+01
   20.400   17.540    1.853    0.000    208.394  8.3994e-05  5.0236e+01
   20.600   16.729    1.638    0.000    208.615  8.1176e-05  4.8602e+01
   20.800   15.960    1.406    0.000    208.857  7.8468e-05  4.7035e+01
   21.000   15.233    1.162    0.000    209.121  7.5863e-05  4.5531e+01
   21.200   14.544    0.909    0.000    209.406  7.3356e-05  4.4087e+01
   21.400   13.892    0.652    0.000    209.711  7.0941e-05  4.2697e+01
   21.600   13.275    0.395    0.000    210.035  6.8613e-05  4.1360e+01
   21.800   12.691    0.144    0.000    210.378  6.6367e-05  4.0072e+01
   22.000   12.139   -0.099    0.000    210.740  6.4199e-05  3.8829e+01
   22.200   11.616   -0.328    0.000    211.120  6.2104e-05  3.7630e+01
   22.400   11.120   -0.540    0.000    211.517  6.0078e-05  3.6471e+01
   22.600   10.651   -0.729    0.000    211.931  5.8119e-05  3.5350e+01
   22.800   10.205   -0.891    0.000    212.360  5.6222e-05  3.4266e+01
   23.000    9.781   -1.023    0.000    212.806  5.4385e-05  3.3216e+01
   23.200    9.377   -1.119    0.000    213.266  5.2604e-05  3.2197e+01
   23.400    8.992   -1.175    0.000    213.740  5.0877e-05  3.1210e+01
   23.600    8.623   -1.188    0.000    214.228  4.9201e-05  3.0251e+01
   23.800    8.268   -1.152    0.000    214.729  4.7574e-05  2.9319e+01
   24.000    7.929   -1.071    0.000    215.241  4.5996e-05  2.8414e+01
   24.200    7.604   -0.949    0.000    215.761  4.4466e-05  2.7535e+01
   24.400    7.296   -0.791    0.000    216.286  4.2985e-05  2.6682e+01
   24.600    7.004   -0.602    0.000    216.813  4.1552e-05  2.5856e+01
   24.800    6.729   -0.386    0.000    217.339  4.0167e-05  2.5054e+01
   25.000    6.473   -0.150    0.000    217.861  3.8829e-05  2.4278e+01
   25.200    6.235    0.101    0.000    218.377  3.7538e-05  2.3527e+01
   25.400    6.017    0.364    0.000    218.884  3.6294e-05  2.2800e+01
   25.600    5.820    0.633    0.000    219.378  3.5095e-05  2.2096e+01
   25.800    5.643    0.902    0.000    219.857  3.3940e-05  2.1416e+01
   26.000    5.487    1.168    0.000    220.318  3.2830e-05  2.0759e+01
   26.200    5.354    1.424    0.000    220.757  3.1763e-05  2.0124e+01
   26.400    5.245    1.667    0.000    221.173  3.0737e-05  1.9511e+01
   26.600    5.157    1.896    0.000    221.566  2.9752e-05  1.8919e+01
   26.800    5.092    2.112    0.000    221.937  2.8804e-05  1.8347e+01
   27.000    5.048    2.318    0.000    222.287  2.7893e-05  1.7794e+01
   27.200    5.024    2.514    0.000    222.619  2.7015e-05  1.7260e+01
   27.400    5.020    2.703    0.000    222.932  2.6170e-05  1.6744e+01
   27.600    5.036    2.886    0.000    223.230  2.5355e-05  1.6244e+01
   27.800    5.070    3.064    0.000    223.513  2.4569e-05  1.5761e+01
   28.000    5.122    3.238    0.000    223.783  2.3811e-05  1.5293e+01
   28.200    5.191    3.412    0.000    224.042  2.3079e-05  1.4840e+01
   28.400    5.276    3.585    0.000    224.290  2.2372e-05  1.4401e+01
   28.600    5.377    3.759    0.000    224.529  2.1689e-05  1.3977e+01
   28.800    5.493    3.937    0.000    224.761  2.1029e-05  1.3565e+01
   29.000    5.624    4.120    0.000    224.987  2.0390e-05  1.3166e+01
   29.200    5.768    4.308    0.000    225.209  1.9772e-05  1.2779e+01
   29.400    5.925    4.504    0.000    225.428  1.9173e-05  1.2404e+01
   29.600    6.095    4.710    0.000    225.646  1.8593e-05  1.2041e+01
   29.800    6.276    4.926    0.000    225.863  1.8030e-05  1.1688e+01
   30.000    6.468    5.154    0.000    226.082  1.7485e-05  1.1345e+01
   30.200    6.670    5.396    0.000    226.304  1.6956e-05  1.1013e+01
   30.400    6.882    5.654    0.000    226.531  1.6443e-05  1.0690e+01
   30.600    7.103    5.929    0.000    226.763  1.5945e-05  1.0377e+01
   30.800    7.332    6.222    0.000    227.003  1.5461e-05  1.0073e+01
   31.000    7.568    6.534    0.000    227.251  1.4991e-05  9.7774e+00
   31.200    7.815    6.860    0.000    227.509  1.4535e-05  9.4904e+00
   31.400    8.074    7.192    0.000    227.778  1.4091e-05  9.2117e+00
   31.600    8.349    7.520    0.000    228.060  1.3661e-05  8.9414e+00
   31.800    8.644    7.836    0.000    228.354  1.3243e-05  8.6791e+00
   32.000    8.961    8.132    0.000    228.663  1.2838e-05  8.4249e+00
   32.200    9.303    8.398    0.000    228.987  1.2445e-05  8.1785e+00
   32.400    9.674    8.627    0.000    229.327  1.2063e-05  7.9397e+00
   32.600   10.077    8.809    0.000    229.684  1.1694e-05  7.7085e+00
   32.800   10.515    8.936    0.000    230.060  1.1336e-05  7.4847e+00
   33.000   10.991    9.000    0.000    230.455  1.0989e-05  7.2681e+00
   33.200   11.508    8.991    0.000    230.871  1.0653e-05  7.0585e+00
   33.400   12.070    8.903    0.000    231.308  1.0327e-05  6.8558e+00
   33.600   12.672    8.743    0.000    231.769  1.0012e-05  6.6598e+00
   33.800   13.308    8.527    0.000    232.257  9.7065e-06  6.4701e+00
   34.000   13.971    8.272    0.000    232.773  9.4103e-06  6.2866e+00
   34.200   14.655    7.993    0.000    233.321  9.1229e-06  6.1090e+00
   34.400   15.353    7.707    0.000    233.903  8.8440e-06  5.9370e+00
   34.600   16.058    7.429    0.000    234.522  8.5733e-06  5.7705e+00
   34.800   16.764    7.176    0.000    235.181  8.3103e-06  5.6092e+00
   35.000   17.464    6.963    0.000    235.882  8.0548e-06  5.4530e+00
   35.200   18.151    6.807    0.000    236.628  7.8065e-06  5.3016e+00
   35.400   18.819    6.724    0.000    237.421  7.5651e-06  5.1548e+00
   35.600   19.460    6.730    0.000    238.264  7.3303e-06  5.0126e+00
   35.800   20.071    6.838    0.000    239.159  7.1019e-06  4.8746e+00
   36.000   20.651    7.041    0.000    240.100  6.8800e-06  4.7409e+00
   36.200   21.204    7.328    0.000    241.080  6.6645e-06  4.6112e+00
   36.400   21.732    7.687    0.000    242.093  6.4556e-06  4.4854e+00
   36.600   22.240    8.106    0.000    243.132  6.2532e-06  4.3634e+00
   36.800   22.731    8.574    0.000    244.188  6.0573e-06  4.2450e+00
   37.000   23.207    9.078    0.000    245.256  5.8678e-06  4.1302e+00
   37.200   23.672    9.606    0.000    246.328  5.6847e-06  4.0188e+00
   37.400   24.129   10.148    0.000    247.398  5.5079e-06  3.9108e+00
   37.600   24.582   10.690    0.000    248.457  5.3374e-06  3.8059e+00
   37.800   25.032   11.222    0.000    249.499  5.1729e-06  3.7042e+00
   38.000   25.485   11.731    0.000    250.517  5.0146e-06  3.6054e+00
   38.200   25.942   12.206    0.000    251.504  4.8621e-06  3.5095e+00
   38.400   26.408   12.634    0.000    252.453  4.7154e-06  3.4165e+00
   38.600   26.884   13.004    0.000    253.356  4.5744e-06  3.3262e+00
   38.800   27.375   13.304    0.000    254.208  4.4389e-06  3.2385e+00
   39.000   27.884   13.522    0.000    255.000  4.3088e-06  3.1534e+00
   39.200   28.414   13.647    0.000    255.725  4.1840e-06  3.0708e+00
   39.400   28.968   13.666    0.000    256.377  4.0643e-06  2.9905e+00
   39.600   29.548   13.574    0.000    256.952  3.9496e-06  2.9126e+00
   39.800   30.150   13.380    0.000    257.451  3.8394e-06  2.8369e+00
   40.000   30.771   13.098    0.000    257.881  3.7337e-06  2.7634e+00
   40.200   31.408   12.740    0.000    258.244  3.6320e-06  2.6919e+00
   40.400   32.057   12.320    0.000    258.547  3.5341e-06  2.6224e+00
   40.600   32.713   11.850    0.000    258.792  3.4398e-06  2.5549e+00
   40.800   33.374   11.343    0.000    258.985  3.3488e-06  2.4892e+00
   41.000   34.035   10.813    0.000    259.131  3.2610e-06  2.4252e+00
   41.200   34.693   10.272    0.000    259.233  3.1762e-06  2.3631e+00
   41.400   35.344    9.733    0.000    259.296  3.0941e-06  2.3025e+00
   41.600   35.985    9.209    0.000    259.324  3.0146e-06  2.2436e+00
   41.800   36.611    8.713    0.000    259.323  2.9376e-06  2.1863e+00
   42.000   37.220    8.259    0.000    259.296  2.8628e-06  2.1304e+00
   42.200   37.806    7.858    0.000    259.248  2.7902e-06  2.0760e+00
   42.400   38.368    7.524    0.000    259.183  2.7197e-06  2.0230e+00
   42.600   38.900    7.269    0.000    259.106  2.6510e-06  1.9714e+00
   42.800   39.402    7.097    0.000    259.019  2.5842e-06  1.9211e+00
   43.000   39.875    7.004    0.000    258.920  2.5192e-06  1.8720e+00
   43.200   40.319    6.983    0.000    258.808  2.4559e-06  1.8242e+00
   43.400   40.736    7.032    0.000    258.682  2.3943e-06  1.7776e+00
   43.600   41.127    7.145    0.000    258.542  2.3344e-06  1.7322e+00
   43.800   41.491    7.316    0.000    258.387  2.2760e-06  1.6878e+00
   44.000   41.831    7.543    0.000    258.214  2.2192e-06  1.6446e+00
   44.200   42.147    7.819    0.000    258.025  2.1640e-06  1.6025e+00
   44.400   42.440    8.141    0.000    257.817  2.1101e-06  1.5614e+00
   44.600   42.711    8.503    0.000    257.589  2.0578e-06  1.5213e+00
   44.800   42.960    8.900    0.000    257.341  2.0068e-06  1.4821e+00
   45.000   43.190    9.329    0.000    257.072  1.9571e-06  1.4440e+00
   45.200   43.400    9.783    0.000    256.780  1.9088e-06  1.4067e+00
   45.400   43.591   10.260    0.000    256.465  1.8618e-06  1.3704e+00
   45.600   43.765   10.753    0.000    256.126  1.8160e-06  1.3349e+00
   45.800   43.922   11.258    0.000    255.762  1.7715e-06  1.3003e+00
   46.000   44.064   11.770    0.000    255.371  1.7281e-06  1.2665e+00
   46.200   44.190   12.285    0.000    254.953  1.6858e-06  1.2336e+00
   46.400   44.303   12.798    0.000    254.506  1.6447e-06  1.2014e+00
   46.600   44.402   13.304    0.000    254.031  1.6047e-06  1.1700e+00
   46.800   44.490   13.798    0.000    253.525  1.5658e-06  1.1393e+00
   47.000   44.566   14.276    0.000    252.989  1.5279e-06  1.1094e+00
   47.200   44.632   14.733    0.000    252.420  1.4910e-06  1.0801e+00
   47.400   44.688   15.165    0.000    251.818  1.4550e-06  1.0516e+00
   47.600   44.736   15.565    0.000    251.182  1.4201e-06  1.0237e+00
   47.800   44.776   15.931    0.000    250.511  1.3860e-06  9.9652e-01
   48.000   44.809   16.259    0.000    249.806  1.3529e-06  9.6995e-01
   48.200   44.837   16.553    0.000    249.076  1.3206e-06  9.4403e-01
   48.400   44.860   16.819    0.000    248.329  1.2891e-06  9.1873e-01
   48.600   44.879   17.060    0.000    247.575  1.2583e-06  8.9405e-01
   48.800   44.896   17.283    0.000    246.823  1.2281e-06  8.6999e-01
   49.000   44.910   17.493    0.000    246.081  1.1986e-06  8.4653e-01
   49.200   44.925   17.693    0.000    245.358  1.1697e-06  8.2366e-01
   49.400   44.939   17.890    0.000    244.665  1.1413e-06  8.0139e-01
   49.600   44.955   18.087    0.000    244.009  1.1133e-06  7.7968e-01
   49.800   44.973   18.291    0.000    243.400  1.0859e-06  7.5855e-01
   50.000   44.994   18.506    0.000    242.848  1.0588e-06  7.3798e-01
   50.200   45.019   18.737    0.000    242.360  1.0322e-06  7.1795e-01
   50.400   45.050   18.989    0.000    241.946  1.0059e-06  6.9846e-01
   50.600   45.088   19.268    0.000    241.616  9.7990e-07  6.7950e-01
   50.800   45.133   19.575    0.000    241.373  9.5426e-07  6.6106e-01
   51.000   45.190   19.910    0.000    241.215  9.2898e-07  6.4312e-01
   51.200   45.262   20.271    0.000    241.134  9.0407e-07  6.2567e-01
   51.400   45.354   20.657    0.000    241.128  8.7958e-07  6.0870e-01
   51.600   45.467   21.065    0.000    241.189  8.5551e-07  5.9219e-01
   51.800   45.608   21.495    0.000    241.314  8.3189e-07  5.7614e-01
   52.000   45.778   21.944    0.000    241.497  8.0874e-07  5.6053e-01
   52.200   45.982   22.410    0.000    241.733  7.8607e-07  5.4536e-01
   52.400   46.224   22.893    0.000    242.016  7.6390e-07  5.3060e-01
   52.600   46.507   23.391    0.000    242.342  7.4224e-07  5.1624e-01
   52.800   46.834   23.901    0.000    242.705  7.2110e-07  5.0229e-01
   53.000   47.210   24.422    0.000    243.100  7.0048e-07  4.8872e-01
   53.200   47.639   24.953    0.000    243.522  6.8039e-07  4.7553e-01
   53.400   48.123   25.491    0.000    243.967  6.6083e-07  4.6270e-01
   53.600   48.664   26.035    0.000    244.428  6.4180e-07  4.5023e-01
   53.800   49.259   26.580    0.000    244.901  6.2331e-07  4.3810e-01
   54.000   49.906   27.122    0.000    245.382  6.0535e-07  4.2632e-01
   54.200   50.602   27.658    0.000    245.865  5.8792e-07  4.1485e-01
   54.400   51.345   28.185    0.000    246.346  5.7101e-07  4.0371e-01
   54.600   52.132   28.697    0.000    246.821  5.5461e-07  3.9287e-01
   54.800   52.960   29.191    0.000    247.283  5.3873e-07  3.8233e-01
   55.000   53.826   29.664    0.000    247.730  5.2334e-07  3.7209e-01
   55.200   54.728   30.112    0.000    248.155  5.0846e-07  3.6212e-01
   55.400   55.664   30.530    0.000    248.555  4.9406e-07  3.5243e-01
   55.600   56.630   30.916    0.000    248.924  4.8014e-07  3.4301e-01
   55.800   57.625   31.264    0.000    249.258  4.6669e-07  3.3385e-01
   56.000   58.644   31.572    0.000    249.551  4.5370e-07  3.2494e-01
   56.200   59.686   31.835    0.000    249.800  4.4116e-07  3.1627e-01
   56.400   60.748   32.053    0.000    250.002  4.2906e-07  3.0785e-01
   56.600   61.825   32.226    0.000    250.156  4.1737e-07  2.9965e-01
   56.800   62.914   32.356    0.000    250.262  4.0609e-07  2.9167e-01
   57.000   64.011   32.445    0.000    250.320  3.9520e-07  2.8391e-01
   57.200   65.112   32.494    0.000    250.330  3.8468e-07  2.7636e-01
   57.400   66.212   32.505    0.000    250.291  3.7451e-07  2.6902e-01
   57.600   67.309   32.481    0.000    250.205  3.6468e-07  2.6187e-01
   57.800   68.397   32.421    0.000    250.070  3.5518e-07  2.5491e-01
   58.000   69.474   32.328    0.000    249.886  3.4600e-07  2.4813e-01
   58.200   70.535   32.205    0.000    249.654  3.3712e-07  2.4154e-01
   58.400   71.577   32.051    0.000    249.373  3.2853e-07  2.3512e-01
   58.600   72.595   31.869    0.000    249.043  3.2021e-07  2.2886e-01
   58.800   73.585   31.661    0.000    248.664  3.1217e-07  2.2277e-01
   59.000   74.544   31.427    0.000    248.236  3.0439e-07  2.1685e-01
   59.200   75.468   31.173    0.000    247.760  2.9685e-07  2.1107e-01
   59.400   76.356   30.906    0.000    247.241  2.8955e-07  2.0544e-01
   59.600   77.205   30.632    0.000    246.684  2.8246e-07  1.9996e-01
   59.800   78.014   30.361    0.000    246.093  2.7558e-07  1.9462e-01
   60.000   78.781   30.100    0.000    245.473  2.6888e-07  1.8942e-01
   60.200   79.504   29.856    0.000    244.829  2.6237e-07  1.8434e-01
   60.400   80.181   29.638    0.000    244.165  2.5603e-07  1.7940e-01
   60.600   80.811   29.453    0.000    243.485  2.4985e-07  1.7457e-01
   60.800   81.391   29.310    0.000    242.796  2.4381e-07  1.6987e-01
   61.000   81.919   29.214    0.000    242.101  2.3791e-07  1.6529e-01
   61.200   82.394   29.176    0.000    241.404  2.3215e-07  1.6082e-01
   61.400   82.815   29.202    0.000    240.711  2.2651e-07  1.5646e-01
   61.600   83.178   29.300    0.000    240.027  2.2098e-07  1.5220e-01
   61.800   83.482   29.477    0.000    239.355  2.1556e-07  1.4805e-01
   62.000   83.729   29.733    0.000    238.699  2.1025e-07  1.4401e-01
   62.200   83.922   30.055    0.000    238.056  2.0504e-07  1.4006e-01
   62.400   84.067   30.430    0.000    237.425  1.9993e-07  1.3620e-01
   62.600   84.170   30.843    0.000    236.804  1.9493e-07  1.3245e-01
   62.800   84.234   31.282    0.000    236.193  1.9003e-07  1.2878e-01
   63.000   84.264   31.733    0.000    235.588  1.8524e-07  1.2521e-01
   63.200   84.267   32.182    0.000    234.989  1.8054e-07  1.2172e-01
   63.400   84.246   32.615    0.000    234.394  1.7595e-07  1.1833e-01
   63.600   84.207   33.020    0.000    233.802  1.7146e-07  1.1501e-01
   63.800   84.154   33.382    0.000    233.210  1.6707e-07  1.1178e-01
   64.000   84.093   33.689    0.000    232.618  1.6279e-07  1.0863e-01
   64.200   84.029   33.926    0.000    232.024  1.5859e-07  1.0556e-01
   64.400   83.966   34.079    0.000    231.425  1.5450e-07  1.0256e-01
   64.600   83.908   34.139    0.000    230.822  1.5050e-07  9.9647e-02
   64.800   83.854   34.104    0.000    230.213  1.4660e-07  9.6803e-02
   65.000   83.803   33.978    0.000    229.599  1.4280e-07  9.4032e-02
   65.200   83.752   33.765    0.000    228.981  1.3908e-07  9.1332e-02
   65.400   83.698   33.469    0.000    228.359  1.3545e-07  8.8704e-02
   65.600   83.639   33.092    0.000    227.733  1.3191e-07  8.6144e-02
   65.800   83.573   32.640    0.000    227.104  1.2846e-07  8.3652e-02
   66.000   83.498   32.114    0.000    226.472  1.2510e-07  8.1226e-02
   66.200   83.411   31.519    0.000    225.837  1.2181e-07  7.8866e-02
   66.400   83.309   30.858    0.000    225.200  1.1861e-07  7.6569e-02
   66.600   83.191   30.134    0.000    224.562  1.1549e-07  7.4335e-02
   66.800   83.054   29.352    0.000    223.923  1.1245e-07  7.2163e-02
   67.000   82.895   28.515    0.000    223.283  1.0948e-07  7.0050e-02
   67.200   82.712   27.626    0.000    222.644  1.0659e-07  6.7997e-02
   67.400   82.503   26.688    0.000    222.007  1.0378e-07  6.6001e-02
   67.600   82.268   25.706    0.000    221.374  1.0103e-07  6.4062e-02
   67.800   82.005   24.681    0.000    220.746  9.8359e-08  6.2178e-02
   68.000   81.712   23.618    0.000    220.125  9.5752e-08  6.0348e-02
   68.200   81.388   22.520    0.000    219.514  9.3211e-08  5.8572e-02
   68.400   81.032   21.390    0.000    218.913  9.0734e-08  5.6847e-02
   68.600   80.642   20.231    0.000    218.326  8.8320e-08  5.5173e-02
   68.800   80.216   19.048    0.000    217.753  8.5968e-08  5.3548e-02
   69.000   79.752   17.843    0.000    217.198  8.3675e-08  5.1973e-02
   69.200   79.250   16.621    0.000    216.662  8.1441e-08  5.0445e-02
   69.400   78.708   15.386    0.000    216.147  7.9263e-08  4.8963e-02
   69.600   78.123   14.141    0.000    215.656  7.7142e-08  4.7527e-02
   69.800   77.496   12.889    0.000    215.191  7.5075e-08  4.6136e-02
   70.000   76.828   11.635    0.000    214.754  7.3062e-08  4.4789e-02
   70.200   76.117   10.380    0.000    214.347  7.1102e-08  4.3485e-02
   70.400   75.366    9.128    0.000    213.974  6.9193e-08  4.2223e-02
   70.600   74.576    7.883    0.000    213.635  6.7334e-08  4.1003e-02
   70.800   73.745    6.647    0.000    213.334  6.5526e-08  3.9823e-02
   71.000   72.876    5.425    0.000    213.073  6.3766e-08  3.8682e-02
   71.200   71.969    4.221    0.000    212.853  6.2054e-08  3.7581e-02
   71.400   71.025    3.039    0.000    212.677  6.0389e-08  3.6517e-02
   71.600   70.044    1.885    0.000    212.546  5.8770e-08  3.5490e-02
   71.800   69.028    0.762    0.000    212.462  5.7196e-08  3.4500e-02
   72.000   67.977   -0.325    0.000    212.426  5.5665e-08  3.3544e-02
   72.200   66.892   -1.368    0.000    212.439  5.4178e-08  3.2622e-02
   72.400   65.775   -2.363    0.000    212.500  5.2733e-08  3.1733e-02
   72.600   64.628   -3.301    0.000    212.606  5.1413e-08  3.0906e-02
   72.800   63.452   -4.176    0.000    212.752  5.0055e-08  3.0082e-02
   73.000   62.249   -4.983    0.000    212.934  4.8738e-08  2.9288e-02
   73.200   61.022   -5.714    0.000    213.150  4.7462e-08  2.8522e-02
   73.400   59.773   -6.365    0.000    213.395  4.6225e-08  2.7784e-02
   73.600   58.505   -6.930    0.000    213.664  4.5026e-08  2.7071e-02
   73.800   57.221   -7.405    0.000    213.954  4.3862e-08  2.6384e-02
   74.000   55.925   -7.786    0.000    214.259  4.2733e-08  2.5720e-02
   74.200   54.620   -8.072    0.000    214.574  4.1637e-08  2.5077e-02
   74.400   53.310   -8.260    0.000    214.894  4.0571e-08  2.4455e-02
   74.600   51.999   -8.350    0.000    215.213  3.9534e-08  2.3852e-02
   74.800   50.692   -8.345    0.000    215.525  3.8524e-08  2.3266e-02
   75.000   49.392   -8.247    0.000    215.824  3.7541e-08  2.2696e-02
   75.200   48.103   -8.061    0.000    216.103  3.6582e-08  2.2140e-02
   75.400   46.829   -7.792    0.000    216.359  3.5646e-08  2.1598e-02
   75.600   45.576   -7.444    0.000    216.586  3.4731e-08  2.1069e-02
   75.800   44.346   -7.024    0.000    216.779  3.3838e-08  2.0550e-02
   76.000   43.144   -6.536    0.000    216.935  3.2965e-08  2.0042e-02
   76.200   41.975   -5.989    0.000    217.052  3.2112e-08  1.9544e-02
   76.400   40.841   -5.387    0.000    217.127  3.1277e-08  1.9054e-02
   76.600   39.748   -4.737    0.000    217.159  3.0460e-08  1.8573e-02
   76.800   38.697   -4.046    0.000    217.145  2.9661e-08  1.8101e-02
   77.000   37.692   -3.320    0.000    217.087  2.8880e-08  1.7635e-02
   77.200   36.737   -2.564    0.000    216.984  2.8115e-08  1.7178e-02
   77.400   35.833   -1.785    0.000    216.838  2.7368e-08  1.6728e-02
   77.600   34.982   -0.989    0.000    216.650  2.6638e-08  1.6285e-02
   77.800   34.186   -0.180    0.000    216.421  2.5924e-08  1.5850e-02
   78.000   33.448    0.635    0.000    216.153  2.5226e-08  1.5421e-02
   78.200   32.769    1.454    0.000    215.849  2.4545e-08  1.5000e-02
   78.400   32.150    2.271    0.000    215.510  2.3880e-08  1.4587e-02
   78.600   31.592    3.083    0.000    215.138  2.3231e-08  1.4181e-02
   78.800   31.097    3.887    0.000    214.735  2.2597e-08  1.3782e-02
   79.000   30.665    4.680    0.000    214.303  2.1979e-08  1.3391e-02
   79.200   30.298    5.459    0.000    213.844  2.1376e-08  1.3008e-02
   79.400   29.996    6.223    0.000    213.359  2.0788e-08  1.2632e-02
   79.600   29.761    6.968    0.000    212.851  2.0214e-08  1.2265e-02
   79.800   29.592    7.693    0.000    212.322  1.9655e-08  1.1905e-02
   80.000   29.492    8.397    0.000    211.772  1.9110e-08  1.1553e-02
   80.200   29.459    9.077    0.000    211.203  1.8579e-08  1.1209e-02
   80.400   29.491    9.734    0.000    210.617  1.8062e-08  1.0873e-02
   80.600   29.586   10.367    0.000    210.016  1.7557e-08  1.0545e-02
   80.800   29.739   10.977    0.000    209.399  1.7066e-08  1.0225e-02
   81.000   29.947   11.562    0.000    208.769  1.6587e-08  9.9131e-03
   81.200   30.206   12.123    0.000    208.127  1.6120e-08  9.6086e-03
   81.400   30.514   12.661    0.000    207.474  1.5665e-08  9.3118e-03
   81.600   30.866   13.175    0.000    206.810  1.5222e-08  9.0227e-03
   81.800   31.258   13.665    0.000    206.137  1.4791e-08  8.7410e-03
   82.000   31.689   14.131    0.000    205.455  1.4370e-08  8.4668e-03
   82.200   32.153   14.574    0.000    204.765  1.3960e-08  8.1998e-03
   82.400   32.648   14.994    0.000    204.068  1.3561e-08  7.9401e-03
   82.600   33.171   15.390    0.000    203.365  1.3172e-08  7.6874e-03
   82.800   33.718   15.764    0.000    202.656  1.2794e-08  7.4417e-03
   83.000   34.285   16.114    0.000    201.942  1.2425e-08  7.2027e-03
   83.200   34.870   16.441    0.000    201.222  1.2065e-08  6.9705e-03
   83.400   35.470   16.746    0.000    200.499  1.1715e-08  6.7447e-03
   83.600   36.081   17.027    0.000    199.772  1.1374e-08  6.5254e-03
   83.800   36.701   17.286    0.000    199.041  1.1042e-08  6.3123e-03
   84.000   37.325   17.522    0.000    198.308  1.0718e-08  6.1054e-03
   84.200   37.952   17.735    0.000    197.572  1.0403e-08  5.9044e-03
   84.400   38.578   17.926    0.000    196.834  1.0096e-08  5.7093e-03
   84.600   39.201   18.093    0.000    196.094  9.7975e-09  5.5199e-03
   84.800   39.817   18.238    0.000    195.352  9.5064e-09  5.3360e-03
   85.000   40.424   18.359    0.000    194.610  9.2231e-09  5.1576e-03
   85.200   41.018   18.457    0.000    193.866  8.9472e-09  4.9845e-03
   85.400   41.599   18.531    0.000    193.122  8.6785e-09  4.8166e-03
   85.600   42.164   18.578    0.000    192.378  8.4170e-09  4.6537e-03
   85.800   42.713   18.596    0.000    191.633  8.1624e-09  4.4958e-03
   86.000   43.244   18.584    0.000    190.889  7.9146e-09  4.3426e-03
   86.200   43.755   18.540    0.000    190.145  7.6734e-09  4.1941e-03
   86.400   44.246   18.461    0.000    189.402  7.4386e-09  4.0501e-03
   86.600   44.714   18.347    0.000    188.659  7.2102e-09  3.9106e-03
   86.800   45.159   18.195    0.000    187.918  6.9879e-09  3.7754e-03
   87.000   45.579   18.003    0.000    187.178  6.7716e-09  3.6444e-03
   87.200   45.972   17.770    0.000    186.439  6.5612e-09  3.5175e-03
   87.400   46.338   17.493    0.000    185.702  6.3565e-09  3.3945e-03
   87.600   46.675   17.171    0.000    184.966  6.1575e-09  3.2754e-03
   87.800   46.982   16.802    0.000    184.233  5.9638e-09  3.1601e-03
   88.000   47.258   16.384    0.000    183.501  5.7755e-09  3.0485e-03
   88.200   47.501   15.914    0.000    182.772  5.5924e-09  2.9404e-03
   88.400   47.709   15.392    0.000    182.045  5.4144e-09  2.8358e-03
   88.600   47.883   14.815    0.000    181.320  5.2414e-09  2.7345e-03
   88.800   48.019   14.181    0.000    180.598  5.0732e-09  2.6365e-03
   89.000   48.118   13.488    0.000    179.879  4.9097e-09  2.5417e-03
   89.200   48.177   12.735    0.000    179.163  4.7508e-09  2.4500e-03
   89.400   48.195   11.919    0.000    178.450  4.5964e-09  2.3613e-03
   89.600   48.172   11.040    0.000    177.740  4.4465e-09  2.2755e-03
   89.800   48.106   10.093    0.000    177.032  4.3008e-09  2.1925e-03
   90.000   47.995    9.079    0.000    176.329  4.1593e-09  2.1123e-03
   90.200   47.839    7.996    0.000    175.629  4.0219e-09  2.0347e-03
   90.400   47.638    6.851    0.000    174.933  3.8884e-09  1.9598e-03
   90.600   47.392    5.649    0.000    174.243  3.7588e-09  1.8873e-03
   90.800   47.101    4.400    0.000    173.559  3.6329e-09  1.8173e-03
   91.000   46.767    3.109    0.000    172.883  3.5107e-09  1.7497e-03
   91.200   46.389    1.785    0.000    172.216  3.3920e-09  1.6844e-03
   91.400   45.969    0.434    0.000    171.557  3.2767e-09  1.6213e-03
   91.600   45.506   -0.936    0.000    170.909  3.1648e-09  1.5604e-03
   91.800   45.001   -2.319    0.000    170.272  3.0561e-09  1.5015e-03
   92.000   44.455   -3.706    0.000    169.647  2.9506e-09  1.4448e-03
   92.200   43.868   -5.090    0.000    169.035  2.8482e-09  1.3900e-03
   92.400   43.240   -6.465    0.000    168.437  2.7489e-09  1.3371e-03
   92.600   42.572   -7.823    0.000    167.852  2.6524e-09  1.2861e-03
   92.800   41.865   -9.157    0.000    167.283  2.5589e-09  1.2369e-03
   93.000   41.118  -10.459    0.000    166.729  2.4681e-09  1.1894e-03
   93.200   40.333  -11.722    0.000    166.192  2.3801e-09  1.1437e-03
   93.400   39.510  -12.940    0.000    165.672  2.2947e-09  1.0996e-03
   93.600   38.648  -14.104    0.000    165.170  2.2119e-09  1.0571e-03
   93.800   37.750  -15.208    0.000    164.687  2.1317e-09  1.0161e-03
   94.000   36.815  -16.244    0.000    164.223  2.0539e-09  9.7665e-04
   94.200   35.843  -17.205    0.000    163.778  1.9786e-09  9.3863e-04
   94.400   34.836  -18.084    0.000    163.354  1.9056e-09  9.0202e-04
   94.600   33.793  -18.873    0.000    162.951  1.8349e-09  8.6677e-04
   94.800   32.715  -19.565    0.000    162.570  1.7665e-09  8.3284e-04
   95.000   31.603  -20.154    0.000    162.212  1.7003e-09  8.0018e-04
   95.200   30.457  -20.633    0.000    161.876  1.6362e-09  7.6875e-04
   95.400   29.281  -21.003    0.000    161.564  1.5741e-09  7.3851e-04
   95.600   28.078  -21.268    0.000    161.277  1.5141e-09  7.0942e-04
   95.800   26.852  -21.430    0.000    161.014  1.4561e-09  6.8145e-04
   96.000   25.607  -21.492    0.000    160.777  1.4001e-09  6.5455e-04
   96.200   24.346  -21.458    0.000    160.567  1.3459e-09  6.2869e-04
   96.400   23.072  -21.328    0.000    160.384  1.2935e-09  6.0384e-04
   96.600   21.790  -21.108    0.000    160.228  1.2429e-09  5.7996e-04
   96.800   20.504  -20.799    0.000    160.101  1.1941e-09  5.5701e-04
   97.000   19.215  -20.403    0.000    160.004  1.1469e-09  5.3497e-04
   97.200   17.929  -19.926    0.000    159.936  1.1014e-09  5.1380e-04
   97.400   16.650  -19.367    0.000    159.900  1.0575e-09  4.9347e-04
   97.600   15.379  -18.732    0.000    159.895  1.0151e-09  4.7396e-04
   97.800   14.122  -18.022    0.000    159.923  9.7427e-10  4.5522e-04
   98.000   12.882  -17.241    0.000    159.985  9.3489e-10  4.3725e-04
   98.200   11.662  -16.391    0.000    160.082  8.9694e-10  4.2000e-04
   98.400   10.467  -15.474    0.000    160.214  8.6037e-10  4.0344e-04
   98.600    9.299  -14.495    0.000    160.382  8.2515e-10  3.8757e-04
   98.800    8.162  -13.455    0.000    160.589  7.9122e-10  3.7234e-04
   99.000    7.061  -12.358    0.000    160.835  7.5857e-10  3.5775e-04
   99.200    5.998  -11.207    0.000    161.121  7.2714e-10  3.4375e-04
   99.400    4.978  -10.003    0.000    161.449  6.9689e-10  3.3033e-04
   99.600    4.003   -8.751    0.000    161.820  6.6779e-10  3.1748e-04
   99.800    3.078   -7.452    0.000    162.236  6.3981e-10  3.0516e-04
  100.000    2.207   -6.110    0.000    162.698  6.1290e-10  2.9335e-04
  100.200    1.391   -4.729    0.000    163.207  5.8703e-10  2.8204e-04
  100.400    0.634   -3.315    0.000    163.764  5.6218e-10  2.7121e-04
  100.600   -0.065   -1.877    0.000    164.368  5.3832e-10  2.6084e-04
  100.800   -0.704   -0.423    0.000    165.019  5.1542e-10  2.5091e-04
  101.000   -1.283    1.038    0.000    165.716  4.9344e-10  2.4140e-04
  101.200   -1.801    2.499    0.000    166.459  4.7237e-10  2.3229e-04
  101.400   -2.256    3.951    0.000    167.248  4.5217e-10  2.2357e-04
  101.600   -2.647    5.387    0.000    168.083  4.3281e-10  2.1523e-04
  101.800   -2.975    6.797    0.000    168.962  4.1427e-10  2.0724e-04
  102.000   -3.237    8.174    0.000    169.887  3.9651e-10  1.9960e-04
  102.200   -3.434    9.510    0.000    170.858  3.7952e-10  1.9228e-04
  102.400   -3.563   10.796    0.000    171.873  3.6325e-10  1.8527e-04
  102.600   -3.625   12.025    0.000    172.933  3.4769e-10  1.7857e-04
  102.800   -3.617   13.187    0.000    174.038  3.3280e-10  1.7215e-04
  103.000   -3.540   14.275    0.000    175.187  3.1857e-10  1.6601e-04
  103.200   -3.393   15.280    0.000    176.381  3.0496e-10  1.6013e-04
  103.400   -3.174   16.196    0.000    177.620  2.9195e-10  1.5450e-04
  103.600   -2.882   17.012    0.000    178.903  2.7951e-10  1.4911e-04
  103.800   -2.517   17.721    0.000    180.231  2.6763e-10  1.4394e-04
  104.000   -2.077   18.315    0.000    181.603  2.5628e-10  1.3900e-04
  104.200   -1.563   18.786    0.000    183.019  2.4543e-10  1.3427e-04
  104.400   -0.972   19.125    0.000    184.479  2.3507e-10  1.2974e-04
  104.600   -0.304   19.325    0.000    185.983  2.2518e-10  1.2539e-04
  104.800    0.442   19.377    0.000    187.531  2.1573e-10  1.2124e-04
  105.000    1.267   19.272    0.000    189.122  2.0670e-10  1.1725e-04
  105.200    2.170   19.006    0.000    190.756  1.9809e-10  1.1343e-04
  105.400    3.147   18.583    0.000    192.434  1.8986e-10  1.0977e-04
  105.600    4.190   18.011    0.000    194.154  1.8201e-10  1.0626e-04
  105.800    5.294   17.297    0.000    195.916  1.7451e-10  1.0290e-04
  106.000    6.451   16.449    0.000    197.720  1.6735e-10  9.9677e-05
  106.200    7.655   15.474    0.000    199.565  1.6052e-10  9.6584e-05
  106.400    8.900   14.380    0.000    201.450  1.5399e-10  9.3618e-05
  106.600   10.179   13.175    0.000    203.375  1.4777e-10  9.0771e-05
  106.800   11.485   11.866    0.000    205.338  1.4182e-10  8.8040e-05
  107.000   12.811   10.460    0.000    207.340  1.3615e-10  8.5418e-05
  107.200   14.152    8.965    0.000    209.378  1.3073e-10  8.2901e-05
  107.400   15.501    7.388    0.000    211.451  1.2556e-10  8.0483e-05
  107.600   16.851    5.738    0.000    213.559  1.2063e-10  7.8161e-05
  107.800   18.195    4.022    0.000    215.699  1.1592e-10  7.5930e-05
  108.000   19.527    2.246    0.000    217.870  1.1142e-10  7.3786e-05
  108.200   20.841    0.420    0.000    220.070  1.0713e-10  7.1725e-05
  108.400   22.129   -1.451    0.000    222.297  1.0303e-10  6.9743e-05
  108.600   23.386   -3.357    0.000    224.549  9.9116e-11  6.7836e-05
  108.800   24.605   -5.293    0.000    226.823  9.5381e-11  6.6002e-05
  109.000   25.779   -7.249    0.000    229.117  9.1816e-11  6.4236e-05
  109.200   26.901   -9.219    0.000    231.428  8.8413e-11  6.2536e-05
  109.400   27.965  -11.195    0.000    233.752  8.5164e-11  6.0899e-05
  109.600   28.965  -13.170    0.000    236.087  8.2062e-11  5.9322e-05
  109.800   29.894  -15.136    0.000    238.428  7.9101e-11  5.7802e-05
  110.000   30.745  -17.085    0.000    240.772  7.6275e-11  5.6336e-05
  110.200   31.513  -19.012    0.000    243.116  7.3577e-11  5.4922e-05
  110.400   32.199  -20.914    0.000    245.457  7.1000e-11  5.3559e-05
  110.600   32.804  -22.792    0.000    247.796  6.8539e-11  5.2242e-05
  110.800   33.331  -24.645    0.000    250.132  6.6186e-11  5.0971e-05
  111.000   33.780  -26.474    0.000    252.463  6.3936e-11  4.9743e-05
  111.200   34.153  -28.279    0.000    254.791  6.1785e-11  4.8557e-05
  111.400   34.453  -30.059    0.000    257.113  5.9726e-11  4.7410e-05
  111.600   34.681  -31.814    0.000    259.430  5.7756e-11  4.6301e-05
  111.800   34.839  -33.543    0.000    261.741  5.5869e-11  4.5229e-05
  112.000   34.928  -35.248    0.000    264.045  5.4061e-11  4.4191e-05
  112.200   34.951  -36.928    0.000    266.343  5.2329e-11  4.3187e-05
  112.400   34.909  -38.582    0.000    268.632  5.0669e-11  4.2214e-05
  112.600   34.804  -40.211    0.000    270.914  4.9076e-11  4.1272e-05
  112.800   34.638  -41.815    0.000    273.188  4.7549e-11  4.0360e-05
  113.000   34.412  -43.392    0.000    275.453  4.6083e-11  3.9475e-05
  113.200   34.128  -44.944    0.000    277.708  4.4675e-11  3.8618e-05
  113.400   33.788  -46.471    0.000    279.955  4.3324e-11  3.7786e-05
  113.600   33.393  -47.971    0.000    282.191  4.2025e-11  3.6980e-05
  113.800   32.946  -49.445    0.000    284.418  4.0777e-11  3.6197e-05
  114.000   32.449  -50.893    0.000    286.634  3.9577e-11  3.5438e-05
  114.200   31.902  -52.314    0.000    288.840  3.8424e-11  3.4700e-05
  114.400   31.308  -53.710    0.000    291.035  3.7313e-11  3.3984e-05
  114.600   30.668  -55.078    0.000    293.220  3.6245e-11  3.3288e-05
  114.800   29.985  -56.420    0.000    295.394  3.5216e-11  3.2613e-05
  115.000   29.259  -57.735    0.000    297.557  3.4226e-11  3.1956e-05
  115.200   28.494  -59.023    0.000    299.709  3.3272e-11  3.1317e-05
  115.400   27.690  -60.285    0.000    301.851  3.2352e-11  3.0696e-05
  115.600   26.849  -61.519    0.000    303.982  3.1465e-11  3.0092e-05
  115.800   25.973  -62.726    0.000    306.103  3.0610e-11  2.9504e-05
  116.000   25.064  -63.905    0.000    308.213  2.9785e-11  2.8932e-05
  116.200   24.123  -65.058    0.000    310.313  2.8989e-11  2.8376e-05
  116.400   23.153  -66.182    0.000    312.404  2.8221e-11  2.7834e-05
  116.600   22.154  -67.279    0.000    314.485  2.7479e-11  2.7306e-05
  116.800   21.130  -68.348    0.000    316.557  2.6762e-11  2.6792e-05
  117.000   20.081  -69.389    0.000    318.621  2.6069e-11  2.6292e-05
  117.200   19.010  -70.403    0.000    320.677  2.5399e-11  2.5804e-05
  117.400   17.917  -71.388    0.000    322.725  2.4752e-11  2.5328e-05
  117.600   16.806  -72.345    0.000    324.766  2.4125e-11  2.4865e-05
  117.800   15.676  -73.273    0.000    326.801  2.3519e-11  2.4413e-05
  118.000   14.531  -74.172    0.000    328.831  2.2933e-11  2.3972e-05
  118.200   13.370  -75.041    0.000    330.855  2.2365e-11  2.3542e-05
  118.400   12.196  -75.880    0.000    332.876  2.1815e-11  2.3123e-05
  118.600   11.009  -76.688    0.000    334.894  2.1282e-11  2.2714e-05
  118.800    9.812  -77.465    0.000    336.910  2.0765e-11  2.2315e-05
  119.000    8.604  -78.209    0.000    338.924  2.0264e-11  2.1926e-05
  119.200    7.388  -78.921    0.000    340.939  1.9779e-11  2.1545e-05
  119.400    6.164  -79.599    0.000    342.955  1.9307e-11  2.1174e-05
  119.600    4.935  -80.244    0.000    344.973  1.8850e-11  2.0812e-05
  119.800    3.700  -80.854    0.000    346.994  1.8406e-11  2.0458e-05
  120.000    2.463  -81.429    0.000    349.021  1.7975e-11  2.0112e-05
  120.200    1.223  -81.968    0.000    351.053  1.7557e-11  1.9774e-05
  120.400   -0.017  -82.471    0.000    353.094  1.7150e-11  1.9444e-05
  120.600   -1.257  -82.938    0.000    355.143  1.6755e-11  1.9122e-05
  120.800   -2.495  -83.367    0.000    357.204  1.6370e-11  1.8807e-05
  121.000   -3.729  -83.758    0.000    359.277  1.5996e-11  1.8499e-05
  121.200   -4.960  -84.110    0.000    361.364  1.5633e-11  1.8199e-05
  121.400   -6.184  -84.424    0.000    363.467  1.5279e-11  1.7905e-05
  121.600   -7.402  -84.698    0.000    365.588  1.4934e-11  1.7617e-05
  121.800   -8.611  -84.931    0.000    367.730  1.4599e-11  1.7336e-05
  122.000   -9.810  -85.123    0.000    369.893  1.4272e-11  1.7061e-05
  122.200  -10.998  -85.275    0.000    372.080  1.3953e-11  1.6793e-05
  122.400  -12.174  -85.384    0.000    374.294  1.3643e-11  1.6530e-05
  122.600  -13.336  -85.450    0.000    376.537  1.3340e-11  1.6273e-05
  122.800  -14.483  -85.473    0.000    378.811  1.3045e-11  1.6022e-05
  123.000  -15.614  -85.453    0.000    381.118  1.2757e-11  1.5776e-05
  123.200  -16.727  -85.388    0.000    383.462  1.2476e-11  1.5536e-05
  123.400  -17.822  -85.278    0.000    385.846  1.2202e-11  1.5301e-05
  123.600  -18.895  -85.123    0.000    386.607  1.1981e-11  1.5065e-05
  123.800  -19.948  -84.921    0.000    388.825  1.1725e-11  1.4839e-05
  124.000  -20.977  -84.673    0.000    391.026  1.1476e-11  1.4618e-05
  124.200  -21.982  -84.378    0.000    393.209  1.1235e-11  1.4402e-05
  124.400  -22.962  -84.035    0.000    395.374  1.1001e-11  1.4190e-05
  124.600  -23.914  -83.643    0.000    397.522  1.0773e-11  1.3982e-05
  124.800  -24.839  -83.202    0.000    399.653  1.0552e-11  1.3779e-05
  125.000  -25.733  -82.712    0.000    401.767  1.0337e-11  1.3580e-05
  125.200  -26.598  -82.172    0.000    403.864  1.0128e-11  1.3385e-05
  125.400  -27.431  -81.583    0.000    405.944  9.9243e-12  1.3194e-05
  125.600  -28.235  -80.947    0.000    408.007  9.7266e-12  1.3007e-05
  125.800  -29.009  -80.265    0.000    410.054  9.5343e-12  1.2823e-05
  126.000  -29.755  -79.539    0.000    412.084  9.3471e-12  1.2643e-05
  126.200  -30.472  -78.769    0.000    414.098  9.1650e-12  1.2466e-05
  126.400  -31.161  -77.957    0.000    416.096  8.9876e-12  1.2293e-05
  126.600  -31.822  -77.105    0.000    418.078  8.8150e-12  1.2123e-05
  126.800  -32.457  -76.213    0.000    420.044  8.6468e-12  1.1957e-05
  127.000  -33.065  -75.284    0.000    421.994  8.4830e-12  1.1794e-05
  127.200  -33.648  -74.319    0.000    423.929  8.3235e-12  1.1633e-05
  127.400  -34.204  -73.319    0.000    425.848  8.1679e-12  1.1476e-05
  127.600  -34.736  -72.286    0.000    427.752  8.0164e-12  1.1322e-05
  127.800  -35.244  -71.220    0.000    429.640  7.8686e-12  1.1170e-05
  128.000  -35.727  -70.123    0.000    431.514  7.7245e-12  1.1021e-05
  128.200  -36.187  -68.997    0.000    433.372  7.5840e-12  1.0875e-05
  128.400  -36.624  -67.844    0.000    435.215  7.4470e-12  1.0732e-05
  128.600  -37.038  -66.663    0.000    437.044  7.3133e-12  1.0591e-05
  128.800  -37.431  -65.458    0.000    438.858  7.1828e-12  1.0453e-05
  129.000  -37.802  -64.228    0.000    440.658  7.0555e-12  1.0317e-05
  129.200  -38.153  -62.976    0.000    442.443  6.9312e-12  1.0183e-05
  129.400  -38.483  -61.703    0.000    444.213  6.8099e-12  1.0052e-05
  129.600  -38.793  -60.411    0.000    445.970  6.6915e-12  9.9235e-06
  129.800  -39.083  -59.100    0.000    447.712  6.5758e-12  9.7969e-06
  130.000  -39.355  -57.772    0.000    449.441  6.4628e-12  9.6725e-06
  130.200  -39.609  -56.428    0.000    451.156  6.3524e-12  9.5502e-06
  130.400  -39.844  -55.071    0.000    452.857  6.2445e-12  9.4300e-06
  130.600  -40.063  -53.700    0.000    454.544  6.1391e-12  9.3119e-06
  130.800  -40.264  -52.319    0.000    456.218  6.0361e-12  9.1957e-06
  131.000  -40.450  -50.927    0.000    457.878  5.9354e-12  9.0815e-06
  131.200  -40.619  -49.527    0.000    459.525  5.8370e-12  8.9692e-06
  131.400  -40.774  -48.119    0.000    461.159  5.7408e-12  8.8587e-06
  131.600  -40.913  -46.706    0.000    462.780  5.6466e-12  8.7501e-06
  131.800  -41.039  -45.288    0.000    464.388  5.5546e-12  8.6432e-06
  132.000  -41.151  -43.867    0.000    465.983  5.4645e-12  8.5381e-06
  132.200  -41.250  -42.444    0.000    467.565  5.3764e-12  8.4347e-06
  132.400  -41.336  -41.021    0.000    469.135  5.2902e-12  8.3329e-06
  132.600  -41.410  -39.598    0.000    470.692  5.2058e-12  8.2328e-06
  132.800  -41.473  -38.179    0.000    472.237  5.1232e-12  8.1343e-06
  133.000  -41.525  -36.763    0.000    473.769  5.0424e-12  8.0373e-06
  133.200  -41.567  -35.352    0.000    475.289  4.9633e-12  7.9419e-06
  133.400  -41.598  -33.947    0.000    476.797  4.8858e-12  7.8480e-06
  133.600  -41.620  -32.551    0.000    478.293  4.8099e-12  7.7555e-06
  133.800  -41.634  -31.164    0.000    479.776  4.7356e-12  7.6645e-06
  134.000  -41.639  -29.787    0.000    481.248  4.6628e-12  7.5749e-06
  134.200  -41.636  -28.423    0.000    482.708  4.5915e-12  7.4866e-06
  134.400  -41.626  -27.072    0.000    484.157  4.5216e-12  7.3997e-06
  134.600  -41.610  -25.735    0.000    485.594  4.4532e-12  7.3142e-06
  134.800  -41.587  -24.415    0.000    487.019  4.3861e-12  7.2299e-06
  135.000  -41.559  -23.113    0.000    488.433  4.3204e-12  7.1469e-06
  135.200  -41.526  -21.829    0.000    489.836  4.2559e-12  7.0652e-06
  135.400  -41.487  -20.564    0.000    491.227  4.1928e-12  6.9846e-06
  135.600  -41.444  -19.317    0.000    492.608  4.1308e-12  6.9053e-06
  135.800  -41.396  -18.089    0.000    493.977  4.0701e-12  6.8272e-06
  136.000  -41.343  -16.879    0.000    495.335  4.0105e-12  6.7502e-06
  136.200  -41.286  -15.687    0.000    496.683  3.9521e-12  6.6743e-06
  136.400  -41.224  -14.513    0.000    498.019  3.8948e-12  6.5995e-06
  136.600  -41.157  -13.356    0.000    499.346  3.8386e-12  6.5258e-06
  136.800  -41.087  -12.217    0.000    500.661  3.7835e-12  6.4532e-06
  137.000  -41.011  -11.095    0.000    501.966  3.7294e-12  6.3817e-06
  137.200  -40.932   -9.990    0.000    503.260  3.6763e-12  6.3111e-06
  137.400  -40.848   -8.903    0.000    504.544  3.6243e-12  6.2416e-06
  137.600  -40.760   -7.831    0.000    505.818  3.5731e-12  6.1731e-06
  137.800  -40.669   -6.777    0.000    507.082  3.5230e-12  6.1055e-06
  138.000  -40.573   -5.739    0.000    508.336  3.4737e-12  6.0389e-06
  138.200  -40.473   -4.717    0.000    509.579  3.4254e-12  5.9732e-06
  138.400  -40.370   -3.711    0.000    510.813  3.3779e-12  5.9085e-06
  138.600  -40.263   -2.721    0.000    512.037  3.3313e-12  5.8446e-06
  138.800  -40.152   -1.746    0.000    513.251  3.2855e-12  5.7816e-06
  139.000  -40.038   -0.787    0.000    514.455  3.2405e-12  5.7195e-06
  139.200  -39.921    0.156    0.000    515.650  3.1964e-12  5.6583e-06
  139.400  -39.800    1.085    0.000    516.835  3.1530e-12  5.5979e-06
  139.600  -39.675    1.999    0.000    518.011  3.1104e-12  5.5383e-06
  139.800  -39.548    2.898    0.000    519.177  3.0685e-12  5.4795e-06
  140.000  -39.417    3.782    0.000    520.334  3.0274e-12  5.4215e-06
  140.200  -39.283    4.652    0.000    521.482  2.9870e-12  5.3643e-06
  140.400  -39.146    5.508    0.000    522.621  2.9473e-12  5.3079e-06
  140.600  -39.007    6.350    0.000    523.750  2.9082e-12  5.2522e-06
  140.800  -38.864    7.178    0.000    524.871  2.8699e-12  5.1973e-06
  141.000  -38.719    7.992    0.000    525.982  2.8322e-12  5.1431e-06
  141.200  -38.571    8.793    0.000    527.085  2.7951e-12  5.0896e-06
  141.400  -38.421    9.581    0.000    528.179  2.7586e-12  5.0368e-06
  141.600  -38.267   10.355    0.000    529.264  2.7228e-12  4.9847e-06
  141.800  -38.112   11.117    0.000    530.341  2.6876e-12  4.9333e-06
  142.000  -37.954   11.866    0.000    531.408  2.6529e-12  4.8826e-06
  142.200  -37.794   12.602    0.000    532.468  2.6189e-12  4.8325e-06
  142.400  -37.631   13.326    0.000    533.519  2.5854e-12  4.7831e-06
  142.600  -37.467   14.037    0.000    534.561  2.5524e-12  4.7343e-06
  142.800  -37.300   14.737    0.000    535.596  2.5200e-12  4.6861e-06
  143.000  -37.131   15.425    0.000    536.622  2.4881e-12  4.6386e-06
  143.200  -36.961   16.101    0.000    537.639  2.4568e-12  4.5916e-06
  143.400  -36.788   16.766    0.000    538.649  2.4259e-12  4.5453e-06
  143.600  -36.614   17.419    0.000    539.651  2.3955e-12  4.4995e-06
  143.800  -36.438   18.061    0.000    540.644  2.3656e-12  4.4543e-06
  144.000  -36.260   18.692    0.000    541.630  2.3362e-12  4.4097e-06
  144.200  -36.081   19.313    0.000    542.608  2.3073e-12  4.3656e-06
  144.400  -35.900   19.923    0.000    543.578  2.2788e-12  4.3221e-06
  144.600  -35.718   20.522    0.000    544.540  2.2508e-12  4.2792e-06
  144.800  -35.535   21.112    0.000    545.495  2.2232e-12  4.2367e-06
  145.000  -35.350   21.691    0.000    546.442  2.1960e-12  4.1948e-06
  145.200  -35.164   22.260    0.000    547.381  2.1693e-12  4.1534e-06
  145.400  -34.977   22.820    0.000    548.313  2.1430e-12  4.1126e-06
  145.600  -34.789   23.370    0.000    549.238  2.1171e-12  4.0722e-06
  145.800  -34.600   23.911    0.000    550.155  2.0915e-12  4.0323e-06
  146.000  -34.410   24.443    0.000    551.065  2.0664e-12  3.9929e-06
  146.200  -34.219   24.966    0.000    551.968  2.0417e-12  3.9540e-06
  146.400  -34.028   25.480    0.000    552.863  2.0173e-12  3.9155e-06
  146.600  -33.836   25.985    0.000    553.752  1.9933e-12  3.8775e-06
  146.800  -33.643   26.483    0.000    554.633  1.9697e-12  3.8400e-06
  147.000  -33.450   26.971    0.000    555.507  1.9464e-12  3.8029e-06
  147.200  -33.256   27.452    0.000    556.374  1.9234e-12  3.7662e-06
  147.400  -33.061   27.925    0.000    557.235  1.9008e-12  3.7300e-06
  147.600  -32.867   28.390    0.000    558.088  1.8786e-12  3.6942e-06
  147.800  -32.672   28.848    0.000    558.935  1.8566e-12  3.6589e-06
  148.000  -32.477   29.298    0.000    559.775  1.8350e-12  3.6240e-06
  148.200  -32.282   29.741    0.000    560.608  1.8137e-12  3.5894e-06
  148.400  -32.087   30.177    0.000    561.435  1.7927e-12  3.5553e-06
  148.600  -31.891   30.607    0.000    562.255  1.7721e-12  3.5216e-06
  148.800  -31.696   31.029    0.000    563.068  1.7517e-12  3.4882e-06
  149.000  -31.501   31.446    0.000    563.875  1.7316e-12  3.4553e-06
  149.200  -31.307   31.856    0.000    564.676  1.7118e-12  3.4227e-06
  149.400  -31.112   32.259    0.000    565.470  1.6923e-12  3.3905e-06
  149.600  -30.918   32.658    0.000    566.258  1.6731e-12  3.3587e-06
  149.800  -30.725   33.050    0.000    567.040  1.6541e-12  3.3273e-06
  150.000  -30.532   33.437    0.000    567.815  1.6354e-12  3.2962e-06
  150.200  -30.339   33.818    0.000    568.584  1.6170e-12  3.2655e-06
  150.400  -30.147   34.194    0.000    569.347  1.5988e-12  3.2351e-06
  150.600  -29.956   34.565    0.000    570.104  1.5809e-12  3.2050e-06
  150.800  -29.765   34.930    0.000    570.855  1.5632e-12  3.1753e-06
  151.000  -29.575   35.290    0.000    571.601  1.5458e-12  3.1460e-06
  151.200  -29.386   35.645    0.000    572.340  1.5286e-12  3.1169e-06
  151.400  -29.197   35.995    0.000    573.073  1.5117e-12  3.0882e-06
  151.600  -29.009   36.340    0.000    573.800  1.4950e-12  3.0598e-06
  151.800  -28.821   36.679    0.000    574.522  1.4785e-12  3.0318e-06
  152.000  -28.634   37.013    0.000    575.238  1.4623e-12  3.0040e-06
  152.200  -28.448   37.343    0.000    575.948  1.4462e-12  2.9766e-06
  152.400  -28.262   37.667    0.000    576.652  1.4304e-12  2.9494e-06
  152.600  -28.077   37.986    0.000    577.351  1.4148e-12  2.9226e-06
  152.800  -27.893   38.300    0.000    578.045  1.3994e-12  2.8960e-06
  153.000  -27.709   38.610    0.000    578.733  1.3842e-12  2.8698e-06
  153.200  -27.526   38.914    0.000    579.415  1.3693e-12  2.8438e-06
  153.400  -27.344   39.213    0.000    580.092  1.3545e-12  2.8181e-06
  153.600  -27.162   39.508    0.000    580.764  1.3399e-12  2.7927e-06
  153.800  -26.981   39.797    0.000    581.430  1.3255e-12  2.7676e-06
  154.000  -26.800   40.082    0.000    582.091  1.3113e-12  2.7428e-06
  154.200  -26.621   40.362    0.000    582.746  1.2973e-12  2.7182e-06
  154.400  -26.442   40.637    0.000    583.397  1.2835e-12  2.6939e-06
  154.600  -26.263   40.908    0.000    584.042  1.2699e-12  2.6698e-06
  154.800  -26.086   41.173    0.000    584.682  1.2564e-12  2.6460e-06
  155.000  -25.909   41.434    0.000    585.317  1.2431e-12  2.6225e-06
  155.200  -25.732   41.691    0.000    585.947  1.2300e-12  2.5992e-06
  155.400  -25.557   41.942    0.000    586.572  1.2170e-12  2.5761e-06
  155.600  -25.382   42.189    0.000    587.193  1.2043e-12  2.5533e-06
  155.800  -25.208   42.432    0.000    587.808  1.1916e-12  2.5308e-06
  156.000  -25.034   42.670    0.000    588.418  1.1792e-12  2.5085e-06
  156.200  -24.862   42.903    0.000    589.023  1.1669e-12  2.4864e-06
  156.400  -24.690   43.132    0.000    589.624  1.1548e-12  2.4645e-06
  156.600  -24.518   43.357    0.000    590.220  1.1428e-12  2.4429e-06
  156.800  -24.348   43.577    0.000    590.811  1.1309e-12  2.4215e-06
  157.000  -24.178   43.792    0.000    591.397  1.1193e-12  2.4004e-06
  157.200  -24.009   44.004    0.000    591.979  1.1077e-12  2.3794e-06
  157.400  -23.841   44.211    0.000    592.556  1.0963e-12  2.3587e-06
  157.600  -23.673   44.413    0.000    593.129  1.0851e-12  2.3382e-06
  157.800  -23.506   44.611    0.000    593.697  1.0740e-12  2.3179e-06
  158.000  -23.340   44.805    0.000    594.260  1.0630e-12  2.2978e-06
  158.200  -23.175   44.995    0.000    594.819  1.0522e-12  2.2779e-06
  158.400  -23.010   45.180    0.000    595.374  1.0415e-12  2.2583e-06
  158.600  -22.846   45.362    0.000    595.924  1.0309e-12  2.2388e-06
  158.800  -22.683   45.539    0.000    596.470  1.0205e-12  2.2195e-06
  159.000  -22.521   45.712    0.000    597.011  1.0102e-12  2.2005e-06
  159.200  -22.360   45.881    0.000    597.548  1.0000e-12  2.1816e-06
  159.400  -22.199   46.046    0.000    598.081  9.8995e-13  2.1629e-06
  159.600  -22.039   46.206    0.000    598.610  9.8001e-13  2.1444e-06
  159.800  -21.880   46.363    0.000    599.134  9.7020e-13  2.1261e-06
  160.000  -21.721   46.516    0.000    599.654  9.6051e-13  2.1080e-06
  160.200  -21.564   46.665    0.000    600.171  9.5070e-13  2.0896e-06
  160.400  -21.407   46.809    0.000    600.683  9.4124e-13  2.0719e-06
  160.600  -21.251   46.950    0.000    601.191  9.3190e-13  2.0543e-06
  160.800  -21.096   47.087    0.000    601.695  9.2266e-13  2.0369e-06
  161.000  -20.942   47.221    0.000    602.195  9.1354e-13  2.0197e-06
  161.200  -20.788   47.350    0.000    602.691  9.0453e-13  2.0026e-06
  161.400  -20.635   47.475    0.000    603.183  8.9563e-13  1.9858e-06
  161.600  -20.483   47.597    0.000    603.671  8.8683e-13  1.9690e-06
  161.800  -20.332   47.715    0.000    604.155  8.7813e-13  1.9525e-06
  162.000  -20.182   47.829    0.000    604.636  8.6954e-13  1.9361e-06
  162.200  -20.033   47.940    0.000    605.112  8.6104e-13  1.9199e-06
  162.400  -19.884   48.047    0.000    605.585  8.5265e-13  1.9039e-06
  162.600  -19.736   48.150    0.000    606.055  8.4436e-13  1.8880e-06
  162.800  -19.589   48.250    0.000    606.520  8.3616e-13  1.8722e-06
  163.000  -19.443   48.346    0.000    606.982  8.2806e-13  1.8566e-06
  163.200  -19.298   48.439    0.000    607.440  8.2005e-13  1.8412e-06
  163.400  -19.153   48.528    0.000    607.894  8.1213e-13  1.8259e-06
  163.600  -19.010   48.613    0.000    608.345  8.0431e-13  1.8108e-06
  163.800  -18.867   48.695    0.000    608.792  7.9658e-13  1.7958e-06
  164.000  -18.725   48.774    0.000    609.236  7.8893e-13  1.7810e-06
  164.200  -18.584   48.849    0.000    609.676  7.8137e-13  1.7663e-06
  164.400  -18.444   48.921    0.000    610.113  7.7390e-13  1.7517e-06
  164.600  -18.305   48.989    0.000    610.546  7.6652e-13  1.7373e-06
  164.800  -18.167   49.054    0.000    610.976  7.5922e-13  1.7230e-06
  165.000  -18.029   49.116    0.000    611.402  7.5200e-13  1.7089e-06
  165.200  -17.892   49.175    0.000    611.825  7.4486e-13  1.6949e-06
  165.400  -17.757   49.230    0.000    612.245  7.3780e-13  1.6810e-06
  165.600  -17.622   49.282    0.000    612.661  7.3083e-13  1.6673e-06
  165.800  -17.488   49.331    0.000    613.074  7.2393e-13  1.6537e-06
  166.000  -17.355   49.377    0.000    613.484  7.1711e-13  1.6402e-06
  166.200  -17.223   49.419    0.000    613.891  7.1037e-13  1.6269e-06
  166.400  -17.091   49.459    0.000    614.294  7.0370e-13  1.6137e-06
  166.600  -16.961   49.495    0.000    614.694  6.9710e-13  1.6006e-06
  166.800  -16.832   49.529    0.000    615.091  6.9058e-13  1.5876e-06
  167.000  -16.703   49.559    0.000    615.485  6.8413e-13  1.5748e-06
  167.200  -16.575   49.586    0.000    615.875  6.7776e-13  1.5621e-06
  167.400  -16.449   49.611    0.000    616.263  6.7145e-13  1.5495e-06
  167.600  -16.323   49.632    0.000    616.648  6.6521e-13  1.5370e-06
  167.800  -16.198   49.650    0.000    617.029  6.5904e-13  1.5246e-06
  168.000  -16.074   49.666    0.000    617.408  6.5294e-13  1.5124e-06
  168.200  -15.951   49.679    0.000    617.783  6.4691e-13  1.5002e-06
  168.400  -15.829   49.689    0.000    618.156  6.4094e-13  1.4882e-06
  168.600  -15.708   49.696    0.000    618.525  6.3504e-13  1.4763e-06
  168.800  -15.588   49.700    0.000    618.892  6.2920e-13  1.4645e-06
  169.000  -15.468   49.702    0.000    619.255  6.2342e-13  1.4528e-06
  169.200  -15.350   49.701    0.000    619.616  6.1771e-13  1.4412e-06
  169.400  -15.233   49.697    0.000    619.974  6.1206e-13  1.4298e-06
  169.600  -15.116   49.690    0.000    620.329  6.0647e-13  1.4184e-06
  169.800  -15.001   49.681    0.000    620.682  6.0094e-13  1.4071e-06
  170.000  -14.886   49.669    0.000    621.031  5.9547e-13  1.3960e-06
  170.200  -14.773   49.655    0.000    621.378  5.9006e-13  1.3849e-06
  170.400  -14.660   49.638    0.000    621.722  5.8470e-13  1.3740e-06
  170.600  -14.549   49.619    0.000    622.063  5.7941e-13  1.3631e-06
  170.800  -14.438   49.597    0.000    622.402  5.7417e-13  1.3524e-06
  171.000  -14.328   49.572    0.000    622.738  5.6898e-13  1.3417e-06
  171.200  -14.220   49.546    0.000    623.071  5.6385e-13  1.3312e-06
  171.400  -14.112   49.516    0.000    623.402  5.5878e-13  1.3207e-06
  171.600  -14.005   49.485    0.000    623.730  5.5375e-13  1.3103e-06
  171.800  -13.900   49.451    0.000    624.055  5.4879e-13  1.3001e-06
  172.000  -13.795   49.414    0.000    624.378  5.4387e-13  1.2899e-06
  172.200  -13.691   49.376    0.000    624.699  5.3900e-13  1.2798e-06
  172.400  -13.588   49.335    0.000    625.016  5.3419e-13  1.2698e-06
  172.600  -13.487   49.292    0.000    625.332  5.2943e-13  1.2599e-06
  172.800  -13.386   49.246    0.000    625.644  5.2471e-13  1.2501e-06
  173.000  -13.286   49.199    0.000    625.955  5.2005e-13  1.2404e-06
  173.200  -13.188   49.149    0.000    626.263  5.1543e-13  1.2307e-06
  173.400  -13.090   49.097    0.000    626.568  5.1086e-13  1.2212e-06
  173.600  -12.993   49.043    0.000    626.871  5.0634e-13  1.2117e-06
  173.800  -12.898   48.987    0.000    627.172  5.0187e-13  1.2023e-06
  174.000  -12.803   48.929    0.000    627.470  4.9744e-13  1.1930e-06
  174.200  -12.710   48.869    0.000    627.766  4.9306e-13  1.1838e-06
  174.400  -12.617   48.807    0.000    628.059  4.8872e-13  1.1747e-06
  174.600  -12.526   48.742    0.000    628.351  4.8443e-13  1.1656e-06
  174.800  -12.435   48.676    0.000    628.639  4.8018e-13  1.1567e-06
  175.000  -12.346   48.608    0.000    628.926  4.7597e-13  1.1478e-06
  175.200  -12.257   48.538    0.000    629.210  4.7181e-13  1.1389e-06
  175.400  -12.170   48.467    0.000    629.493  4.6769e-13  1.1302e-06
  175.600  -12.084   48.393    0.000    629.772  4.6361e-13  1.1216e-06
  175.800  -11.999   48.318    0.000    630.050  4.5958e-13  1.1130e-06
  176.000  -11.915   48.241    0.000    630.326  4.5558e-13  1.1045e-06
  176.200  -11.831   48.162    0.000    630.599  4.5163e-13  1.0960e-06
  176.400  -11.749   48.081    0.000    630.870  4.4771e-13  1.0877e-06
  176.600  -11.669   47.999    0.000    631.139  4.4383e-13  1.0794e-06
  176.800  -11.589   47.915    0.000    631.406  4.4000e-13  1.0712e-06
  177.000  -11.510   47.829    0.000    631.671  4.3620e-13  1.0630e-06
  177.200  -11.432   47.742    0.000    631.934  4.3244e-13  1.0550e-06
  177.400  -11.356   47.653    0.000    632.194  4.2871e-13  1.0470e-06
  177.600  -11.280   47.563    0.000    632.453  4.2503e-13  1.0390e-06
  177.800  -11.206   47.471    0.000    632.709  4.2138e-13  1.0312e-06
  178.000  -11.132   47.377    0.000    632.964  4.1777e-13  1.0234e-06
  178.200  -11.060   47.282    0.000    633.216  4.1419e-13  1.0157e-06
  178.400  -10.989   47.186    0.000    633.467  4.1065e-13  1.0080e-06
  178.600  -10.919   47.088    0.000    633.715  4.0714e-13  1.0004e-06
  178.800  -10.850   46.989    0.000    633.962  4.0367e-13  9.9290e-07
  179.000  -10.782   46.889    0.000    634.207  4.0023e-13  9.8544e-07
  179.200  -10.715   46.787    0.000    634.449  3.9683e-13  9.7804e-07
  179.400  -10.650   46.683    0.000    634.690  3.9346e-13  9.7071e-07
  179.600  -10.585   46.579    0.000    634.929  3.9012e-13  9.6344e-07
  179.800  -10.522   46.473    0.000    635.166  3.8682e-13  9.5623e-07
  180.000  -10.460   46.366    0.000    635.401  3.8355e-13  9.4908e-07
