    9.79838E+02    -5.42557E-15     3.24224E+02     1.00000E+03     3.03755E+00     9.16355E-04
    1.46595E+03    -8.11726E-15     4.89003E+02     1.51328E+03     4.55188E+00     1.38257E-03
    1.98637E+03    -1.09989E-14     6.68302E+02     2.06372E+03     6.17858E+00     1.89077E-03
    2.45830E+03    -1.36120E-14     8.33484E+02     2.56372E+03     7.65874E+00     2.36016E-03
    2.92946E+03    -1.62208E-14     1.00086E+03     3.06372E+03     9.14136E+00     2.83730E-03
    3.39983E+03    -1.88253E-14     1.17041E+03     3.56372E+03     1.06264E+01     3.32254E-03
    3.86942E+03    -2.14254E-14     1.34213E+03     4.06372E+03     1.21140E+01     3.81622E-03
    4.33822E+03    -2.40211E-14     1.51601E+03     4.56372E+03     1.36040E+01     4.31873E-03
    4.80621E+03    -2.66123E-14     1.69203E+03     5.06372E+03     1.50966E+01     4.83046E-03
    5.27340E+03    -2.91991E-14     1.87018E+03     5.56372E+03     1.65918E+01     5.35182E-03
    5.73977E+03    -3.17815E-14     2.05045E+03     6.06372E+03     1.80896E+01     5.88324E-03
    6.20532E+03    -3.43592E-14     2.23282E+03     6.56372E+03     1.95900E+01     6.42515E-03
    6.67005E+03    -3.69324E-14     2.41730E+03     7.06372E+03     2.10931E+01     6.97797E-03
    7.13395E+03    -3.95009E-14     2.60385E+03     7.56372E+03     2.25989E+01     7.54217E-03
    7.59701E+03    -4.20648E-14     2.79246E+03     8.06372E+03     2.41074E+01     8.11824E-03
    8.05923E+03    -4.46240E-14     2.98314E+03     8.56372E+03     2.56186E+01     8.70668E-03
    8.52060E+03    -4.71785E-14     3.17585E+03     9.06372E+03     2.71326E+01     9.30801E-03
    8.98112E+03    -4.97283E-14     3.37058E+03     9.56372E+03     2.86495E+01     9.92274E-03
    9.44079E+03    -5.22734E-14     3.56732E+03     1.00637E+04     3.01692E+01     1.05514E-02
    9.89960E+03    -5.48137E-14     3.76606E+03     1.05637E+04     3.16917E+01     1.11946E-02
    1.03576E+04    -5.73490E-14     3.96676E+03     1.10637E+04     3.32170E+01     1.18529E-02
    1.08146E+04    -5.98796E-14     4.16943E+03     1.15637E+04     3.47451E+01     1.25268E-02
    1.12708E+04    -6.24054E-14     4.37407E+03     1.20637E+04     3.62763E+01     1.32171E-02
    1.17262E+04    -6.49265E-14     4.58065E+03     1.25637E+04     3.78104E+01     1.39244E-02
    1.21806E+04    -6.74427E-14     4.78914E+03     1.30637E+04     3.93475E+01     1.46494E-02
    1.26342E+04    -6.99539E-14     4.99951E+03     1.35637E+04     4.08875E+01     1.53926E-02
    1.30869E+04    -7.24600E-14     5.21177E+03     1.40637E+04     4.24305E+01     1.61548E-02
    1.35388E+04    -7.49614E-14     5.42589E+03     1.45637E+04     4.39764E+01     1.69369E-02
    1.39897E+04    -7.74579E-14     5.64187E+03     1.50637E+04     4.55255E+01     1.77394E-02
    1.44398E+04    -7.99495E-14     5.85968E+03     1.55637E+04     4.70776E+01     1.85633E-02
    1.48890E+04    -8.24361E-14     6.07930E+03     1.60637E+04     4.86327E+01     1.94092E-02
    1.53373E+04    -8.49177E-14     6.30070E+03     1.65637E+04     5.01908E+01     2.02780E-02
    1.57847E+04    -8.73943E-14     6.52389E+03     1.70637E+04     5.17519E+01     2.11705E-02
    1.62313E+04    -8.98661E-14     6.74883E+03     1.75637E+04     5.33162E+01     2.20878E-02
    1.66769E+04    -9.23330E-14     6.97552E+03     1.80637E+04     5.48837E+01     2.30307E-02
    1.71217E+04    -9.47949E-14     7.20393E+03     1.85637E+04     5.64542E+01     2.40001E-02
    1.75656E+04    -9.72519E-14     7.43404E+03     1.90637E+04     5.80278E+01     2.49970E-02
    1.80086E+04    -9.97039E-14     7.66582E+03     1.95637E+04     5.96045E+01     2.60222E-02
    1.84508E+04    -1.02151E-13     7.89926E+03     2.00637E+04     6.11842E+01     2.70770E-02
    1.88921E+04    -1.04593E-13     8.13434E+03     2.05637E+04     6.27671E+01     2.81623E-02
    1.93325E+04    -1.07030E-13     8.37103E+03     2.10637E+04     6.43531E+01     2.92792E-02
    1.97721E+04    -1.09463E-13     8.60933E+03     2.15637E+04     6.59422E+01     3.04289E-02
    2.02108E+04    -1.11891E-13     8.84921E+03     2.20637E+04     6.75345E+01     3.16125E-02
    2.06486E+04    -1.14313E-13     9.09065E+03     2.25637E+04     6.91299E+01     3.28313E-02
    2.10856E+04    -1.16731E-13     9.33362E+03     2.30637E+04     7.07284E+01     3.40864E-02
    2.15218E+04    -1.19144E-13     9.57809E+03     2.35637E+04     7.23300E+01     3.53789E-02
    2.19571E+04    -1.21552E-13     9.82404E+03     2.40637E+04     7.39346E+01     3.67101E-02
    2.23916E+04    -1.23955E-13     1.00715E+04     2.45637E+04     7.55423E+01     3.80816E-02
    2.28253E+04    -1.26353E-13     1.03204E+04     2.50637E+04     7.71530E+01     3.94946E-02
    2.32581E+04    -1.28747E-13     1.05707E+04     2.55637E+04     7.87668E+01     4.09506E-02
    2.36901E+04    -1.31136E-13     1.08223E+04     2.60637E+04     8.03835E+01     4.24509E-02
    2.41214E+04    -1.33521E-13     1.10754E+04     2.65637E+04     8.20033E+01     4.39970E-02
    2.45518E+04    -1.35900E-13     1.13298E+04     2.70637E+04     8.36261E+01     4.55904E-02
    2.49815E+04    -1.38275E-13     1.15855E+04     2.75637E+04     8.52520E+01     4.72327E-02
    2.54104E+04    -1.40645E-13     1.18425E+04     2.80637E+04     8.68807E+01     4.89254E-02
    2.58385E+04    -1.43010E-13     1.21009E+04     2.85637E+04     8.85123E+01     5.06701E-02
    2.62658E+04    -1.45371E-13     1.23604E+04     2.90637E+04     9.01466E+01     5.24685E-02
    2.66924E+04    -1.47727E-13     1.26212E+04     2.95637E+04     9.17839E+01     5.43224E-02
    2.71183E+04    -1.50079E-13     1.28832E+04     3.00637E+04     9.34241E+01     5.62336E-02
    2.75434E+04    -1.52426E-13     1.31464E+04     3.05637E+04     9.50672E+01     5.82038E-02
    2.79679E+04    -1.54768E-13     1.34107E+04     3.10637E+04     9.67131E+01     6.02349E-02
    2.83916E+04    -1.57106E-13     1.36761E+04     3.15637E+04     9.83616E+01     6.23288E-02
    2.88146E+04    -1.59439E-13     1.39427E+04     3.20637E+04     1.00013E+02     6.44871E-02
    2.92370E+04    -1.61768E-13     1.42103E+04     3.25637E+04     1.01666E+02     6.67120E-02
    2.96586E+04    -1.64093E-13     1.44790E+04     3.30637E+04     1.03323E+02     6.90054E-02
    3.00797E+04    -1.66412E-13     1.47487E+04     3.35637E+04     1.04982E+02     7.13693E-02
    3.05000E+04    -1.68727E-13     1.50194E+04     3.40637E+04     1.06643E+02     7.38059E-02
    3.09198E+04    -1.71037E-13     1.52910E+04     3.45637E+04     1.08307E+02     7.63173E-02
    3.13390E+04    -1.73344E-13     1.55636E+04     3.50637E+04     1.09973E+02     7.89057E-02
    3.17575E+04    -1.75646E-13     1.58371E+04     3.55637E+04     1.11642E+02     8.15734E-02
    3.21755E+04    -1.77943E-13     1.61115E+04     3.60637E+04     1.13313E+02     8.43226E-02
    3.25929E+04    -1.80235E-13     1.63868E+04     3.65637E+04     1.14987E+02     8.71556E-02
    3.30098E+04    -1.82523E-13     1.66629E+04     3.70637E+04     1.16663E+02     9.00745E-02
    3.34261E+04    -1.84806E-13     1.69398E+04     3.75637E+04     1.18340E+02     9.30819E-02
    3.38419E+04    -1.87085E-13     1.72175E+04     3.80637E+04     1.20020E+02     9.61802E-02
    3.42571E+04    -1.89358E-13     1.74960E+04     3.85637E+04     1.21702E+02     9.93719E-02
    3.46719E+04    -1.91626E-13     1.77752E+04     3.90637E+04     1.23385E+02     1.02660E-01
    3.50862E+04    -1.93890E-13     1.80551E+04     3.95637E+04     1.25071E+02     1.06046E-01
    3.55001E+04    -1.96149E-13     1.83357E+04     4.00637E+04     1.26758E+02     1.09533E-01
    3.59135E+04    -1.98403E-13     1.86169E+04     4.05637E+04     1.28448E+02     1.13123E-01
    3.63265E+04    -2.00651E-13     1.88987E+04     4.10637E+04     1.30139E+02     1.16820E-01
    3.67391E+04    -2.02894E-13     1.91812E+04     4.15637E+04     1.31831E+02     1.20626E-01
    3.71513E+04    -2.05132E-13     1.94642E+04     4.20637E+04     1.33525E+02     1.24545E-01
    3.75631E+04    -2.07365E-13     1.97478E+04     4.25637E+04     1.35221E+02     1.28577E-01
    3.79746E+04    -2.09591E-13     2.00318E+04     4.30637E+04     1.36918E+02     1.32728E-01
    3.83857E+04    -2.11812E-13     2.03164E+04     4.35637E+04     1.38617E+02     1.36998E-01
    3.87965E+04    -2.14026E-13     2.06015E+04     4.40637E+04     1.40317E+02     1.41392E-01
    3.92069E+04    -2.16234E-13     2.08870E+04     4.45637E+04     1.42017E+02     1.45912E-01
    3.96171E+04    -2.18436E-13     2.11729E+04     4.50637E+04     1.43719E+02     1.50562E-01
    4.00270E+04    -2.20630E-13     2.14592E+04     4.55637E+04     1.45423E+02     1.55344E-01
    4.04367E+04    -2.22818E-13     2.17458E+04     4.60637E+04     1.47127E+02     1.60261E-01
    4.08461E+04    -2.24998E-13     2.20328E+04     4.65637E+04     1.48832E+02     1.65316E-01
    4.12553E+04    -2.27170E-13     2.23202E+04     4.70637E+04     1.50538E+02     1.70514E-01
    4.16643E+04    -2.29334E-13     2.26079E+04     4.75637E+04     1.52245E+02     1.75856E-01
    4.20730E+04    -2.31490E-13     2.28958E+04     4.80637E+04     1.53952E+02     1.81346E-01
    4.24816E+04    -2.33638E-13     2.31840E+04     4.85637E+04     1.55660E+02     1.86988E-01
    4.28901E+04    -2.35776E-13     2.34724E+04     4.90637E+04     1.57369E+02     1.92784E-01
    4.32984E+04    -2.37904E-13     2.37610E+04     4.95637E+04     1.59079E+02     1.98739E-01
    4.37065E+04    -2.40021E-13     2.40498E+04     5.00637E+04     1.60788E+02     2.04854E-01
    4.41146E+04    -2.42129E-13     2.43388E+04     5.05637E+04     1.62498E+02     2.11135E-01
    4.45225E+04    -2.44225E-13     2.46279E+04     5.10637E+04     1.64208E+02     2.17585E-01
    4.49304E+04    -2.46309E-13     2.49171E+04     5.15637E+04     1.65919E+02     2.24207E-01
    4.53381E+04    -2.48382E-13     2.52065E+04     5.20637E+04     1.67630E+02     2.31004E-01
    4.57458E+04    -2.50441E-13     2.54959E+04     5.25637E+04     1.69341E+02     2.37980E-01
    4.61535E+04    -2.52487E-13     2.57854E+04     5.30637E+04     1.71052E+02     2.45138E-01
    4.65611E+04    -2.54518E-13     2.60750E+04     5.35637E+04     1.72762E+02     2.52484E-01
    4.69687E+04    -2.56534E-13     2.63645E+04     5.40637E+04     1.74473E+02     2.60021E-01
    4.73763E+04    -2.58534E-13     2.66541E+04     5.45637E+04     1.76184E+02     2.67752E-01
    4.77839E+04    -2.60517E-13     2.69438E+04     5.50637E+04     1.77895E+02     2.75682E-01
    4.81915E+04    -2.62483E-13     2.72334E+04     5.55637E+04     1.79606E+02     2.83813E-01
    4.85990E+04    -2.64430E-13     2.75230E+04     5.60637E+04     1.81316E+02     2.92150E-01
    4.90067E+04    -2.66358E-13     2.78126E+04     5.65637E+04     1.83025E+02     3.00698E-01
    4.94143E+04    -2.68266E-13     2.81021E+04     5.70637E+04     1.84735E+02     3.09460E-01
    4.98220E+04    -2.70152E-13     2.83916E+04     5.75637E+04     1.86444E+02     3.18440E-01
    5.02297E+04    -2.72015E-13     2.86810E+04     5.80637E+04     1.88152E+02     3.27643E-01
    5.06375E+04    -2.73855E-13     2.89703E+04     5.85637E+04     1.89860E+02     3.37075E-01
    5.10454E+04    -2.75671E-13     2.92595E+04     5.90637E+04     1.91568E+02     3.46738E-01
    5.14533E+04    -2.77460E-13     2.95487E+04     5.95637E+04     1.93275E+02     3.56638E-01
    5.18613E+04    -2.79222E-13     2.98377E+04     6.00637E+04     1.94981E+02     3.66779E-01
    5.22694E+04    -2.80955E-13     3.01266E+04     6.05637E+04     1.96686E+02     3.77165E-01
    5.26775E+04    -2.82659E-13     3.04154E+04     6.10637E+04     1.98391E+02     3.87803E-01
    5.30857E+04    -2.84332E-13     3.07041E+04     6.15637E+04     2.00095E+02     3.98696E-01
    5.34941E+04    -2.85972E-13     3.09927E+04     6.20637E+04     2.01798E+02     4.09850E-01
    5.39024E+04    -2.87577E-13     3.12812E+04     6.25637E+04     2.03501E+02     4.21271E-01
    5.43109E+04    -2.89147E-13     3.15696E+04     6.30637E+04     2.05203E+02     4.32963E-01
    5.47195E+04    -2.90680E-13     3.18578E+04     6.35637E+04     2.06904E+02     4.44933E-01
    5.51281E+04    -2.92174E-13     3.21459E+04     6.40637E+04     2.08605E+02     4.57186E-01
    5.55369E+04    -2.93628E-13     3.24339E+04     6.45637E+04     2.10305E+02     4.69728E-01
    5.59457E+04    -2.95039E-13     3.27217E+04     6.50637E+04     2.12004E+02     4.82564E-01
    5.63546E+04    -2.96406E-13     3.30095E+04     6.55637E+04     2.13701E+02     4.95701E-01
    5.67636E+04    -2.97728E-13     3.32971E+04     6.60637E+04     2.15398E+02     5.09145E-01
    5.71726E+04    -2.99002E-13     3.35846E+04     6.65637E+04     2.17094E+02     5.22903E-01
    5.75818E+04    -3.00227E-13     3.38721E+04     6.70637E+04     2.18789E+02     5.36982E-01
    5.79909E+04    -3.01400E-13     3.41594E+04     6.75637E+04     2.20484E+02     5.51389E-01
    5.84002E+04    -3.02519E-13     3.44467E+04     6.80637E+04     2.22178E+02     5.66130E-01
    5.88095E+04    -3.03583E-13     3.47339E+04     6.85637E+04     2.23871E+02     5.81213E-01
    5.92188E+04    -3.04590E-13     3.50211E+04     6.90637E+04     2.25562E+02     5.96646E-01
    5.96281E+04    -3.05537E-13     3.53082E+04     6.95637E+04     2.27253E+02     6.12436E-01
    6.00375E+04    -3.06422E-13     3.55952E+04     7.00637E+04     2.28944E+02     6.28592E-01
    6.04469E+04    -3.07244E-13     3.58823E+04     7.05637E+04     2.30634E+02     6.45123E-01
    6.08563E+04    -3.07999E-13     3.61693E+04     7.10637E+04     2.32323E+02     6.62037E-01
    6.12657E+04    -3.08686E-13     3.64564E+04     7.15637E+04     2.34011E+02     6.79344E-01
    6.16751E+04    -3.09302E-13     3.67435E+04     7.20637E+04     2.35699E+02     6.97051E-01
    6.20844E+04    -3.09845E-13     3.70306E+04     7.25637E+04     2.37386E+02     7.15168E-01
    6.24937E+04    -3.10312E-13     3.73178E+04     7.30637E+04     2.39073E+02     7.33705E-01
    6.29029E+04    -3.10702E-13     3.76051E+04     7.35637E+04     2.40758E+02     7.52673E-01
    6.33121E+04    -3.11012E-13     3.78925E+04     7.40637E+04     2.42444E+02     7.72083E-01
    6.37212E+04    -3.11238E-13     3.81800E+04     7.45637E+04     2.44128E+02     7.91946E-01
    6.41301E+04    -3.11380E-13     3.84676E+04     7.50637E+04     2.45812E+02     8.12272E-01
    6.45390E+04    -3.11434E-13     3.87554E+04     7.55637E+04     2.47495E+02     8.33072E-01
    6.49477E+04    -3.11397E-13     3.90435E+04     7.60637E+04     2.49178E+02     8.54358E-01
    6.53562E+04    -3.11268E-13     3.93317E+04     7.65637E+04     2.50861E+02     8.76142E-01
    6.57646E+04    -3.11044E-13     3.96202E+04     7.70637E+04     2.52543E+02     8.98439E-01
    6.61728E+04    -3.10722E-13     3.99089E+04     7.75637E+04     2.54225E+02     9.21262E-01
    6.65808E+04    -3.10300E-13     4.01980E+04     7.80637E+04     2.55907E+02     9.44626E-01
    6.69886E+04    -3.09774E-13     4.04873E+04     7.85637E+04     2.57588E+02     9.68542E-01
    6.73961E+04    -3.09143E-13     4.07770E+04     7.90637E+04     2.59270E+02     9.93026E-01
    6.78034E+04    -3.08404E-13     4.10671E+04     7.95637E+04     2.60950E+02     1.01809E+00
    6.82104E+04    -3.07553E-13     4.13575E+04     8.00637E+04     2.62631E+02     1.04376E+00
    6.86171E+04    -3.06590E-13     4.16484E+04     8.05637E+04     2.64312E+02     1.07003E+00
    6.90234E+04    -3.05511E-13     4.19397E+04     8.10637E+04     2.65993E+02     1.09694E+00
    6.94295E+04    -3.04314E-13     4.22315E+04     8.15637E+04     2.67674E+02     1.12450E+00
    6.98351E+04    -3.02995E-13     4.25237E+04     8.20637E+04     2.69354E+02     1.15272E+00
    7.02404E+04    -3.01553E-13     4.28166E+04     8.25637E+04     2.71035E+02     1.18163E+00
    7.06453E+04    -2.99985E-13     4.31100E+04     8.30637E+04     2.72716E+02     1.21123E+00
    7.10497E+04    -2.98289E-13     4.34040E+04     8.35637E+04     2.74397E+02     1.24156E+00
    7.14537E+04    -2.96463E-13     4.36986E+04     8.40637E+04     2.76079E+02     1.27262E+00
    7.18572E+04    -2.94504E-13     4.39938E+04     8.45637E+04     2.77761E+02     1.30445E+00
    7.22603E+04    -2.92409E-13     4.42897E+04     8.50637E+04     2.79443E+02     1.33705E+00
    7.26628E+04    -2.90177E-13     4.45863E+04     8.55637E+04     2.81125E+02     1.37045E+00
    7.30648E+04    -2.87806E-13     4.48836E+04     8.60637E+04     2.82808E+02     1.40469E+00
    7.34662E+04    -2.85293E-13     4.51817E+04     8.65637E+04     2.84492E+02     1.43977E+00
    7.38671E+04    -2.82637E-13     4.54806E+04     8.70637E+04     2.86176E+02     1.47572E+00
    7.42674E+04    -2.79836E-13     4.57802E+04     8.75637E+04     2.87860E+02     1.51255E+00
    7.46670E+04    -2.76888E-13     4.60807E+04     8.80637E+04     2.89544E+02     1.55030E+00
    7.50661E+04    -2.73791E-13     4.63819E+04     8.85637E+04     2.91230E+02     1.58900E+00
    7.54645E+04    -2.70543E-13     4.66841E+04     8.90637E+04     2.92917E+02     1.62867E+00
    7.58622E+04    -2.67145E-13     4.69871E+04     8.95637E+04     2.94604E+02     1.66933E+00
    7.62592E+04    -2.63594E-13     4.72910E+04     9.00637E+04     2.96292E+02     1.71102E+00
    7.66556E+04    -2.59890E-13     4.75958E+04     9.05637E+04     2.97980E+02     1.75375E+00
    7.70512E+04    -2.56031E-13     4.79016E+04     9.10637E+04     2.99670E+02     1.79756E+00
    7.74461E+04    -2.52016E-13     4.82083E+04     9.15637E+04     3.01360E+02     1.84247E+00
    7.78402E+04    -2.47846E-13     4.85159E+04     9.20637E+04     3.03051E+02     1.88852E+00
    7.82336E+04    -2.43520E-13     4.88245E+04     9.25637E+04     3.04742E+02     1.93573E+00
    7.86263E+04    -2.39038E-13     4.91341E+04     9.30637E+04     3.06435E+02     1.98415E+00
    7.90181E+04    -2.34400E-13     4.94446E+04     9.35637E+04     3.08128E+02     2.03379E+00
    7.94092E+04    -2.29607E-13     4.97562E+04     9.40637E+04     3.09823E+02     2.08470E+00
    7.97995E+04    -2.24658E-13     5.00687E+04     9.45637E+04     3.11518E+02     2.13691E+00
    8.01890E+04    -2.19554E-13     5.03822E+04     9.50637E+04     3.13215E+02     2.19045E+00
    8.05777E+04    -2.14298E-13     5.06967E+04     9.55637E+04     3.14912E+02     2.24535E+00
    8.09656E+04    -2.08889E-13     5.10122E+04     9.60637E+04     3.16611E+02     2.30166E+00
    8.13527E+04    -2.03330E-13     5.13287E+04     9.65637E+04     3.18311E+02     2.35941E+00
    8.17389E+04    -1.97622E-13     5.16462E+04     9.70637E+04     3.20011E+02     2.41864E+00
    8.21244E+04    -1.91767E-13     5.19647E+04     9.75637E+04     3.21712E+02     2.47939E+00
    8.25091E+04    -1.85768E-13     5.22841E+04     9.80637E+04     3.23415E+02     2.54170E+00
    8.28929E+04    -1.79628E-13     5.26045E+04     9.85637E+04     3.25118E+02     2.60562E+00
    8.32746E+04    -1.73373E-13     5.29246E+04     9.90619E+04     3.26817E+02     2.67093E+00
    8.36559E+04    -1.66979E-13     5.32459E+04     9.95605E+04     3.28517E+02     2.73797E+00
    8.40323E+04    -1.60527E-13     5.35646E+04     1.00054E+05     3.30200E+02     2.80597E+00
    8.44014E+04    -1.54064E-13     5.38786E+04     1.00538E+05     3.31855E+02     2.87448E+00
    8.47727E+04    -1.47436E-13     5.41958E+04     1.01027E+05     3.33524E+02     2.94524E+00
    8.51395E+04    -1.40762E-13     5.45106E+04     1.01510E+05     3.35176E+02     3.01704E+00
    8.55675E+04    -1.32826E-13     5.48795E+04     1.02075E+05     3.37109E+02     3.10324E+00
    8.59167E+04    -1.26235E-13     5.51818E+04     1.02537E+05     3.38689E+02     3.17558E+00
    8.62685E+04    -1.19495E-13     5.54874E+04     1.03003E+05     3.40284E+02     3.25032E+00
    8.66820E+04    -1.11449E-13     5.58482E+04     1.03552E+05     3.42164E+02     3.34063E+00
    8.70873E+04    -1.03440E-13     5.62031E+04     1.04090E+05     3.44011E+02     3.43181E+00
    8.74148E+04    -9.68860E-14     5.64909E+04     1.04526E+05     3.45506E+02     3.50746E+00
    8.78092E+04    -8.89014E-14     5.68386E+04     1.05052E+05     3.47310E+02     3.60096E+00
    8.81993E+04    -8.09137E-14     5.71835E+04     1.05573E+05     3.49097E+02     3.69609E+00
    8.85224E+04    -7.42367E-14     5.74700E+04     1.06005E+05     3.50579E+02     3.77691E+00
    8.89006E+04    -6.63527E-14     5.78062E+04     1.06511E+05     3.52317E+02     3.87396E+00
    8.92702E+04    -5.85877E-14     5.81356E+04     1.07006E+05     3.54018E+02     3.97139E+00
    8.96992E+04    -4.95078E-14     5.85189E+04     1.07581E+05     3.55996E+02     4.08779E+00
    9.00606E+04    -4.18138E-14     5.88424E+04     1.08066E+05     3.57664E+02     4.18865E+00
    9.04192E+04    -3.41444E-14     5.91639E+04     1.08548E+05     3.59321E+02     4.29135E+00
    9.07739E+04    -2.65317E-14     5.94825E+04     1.09025E+05     3.60961E+02     4.39558E+00
    9.11805E+04    -1.77847E-14     5.98481E+04     1.09571E+05     3.62843E+02     4.51833E+00
    9.15259E+04    -1.03414E-14     6.01591E+04     1.10036E+05     3.64443E+02     4.62548E+00
    9.19220E+04    -1.80241E-15     6.05160E+04     1.10569E+05     3.66280E+02     4.75166E+00
    9.22576E+04     5.42769E-15     6.08186E+04     1.11021E+05     3.67837E+02     4.86140E+00
    9.26442E+04     1.37412E-14     6.11673E+04     1.11542E+05     3.69630E+02     4.99111E+00
    9.30260E+04     2.19284E-14     6.15118E+04     1.12056E+05     3.71403E+02     5.12278E+00
    9.34032E+04     2.99854E-14     6.18522E+04     1.12564E+05     3.73155E+02     5.25645E+00
    9.37760E+04     3.79093E-14     6.21885E+04     1.13066E+05     3.74886E+02     5.39216E+00
    9.41446E+04     4.56972E-14     6.25209E+04     1.13563E+05     3.76598E+02     5.52996E+00
    9.45091E+04     5.33463E-14     6.28495E+04     1.14053E+05     3.78291E+02     5.66987E+00
    9.48695E+04     6.08514E-14     6.31742E+04     1.14538E+05     3.79965E+02     5.81188E+00
    9.52259E+04     6.82075E-14     6.34949E+04     1.15018E+05     3.81620E+02     5.95595E+00
    9.56290E+04     7.64440E-14     6.38574E+04     1.15560E+05     3.83491E+02     6.12347E+00
    9.59773E+04     8.34807E-14     6.41701E+04     1.16028E+05     3.85108E+02     6.27220E+00
    9.63704E+04     9.13274E-14     6.45227E+04     1.16556E+05     3.86931E+02     6.44465E+00
    9.67111E+04     9.80419E-14     6.48279E+04     1.17013E+05     3.88511E+02     6.59819E+00
    9.70951E+04     1.05508E-13     6.51714E+04     1.17529E+05     3.90292E+02     6.77592E+00
    9.74749E+04     1.12779E-13     6.55105E+04     1.18038E+05     3.92052E+02     6.95670E+00
    9.78510E+04     1.19861E-13     6.58457E+04     1.18542E+05     3.93793E+02     7.14078E+00
    9.82238E+04     1.26764E-13     6.61775E+04     1.19041E+05     3.95519E+02     7.32847E+00
    9.85939E+04     1.33493E-13     6.65062E+04     1.19536E+05     3.97231E+02     7.52004E+00
    9.89603E+04     1.40030E-13     6.68311E+04     1.20025E+05     3.98926E+02     7.71502E+00
    9.93213E+04     1.46350E-13     6.71507E+04     1.20508E+05     4.00595E+02     7.91261E+00
    9.97213E+04     1.53203E-13     6.75041E+04     1.21041E+05     4.02444E+02     8.13797E+00
    1.00074E+05     1.59115E-13     6.78151E+04     1.21512E+05     4.04073E+02     8.34255E+00
    1.00468E+05     1.65573E-13     6.81622E+04     1.22037E+05     4.05893E+02     8.57800E+00
    1.00859E+05     1.71820E-13     6.85058E+04     1.22557E+05     4.07698E+02     8.81890E+00
    1.01201E+05     1.77145E-13     6.88055E+04     1.23012E+05     4.09274E+02     9.03553E+00
    1.01580E+05     1.82910E-13     6.91376E+04     1.23516E+05     4.11024E+02     9.28304E+00
    1.01957E+05     1.88492E-13     6.94674E+04     1.24017E+05     4.12765E+02     9.53691E+00
    1.02332E+05     1.93882E-13     6.97945E+04     1.24514E+05     4.14493E+02     9.79691E+00
    1.02699E+05     1.99009E-13     7.01141E+04     1.25001E+05     4.16185E+02     1.00593E+01
    1.03103E+05     2.04484E-13     7.04658E+04     1.25536E+05     4.18049E+02     1.03577E+01
    1.03464E+05     2.09236E-13     7.07805E+04     1.26016E+05     4.19719E+02     1.06339E+01
    1.03857E+05     2.14231E-13     7.11219E+04     1.26536E+05     4.21534E+02     1.09435E+01
    1.04208E+05     2.18555E-13     7.14270E+04     1.27002E+05     4.23158E+02     1.12296E+01
    1.04596E+05     2.23155E-13     7.17626E+04     1.27514E+05     4.24947E+02     1.15547E+01
    1.04975E+05     2.27496E-13     7.20909E+04     1.28015E+05     4.26699E+02     1.18839E+01
    1.05353E+05     2.31676E-13     7.24188E+04     1.28516E+05     4.28452E+02     1.22242E+01
    1.05722E+05     2.35604E-13     7.27389E+04     1.29004E+05     4.30165E+02     1.25677E+01
    1.06127E+05     2.39739E-13     7.30898E+04     1.29540E+05     4.32046E+02     1.29579E+01
    1.06486E+05     2.43256E-13     7.34012E+04     1.30016E+05     4.33716E+02     1.33165E+01
    1.06880E+05     2.46950E-13     7.37425E+04     1.30537E+05     4.35549E+02     1.37234E+01
    1.07264E+05     2.50393E-13     7.40758E+04     1.31046E+05     4.37341E+02     1.41354E+01
    1.07613E+05     2.53378E-13     7.43781E+04     1.31507E+05     4.38968E+02     1.45221E+01
    1.07986E+05     2.56439E-13     7.47029E+04     1.32002E+05     4.40718E+02     1.49518E+01
    1.08390E+05     2.59581E-13     7.50543E+04     1.32537E+05     4.42614E+02     1.54342E+01
    1.08756E+05     2.62277E-13     7.53725E+04     1.33022E+05     4.44332E+02     1.58872E+01
    1.09145E+05     2.64999E-13     7.57123E+04     1.33539E+05     4.46168E+02     1.63887E+01
    1.09499E+05     2.67339E-13     7.60215E+04     1.34009E+05     4.47841E+02     1.68616E+01
    1.09878E+05     2.69710E-13     7.63541E+04     1.34513E+05     4.49642E+02     1.73885E+01
    1.10249E+05     2.71893E-13     7.66804E+04     1.35007E+05     4.51409E+02     1.79245E+01
    1.10646E+05     2.74075E-13     7.70298E+04     1.35536E+05     4.53303E+02     1.85203E+01
    1.11007E+05     2.75927E-13     7.73484E+04     1.36017E+05     4.55031E+02     1.90842E+01
    1.11391E+05     2.77762E-13     7.76883E+04     1.36530E+05     4.56877E+02     1.97082E+01
    1.11767E+05     2.79427E-13     7.80227E+04     1.37034E+05     4.58693E+02     2.03456E+01
    1.12137E+05     2.80934E-13     7.83518E+04     1.37529E+05     4.60483E+02     2.09966E+01
    1.12499E+05     2.82292E-13     7.86758E+04     1.38015E+05     4.62245E+02     2.16610E+01
    1.12883E+05     2.83601E-13     7.90199E+04     1.38530E+05     4.64118E+02     2.23939E+01
    1.13259E+05     2.84760E-13     7.93587E+04     1.39036E+05     4.65963E+02     2.31435E+01
    1.13628E+05     2.85777E-13     7.96919E+04     1.39533E+05     4.67779E+02     2.39090E+01
    1.13989E+05     2.86662E-13     8.00199E+04     1.40021E+05     4.69567E+02     2.46908E+01
    1.14344E+05     2.87425E-13     8.03428E+04     1.40501E+05     4.71329E+02     2.54894E+01
    1.14715E+05     2.88116E-13     8.06831E+04     1.41004E+05     4.73186E+02     2.63626E+01
    1.15103E+05     2.88718E-13     8.10395E+04     1.41531E+05     4.75132E+02     2.73137E+01
    1.15459E+05     2.89168E-13     8.13691E+04     1.42016E+05     4.76933E+02     2.82273E+01
    1.15832E+05     2.89535E-13     8.17150E+04     1.42525E+05     4.78824E+02     2.92232E+01
    1.16195E+05     2.89792E-13     8.20537E+04     1.43021E+05     4.80677E+02     3.02366E+01
    1.16551E+05     2.89950E-13     8.23878E+04     1.43510E+05     4.82505E+02     3.12743E+01
    1.16921E+05     2.90018E-13     8.27362E+04     1.44018E+05     4.84412E+02     3.23982E+01
    1.17283E+05     2.89992E-13     8.30786E+04     1.44516E+05     4.86289E+02     3.35463E+01
    1.17636E+05     2.89879E-13     8.34148E+04     1.45004E+05     4.88132E+02     3.47165E+01
    1.18003E+05     2.89675E-13     8.37650E+04     1.45511E+05     4.90053E+02     3.59826E+01
    1.18360E+05     2.89392E-13     8.41081E+04     1.46006E+05     4.91936E+02     3.72714E+01
    1.18729E+05     2.89014E-13     8.44644E+04     1.46519E+05     4.93892E+02     3.86620E+01
    1.19090E+05     2.88565E-13     8.48142E+04     1.47021E+05     4.95813E+02     4.00809E+01
    1.19442E+05     2.88051E-13     8.51575E+04     1.47514E+05     4.97701E+02     4.15274E+01
    1.19805E+05     2.87446E-13     8.55120E+04     1.48021E+05     4.99652E+02     4.30789E+01
    1.20159E+05     2.86784E-13     8.58603E+04     1.48517E+05     5.01569E+02     4.46614E+01
    1.20505E+05     2.86071E-13     8.62023E+04     1.49004E+05     5.03453E+02     4.62744E+01
    1.20861E+05     2.85273E-13     8.65546E+04     1.49504E+05     5.05395E+02     4.79987E+01
    1.21225E+05     2.84390E-13     8.69165E+04     1.50018E+05     5.07392E+02     4.98388E+01
    1.21581E+05     2.83462E-13     8.72722E+04     1.50521E+05     5.09355E+02     5.17168E+01
    1.21929E+05     2.82498E-13     8.76211E+04     1.51014E+05     5.11282E+02     5.36276E+01
    1.22285E+05     2.81453E-13     8.79793E+04     1.51519E+05     5.13262E+02     5.56636E+01
    1.22634E+05     2.80377E-13     8.83311E+04     1.52014E+05     5.15208E+02     5.77373E+01
    1.22975E+05     2.79273E-13     8.86763E+04     1.52500E+05     5.17118E+02     5.98461E+01
    1.23339E+05     2.78047E-13     8.90446E+04     1.53018E+05     5.19158E+02     6.21791E+01
    1.23681E+05     2.76846E-13     8.93921E+04     1.53505E+05     5.21083E+02     6.44610E+01
    1.24031E+05     2.75574E-13     8.97478E+04     1.54004E+05     5.23055E+02     6.68796E+01
    1.24387E+05     2.74233E-13     9.01110E+04     1.54513E+05     5.25069E+02     6.94382E+01
    1.24736E+05     2.72876E-13     9.04676E+04     1.55012E+05     5.27048E+02     7.20404E+01
    1.25080E+05     2.71506E-13     9.08181E+04     1.55503E+05     5.28994E+02     7.46859E+01
    1.25430E+05     2.70070E-13     9.11759E+04     1.56003E+05     5.30981E+02     7.74789E+01
    1.25787E+05     2.68571E-13     9.15405E+04     1.56513E+05     5.33007E+02     8.04239E+01
    1.26137E+05     2.67064E-13     9.18987E+04     1.57015E+05     5.34999E+02     8.34169E+01
    1.26483E+05     2.65550E-13     9.22506E+04     1.57508E+05     5.36956E+02     8.64537E+01
    1.26835E+05     2.63978E-13     9.26089E+04     1.58010E+05     5.38950E+02     8.96468E+01
    1.27182E+05     2.62402E-13     9.29611E+04     1.58504E+05     5.40910E+02     9.28867E+01
    1.27535E+05     2.60769E-13     9.33194E+04     1.59008E+05     5.42904E+02     9.62872E+01
    1.27883E+05     2.59135E-13     9.36716E+04     1.59503E+05     5.44865E+02     9.97336E+01
    1.28238E+05     2.57446E-13     9.40294E+04     1.60007E+05     5.46858E+02     1.03342E+02
    1.28588E+05     2.55758E-13     9.43811E+04     1.60503E+05     5.48818E+02     1.06996E+02
    1.28945E+05     2.54018E-13     9.47381E+04     1.61008E+05     5.50807E+02     1.10815E+02
    1.29297E+05     2.52281E-13     9.50888E+04     1.61505E+05     5.52762E+02     1.14677E+02
    1.29655E+05     2.50493E-13     9.54442E+04     1.62009E+05     5.54743E+02     1.18701E+02
    1.30010E+05     2.48711E-13     9.57935E+04     1.62507E+05     5.56691E+02     1.22766E+02
    1.30372E+05     2.46878E-13     9.61475E+04     1.63013E+05     5.58666E+02     1.26997E+02
    1.30730E+05     2.45048E-13     9.64959E+04     1.63513E+05     5.60611E+02     1.31273E+02
    1.31085E+05     2.43221E-13     9.68390E+04     1.64007E+05     5.62526E+02     1.35591E+02
    1.31448E+05     2.41342E-13     9.71867E+04     1.64509E+05     5.64468E+02     1.40079E+02
    1.31808E+05     2.39466E-13     9.75291E+04     1.65006E+05     5.66381E+02     1.44606E+02
    1.32176E+05     2.37538E-13     9.78761E+04     1.65512E+05     5.68321E+02     1.49304E+02
    1.32542E+05     2.35611E-13     9.82183E+04     1.66013E+05     5.70236E+02     1.54044E+02
    1.32906E+05     2.33685E-13     9.85558E+04     1.66509E+05     5.72125E+02     1.58823E+02
    1.33268E+05     2.31759E-13     9.88886E+04     1.67001E+05     5.73990E+02     1.63637E+02
    1.33639E+05     2.29781E-13     9.92257E+04     1.67502E+05     5.75881E+02     1.68617E+02
    1.34018E+05     2.27750E-13     9.95670E+04     1.68013E+05     5.77798E+02     1.73763E+02
    1.34387E+05     2.25772E-13     9.98948E+04     1.68506E+05     5.79641E+02     1.78801E+02
    1.34765E+05     2.23739E-13     1.00227E+05     1.69009E+05     5.81511E+02     1.84002E+02
    1.35142E+05     2.21705E-13     1.00555E+05     1.69509E+05     5.83360E+02     1.89227E+02
    1.35518E+05     2.19668E-13     1.00878E+05     1.70005E+05     5.85187E+02     1.94476E+02
    1.35904E+05     2.17575E-13     1.01206E+05     1.70511E+05     5.87043E+02     1.99880E+02
    1.36280E+05     2.15533E-13     1.01521E+05     1.71001E+05     5.88830E+02     2.05159E+02
    1.36665E+05     2.13434E-13     1.01840E+05     1.71502E+05     5.90645E+02     2.10587E+02
    1.37051E+05     2.11331E-13     1.02155E+05     1.72000E+05     5.92441E+02     2.16020E+02
    1.37447E+05     2.09170E-13     1.02474E+05     1.72508E+05     5.94264E+02     2.21596E+02
    1.37833E+05     2.07058E-13     1.02781E+05     1.73002E+05     5.96024E+02     2.27030E+02
    1.38230E+05     2.04888E-13     1.03091E+05     1.73506E+05     5.97812E+02     2.32596E+02
    1.38627E+05     2.02712E-13     1.03398E+05     1.74008E+05     5.99582E+02     2.38151E+02
    1.39025E+05     2.00530E-13     1.03701E+05     1.74508E+05     6.01336E+02     2.43690E+02
    1.39424E+05     1.98342E-13     1.03999E+05     1.75006E+05     6.03075E+02     2.49209E+02
    1.39824E+05     1.96146E-13     1.04294E+05     1.75502E+05     6.04799E+02     2.54705E+02
    1.40234E+05     1.93888E-13     1.04592E+05     1.76010E+05     6.06552E+02     2.60309E+02
    1.40636E+05     1.91677E-13     1.04880E+05     1.76503E+05     6.08248E+02     2.65742E+02
    1.41048E+05     1.89404E-13     1.05170E+05     1.77008E+05     6.09972E+02     2.71269E+02
    1.41462E+05     1.87126E-13     1.05456E+05     1.77511E+05     6.11681E+02     2.76747E+02
    1.41867E+05     1.84895E-13     1.05731E+05     1.78001E+05     6.13336E+02     2.82039E+02
    1.42284E+05     1.82600E-13     1.06010E+05     1.78502E+05     6.15019E+02     2.87408E+02
    1.42701E+05     1.80296E-13     1.06284E+05     1.79001E+05     6.16691E+02     2.92716E+02
    1.43120E+05     1.77984E-13     1.06555E+05     1.79500E+05     6.18350E+02     2.97955E+02
    1.43550E+05     1.75609E-13     1.06829E+05     1.80010E+05     6.20038E+02     3.03247E+02
    1.43972E+05     1.73282E-13     1.07092E+05     1.80507E+05     6.21673E+02     3.08332E+02
    1.44395E+05     1.70947E-13     1.07350E+05     1.81003E+05     6.23297E+02     3.13333E+02
    1.44830E+05     1.68546E-13     1.07611E+05     1.81510E+05     6.24950E+02     3.18365E+02
    1.45256E+05     1.66194E-13     1.07863E+05     1.82005E+05     6.26553E+02     3.23183E+02
    1.45694E+05     1.63776E-13     1.08116E+05     1.82510E+05     6.28186E+02     3.28021E+02
    1.46122E+05     1.61406E-13     1.08359E+05     1.83003E+05     6.29770E+02     3.32640E+02
    1.46563E+05     1.58970E-13     1.08605E+05     1.83508E+05     6.31383E+02     3.37262E+02
    1.47005E+05     1.56526E-13     1.08846E+05     1.84011E+05     6.32986E+02     3.41765E+02
    1.47438E+05     1.54133E-13     1.09077E+05     1.84502E+05     6.34541E+02     3.46044E+02
    1.47883E+05     1.51673E-13     1.09310E+05     1.85004E+05     6.36125E+02     3.50301E+02
    1.48329E+05     1.49206E-13     1.09539E+05     1.85506E+05     6.37701E+02     3.54428E+02
    1.48777E+05     1.46729E-13     1.09764E+05     1.86007E+05     6.39268E+02     3.58421E+02
    1.49226E+05     1.44244E-13     1.09985E+05     1.86507E+05     6.40826E+02     3.62275E+02
    1.49676E+05     1.41753E-13     1.10202E+05     1.87007E+05     6.42376E+02     3.65986E+02
    1.50128E+05     1.39255E-13     1.10414E+05     1.87506E+05     6.43918E+02     3.69548E+02
    1.50580E+05     1.36751E-13     1.10623E+05     1.88004E+05     6.45452E+02     3.72959E+02
    1.51034E+05     1.34241E-13     1.10827E+05     1.88502E+05     6.46977E+02     3.76217E+02
    1.51500E+05     1.31663E-13     1.11032E+05     1.89011E+05     6.48530E+02     3.79390E+02
    1.51956E+05     1.29139E-13     1.11229E+05     1.89508E+05     6.50040E+02     3.82326E+02
    1.52413E+05     1.26608E-13     1.11421E+05     1.90003E+05     6.51543E+02     3.85099E+02
    1.52882E+05     1.24011E-13     1.11613E+05     1.90510E+05     6.53074E+02     3.87765E+02
    1.53341E+05     1.21471E-13     1.11796E+05     1.91005E+05     6.54561E+02     3.90196E+02
    1.53812E+05     1.18866E-13     1.11979E+05     1.91510E+05     6.56076E+02     3.92507E+02
    1.54273E+05     1.16317E-13     1.12154E+05     1.92003E+05     6.57549E+02     3.94588E+02
    1.54745E+05     1.13704E-13     1.12330E+05     1.92506E+05     6.59049E+02     3.96537E+02
    1.55218E+05     1.11086E-13     1.12500E+05     1.93009E+05     6.60542E+02     3.98300E+02
    1.55692E+05     1.08465E-13     1.12667E+05     1.93511E+05     6.62028E+02     3.99875E+02
    1.56155E+05     1.05902E-13     1.12825E+05     1.94000E+05     6.63472E+02     4.01229E+02
    1.56629E+05     1.03275E-13     1.12982E+05     1.94500E+05     6.64944E+02     4.02427E+02
    1.57115E+05     1.00585E-13     1.13138E+05     1.95011E+05     6.66444E+02     4.03453E+02
    1.57590E+05     9.79544E-14     1.13287E+05     1.95508E+05     6.67901E+02     4.04260E+02
    1.58065E+05     9.53231E-14     1.13431E+05     1.96005E+05     6.69352E+02     4.04871E+02
    1.58541E+05     9.26921E-14     1.13571E+05     1.96500E+05     6.70795E+02     4.05286E+02
    1.59027E+05     9.00008E-14     1.13709E+05     1.97006E+05     6.72264E+02     4.05508E+02
    1.59513E+05     8.73110E-14     1.13843E+05     1.97510E+05     6.73724E+02     4.05526E+02
    1.59988E+05     8.46838E-14     1.13970E+05     1.98002E+05     6.75145E+02     4.05346E+02
    1.60473E+05     8.19970E-14     1.14095E+05     1.98503E+05     6.76590E+02     4.04960E+02
    1.60958E+05     7.93124E-14     1.14215E+05     1.99002E+05     6.78028E+02     4.04369E+02
    1.61442E+05     7.66307E-14     1.14331E+05     1.99501E+05     6.79459E+02     4.03575E+02
    1.61937E+05     7.38922E-14     1.14446E+05     2.00008E+05     6.80915E+02     4.02554E+02
    1.62420E+05     7.12196E-14     1.14553E+05     2.00502E+05     6.82330E+02     4.01353E+02
    1.62912E+05     6.84926E-14     1.14657E+05     2.01006E+05     6.83768E+02     3.99916E+02
    1.63404E+05     6.57720E-14     1.14757E+05     2.01508E+05     6.85199E+02     3.98270E+02
    1.63894E+05     6.30575E-14     1.14852E+05     2.02007E+05     6.86621E+02     3.96417E+02
    1.64383E+05     6.03498E-14     1.14943E+05     2.02504E+05     6.88035E+02     3.94359E+02
    1.64881E+05     5.75917E-14     1.15032E+05     2.03010E+05     6.89470E+02     3.92047E+02
    1.65366E+05     5.49055E-14     1.15114E+05     2.03502E+05     6.90864E+02     3.89586E+02
    1.65860E+05     5.21720E-14     1.15193E+05     2.04002E+05     6.92279E+02     3.86867E+02
    1.66363E+05     4.93908E-14     1.15269E+05     2.04511E+05     6.93715E+02     3.83878E+02
    1.66852E+05     4.66801E-14     1.15338E+05     2.05005E+05     6.95111E+02     3.80749E+02
    1.67350E+05     4.39237E-14     1.15405E+05     2.05507E+05     6.96527E+02     3.77349E+02
    1.67845E+05     4.11824E-14     1.15467E+05     2.06006E+05     6.97932E+02     3.73751E+02
    1.68337E+05     3.84579E-14     1.15525E+05     2.06501E+05     6.99326E+02     3.69956E+02
    1.68836E+05     3.56950E-14     1.15579E+05     2.07003E+05     7.00737E+02     3.65881E+02
    1.69331E+05     3.29530E-14     1.15629E+05     2.07501E+05     7.02134E+02     3.61610E+02
    1.69834E+05     3.01749E-14     1.15674E+05     2.08005E+05     7.03547E+02     3.57059E+02
    1.70332E+05     2.74176E-14     1.15716E+05     2.08505E+05     7.04949E+02     3.52324E+02
    1.70825E+05     2.46828E-14     1.15752E+05     2.09000E+05     7.06337E+02     3.47406E+02
    1.71324E+05     2.19178E-14     1.15785E+05     2.09500E+05     7.07738E+02     3.42193E+02
    1.71828E+05     1.91266E-14     1.15815E+05     2.10005E+05     7.09152E+02     3.36674E+02
    1.72327E+05     1.63665E-14     1.15839E+05     2.10504E+05     7.10548E+02     3.30962E+02
    1.72829E+05     1.35857E-14     1.15859E+05     2.11007E+05     7.11954E+02     3.24951E+02
    1.73325E+05     1.08400E-14     1.15875E+05     2.11504E+05     7.13341E+02     3.18763E+02
    1.73825E+05     8.07862E-15     1.15887E+05     2.12003E+05     7.14735E+02     3.12285E+02
    1.74326E+05     5.30468E-15     1.15895E+05     2.12504E+05     7.16135E+02     3.05521E+02
    1.74828E+05     2.52162E-15     1.15899E+05     2.13007E+05     7.17540E+02     2.98468E+02
    1.75323E+05    -2.17332E-16     1.15898E+05     2.13501E+05     7.18922E+02     2.91258E+02
    1.75826E+05    -3.00599E-15     1.15893E+05     2.14004E+05     7.20330E+02     2.83634E+02
    1.76328E+05    -5.78724E-15     1.15884E+05     2.14506E+05     7.21734E+02     2.75732E+02
    1.76828E+05    -8.55542E-15     1.15871E+05     2.15007E+05     7.23131E+02     2.67552E+02
    1.77326E+05    -1.13072E-14     1.15854E+05     2.15504E+05     7.24522E+02     2.59090E+02
    1.77827E+05    -1.40828E-14     1.15832E+05     2.16006E+05     7.25925E+02     2.50193E+02
    1.78323E+05    -1.68289E-14     1.15806E+05     2.16503E+05     7.27314E+02     2.41006E+02
    1.78819E+05    -1.95785E-14     1.15777E+05     2.17000E+05     7.28707E+02     2.31385E+02
    1.79322E+05    -2.23601E-14     1.15742E+05     2.17504E+05     7.30117E+02     2.21185E+02
    1.79820E+05    -2.51195E-14     1.15703E+05     2.18004E+05     7.31518E+02     2.10556E+02
    1.80319E+05    -2.78817E-14     1.15661E+05     2.18504E+05     7.32922E+02     1.99352E+02
    1.80815E+05    -3.06270E-14     1.15614E+05     2.19002E+05     7.34320E+02     1.87576E+02
    1.81315E+05    -3.33993E-14     1.15563E+05     2.19505E+05     7.35734E+02     1.74917E+02
    1.81809E+05    -3.61308E-14     1.15508E+05     2.20002E+05     7.37129E+02     1.61533E+02
    1.82304E+05    -3.88746E-14     1.15449E+05     2.20501E+05     7.38534E+02     1.46948E+02
    1.82801E+05    -4.16226E-14     1.15386E+05     2.21002E+05     7.39943E+02     1.30840E+02
    1.83295E+05    -4.43567E-14     1.15319E+05     2.21500E+05     7.41349E+02     1.12713E+02
    1.83790E+05    -4.70950E-14     1.15247E+05     2.22000E+05     7.42760E+02     9.12516E+01
    1.84285E+05    -4.98411E-14     1.15170E+05     2.22502E+05     7.44179E+02     6.31473E+01
    1.84778E+05    -5.25702E-14     1.15089E+05     2.23001E+05     7.45592E+02     1.63826E+01
    1.85271E+05    -5.52997E-14     1.15005E+05     2.23501E+05     7.47010E+02     6.68012E+01
    1.85765E+05    -5.80310E-14     1.14916E+05     2.24003E+05     7.48434E+02     9.26855E+01
    1.86254E+05    -6.07372E-14     1.14824E+05     2.24500E+05     7.49848E+02     1.12282E+02
    1.86746E+05    -6.34624E-14     1.14727E+05     2.25002E+05     7.51277E+02     1.28733E+02
    1.87238E+05    -6.61867E-14     1.14626E+05     2.25504E+05     7.52711E+02     1.43003E+02
    1.87723E+05    -6.88716E-14     1.14521E+05     2.26000E+05     7.54128E+02     1.55504E+02
    1.88215E+05    -7.15950E-14     1.14411E+05     2.26505E+05     7.55572E+02     1.66945E+02
    1.88701E+05    -7.42883E-14     1.14298E+05     2.27004E+05     7.57005E+02     1.77252E+02
    1.89188E+05    -7.69816E-14     1.14180E+05     2.27504E+05     7.58444E+02     1.86711E+02
    1.89675E+05    -7.96806E-14     1.14058E+05     2.28007E+05     7.59892E+02     1.95450E+02
    1.90157E+05    -8.23478E-14     1.13932E+05     2.28504E+05     7.61329E+02     2.03441E+02
    1.90637E+05    -8.50082E-14     1.13803E+05     2.29002E+05     7.62769E+02     2.10834E+02
    1.91124E+05    -8.77012E-14     1.13667E+05     2.29507E+05     7.64234E+02     2.17780E+02
    1.91601E+05    -9.03439E-14     1.13530E+05     2.30004E+05     7.65678E+02     2.24111E+02
    1.92078E+05    -9.29819E-14     1.13389E+05     2.30501E+05     7.67127E+02     2.29982E+02
    1.92564E+05    -9.56737E-14     1.13240E+05     2.31009E+05     7.68614E+02     2.35538E+02
    1.93045E+05    -9.83354E-14     1.13088E+05     2.31514E+05     7.70091E+02     2.40622E+02
    1.93517E+05    -1.00950E-13     1.12934E+05     2.32010E+05     7.71550E+02     2.45240E+02
    1.93993E+05    -1.03586E-13     1.12775E+05     2.32513E+05     7.73030E+02     2.49532E+02
    1.94457E+05    -1.06150E-13     1.12615E+05     2.33003E+05     7.74478E+02     2.53369E+02
    1.94937E+05    -1.08806E-13     1.12445E+05     2.33512E+05     7.75986E+02     2.57005E+02
    1.95400E+05    -1.11371E-13     1.12276E+05     2.34005E+05     7.77452E+02     2.60199E+02
    1.95879E+05    -1.14023E-13     1.12098E+05     2.34516E+05     7.78977E+02     2.63180E+02
    1.96338E+05    -1.16563E-13     1.11922E+05     2.35008E+05     7.80448E+02     2.65741E+02
    1.96811E+05    -1.19181E-13     1.11737E+05     2.35516E+05     7.81974E+02     2.68081E+02
    1.97279E+05    -1.21771E-13     1.11548E+05     2.36020E+05     7.83494E+02     2.70106E+02
    1.97741E+05    -1.24326E-13     1.11357E+05     2.36520E+05     7.85004E+02     2.71826E+02
    1.98196E+05    -1.26841E-13     1.11165E+05     2.37014E+05     7.86501E+02     2.73253E+02
    1.98662E+05    -1.29423E-13     1.10963E+05     2.37522E+05     7.88050E+02     2.74450E+02
    1.99099E+05    -1.31841E-13     1.10769E+05     2.38000E+05     7.89511E+02     2.75328E+02
    1.99568E+05    -1.34436E-13     1.10556E+05     2.38515E+05     7.91091E+02     2.76012E+02
    2.00027E+05    -1.36973E-13     1.10343E+05     2.39021E+05     7.92649E+02     2.76427E+02
    2.00474E+05    -1.39445E-13     1.10131E+05     2.39515E+05     7.94178E+02     2.76594E+02
    2.00931E+05    -1.41973E-13     1.09909E+05     2.40024E+05     7.95755E+02     2.76524E+02
    2.01375E+05    -1.44428E-13     1.09689E+05     2.40519E+05     7.97300E+02     2.76227E+02
    2.01804E+05    -1.46805E-13     1.09472E+05     2.41001E+05     7.98808E+02     2.75727E+02
    2.02267E+05    -1.49368E-13     1.09233E+05     2.41522E+05     8.00449E+02     2.74957E+02
    2.02691E+05    -1.51708E-13     1.09010E+05     2.42000E+05     8.01960E+02     2.74050E+02
    2.03148E+05    -1.54232E-13     1.08764E+05     2.42519E+05     8.03606E+02     2.72853E+02
    2.03588E+05    -1.56666E-13     1.08522E+05     2.43022E+05     8.05207E+02     2.71490E+02
    2.04011E+05    -1.59002E-13     1.08285E+05     2.43506E+05     8.06758E+02     2.69990E+02
    2.04441E+05    -1.61384E-13     1.08039E+05     2.44002E+05     8.08355E+02     2.68273E+02
    2.04880E+05    -1.63810E-13     1.07784E+05     2.44509E+05     8.09997E+02     2.66331E+02
    2.05327E+05    -1.66280E-13     1.07519E+05     2.45030E+05     8.11687E+02     2.64158E+02
    2.05755E+05    -1.68638E-13     1.07260E+05     2.45529E+05     8.13317E+02     2.61900E+02
    2.06161E+05    -1.70879E-13     1.07010E+05     2.46006E+05     8.14881E+02     2.59595E+02
    2.06603E+05    -1.73324E-13     1.06732E+05     2.46528E+05     8.16605E+02     2.56906E+02
    2.07024E+05    -1.75646E-13     1.06463E+05     2.47028E+05     8.18260E+02     2.54187E+02
    2.07422E+05    -1.77838E-13     1.06205E+05     2.47502E+05     8.19839E+02     2.51478E+02
    2.07857E+05    -1.80240E-13     1.05917E+05     2.48024E+05     8.21588E+02     2.48353E+02
    2.08269E+05    -1.82511E-13     1.05640E+05     2.48521E+05     8.23260E+02     2.45254E+02
    2.08689E+05    -1.84821E-13     1.05353E+05     2.49029E+05     8.24980E+02     2.41961E+02
    2.09082E+05    -1.86989E-13     1.05079E+05     2.49508E+05     8.26613E+02     2.38746E+02
    2.09516E+05    -1.89378E-13     1.04772E+05     2.50040E+05     8.28432E+02     2.35070E+02
    2.09924E+05    -1.91622E-13     1.04479E+05     2.50542E+05     8.30161E+02     2.31493E+02
    2.10304E+05    -1.93712E-13     1.04201E+05     2.51013E+05     8.31790E+02     2.28057E+02
    2.10727E+05    -1.96032E-13     1.03888E+05     2.51538E+05     8.33619E+02     2.24135E+02
    2.11121E+05    -1.98193E-13     1.03591E+05     2.52032E+05     8.35344E+02     2.20381E+02
    2.11521E+05    -2.00391E-13     1.03285E+05     2.52537E+05     8.37118E+02     2.16471E+02
    2.11892E+05    -2.02421E-13     1.02997E+05     2.53006E+05     8.38777E+02     2.12778E+02
    2.12308E+05    -2.04694E-13     1.02670E+05     2.53535E+05     8.40656E+02     2.08559E+02
    2.12692E+05    -2.06798E-13     1.02363E+05     2.54027E+05     8.42417E+02     2.04581E+02
    2.13084E+05    -2.08937E-13     1.02046E+05     2.54531E+05     8.44230E+02     2.00468E+02
    2.13484E+05    -2.11112E-13     1.01718E+05     2.55048E+05     8.46096E+02     1.96221E+02
    2.13851E+05    -2.13104E-13     1.01414E+05     2.55524E+05     8.47826E+02     1.92279E+02
    2.14224E+05    -2.15131E-13     1.01099E+05     2.56012E+05     8.49607E+02     1.88224E+02
    2.14604E+05    -2.17192E-13     1.00775E+05     2.56512E+05     8.51442E+02     1.84056E+02
    2.14992E+05    -2.19291E-13     1.00440E+05     2.57025E+05     8.53333E+02     1.79774E+02
    2.15389E+05    -2.21429E-13     1.00094E+05     2.57551E+05     8.55285E+02     1.75379E+02
    2.15749E+05    -2.23364E-13     9.97756E+04     2.58032E+05     8.57074E+02     1.71375E+02
    2.16116E+05    -2.25335E-13     9.94475E+04     2.58524E+05     8.58918E+02     1.67279E+02
    2.16492E+05    -2.27343E-13     9.91085E+04     2.59030E+05     8.60821E+02     1.63091E+02
    2.16876E+05    -2.29389E-13     9.87581E+04     2.59550E+05     8.62786E+02     1.58811E+02
    2.17220E+05    -2.31212E-13     9.84415E+04     2.60017E+05     8.64560E+02     1.54992E+02
    2.17622E+05    -2.33335E-13     9.80676E+04     2.60567E+05     8.66653E+02     1.50541E+02
    2.17983E+05    -2.35231E-13     9.77288E+04     2.61061E+05     8.68548E+02     1.46569E+02
    2.18352E+05    -2.37164E-13     9.73786E+04     2.61571E+05     8.70505E+02     1.42527E+02
    2.18677E+05    -2.38852E-13     9.70688E+04     2.62019E+05     8.72236E+02     1.39006E+02
    2.19065E+05    -2.40860E-13     9.66953E+04     2.62558E+05     8.74322E+02     1.34834E+02
    2.19407E+05    -2.42615E-13     9.63641E+04     2.63034E+05     8.76171E+02     1.31201E+02
    2.19758E+05    -2.44403E-13     9.60219E+04     2.63525E+05     8.78081E+02     1.27515E+02
    2.20119E+05    -2.46227E-13     9.56678E+04     2.64030E+05     8.80056E+02     1.23777E+02
    2.20490E+05    -2.48089E-13     9.53010E+04     2.64552E+05     8.82101E+02     1.19986E+02
    2.20809E+05    -2.49669E-13     9.49850E+04     2.65000E+05     8.83862E+02     1.16788E+02
    2.21202E+05    -2.51602E-13     9.45924E+04     2.65556E+05     8.86050E+02     1.12903E+02
    2.21541E+05    -2.53245E-13     9.42535E+04     2.66035E+05     8.87938E+02     1.09627E+02
    2.21889E+05    -2.54917E-13     9.39030E+04     2.66530E+05     8.89891E+02     1.06317E+02
    2.22241E+05    -2.56583E-13     9.35479E+04     2.67030E+05     8.91869E+02     1.03044E+02
    2.22593E+05    -2.58224E-13     9.31922E+04     2.67530E+05     8.93849E+02     9.98477E+01
    2.22944E+05    -2.59837E-13     9.28360E+04     2.68030E+05     8.95832E+02     9.67283E+01
    2.23294E+05    -2.61422E-13     9.24793E+04     2.68530E+05     8.97817E+02     9.36866E+01
    2.23644E+05    -2.62977E-13     9.21223E+04     2.69030E+05     8.99803E+02     9.07240E+01
    2.23994E+05    -2.64500E-13     9.17651E+04     2.69530E+05     9.01788E+02     8.78417E+01
    2.24344E+05    -2.65991E-13     9.14080E+04     2.70030E+05     9.03773E+02     8.50399E+01
    2.24694E+05    -2.67447E-13     9.10509E+04     2.70530E+05     9.05758E+02     8.23176E+01
    2.25044E+05    -2.68867E-13     9.06937E+04     2.71030E+05     9.07742E+02     7.96743E+01
    2.25394E+05    -2.70250E-13     9.03366E+04     2.71530E+05     9.09724E+02     7.71094E+01
    2.25744E+05    -2.71594E-13     8.99796E+04     2.72030E+05     9.11705E+02     7.46227E+01
    2.26094E+05    -2.72897E-13     8.96228E+04     2.72530E+05     9.13684E+02     7.22132E+01
    2.26444E+05    -2.74157E-13     8.92662E+04     2.73030E+05     9.15660E+02     6.98799E+01
    2.26795E+05    -2.75372E-13     8.89100E+04     2.73530E+05     9.17633E+02     6.76216E+01
    2.27147E+05    -2.76539E-13     8.85542E+04     2.74030E+05     9.19603E+02     6.54373E+01
    2.27498E+05    -2.77658E-13     8.81988E+04     2.74530E+05     9.21570E+02     6.33256E+01
    2.27851E+05    -2.78725E-13     8.78438E+04     2.75030E+05     9.23532E+02     6.12853E+01
    2.28203E+05    -2.79739E-13     8.74895E+04     2.75530E+05     9.25490E+02     5.93150E+01
    2.28557E+05    -2.80696E-13     8.71358E+04     2.76030E+05     9.27443E+02     5.74131E+01
    2.28911E+05    -2.81595E-13     8.67827E+04     2.76530E+05     9.29392E+02     5.55778E+01
    2.29265E+05    -2.82433E-13     8.64303E+04     2.77030E+05     9.31335E+02     5.38073E+01
    2.29621E+05    -2.83207E-13     8.60786E+04     2.77530E+05     9.33274E+02     5.20998E+01
    2.29977E+05    -2.83915E-13     8.57275E+04     2.78030E+05     9.35207E+02     5.04537E+01
    2.30334E+05    -2.84555E-13     8.53773E+04     2.78530E+05     9.37135E+02     4.88673E+01
    2.30691E+05    -2.85123E-13     8.50279E+04     2.79030E+05     9.39057E+02     4.73392E+01
    2.31050E+05    -2.85618E-13     8.46794E+04     2.79530E+05     9.40972E+02     4.58676E+01
    2.31409E+05    -2.86035E-13     8.43319E+04     2.80030E+05     9.42882E+02     4.44507E+01
    2.31770E+05    -2.86373E-13     8.39852E+04     2.80530E+05     9.44785E+02     4.30861E+01
    2.32131E+05    -2.86629E-13     8.36393E+04     2.81030E+05     9.46683E+02     4.17716E+01
    2.32492E+05    -2.86800E-13     8.32941E+04     2.81530E+05     9.48576E+02     4.05057E+01
    2.32855E+05    -2.86883E-13     8.29497E+04     2.82030E+05     9.50464E+02     3.92868E+01
    2.33218E+05    -2.86875E-13     8.26062E+04     2.82530E+05     9.52345E+02     3.81136E+01
    2.33582E+05    -2.86773E-13     8.22636E+04     2.83030E+05     9.54221E+02     3.69845E+01
    2.33948E+05    -2.86574E-13     8.19220E+04     2.83530E+05     9.56090E+02     3.58979E+01
    2.34314E+05    -2.86276E-13     8.15814E+04     2.84030E+05     9.57952E+02     3.48521E+01
    2.34680E+05    -2.85877E-13     8.12416E+04     2.84530E+05     9.59809E+02     3.38454E+01
    2.35048E+05    -2.85372E-13     8.09027E+04     2.85030E+05     9.61660E+02     3.28763E+01
    2.35416E+05    -2.84759E-13     8.05646E+04     2.85530E+05     9.63507E+02     3.19431E+01
    2.35785E+05    -2.84035E-13     8.02272E+04     2.86030E+05     9.65347E+02     3.10443E+01
    2.36155E+05    -2.83198E-13     7.98906E+04     2.86530E+05     9.67183E+02     3.01786E+01
    2.36525E+05    -2.82244E-13     7.95547E+04     2.87030E+05     9.69014E+02     2.93446E+01
    2.36896E+05    -2.81170E-13     7.92195E+04     2.87530E+05     9.70840E+02     2.85412E+01
    2.37268E+05    -2.79975E-13     7.88850E+04     2.88030E+05     9.72661E+02     2.77675E+01
    2.37641E+05    -2.78657E-13     7.85515E+04     2.88530E+05     9.74476E+02     2.70222E+01
    2.38014E+05    -2.77212E-13     7.82186E+04     2.89030E+05     9.76286E+02     2.63039E+01
    2.38387E+05    -2.75636E-13     7.78863E+04     2.89530E+05     9.78093E+02     2.56112E+01
    2.38761E+05    -2.73928E-13     7.75544E+04     2.90030E+05     9.79895E+02     2.49427E+01
    2.39136E+05    -2.72085E-13     7.72230E+04     2.90530E+05     9.81694E+02     2.42980E+01
    2.39511E+05    -2.70107E-13     7.68923E+04     2.91030E+05     9.83487E+02     2.36763E+01
    2.39886E+05    -2.67990E-13     7.65623E+04     2.91530E+05     9.85276E+02     2.30766E+01
    2.40262E+05    -2.65732E-13     7.62326E+04     2.92030E+05     9.87062E+02     2.24976E+01
    2.40638E+05    -2.63331E-13     7.59034E+04     2.92530E+05     9.88844E+02     2.19384E+01
    2.41015E+05    -2.60785E-13     7.55744E+04     2.93030E+05     9.90622E+02     2.13982E+01
    2.41392E+05    -2.58091E-13     7.52456E+04     2.93530E+05     9.92398E+02     2.08761E+01
    2.41769E+05    -2.55247E-13     7.49171E+04     2.94030E+05     9.94171E+02     2.03714E+01
    2.42146E+05    -2.52254E-13     7.45889E+04     2.94530E+05     9.95941E+02     1.98835E+01
    2.42523E+05    -2.49110E-13     7.42610E+04     2.95030E+05     9.97708E+02     1.94117E+01
    2.42901E+05    -2.45813E-13     7.39334E+04     2.95530E+05     9.99471E+02     1.89554E+01
    2.43279E+05    -2.42364E-13     7.36060E+04     2.96030E+05     1.00123E+03     1.85138E+01
    2.43657E+05    -2.38760E-13     7.32786E+04     2.96530E+05     1.00298E+03     1.80863E+01
    2.44035E+05    -2.34997E-13     7.29511E+04     2.97030E+05     1.00474E+03     1.76720E+01
    2.44412E+05    -2.31077E-13     7.26235E+04     2.97530E+05     1.00650E+03     1.72704E+01
    2.44790E+05    -2.27000E-13     7.22959E+04     2.98030E+05     1.00825E+03     1.68811E+01
    2.45168E+05    -2.22768E-13     7.19685E+04     2.98530E+05     1.01001E+03     1.65040E+01
    2.45546E+05    -2.18380E-13     7.16411E+04     2.99030E+05     1.01175E+03     1.61383E+01
    2.45924E+05    -2.13833E-13     7.13135E+04     2.99530E+05     1.01350E+03     1.57832E+01
    2.46301E+05    -2.09127E-13     7.09855E+04     3.00030E+05     1.01524E+03     1.54383E+01
    2.46678E+05    -2.04264E-13     7.06573E+04     3.00530E+05     1.01698E+03     1.51034E+01
    2.47055E+05    -1.99247E-13     7.03291E+04     3.01030E+05     1.01872E+03     1.47783E+01
    2.47433E+05    -1.94078E-13     7.00009E+04     3.01530E+05     1.02046E+03     1.44623E+01
    2.47809E+05    -1.88755E-13     6.96723E+04     3.02030E+05     1.02220E+03     1.41551E+01
    2.48186E+05    -1.83279E-13     6.93433E+04     3.02530E+05     1.02394E+03     1.38562E+01
    2.48562E+05    -1.77653E-13     6.90140E+04     3.03030E+05     1.02568E+03     1.35655E+01
    2.48938E+05    -1.71881E-13     6.86845E+04     3.03530E+05     1.02741E+03     1.32826E+01
    2.49314E+05    -1.65964E-13     6.83548E+04     3.04030E+05     1.02914E+03     1.30073E+01
    2.49690E+05    -1.59902E-13     6.80247E+04     3.04530E+05     1.03087E+03     1.27390E+01
    2.50065E+05    -1.53698E-13     6.76940E+04     3.05030E+05     1.03260E+03     1.24775E+01
    2.50440E+05    -1.47357E-13     6.73630E+04     3.05530E+05     1.03434E+03     1.22226E+01
    2.50814E+05    -1.40885E-13     6.70318E+04     3.06030E+05     1.03607E+03     1.19742E+01
    2.51188E+05    -1.34285E-13     6.67004E+04     3.06530E+05     1.03780E+03     1.17321E+01
    2.51563E+05    -1.27559E-13     6.63686E+04     3.07030E+05     1.03953E+03     1.14959E+01
    2.51936E+05    -1.20712E-13     6.60364E+04     3.07530E+05     1.04126E+03     1.12654E+01
    2.52310E+05    -1.13748E-13     6.57039E+04     3.08030E+05     1.04299E+03     1.10405E+01
    2.52683E+05    -1.06671E-13     6.53710E+04     3.08530E+05     1.04472E+03     1.08208E+01
    2.53056E+05    -9.94877E-14     6.50378E+04     3.09030E+05     1.04644E+03     1.06063E+01
    2.53428E+05    -9.22050E-14     6.47044E+04     3.09530E+05     1.04817E+03     1.03968E+01
    2.53801E+05    -8.48285E-14     6.43708E+04     3.10030E+05     1.04990E+03     1.01921E+01
    2.54173E+05    -7.73617E-14     6.40369E+04     3.10530E+05     1.05163E+03     9.99216E+00
    2.54545E+05    -6.98090E-14     6.37027E+04     3.11030E+05     1.05335E+03     9.79662E+00
    2.54916E+05    -6.21784E-14     6.33682E+04     3.11530E+05     1.05508E+03     9.60545E+00
    2.55288E+05    -5.44796E-14     6.30336E+04     3.12030E+05     1.05680E+03     9.41858E+00
    2.55659E+05    -4.67201E-14     6.26990E+04     3.12530E+05     1.05853E+03     9.23591E+00
    2.56031E+05    -3.89046E-14     6.23643E+04     3.13030E+05     1.06026E+03     9.05725E+00
    2.56402E+05    -3.10376E-14     6.20294E+04     3.13530E+05     1.06198E+03     8.88242E+00
    2.56773E+05    -2.31267E-14     6.16945E+04     3.14030E+05     1.06371E+03     8.71134E+00
    2.57144E+05    -1.51807E-14     6.13595E+04     3.14530E+05     1.06543E+03     8.54392E+00
    2.57516E+05    -7.20797E-15     6.10245E+04     3.15030E+05     1.06715E+03     8.38010E+00
    2.57887E+05     7.83660E-16     6.06896E+04     3.15530E+05     1.06887E+03     8.21978E+00
    2.58258E+05     8.78642E-15     6.03548E+04     3.16030E+05     1.07059E+03     8.06287E+00
    2.58630E+05     1.67929E-14     6.00202E+04     3.16530E+05     1.07232E+03     7.90930E+00
    2.59002E+05     2.47957E-14     5.96858E+04     3.17030E+05     1.07404E+03     7.75896E+00
    2.59374E+05     3.27879E-14     5.93516E+04     3.17530E+05     1.07576E+03     7.61178E+00
    2.59746E+05     4.07630E-14     5.90176E+04     3.18030E+05     1.07748E+03     7.46764E+00
    2.60118E+05     4.87140E-14     5.86839E+04     3.18530E+05     1.07920E+03     7.32644E+00
    2.60490E+05     5.66323E-14     5.83504E+04     3.19030E+05     1.08092E+03     7.18816E+00
    2.60863E+05     6.45081E-14     5.80174E+04     3.19530E+05     1.08264E+03     7.05277E+00
    2.61237E+05     7.23333E-14     5.76849E+04     3.20030E+05     1.08436E+03     6.92024E+00
    2.61611E+05     8.01012E-14     5.73529E+04     3.20530E+05     1.08607E+03     6.79048E+00
    2.61985E+05     8.78058E-14     5.70214E+04     3.21030E+05     1.08779E+03     6.66340E+00
    2.62360E+05     9.54413E-14     5.66905E+04     3.21530E+05     1.08950E+03     6.53893E+00
    2.62735E+05     1.03002E-13     5.63601E+04     3.22030E+05     1.09122E+03     6.41699E+00
    2.63111E+05     1.10481E-13     5.60302E+04     3.22530E+05     1.09294E+03     6.29755E+00
    2.63487E+05     1.17870E-13     5.57011E+04     3.23030E+05     1.09465E+03     6.18059E+00
    2.63864E+05     1.25160E-13     5.53729E+04     3.23530E+05     1.09636E+03     6.06609E+00
    2.64242E+05     1.32347E-13     5.50454E+04     3.24030E+05     1.09807E+03     5.95396E+00
    2.64621E+05     1.39431E-13     5.47187E+04     3.24530E+05     1.09977E+03     5.84408E+00
    2.65000E+05     1.46407E-13     5.43925E+04     3.25030E+05     1.10149E+03     5.73640E+00
    2.65379E+05     1.53267E-13     5.40671E+04     3.25530E+05     1.10320E+03     5.63093E+00
    2.65760E+05     1.60005E-13     5.37427E+04     3.26030E+05     1.10491E+03     5.52766E+00
    2.66141E+05     1.66616E-13     5.34191E+04     3.26530E+05     1.10662E+03     5.42651E+00
    2.66523E+05     1.73099E-13     5.30964E+04     3.27030E+05     1.10832E+03     5.32739E+00
    2.66906E+05     1.79451E-13     5.27745E+04     3.27530E+05     1.11003E+03     5.23027E+00
    2.67289E+05     1.85666E-13     5.24535E+04     3.28030E+05     1.11173E+03     5.13513E+00
    2.67673E+05     1.91739E-13     5.21337E+04     3.28530E+05     1.11343E+03     5.04199E+00
    2.68058E+05     1.97668E-13     5.18149E+04     3.29030E+05     1.11513E+03     4.95075E+00
    2.68444E+05     2.03453E-13     5.14969E+04     3.29530E+05     1.11683E+03     4.86133E+00
    2.68831E+05     2.09092E-13     5.11797E+04     3.30030E+05     1.11853E+03     4.77370E+00
    2.69218E+05     2.14583E-13     5.08636E+04     3.30530E+05     1.12023E+03     4.68785E+00
    2.69606E+05     2.19919E-13     5.05486E+04     3.31030E+05     1.12193E+03     4.60376E+00
    2.69996E+05     2.25102E-13     5.02346E+04     3.31530E+05     1.12362E+03     4.52139E+00
    2.70386E+05     2.30132E-13     4.99217E+04     3.32030E+05     1.12532E+03     4.44065E+00
    2.70776E+05     2.35010E-13     4.96095E+04     3.32530E+05     1.12702E+03     4.36151E+00
    2.71168E+05     2.39732E-13     4.92983E+04     3.33030E+05     1.12871E+03     4.28394E+00
    2.71560E+05     2.44298E-13     4.89881E+04     3.33530E+05     1.13041E+03     4.20793E+00
    2.71953E+05     2.48707E-13     4.86789E+04     3.34030E+05     1.13210E+03     4.13344E+00
    2.72346E+05     2.52960E-13     4.83707E+04     3.34530E+05     1.13379E+03     4.06043E+00
    2.72741E+05     2.57057E-13     4.80635E+04     3.35030E+05     1.13548E+03     3.98887E+00
    2.73136E+05     2.60998E-13     4.77573E+04     3.35530E+05     1.13718E+03     3.91872E+00
    2.73532E+05     2.64783E-13     4.74520E+04     3.36030E+05     1.13887E+03     3.84995E+00
    2.73929E+05     2.68414E-13     4.71478E+04     3.36530E+05     1.14055E+03     3.78252E+00
    2.74326E+05     2.71892E-13     4.68444E+04     3.37030E+05     1.14224E+03     3.71640E+00
    2.74724E+05     2.75219E-13     4.65418E+04     3.37530E+05     1.14392E+03     3.65156E+00
    2.75123E+05     2.78395E-13     4.62401E+04     3.38030E+05     1.14560E+03     3.58796E+00
    2.75522E+05     2.81421E-13     4.59393E+04     3.38530E+05     1.14729E+03     3.52558E+00
    2.75922E+05     2.84300E-13     4.56393E+04     3.39030E+05     1.14898E+03     3.46437E+00
    2.76323E+05     2.87033E-13     4.53400E+04     3.39530E+05     1.15067E+03     3.40431E+00
    2.76724E+05     2.89622E-13     4.50414E+04     3.40030E+05     1.15235E+03     3.34535E+00
    2.77126E+05     2.92068E-13     4.47436E+04     3.40530E+05     1.15403E+03     3.28750E+00
    2.77528E+05     2.94374E-13     4.44466E+04     3.41030E+05     1.15571E+03     3.23072E+00
    2.77931E+05     2.96540E-13     4.41504E+04     3.41530E+05     1.15739E+03     3.17499E+00
    2.78334E+05     2.98570E-13     4.38549E+04     3.42030E+05     1.15908E+03     3.12029E+00
    2.78738E+05     3.00467E-13     4.35600E+04     3.42530E+05     1.16076E+03     3.06657E+00
    2.79142E+05     3.02232E-13     4.32657E+04     3.43030E+05     1.16243E+03     3.01381E+00
    2.79547E+05     3.03868E-13     4.29719E+04     3.43530E+05     1.16412E+03     2.96197E+00
    2.79952E+05     3.05377E-13     4.26787E+04     3.44030E+05     1.16580E+03     2.91104E+00
    2.80357E+05     3.06761E-13     4.23860E+04     3.44530E+05     1.16749E+03     2.86100E+00
    2.80763E+05     3.08022E-13     4.20939E+04     3.45030E+05     1.16917E+03     2.81185E+00
    2.81169E+05     3.09163E-13     4.18024E+04     3.45530E+05     1.17085E+03     2.76355E+00
    2.81576E+05     3.10187E-13     4.15113E+04     3.46030E+05     1.17253E+03     2.71606E+00
    2.81982E+05     3.11097E-13     4.12206E+04     3.46530E+05     1.17421E+03     2.66938E+00
    2.82390E+05     3.11894E-13     4.09304E+04     3.47030E+05     1.17589E+03     2.62348E+00
    2.82797E+05     3.12582E-13     4.06406E+04     3.47530E+05     1.17757E+03     2.57834E+00
    2.83205E+05     3.13163E-13     4.03511E+04     3.48030E+05     1.17925E+03     2.53395E+00
    2.83613E+05     3.13640E-13     4.00619E+04     3.48530E+05     1.18093E+03     2.49027E+00
    2.84021E+05     3.14015E-13     3.97730E+04     3.49030E+05     1.18261E+03     2.44730E+00
    2.84429E+05     3.14291E-13     3.94843E+04     3.49530E+05     1.18430E+03     2.40501E+00
    2.84837E+05     3.14470E-13     3.91958E+04     3.50030E+05     1.18598E+03     2.36338E+00
    2.85246E+05     3.14556E-13     3.89076E+04     3.50530E+05     1.18766E+03     2.32242E+00
    2.85655E+05     3.14549E-13     3.86198E+04     3.51030E+05     1.18934E+03     2.28213E+00
    2.86064E+05     3.14454E-13     3.83322E+04     3.51530E+05     1.19102E+03     2.24246E+00
    2.86473E+05     3.14272E-13     3.80448E+04     3.52030E+05     1.19271E+03     2.20340E+00
    2.86882E+05     3.14006E-13     3.77574E+04     3.52530E+05     1.19440E+03     2.16493E+00
    2.87291E+05     3.13658E-13     3.74700E+04     3.53030E+05     1.19608E+03     2.12703E+00
    2.87700E+05     3.13232E-13     3.71828E+04     3.53530E+05     1.19777E+03     2.08969E+00
    2.88110E+05     3.12728E-13     3.68956E+04     3.54030E+05     1.19945E+03     2.05292E+00
    2.88519E+05     3.12150E-13     3.66084E+04     3.54530E+05     1.20114E+03     2.01668E+00
    2.88928E+05     3.11500E-13     3.63212E+04     3.55030E+05     1.20283E+03     1.98099E+00
    2.89338E+05     3.10780E-13     3.60341E+04     3.55530E+05     1.20452E+03     1.94583E+00
    2.89747E+05     3.09994E-13     3.57471E+04     3.56030E+05     1.20621E+03     1.91119E+00
    2.90157E+05     3.09143E-13     3.54602E+04     3.56530E+05     1.20790E+03     1.87707E+00
    2.90566E+05     3.08228E-13     3.51732E+04     3.57030E+05     1.20959E+03     1.84343E+00
    2.90975E+05     3.07253E-13     3.48860E+04     3.57530E+05     1.21128E+03     1.81027E+00
    2.91384E+05     3.06219E-13     3.45987E+04     3.58030E+05     1.21297E+03     1.77759E+00
    2.91794E+05     3.05128E-13     3.43114E+04     3.58530E+05     1.21467E+03     1.74539E+00
    2.92203E+05     3.03982E-13     3.40241E+04     3.59030E+05     1.21636E+03     1.71365E+00
    2.92612E+05     3.02785E-13     3.37367E+04     3.59530E+05     1.21805E+03     1.68238E+00
    2.93021E+05     3.01537E-13     3.34493E+04     3.60030E+05     1.21975E+03     1.65157E+00
    2.93430E+05     3.00241E-13     3.31618E+04     3.60530E+05     1.22144E+03     1.62120E+00
    2.93839E+05     2.98898E-13     3.28741E+04     3.61030E+05     1.22314E+03     1.59126E+00
    2.94248E+05     2.97510E-13     3.25863E+04     3.61530E+05     1.22484E+03     1.56174E+00
    2.94657E+05     2.96078E-13     3.22983E+04     3.62030E+05     1.22654E+03     1.53267E+00
    2.95066E+05     2.94606E-13     3.20104E+04     3.62530E+05     1.22824E+03     1.50402E+00
    2.95474E+05     2.93094E-13     3.17223E+04     3.63030E+05     1.22994E+03     1.47580E+00
    2.95883E+05     2.91543E-13     3.14341E+04     3.63530E+05     1.23164E+03     1.44798E+00
    2.96291E+05     2.89956E-13     3.11457E+04     3.64030E+05     1.23334E+03     1.42056E+00
    2.96700E+05     2.88333E-13     3.08571E+04     3.64530E+05     1.23504E+03     1.39355E+00
    2.97108E+05     2.86678E-13     3.05683E+04     3.65030E+05     1.23675E+03     1.36695E+00
    2.97516E+05     2.84990E-13     3.02794E+04     3.65530E+05     1.23845E+03     1.34074E+00
    2.97924E+05     2.83271E-13     2.99905E+04     3.66030E+05     1.24016E+03     1.31493E+00
    2.98332E+05     2.81524E-13     2.97015E+04     3.66530E+05     1.24187E+03     1.28952E+00
    2.98740E+05     2.79749E-13     2.94124E+04     3.67030E+05     1.24358E+03     1.26450E+00
    2.99148E+05     2.77948E-13     2.91233E+04     3.67530E+05     1.24528E+03     1.23987E+00
    2.99556E+05     2.76121E-13     2.88341E+04     3.68030E+05     1.24699E+03     1.21563E+00
    2.99963E+05     2.74270E-13     2.85447E+04     3.68530E+05     1.24870E+03     1.19175E+00
    3.00371E+05     2.72395E-13     2.82552E+04     3.69030E+05     1.25041E+03     1.16825E+00
    3.00779E+05     2.70498E-13     2.79657E+04     3.69530E+05     1.25212E+03     1.14513E+00
    3.01186E+05     2.68580E-13     2.76761E+04     3.70030E+05     1.25382E+03     1.12238E+00
    3.01594E+05     2.66643E-13     2.73865E+04     3.70530E+05     1.25553E+03     1.10000E+00
    3.02002E+05     2.64688E-13     2.70969E+04     3.71030E+05     1.25724E+03     1.07799E+00
    3.02409E+05     2.62714E-13     2.68073E+04     3.71530E+05     1.25895E+03     1.05635E+00
    3.02817E+05     2.60723E-13     2.65177E+04     3.72030E+05     1.26067E+03     1.03507E+00
    3.03224E+05     2.58715E-13     2.62280E+04     3.72530E+05     1.26238E+03     1.01414E+00
    3.03632E+05     2.56691E-13     2.59385E+04     3.73030E+05     1.26409E+03     9.93576E-01
    3.04040E+05     2.54654E-13     2.56491E+04     3.73530E+05     1.26580E+03     9.73375E-01
    3.04447E+05     2.52604E-13     2.53598E+04     3.74030E+05     1.26751E+03     9.53526E-01
    3.04855E+05     2.50539E-13     2.50705E+04     3.74530E+05     1.26921E+03     9.34016E-01
    3.05263E+05     2.48460E-13     2.47811E+04     3.75030E+05     1.27093E+03     9.14843E-01
    3.05671E+05     2.46368E-13     2.44917E+04     3.75530E+05     1.27264E+03     8.96012E-01
    3.06079E+05     2.44266E-13     2.42026E+04     3.76030E+05     1.27435E+03     8.77527E-01
    3.06487E+05     2.42153E-13     2.39137E+04     3.76530E+05     1.27607E+03     8.59384E-01
    3.06895E+05     2.40030E-13     2.36250E+04     3.77030E+05     1.27778E+03     8.41576E-01
    3.07303E+05     2.37897E-13     2.33364E+04     3.77530E+05     1.27949E+03     8.24102E-01
    3.07712E+05     2.35755E-13     2.30481E+04     3.78030E+05     1.28119E+03     8.06963E-01
    3.08121E+05     2.33605E-13     2.27602E+04     3.78530E+05     1.28290E+03     7.90158E-01
    3.08530E+05     2.31446E-13     2.24726E+04     3.79030E+05     1.28461E+03     7.73676E-01
    3.08939E+05     2.29279E-13     2.21852E+04     3.79530E+05     1.28631E+03     7.57507E-01
    3.09348E+05     2.27102E-13     2.18979E+04     3.80030E+05     1.28802E+03     7.41647E-01
    3.09757E+05     2.24917E-13     2.16109E+04     3.80530E+05     1.28972E+03     7.26101E-01
    3.10167E+05     2.22726E-13     2.13243E+04     3.81030E+05     1.29143E+03     7.10870E-01
    3.10577E+05     2.20528E-13     2.10382E+04     3.81530E+05     1.29313E+03     6.95950E-01
    3.10988E+05     2.18324E-13     2.07525E+04     3.82030E+05     1.29483E+03     6.81335E-01
    3.11398E+05     2.16113E-13     2.04672E+04     3.82530E+05     1.29653E+03     6.67019E-01
    3.11809E+05     2.13896E-13     2.01824E+04     3.83030E+05     1.29823E+03     6.53000E-01
    3.12220E+05     2.11673E-13     1.98981E+04     3.83530E+05     1.29993E+03     6.39276E-01
    3.12632E+05     2.09444E-13     1.96143E+04     3.84030E+05     1.30163E+03     6.25842E-01
    3.13044E+05     2.07209E-13     1.93309E+04     3.84530E+05     1.30332E+03     6.12691E-01
    3.13456E+05     2.04967E-13     1.90481E+04     3.85030E+05     1.30501E+03     5.99821E-01
    3.13869E+05     2.02721E-13     1.87658E+04     3.85530E+05     1.30671E+03     5.87229E-01
    3.14282E+05     2.00470E-13     1.84842E+04     3.86030E+05     1.30840E+03     5.74914E-01
    3.14696E+05     1.98214E-13     1.82033E+04     3.86530E+05     1.31008E+03     5.62871E-01
    3.15110E+05     1.95953E-13     1.79231E+04     3.87030E+05     1.31177E+03     5.51096E-01
    3.15524E+05     1.93688E-13     1.76436E+04     3.87530E+05     1.31345E+03     5.39583E-01
    3.15940E+05     1.91417E-13     1.73648E+04     3.88030E+05     1.31514E+03     5.28329E-01
    3.16355E+05     1.89141E-13     1.70867E+04     3.88530E+05     1.31682E+03     5.17328E-01
    3.16771E+05     1.86860E-13     1.68093E+04     3.89030E+05     1.31850E+03     5.06578E-01
    3.17188E+05     1.84575E-13     1.65328E+04     3.89530E+05     1.32018E+03     4.96077E-01
    3.17605E+05     1.82286E-13     1.62572E+04     3.90030E+05     1.32185E+03     4.85822E-01
    3.18023E+05     1.79992E-13     1.59825E+04     3.90530E+05     1.32352E+03     4.75805E-01
    3.18441E+05     1.77694E-13     1.57085E+04     3.91030E+05     1.32519E+03     4.66020E-01
    3.18860E+05     1.75390E-13     1.54354E+04     3.91530E+05     1.32685E+03     4.56463E-01
    3.19279E+05     1.73081E-13     1.51632E+04     3.92030E+05     1.32852E+03     4.47127E-01
    3.19699E+05     1.70767E-13     1.48918E+04     3.92530E+05     1.33018E+03     4.38012E-01
    3.20120E+05     1.68448E-13     1.46214E+04     3.93030E+05     1.33184E+03     4.29115E-01
    3.20541E+05     1.66126E-13     1.43522E+04     3.93530E+05     1.33350E+03     4.20437E-01
    3.20963E+05     1.63800E-13     1.40841E+04     3.94030E+05     1.33515E+03     4.11970E-01
    3.21386E+05     1.61470E-13     1.38170E+04     3.94530E+05     1.33681E+03     4.03708E-01
    3.21809E+05     1.59134E-13     1.35509E+04     3.95030E+05     1.33846E+03     3.95646E-01
    3.22233E+05     1.56793E-13     1.32859E+04     3.95530E+05     1.34011E+03     3.87782E-01
    3.22658E+05     1.54449E-13     1.30222E+04     3.96030E+05     1.34176E+03     3.80113E-01
    3.23083E+05     1.52101E-13     1.27597E+04     3.96530E+05     1.34340E+03     3.72635E-01
    3.23510E+05     1.49748E-13     1.24984E+04     3.97030E+05     1.34503E+03     3.65341E-01
    3.23937E+05     1.47389E-13     1.22381E+04     3.97530E+05     1.34667E+03     3.58227E-01
    3.24364E+05     1.45026E-13     1.19791E+04     3.98030E+05     1.34830E+03     3.51290E-01
    3.24793E+05     1.42658E-13     1.17214E+04     3.98530E+05     1.34994E+03     3.44528E-01
    3.25222E+05     1.40286E-13     1.14650E+04     3.99030E+05     1.35156E+03     3.37937E-01
    3.25652E+05     1.37909E-13     1.12099E+04     3.99530E+05     1.35319E+03     3.31512E-01
    3.26083E+05     1.35528E-13     1.09561E+04     4.00030E+05     1.35481E+03     3.25249E-01
    3.26514E+05     1.33142E-13     1.07037E+04     4.00530E+05     1.35643E+03     3.19146E-01
    3.26947E+05     1.30751E-13     1.04527E+04     4.01030E+05     1.35804E+03     3.13198E-01
    3.27380E+05     1.28355E-13     1.02031E+04     4.01530E+05     1.35965E+03     3.07401E-01
    3.27814E+05     1.25954E-13     9.95490E+03     4.02030E+05     1.36126E+03     3.01753E-01
    3.28249E+05     1.23549E-13     9.70816E+03     4.02530E+05     1.36287E+03     2.96249E-01
    3.28685E+05     1.21138E-13     9.46286E+03     4.03030E+05     1.36447E+03     2.90886E-01
    3.29121E+05     1.18722E-13     9.21903E+03     4.03530E+05     1.36607E+03     2.85659E-01
    3.29559E+05     1.16302E-13     8.97672E+03     4.04030E+05     1.36766E+03     2.80567E-01
    3.29997E+05     1.13877E-13     8.73602E+03     4.04530E+05     1.36926E+03     2.75608E-01
    3.30436E+05     1.11447E-13     8.49695E+03     4.05030E+05     1.37085E+03     2.70778E-01
    3.30876E+05     1.09013E-13     8.25946E+03     4.05530E+05     1.37244E+03     2.66073E-01
    3.31317E+05     1.06573E-13     8.02351E+03     4.06030E+05     1.37403E+03     2.61489E-01
    3.31759E+05     1.04129E-13     7.78916E+03     4.06530E+05     1.37561E+03     2.57023E-01
    3.32201E+05     1.01680E-13     7.55654E+03     4.07030E+05     1.37718E+03     2.52674E-01
    3.32645E+05     9.92269E-14     7.32568E+03     4.07530E+05     1.37875E+03     2.48439E-01
    3.33089E+05     9.67682E-14     7.09644E+03     4.08030E+05     1.38032E+03     2.44312E-01
    3.33534E+05     9.43027E-14     6.86873E+03     4.08530E+05     1.38190E+03     2.40289E-01
    3.33980E+05     9.18315E-14     6.64267E+03     4.09030E+05     1.38347E+03     2.36370E-01
    3.34427E+05     8.93568E-14     6.41848E+03     4.09530E+05     1.38503E+03     2.32555E-01
    3.34875E+05     8.68792E-14     6.19625E+03     4.10030E+05     1.38659E+03     2.28842E-01
    3.35324E+05     8.43969E-14     5.97583E+03     4.10530E+05     1.38814E+03     2.25224E-01
    3.35773E+05     8.19081E-14     5.75708E+03     4.11030E+05     1.38969E+03     2.21698E-01
    3.36224E+05     7.94131E-14     5.54004E+03     4.11530E+05     1.39125E+03     2.18262E-01
    3.36675E+05     7.69130E-14     5.32481E+03     4.12030E+05     1.39280E+03     2.14914E-01
    3.37127E+05     7.44084E-14     5.11149E+03     4.12530E+05     1.39434E+03     2.11653E-01
    3.37580E+05     7.18995E-14     4.90009E+03     4.13030E+05     1.39588E+03     2.08477E-01
    3.38034E+05     6.93864E-14     4.69063E+03     4.13530E+05     1.39742E+03     2.05384E-01
    3.38489E+05     6.68689E-14     4.48313E+03     4.14030E+05     1.39896E+03     2.02370E-01
    3.38945E+05     6.43467E-14     4.27756E+03     4.14530E+05     1.40049E+03     1.99434E-01
    3.39402E+05     6.18195E-14     4.07392E+03     4.15030E+05     1.40202E+03     1.96572E-01
    3.39859E+05     5.92871E-14     3.87219E+03     4.15530E+05     1.40354E+03     1.93783E-01
    3.40318E+05     5.67489E-14     3.67237E+03     4.16030E+05     1.40507E+03     1.91064E-01
    3.40777E+05     5.42055E-14     3.47449E+03     4.16530E+05     1.40659E+03     1.88413E-01
    3.41237E+05     5.16572E-14     3.27862E+03     4.17030E+05     1.40811E+03     1.85830E-01
    3.41698E+05     4.91047E-14     3.08480E+03     4.17530E+05     1.40962E+03     1.83313E-01
    3.42160E+05     4.65480E-14     2.89306E+03     4.18030E+05     1.41114E+03     1.80859E-01
    3.42622E+05     4.39873E-14     2.70340E+03     4.18530E+05     1.41265E+03     1.78466E-01
    3.43086E+05     4.14218E-14     2.51580E+03     4.19030E+05     1.41415E+03     1.76134E-01
    3.43550E+05     3.88506E-14     2.33019E+03     4.19530E+05     1.41566E+03     1.73858E-01
    3.44015E+05     3.62741E-14     2.14663E+03     4.20030E+05     1.41716E+03     1.71638E-01
    3.44481E+05     3.36940E-14     1.96523E+03     4.20530E+05     1.41866E+03     1.69473E-01
    3.44948E+05     3.11113E-14     1.78606E+03     4.21030E+05     1.42016E+03     1.67362E-01
    3.45415E+05     2.85245E-14     1.60906E+03     4.21530E+05     1.42165E+03     1.65303E-01
    3.45884E+05     2.59321E-14     1.43411E+03     4.22030E+05     1.42314E+03     1.63294E-01
    3.46353E+05     2.33338E-14     1.26121E+03     4.22530E+05     1.42463E+03     1.61332E-01
    3.46823E+05     2.07300E-14     1.09041E+03     4.23030E+05     1.42612E+03     1.59415E-01
    3.47294E+05     1.81215E-14     9.21753E+02     4.23530E+05     1.42760E+03     1.57543E-01
    3.47765E+05     1.55096E-14     7.55338E+02     4.24030E+05     1.42908E+03     1.55716E-01
    3.48237E+05     1.28965E-14     5.91314E+02     4.24530E+05     1.43056E+03     1.53935E-01
    3.48710E+05     1.02791E-14     4.29492E+02     4.25030E+05     1.43203E+03     1.52193E-01
    3.49184E+05     7.65176E-15     2.69540E+02     4.25530E+05     1.43351E+03     1.50489E-01
    3.49659E+05     5.02480E-15     1.12089E+02     4.26030E+05     1.43499E+03     1.48826E-01
    3.49944E+05     3.44661E-15     1.86895E+01     4.26330E+05     1.43587E+03     1.47847E-01
